5.6763635301962302604633636704534183081705123186111450195312500000e-04
4.6897079433033076346221124097723986778873950242996215820312500000e-04
4.0479080575752020027674449309529336460400372743606567382812500000e-04
3.5284997095119484790751163139077561936574056744575500488281250000e-04
3.0953456097697134522667150591246354451868683099746704101562500000e-04
2.7252057778072891376652808759217805345542728900909423828125000000e-04
2.4024802215596077607263902908840691452496685087680816650390625000e-04
2.1163418487477319174933088063994546246249228715896606445312500000e-04
1.8590603637926543653322020155371774308150634169578552246093750000e-04
1.6249795423552249409339387486994610299007035791873931884765625000e-04
1.4098714477253984633797756487183505669236183166503906250000000000e-04
1.2105154241285701077236736100672942484379746019840240478515625000e-04
1.0244165314812306061438562654331008161534555256366729736328125000e-04
8.4961263851667906095779803088419157575117424130439758300781250000e-05
6.8449135247583811126649566691781956251361407339572906494140625000e-05
5.2762242801791409141116268033400160675228107720613479614257812500e-05
3.7790006295422247980381191823084918723907321691513061523437500000e-05
2.3454674056121028297670905171656841048388741910457611083984375000e-05
9.6902359576385161798323109039188238966744393110275268554687500000e-06
-3.5598613920367173186695697317816211580066010355949401855468750000e-06
-1.6344602924307788252913931081877763062948361039161682128906250000e-05
-2.8706321449065766291579640534514794580900343134999275207519531250e-05
-4.0681644055028980057515941570756012879428453743457794189453125000e-05
-5.2302703085048326539160945536366398300742730498313903808593750000e-05
-6.3597814561604183638404697020973799226339906454086303710937500000e-05
-7.4592047419287727991719927356228936332627199590206146240234375000e-05
-8.5307693402577423414170909587994628964224830269813537597656250000e-05
-9.5764656269992722058617684588455176708521321415901184082031250000e-05
-1.0598077605079724461834694837492065744299907237291336059570312500e-04
-1.1597210071734544080835488388814269455906469374895095825195312500e-04
-1.2575311504696120223564803630722508387407287955284118652343750000e-04
-1.3533693441654875500371191243687007954576984047889709472656250000e-04
-1.4473546971344077981952436218193724926095455884933471679687500000e-04
-1.5395956832625319957164045092667947756126523017883300781250000000e-04
-1.6301913522479184607064106593554697610670700669288635253906250000e-04
-1.7192323738399095038424657655440341841313056647777557373046875000e-04
-1.8068019420949943247035884841267261435859836637973785400390625000e-04
-1.8929765614497608052640975628833075461443513631820678710937500000e-04
-1.9778267325837724189760424842177144455490633845329284667968750000e-04
-2.0614175529615679860820365298934575548628345131874084472656250000e-04
-2.1438092444393187676991707757423455404932610690593719482421875000e-04
-2.2250576182857422229306731953357711972785182297229766845703125000e-04
-2.3052144863019524657563041891705779562471434473991394042968750000e-04
-2.3843280253544866967123361245484147730167023837566375732421875000e-04
-2.4624431015102195329305456716895150748314335942268371582031250000e-04
-2.5396015590220749960637114384098822483792901039123535156250000000e-04
-2.6158424786405250596701965726254002220230177044868469238281250000e-04
-2.6912024090748804840134145166530288406647741794586181640625000000e-04
-2.7657155748814780038200011880178408318897709250450134277343750000e-04
-2.8394140636035227961975202504163462435826659202575683593750000000e-04
-2.9123279945964973200456249458056845469400286674499511718750000000e-04
-2.9844856716476256914757914096014701499370858073234558105468750000e-04
-3.0559137212196244405906786489879323198692873120307922363281250000e-04
-3.1266372179122327822076155001695951796136796474456787109375000000e-04
-3.1966797985322030484223176927116583101451396942138671875000000000e-04
-3.2660637659884337452576019700245524290949106216430664062500000000e-04
-3.3348101840796710035666472471405086253071203827857971191406250000e-04
-3.4029389641125813194266758188177846022881567478179931640625000000e-04
-3.4704689441758702905804767624431406147778034210205078125000000000e-04
-3.5374179617978830387353683661899594881106168031692504882812500000e-04
-3.6038029206275482875521110059935381286777555942535400390625000000e-04
-3.6696398517008975643030610491734933020779862999916076660156250000e-04
-3.7349439697807810785781801321547845873283222317695617675781250000e-04
-3.7997297251840691069760258535836783266859129071235656738281250000e-04
-3.8640108514284077830674979381342382112052291631698608398437500000e-04
-3.9278004089248516172289127368344452406745404005050659179687500000e-04
-3.9911108247893747891232862912147538736462593078613281250000000000e-04
-4.0539539285909466544144397204263441381044685840606689453125000000e-04
-4.1163409833921965749400917466971350222593173384666442871093750000e-04
-4.1782827105739454550195621784780541929649189114570617675781250000e-04
-4.2397893052377065223335073085308977169916033744812011718750000000e-04
-4.3008704355851774510724472300182696926640346646308898925781250000e-04
-4.3615352127597279557891241097422607708722352981567382812500000000e-04
-4.4217921032859179228391433014166977955028414726257324218750000000e-04
-4.4816487260093017990295050090310269297333434224128723144531250000e-04
-4.5411114106827456422810218583663299796171486377716064453125000000e-04
-4.6001842542844456054526580679464586864924058318138122558593750000e-04
-4.6588670991177621961629173874541720579145476222038269042968750000e-04
-4.7171511509041429621377772285484297754010185599327087402343750000e-04
-4.7750093241616923698741881132434627943439409136772155761718750000e-04
-4.8323742051248927235895802567711143638007342815399169921875000000e-04
-4.8807149478771993380762928005367484729504212737083435058593750000e-04
-4.9287532521542797882274644649669426144100725650787353515625000000e-04
-4.9766423260184401971412126997051927901338785886764526367187500000e-04
-5.0243821488702832683825860726756218355149030685424804687500000000e-04
-5.0719726991093293504836436724758641503285616636276245117187500000e-04
-5.1194139554339211737460368922825182380620390176773071289062500000e-04
-5.1667058968689436471849463217154152516741305589675903320312500000e-04
-5.2138485027699080481128346420405250682961195707321166992187500000e-04
-5.2608417528192722399660308241209349944256246089935302734375000000e-04
-5.3076856270192307278577015239307002048008143901824951171875000000e-04
-5.3543801056797483192001285701167034858372062444686889648437500000e-04
-5.4009251694016411488030726673059689346700906753540039062500000000e-04
-5.4473207990547614469611925613889980013482272624969482421875000000e-04
-5.4935669757517067209734440424995227658655494451522827148437500000e-04
-5.5396636808176572507045332116604186012409627437591552734375000000e-04
-5.5856108957574575422239115951583698915783315896987915039062500000e-04
-5.6314086022211636353707042701444152044132351875305175781250000000e-04
-5.6770567819696955789293690841645911859814077615737915039062500000e-04
-5.7225554168421281352879814718903617176692932844161987304687500000e-04
-5.7679044887262069865596636475402192445471882820129394531250000000e-04
-5.8131039795334359370632126839950615249108523130416870117187500000e-04
-5.8581538711800675966329121635567389603238552808761596679687500000e-04
-5.9030541455746458976566737320013089629355818033218383789062500000e-04
-5.9478047846125688211810222938424885796848684549331665039062500000e-04
-5.9924057701776995213394094719205895671620965003967285156250000000e-04
-6.0368570841505531359566516513837086677085608243942260742187500000e-04
-6.0811587084222656473392332188154796313028782606124877929687500000e-04
-6.1253106249133419062419259049079300893936306238174438476562500000e-04
-6.1693128155958091348581850965615558379795402288436889648437500000e-04
-6.2131652625174520979817183174986894300673156976699829101562500000e-04
-6.2568679478268462469670030401402982533909380435943603515625000000e-04
-6.3004208537977934682927649845396445016376674175262451171875000000e-04
-6.3438239628520762345559313999387995863799005746841430664062500000e-04
-6.3870772575797105010536602875959033553954213857650756835937500000e-04
-6.4301807207560533318629891752493676904123276472091674804687500000e-04
-6.4731343353553435007730065819941955851390957832336425781250000000e-04
-6.5159380845604528056241866451614441757556051015853881835937500000e-04
-6.5585919517691462516523204229201837733853608369827270507812500000e-04
-6.6010959205968803772957009812216710997745394706726074218750000000e-04
-6.6434499748766232766344908000633040501270443201065063476562500000e-04
-6.6856540986561408413529905558903010387439280748367309570312500000e-04
-6.7277082761932241027763579310772001917939633131027221679687500000e-04
-6.7696124919493824278332594346352379943709820508956909179687500000e-04
-6.8113667305825490068393879283803471480496227741241455078125000000e-04
-6.8529709769391108833275216838387677853461354970932006835937500000e-04
-6.8944252160456831121648768601062329253181815147399902343750000000e-04
-6.9357294331009056859160821773002680856734514236450195312500000000e-04
-6.9768836134675733112731066398737311828881502151489257812500000000e-04
-7.0178877426651847717259391501443133165594190359115600585937500000e-04
-7.0587418063630376439260283305543453025165945291519165039062500000e-04
-7.0994457903738813781685523807141180441249161958694458007812500000e-04
-7.1399996806481786162934533024326810846105217933654785156250000000e-04
-7.1804034632690918408398639272149921453092247247695922851562500000e-04
-7.2206571244479156312934264860814437270164489746093750000000000000e-04
-7.2607606505200553582285438736221294675488024950027465820312500000e-04
-7.3007140279415588205585985193124543002340942621231079101562500000e-04
-7.3405172432860110905139539028141371090896427631378173828125000000e-04
-7.3801702832417947347520836842704738955944776535034179687500000000e-04
-7.4196731346097349272389331886756735912058502435684204101562500000e-04
-7.4590257843009364659148108245290131890214979648590087890625000000e-04
-7.4982282193349623130446124363857052230741828680038452148437500000e-04
-7.5372804268381758500960909685773003729991614818572998046875000000e-04
-7.5761823940422262473048942155173790524713695049285888671875000000e-04
-7.6149341082827669367066869554605545999947935342788696289062500000e-04
-7.6535355569982694949604518086516691255383193492889404296875000000e-04
-7.6919867277289372727716587618829180428292602300643920898437500000e-04
-7.7302876081157675600130652071584336226806044578552246093750000000e-04
-7.7684381858996777187736926251204749860335141420364379882812500000e-04
-7.8064384489206898633251174857150544994510710239410400390625000000e-04
-7.8442883851172163708898033007699268637225031852722167968750000000e-04
-7.8819879825252911823008084013508778298273682594299316406250000000e-04
-7.9195372292780483007568204101289666141383349895477294921875000000e-04
-7.9569361136050886177534247067910655459854751825332641601562500000e-04
-7.9941846238317871078948861907065293053165078163146972656250000000e-04
-8.0312827483788027695121858329230235540308058261871337890625000000e-04
-8.0682304757615083343202933008342370158061385154724121093750000000e-04
-8.1050277945894188928732670973431595484726130962371826171875000000e-04
-8.1416746935656205200193547000253602163866162300109863281250000000e-04
-8.1781711614861804689191604467168872361071407794952392578125000000e-04
-8.2145171872395736280964007036686780338641256093978881835937500000e-04
-8.2507127598060937996582442366388931986875832080841064453125000000e-04
-8.2867578682571771571396812561260958318598568439483642578125000000e-04
-8.3226525017548146079260362739660195074975490570068359375000000000e-04
-8.3583966495508763352995096340691816294565796852111816406250000000e-04
-8.3939903009863864671857847099545324454084038734436035156250000000e-04
-8.4294334454909126703309185657531088509131222963333129882812500000e-04
-8.4647260725817801037262899654933789861388504505157470703125000000e-04
-8.4998681718633547609725864546703633095603436231613159179687500000e-04
-8.5348597330263105496112041592482455598656088113784790039062500000e-04
-8.5697007458468801074230603020964736060705035924911499023437500000e-04
-8.6043912001860936925035083788770862156525254249572753906250000000e-04
-8.6389310859890061471133559933832657407037913799285888671875000000e-04
-8.6733203932839108511038128668246827146504074335098266601562500000e-04
-8.7075591121816241484826504049010509334038943052291870117187500000e-04
-8.7416472328746927956261147940608680073637515306472778320312500000e-04
-8.7755847456366046620973575542734579357784241437911987304687500000e-04
-8.8093716408211035148734247002266783965751528739929199218750000000e-04
-8.8430079088613888771419624390546232461929321289062500000000000000e-04
-8.8764935402694362335390687590574998466763645410537719726562500000e-04
-8.9098285256352456780437609751288619008846580982208251953125000000e-04
-8.9430128556261577824071373754577507497742772102355957031250000000e-04
-8.9760465209861412753250542451155524759087711572647094726562500000e-04
-9.0089295125351620367737393024754055659286677837371826171875000000e-04
-9.0416618211684902928215734618788701482117176055908203125000000000e-04
-9.0742434378560847887951190671174117596819996833801269531250000000e-04
-9.1066743536419314259539037337276567996013909578323364257812500000e-04
-9.1389545596434599607216231476058965199626982212066650390625000000e-04
-9.1710840470509411882782391245427788817323744297027587890625000000e-04
-9.2030628071269112312063898073688505974132567644119262695312500000e-04
-9.2348908312056012491486622906222692108713090419769287109375000000e-04
-9.2665681106923378750062081365967969759367406368255615234375000000e-04
-9.2980946370630661659828497533908375771716237068176269531250000000e-04
-9.3294704018637673870184556790263741277158260345458984375000000000e-04
-9.3606953967099505199700448798694196739234030246734619140625000000e-04
-9.3917696132861090783233715129085794615093618631362915039062500000e-04
-9.4226930433452679106848259849016358202788978815078735351562500000e-04
-9.4534656787084356786843297726363744004629552364349365234375000000e-04
-9.4840875112640833557303698952978265879210084676742553710937500000e-04
-9.5145585329677257249714195097567426273599267005920410156250000000e-04
-9.5448787358413987938487998974324000300839543342590332031250000000e-04
-9.5750481119731697347147170162884322053287178277969360351562500000e-04
-9.6050666535166489938546430238375251065008342266082763671875000000e-04
-9.6349343526905089057227327131727179221343249082565307617187500000e-04
-9.6646512017780803697336589053179523034486919641494750976562500000e-04
-9.6942171931267890651329199869223884888924658298492431640625000000e-04
-9.7236323191477076754996033969291602261364459991455078125000000000e-04
-9.7528965723151232920795639103062057984061539173126220703125000000e-04
-9.7820099451660321755730453929800205514766275882720947265625000000e-04
-9.8109724302996746334026845204334676964208483695983886718750000000e-04
-9.8397840203770666443749970397902870899997651576995849609375000000e-04
-9.8684447081205596725983486550148882088251411914825439453125000000e-04
-9.8969544863133462712923016368904427508823573589324951171875000000e-04
-9.9253133477989808654273762300590533413924276828765869140625000000e-04
-9.9535212854809439024517114802392825367860496044158935546875000000e-04
-9.9815782923221734769525514963106616050936281681060791015625000000e-04
-1.0009484361344583944891661886344991216901689767837524414062500000e-03
-1.0037239485628656095184130236930286628194153308868408203125000000e-03
-1.0064843658312884206590398505909433879423886537551879882812500000e-03
-1.0092296872593418260999342805916967336088418960571289062500000000e-03
-1.0119599121723524010746375623170933977235108613967895507812500000e-03
-1.0146750399013203507853075890920990786980837583541870117187500000e-03
-1.0173750697828687697410465773373289266601204872131347656250000000e-03
-1.0200600011591981052666566753828192304354161024093627929687500000e-03
-1.0227298333780488609479064621154975611716508865356445312500000000e-03
-1.0253845657926506391294241282707844220567494630813598632812500000e-03
-1.0280241977616785559873635591543461487162858247756958007812500000e-03
-1.0306487286492118250064153883727158245164901018142700195312500000e-03
-1.0332581578246908225737765718577065854333341121673583984375000000e-03
-1.0358524846628728525305129792855041159782558679580688476562500000e-03
-1.0384317085437879107229219854957591451238840818405151367187500000e-03
-1.0409958288526994368838884952310763765126466751098632812500000000e-03
-1.0435448449800620307481580084640881977975368499755859375000000000e-03
-1.0460787563214806860506511654307360004168003797531127929687500000e-03
-1.0485975622776676392799988235537966829724609851837158203125000000e-03
-1.0511012622544052899642430531912395963445305824279785156250000000e-03
-1.0535898556625030494243722145597530470695346593856811523437500000e-03
-1.0560633419177589600174149708777804335113614797592163085937500000e-03
-1.0585217204409243501456172609209716028999537229537963867187500000e-03
-1.0609649906576608998504118730465961562003940343856811523437500000e-03
-1.0633931519985026937363814525383531872648745775222778320312500000e-03
-1.0658062038988221770230424567671434488147497177124023437500000000e-03
-1.0682041457987915579475046712332186871208250522613525390625000000e-03
-1.0705869771433431259649582401038969692308455705642700195312500000e-03
-1.0729546973821373762048025923832028638571500778198242187500000000e-03
-1.0753073059695250623946094492566771805286407470703125000000000000e-03
-1.0776448023645142371140792647565831430256366729736328125000000000e-03
-1.0799671860307342562829147070146973419468849897384643554687500000e-03
-1.0822744564363986994465216540106666798237711191177368164062500000e-03
-1.0845666130542737110725726168425353534985333681106567382812500000e-03
-1.0868436553616450408049631803919510275591164827346801757812500000e-03
-1.0891055828402887700051548947044466331135481595993041992187500000e-03
-1.0913523949764279436652758548120800696779042482376098632812500000e-03
-1.0935840912607091516411950138376596441958099603652954101562500000e-03
-1.0958006711881671836616991555501954280771315097808837890625000000e-03
-1.0980021342581938043059253118371998425573110580444335937500000000e-03
-1.1001884799745076121829656656814222515095025300979614257812500000e-03
-1.1023597078451212970262584889269419363699853420257568359375000000e-03
-1.1045158173823106315114550568523554829880595207214355468750000000e-03
-1.1066568081025862819999350250554925878532230854034423828125000000e-03
-1.1087826795266628003566733440266034449450671672821044921875000000e-03
-1.1108934311794250136828932085109045146964490413665771484375000000e-03
-1.1129890625899054729108783590163511689752340316772460937500000000e-03
-1.1150695732912488909727155572682022466324269771575927734375000000e-03
-1.1171349628206854714268514427999434701632708311080932617187500000e-03
-1.1191852307195025023611734127371164504438638687133789062500000000e-03
-1.1212203765330148660939180160767136840149760246276855468750000000e-03
-1.1232403998105383678002278102781019697431474924087524414062500000e-03
-1.1252453001053585104895837787353229941800236701965332031250000000e-03
-1.1272350769747003541854102337538279243744909763336181640625000000e-03
-1.1292097299797087834455355803697784722317010164260864257812500000e-03
-1.1311692586854151139352797628134794649668037891387939453125000000e-03
-1.1331136626607106378944456182011890632566064596176147460937500000e-03
-1.1350429414783182180403997563189477659761905670166015625000000000e-03
-1.1369570947147630141094154510028602089732885360717773437500000000e-03
-1.1388561219503534008984368952610566338989883661270141601562500000e-03
-1.1407400227691482253594701390397858631331473588943481445312500000e-03
-1.1426087967589286173430984661081311060115694999694824218750000000e-03
-1.1444624435111752213528601984648958023171871900558471679687500000e-03
-1.1463009626210395736078950790215458255261182785034179687500000000e-03
-1.1481243536873165633077631397895856935065239667892456054687500000e-03
-1.1499326163124260011955124483051804418209940195083618164062500000e-03
-1.1517257501023753230029456062766257673501968383789062500000000000e-03
-1.1535037546667418085349909873116303060669451951980590820312500000e-03
-1.1552666296186428745301766340958238288294523954391479492187500000e-03
-1.1570143745747152579789185367076242982875555753707885742187500000e-03
-1.1587469891550829237392150616869912482798099517822265625000000000e-03
-1.1604644729833345131314592535431984288152307271957397460937500000e-03
-1.1621668256865036114588995985741348704323172569274902343750000000e-03
-1.1638540468950375229850724423386054695583879947662353515625000000e-03
-1.1655261362427727679647038172561224200762808322906494140625000000e-03
-1.1671830933669090617915697905004890344571322202682495117187500000e-03
-1.1688249179079965214128611350474784558173269033432006835937500000e-03
-1.1704516095098966340509738515152093896176666021347045898437500000e-03
-1.1720631678197616573622319435798999620601534843444824218750000000e-03
-1.1736595924880200911277761122164520202204585075378417968750000000e-03
-1.1752408831683408985818717340521288861054927110671997070312500000e-03
-1.1768070395176146412941076135894036269746720790863037109375000000e-03
-1.1783580611959346140515947354288073256611824035644531250000000000e-03
-1.1798939478665638851129227049341352540068328380584716796875000000e-03
-1.1814146991959203342181794482712575700134038925170898437500000000e-03
-1.1829203148535510654176805545034767419565469026565551757812500000e-03
-1.1844107945121085546241745944939793844241648912429809570312500000e-03
-1.1858861378473283150480899195144957047887146472930908203125000000e-03
-1.1873463445380085141966919337619401630945503711700439453125000000e-03
-1.1887914142659861214262884132608633080963045358657836914062500000e-03
-1.1902213467161145733774763044721112237311899662017822265625000000e-03
-1.1916361415762423067721265113050321815535426139831542968750000000e-03
-1.1930357985371928090934101618358909036032855510711669921875000000e-03
-1.1944203172927377303719209677979051775764673948287963867187500000e-03
-1.1957896975395843064404743927298113703727722167968750000000000000e-03
-1.1971439389773480370393610172641274402849376201629638671875000000e-03
-1.1984830413085281828472483667269443685654550790786743164062500000e-03
-1.1998070042384988750233665300015672983136028051376342773437500000e-03
-1.2011158274754774565040715827990425168536603450775146484375000000e-03
-1.2024095107305071347680858195872133364900946617126464843750000000e-03
-1.2036880537174402851230414768224363797344267368316650390625000000e-03
-1.2049514561529165498215965257600146287586539983749389648437500000e-03
-1.2061997177563370340497295174486680480185896158218383789062500000e-03
-1.2074328382498551986284907044932879216503351926803588867187500000e-03
-1.2086508173583506223214278918476338731124997138977050781250000000e-03
-1.2098536548094090525146127035327481280546635389328002929687500000e-03
-1.2110413503333065758649222942722190055064857006072998046875000000e-03
-1.2122139036629888016183276278070479747839272022247314453125000000e-03
-1.2133713145340541648964372001273659407161176204681396484375000000e-03
-1.2145135826847274721634883931642434617970138788223266601562500000e-03
-1.2156407078558538296941815559648603084497153759002685546875000000e-03
-1.2167526897908726227215403525860892841592431068420410156250000000e-03
-1.2178495282357966987552000404093632823787629604339599609375000000e-03
-1.2189312229392017424001171121972220134921371936798095703125000000e-03
-1.2199977736522028565896436091975374438334256410598754882812500000e-03
-1.2210491801284378658720708443752300809137523174285888671875000000e-03
-1.2220854421240530049419525937537400750443339347839355468750000000e-03
-1.2231065593976794998731794095192526583559811115264892578125000000e-03
-1.2241125317104225092568192678754712687805294990539550781250000000e-03
-1.2251033588258394401576678589549374009948223829269409179687500000e-03
-1.2260790405099243356029647955551808991003781557083129882812500000e-03
-1.2270395765310924789115443189757570507936179637908935546875000000e-03
-1.2279849666601606612142960628375476517248898744583129882812500000e-03
-1.2289152106703343878685297241304397175554186105728149414062500000e-03
-1.2298303083371844596910493763175509229768067598342895507812500000e-03
-1.2307302594386400340642495621068519540131092071533203125000000000e-03
-1.2316150637549636882861481268491843366064131259918212890625000000e-03
-1.2324847210687407943890958605948071635793894529342651367187500000e-03
-1.2333392311648639066284927068295473873149603605270385742187500000e-03
-1.2341785938305104269180345610834592662286013364791870117187500000e-03
-1.2350028088551315459675539187855974887497723102569580078125000000e-03
-1.2358118760304416181017295173205639002844691276550292968750000000e-03
-1.2366057951503906225249052042158837139140814542770385742187500000e-03
-1.2373845660111544055015375676020994433201849460601806640625000000e-03
-1.2381481884111253562175125608746384386904537677764892578125000000e-03
-1.2388966621508883374919163244953779212664812803268432617187500000e-03
-1.2396299870332094100744413367465313058346509933471679687500000000e-03
-1.2403481628630189190914956398614776844624429941177368164062500000e-03
-1.2410511894474034709501264472919501713477075099945068359375000000e-03
-1.2417390665955768767197975321892045030836015939712524414062500000e-03
-1.2424117941188779837280442563951510237529873847961425781250000000e-03
-1.2430693718307552798896242762793917790986597537994384765625000000e-03
-1.2437117995467458601843713239532007719390094280242919921875000000e-03
-1.2443390770844615488693873928127686667721718549728393554687500000e-03
-1.2449512042635797921807938593019571271724998950958251953125000000e-03
-1.2455481809058306479076616568590907263569533824920654296875000000e-03
-1.2461300068349718487420441093149747757706791162490844726562500000e-03
-1.2466966818767831644276800062698384863324463367462158203125000000e-03
-1.2472482058590540418552272683427872834727168083190917968750000000e-03
-1.2477845786115630052209857225875566655304282903671264648437500000e-03
-1.2483057999660672476860412416499457322061061859130859375000000000e-03
-1.2488118697562898377906304148154958966188132762908935546875000000e-03
-1.2493027878179034564215532654429807735141366720199584960937500000e-03
-1.2497785539885208558330553785253869136795401573181152343750000000e-03
-1.2502391681076775124120681326189696846995502710342407226562500000e-03
-1.2506846300168160141669249085794035636354237794876098632812500000e-03
-1.2511149395592808565569331591404989012517035007476806640625000000e-03
-1.2515300965803004447363111495405973982997238636016845703125000000e-03
-1.2519301009269688789576902010480807803105562925338745117187500000e-03
-1.2523149524482440030082042170533895841799676418304443359375000000e-03
-1.2526846509949250696447364816776826046407222747802734375000000000e-03
-1.2530391964196421154126293018293836212251335382461547851562500000e-03
-1.2533785885768466365070006318660489341709762811660766601562500000e-03
-1.2537028273227961931018947794314044585917145013809204101562500000e-03
-1.2540119125155381463176951228888356126844882965087890625000000000e-03
-1.2543058440149044540506961809001040819566696882247924804687500000e-03
-1.2545846216824951911000818327579509059432893991470336914062500000e-03
-1.2548482453816646713801175039293411828111857175827026367187500000e-03
-1.2550967149775119069410322936164448037743568420410156250000000000e-03
-1.2553300303368647786173006863918999442830681800842285156250000000e-03
-1.2555481913282741813359111304748694237787276506423950195312500000e-03
-1.2557511978219947253176957957521153730340301990509033203125000000e-03
-1.2559390496899751950982127013389799685683101415634155273437500000e-03
-1.2561117468058511769529728141492341819684952497482299804687500000e-03
-1.2562692890449253264179008127143788442481309175491333007812500000e-03
-1.2564116762841612967571691683588142041116952896118164062500000000e-03
-1.2565389084021707285371283191466318385209888219833374023437500000e-03
-1.2566509852791991549980643583239725558087229728698730468750000000e-03
-1.2567479067971162442346466647791203286033123731613159179687500000e-03
-1.2568296728394060413763755335025962267536669969558715820312500000e-03
-1.2568962832911524402784708698277427174616605043411254882812500000e-03
-1.2569477380390300762236233111934780026786029338836669921875000000e-03
-1.2569840369712906649746209097884275251999497413635253906250000000e-03
-1.2570051799777536786356657572127915045712143182754516601562500000e-03
-1.2570111669497974551945596033419860759750008583068847656250000000e-03
-1.2570019977803407670857716027512651635333895683288574218750000000e-03
-1.2569776723638384843817483726979844504967331886291503906250000000e-03
-1.2569381905962711664520581322790349076967686414718627929687500000e-03
-1.2568835523751287989308034198643326817546039819717407226562500000e-03
-1.2568137575994023369396757061622338369488716125488281250000000000e-03
-1.2567288061695771998749204811929303104989230632781982421875000000e-03
-1.2566286979876148399704050007130717858672142028808593750000000000e-03
-1.2565134329569479718080593499962560599669814109802246093750000000e-03
-1.2563830109824708144983240742931229760870337486267089843750000000e-03
-1.2562374319705223949666939020630707091186195611953735351562500000e-03
-1.2560766958288835121876347855618405446875840425491333007812500000e-03
-1.2559008024667632930776450805865351867396384477615356445312500000e-03
-1.2557097517947846641861442407162030576728284358978271484375000000e-03
-1.2555035437249806654080863665967626729980111122131347656250000000e-03
-1.2552821781707827406004973624931153608486056327819824218750000000e-03
-1.2550456550470118471246605551527864008676260709762573242187500000e-03
-1.2547939742698643612178743822482829273212701082229614257812500000e-03
-1.2545271357569025370143345199380746635142713785171508789062500000e-03
-1.2542451394270523381407889118577259068842977285385131835937500000e-03
-1.2539479852005824041943915503338757844176143407821655273437500000e-03
-1.2536356729991036170618334821824646496679633855819702148437500000e-03
-1.2533082027455552231315349942519787873607128858566284179687500000e-03
-1.2529655743641957259953967351862047507893294095993041992187500000e-03
-1.2526077877805955138740268139940781111363321542739868164062500000e-03
-1.2522348429216234155098019797947017650585621595382690429687500000e-03
-1.2518467397154399781133982116898550884798169136047363281250000000e-03
-1.2514434780914903116294523144347294874023646116256713867187500000e-03
-1.2510250579804908614700575952838335069827735424041748046875000000e-03
-1.2505914793144203012165149857537471689283847808837890625000000000e-03
-1.2501427420265147621297741054036123387049883604049682617187500000e-03
-1.2496788460512533048413219560757170256692916154861450195312500000e-03
-1.2491997913243551004275344595839669636916369199752807617187500000e-03
-1.2487055777827664199836066316606775217223912477493286132812500000e-03
-1.2481962053646504431231312182148940337356179952621459960937500000e-03
-1.2476716740093827043289742562137689674273133277893066406250000000e-03
-1.2471319836575369983250327621249198273289948701858520507812500000e-03
-1.2465771342508851632358002348155423533171415328979492187500000000e-03
-1.2460071257323810343942138700867872103117406368255615234375000000e-03
-1.2454219580461539391286196476471559435594826936721801757812500000e-03
-1.2448216311375017578688684238841233309358358383178710937500000000e-03
-1.2442061449528770463585081174073820875491946935653686523437500000e-03
-1.2435754994398876861760872003515032702125608921051025390625000000e-03
-1.2429296945472819227451743984147469745948910713195800781250000000e-03
-1.2422687302249431611639307604377790994476526975631713867187500000e-03
-1.2415926064238795578642537975611048750579357147216796875000000000e-03
-1.2409013230962175153987425701984648185316473245620727539062500000e-03
-1.2401948801951938761850557924049098801333457231521606445312500000e-03
-1.2394732776751455141650559710342349717393517494201660156250000000e-03
-1.2387365154915030464322089898132617236115038394927978515625000000e-03
-1.2379845936007860627420251731223288516048341989517211914062500000e-03
-1.2372175119605890308838169744376500602811574935913085937500000000e-03
-1.2364352705295767430315745372126912116073071956634521484375000000e-03
-1.2356378692674756421265858108426982653327286243438720703125000000e-03
-1.2348253081350714366326570825549424625933170318603515625000000000e-03
-1.2339975870941941385461326774475310230627655982971191406250000000e-03
-1.2331547061077132929063360222698975121602416038513183593750000000e-03
-1.2322966651395310389016657381944241933524608612060546875000000000e-03
-1.2314234641545714846883052828729887551162391901016235351562500000e-03
-1.2305351031187804905497884533360775094479322433471679687500000000e-03
-1.2296315819991120079496260686369168979581445455551147460937500000e-03
-1.2287129007635222248395745481275298516266047954559326171875000000e-03
-1.2277790593809641446487734839365657535381615161895751953125000000e-03
-1.2268300578213780453046277685302811732981353998184204101562500000e-03
-1.2258658960556823719345587164752942044287919998168945312500000000e-03
-1.2248865740557735200255695673376976628787815570831298828125000000e-03
-1.2238920917945132586790446538316246005706489086151123046875000000e-03
-1.2228824492457235264403214713979650696273893117904663085937500000e-03
-1.2218576463841788418834832796733280702028423547744750976562500000e-03
-1.2208176831856002320791931836652111087460070848464965820312500000e-03
-1.2197625596266504621051351975324905652087181806564331054687500000e-03
-1.2186922756849195067369029388260059931781142950057983398437500000e-03
-1.2176068313389232494053926458832393109332770109176635742187500000e-03
-1.2165062265681026148350651894247675954829901456832885742187500000e-03
-1.2153904613528090407348347667948473826982080936431884765625000000e-03
-1.2142595356742938526167785440179613942746073007583618164062500000e-03
-1.2131134495147121669239576036147809645626693964004516601562500000e-03
-1.2119522028571133500512990721631467749830335378646850585937500000e-03
-1.2107757956854314773664782478590495884418487548828125000000000000e-03
-1.2095842279844770932734077106829317926894873380661010742187500000e-03
-1.2083774997399387290952788021058950107544660568237304687500000000e-03
-1.2071556109383703263293607932382656144909560680389404296875000000e-03
-1.2059185615671853819552694631056510843336582183837890625000000000e-03
-1.2046663516146558642327946131445060018450021743774414062500000000e-03
-1.2033989810698992022758302411489239602815359830856323242187500000e-03
-1.2021164499228717808393396282440335198771208524703979492187500000e-03
-1.2008187581643739276493487722063946421258151531219482421875000000e-03
-1.1995059057860327830086211164939413720276206731796264648437500000e-03
-1.1981778927802960114240571343202645948622375726699829101562500000e-03
-1.1968347191404339700110392996634800510946661233901977539062500000e-03
-1.1954763848605251801843207815068126365076750516891479492187500000e-03
-1.1941028899354604476262808887554456305224448442459106445312500000e-03
-1.1927142343609281171373792673762181948404759168624877929687500000e-03
-1.1913104181334062663805140047657005197834223508834838867187500000e-03
-1.1898914412501685605727530514741374645382165908813476562500000000e-03
-1.1884573037092682062931814357398252468556165695190429687500000000e-03
-1.1870080055095396862063772402962058549746870994567871093750000000e-03
-1.1855435466505850981150382850159985537175089120864868164062500000e-03
-1.1840639271327756728430236066174074949230998754501342773437500000e-03
-1.1825691469572420164158010891242156503722071647644042968750000000e-03
-1.1810592061258704237730610131507091864477843046188354492187500000e-03
-1.1795341046412955061939431544715262134559452533721923828125000000e-03
-1.1779938425068995407757332927189963811542838811874389648437500000e-03
-1.1764384197267998936886623795317063922993838787078857421875000000e-03
-1.1748678363058479359737340530500659951940178871154785156250000000e-03
-1.1732820922496244898936001987976851523853838443756103515625000000e-03
-1.1716811875644357089643055047645248123444616794586181640625000000e-03
-1.1700651222573007180505211266563492245040833950042724609375000000e-03
-1.1684338963359520470464136820964995422400534152984619140625000000e-03
-1.1667875098088299930243483260028369841165840625762939453125000000e-03
-1.1651259626850798013092402882762144145090132951736450195312500000e-03
-1.1634492549745375708503125622428342467173933982849121093750000000e-03
-1.1617573866877350247106548408737580757588148117065429687500000000e-03
-1.1600503578358940890563610892627366411034017801284790039062500000e-03
-1.1583281684309127985282872330685677297879010438919067382812500000e-03
-1.1565908184853665972846581411204169853590428829193115234375000000e-03
-1.1548383080125057369158536602071762899868190288543701171875000000e-03
-1.1530706370262446512631182571340104914270341396331787109375000000e-03
-1.1512878055411613058972575274196969985496252775192260742187500000e-03
-1.1494898135724930781503827503797765530180186033248901367187500000e-03
-1.1476766611361256982537515369813263532705605030059814453125000000e-03
-1.1458483482485945503803748124482808634638786315917968750000000000e-03
-1.1440048749270783842724164003357145702466368675231933593750000000e-03
-1.1421462411893949784325030805121059529483318328857421875000000000e-03
-1.1402724470539942012298206819309598358813673257827758789062500000e-03
-1.1383834925399521562083826609068637480959296226501464843750000000e-03
-1.1364793776669770367787615228394315636251121759414672851562500000e-03
-1.1345601024553922126641980483441329852212220430374145507812500000e-03
-1.1326256669261338446558218251425387279596179723739624023437500000e-03
-1.1306760711007543540596032016765093430876731872558593750000000000e-03
-1.1287113150014078943872419813487795181572437286376953125000000000e-03
-1.1267313986508525197605123935318260919302701950073242187500000000e-03
-1.1247363220724438965386626776421508111525326967239379882812500000e-03
-1.1227260852901300991479871527189970947802066802978515625000000000e-03
-1.1207006883284492248370467493145952175837010145187377929687500000e-03
-1.1186601312125248400275445703755394788458943367004394531250000000e-03
-1.1166044139680540540904285506940141203813254833221435546875000000e-03
-1.1145335366213174940058783235485861951019614934921264648437500000e-03
-1.1124474991991652097350629091465634701307862997055053710937500000e-03
-1.1103463017290119037305817784044847940094769001007080078125000000e-03
-1.1082299442388354130534233732419124862644821405410766601562500000e-03
-1.1060984267571795282986135688929607567843049764633178710937500000e-03
-1.1039517493131396821265388652477668074425309896469116210937500000e-03
-1.1017899119363570945712149651285471918527036905288696289062500000e-03
-1.0996129146570254950937561844170886615756899118423461914062500000e-03
-1.0974207575058798468797816028086344886105507612228393554687500000e-03
-1.0952134405141935279137666015003560460172593593597412109375000000e-03
-1.0929909637137761625746978921824847930110991001129150390625000000e-03
-1.0907533271369686343060800837179158406797796487808227539062500000e-03
-1.0885005308166374477646387575191511132288724184036254882812500000e-03
-1.0862325747861725604159754965394313330762088298797607421875000000e-03
-1.0839494590794871656941333881718492193613201379776000976562500000e-03
-1.0816511837310040320542237068934809940401464700698852539062500000e-03
-1.0793377487756589724193778678795752057339996099472045898437500000e-03
-1.0770091542489017115424854154070999356918036937713623046875000000e-03
-1.0746654001866802734949102315908930904697626829147338867187500000e-03
-1.0723064866254444511134424899978512257803231477737426757812500000e-03
-1.0699324136021419028724777078309671196620911359786987304687500000e-03
-1.0675431811542140329157613010124805441591888666152954101562500000e-03
-1.0651387893195927384498711276705762429628521203994750976562500000e-03
-1.0627192381366949887333550606172138941474258899688720703125000000e-03
-1.0602845276444174040658685598259580729063600301742553710937500000e-03
-1.0578346578821386410329541405417330679483711719512939453125000000e-03
-1.0553696288897159230590894196666340576484799385070800781250000000e-03
-1.0528894407074737647050932665138134325388818979263305664062500000e-03
-1.0503940933762059232320362767154620087239891290664672851562500000e-03
-1.0478835869371730133564613041130542114842683076858520507812500000e-03
-1.0453579214320977367608245245378384424839168787002563476562500000e-03
-1.0428170969031581600400260256833462335634976625442504882812500000e-03
-1.0402611133929920515100997491231282765511423349380493164062500000e-03
-1.0376899709446851718247506468628671427723020315170288085937500000e-03
-1.0351036696017717076562236755421508860308676958084106445312500000e-03
-1.0325022094082357895783452761406806530430912971496582031250000000e-03
-1.0298855904084967469169775711179681820794939994812011718750000000e-03
-1.0272538126474156129630532774399398476816713809967041015625000000e-03
-1.0246068761702936070895342268727290502283722162246704101562500000e-03
-1.0219447810228591243253415399294681265018880367279052734375000000e-03
-1.0192675272512692532383971055764959601219743490219116210937500000e-03
-1.0165751149021082580525821015271503711119294166564941406250000000e-03
-1.0138675440223880123286059884435417188797146081924438476562500000e-03
-1.0111448146595358558996746722868920187465846538543701171875000000e-03
-1.0084069268613941611906215101157613389659672975540161132812500000e-03
-1.0056538806762235858244247665993498230818659067153930664062500000e-03
-1.0028856761526972179304761922935540496837347745895385742187500000e-03
-1.0001023133398932035698081222108157817274332046508789062500000000e-03
-9.9730379228729322885205199611391435610130429267883300781250000000e-04
-9.9449011304478382097804534112128749256953597068786621093750000000e-04
-9.9166127566265201143114182968929526396095752716064453125000000000e-04
-9.8881728019157991496634885209005005890503525733947753906250000000e-04
-9.8595812668264191068467905409988816245459020137786865234375000000e-04
-9.8308381518730399151184684569670935161411762237548828125000000000e-04
-9.8019434575742267999609591555554288788698613643646240234375000000e-04
-9.7728971844523787257386082671928306808695197105407714843750000000e-04
-9.7436993330337370693150500500223643030039966106414794921875000000e-04
-9.7143499038483314099445831146795171662233769893646240234375000000e-04
-9.6848488974299545926222032576902165601495653390884399414062500000e-04
-9.6551963143161583912749135194530936132650822401046752929687500000e-04
-9.6253921550482047196639623365399529575370252132415771484375000000e-04
-9.5954364201710699681935334837135087582282721996307373046875000000e-04
-9.5653291102333972990151567117322883859742432832717895507812500000e-04
-9.5350702257874467727277734141466680739540606737136840820312500000e-04
-9.5046597673891051061972889968387789849657565355300903320312500000e-04
-9.4740977355978629043109506824293930549174547195434570312500000000e-04
-9.4433841309767756286991380321182987245265394449234008789062500000e-04
-9.4125189540924343242767058370645827380940318107604980468750000000e-04
-9.3815022055149439351995344082979499944485723972320556640625000000e-04
-9.3503338858179330626840819462586296140216290950775146484375000000e-04
-9.3190139955784585552162058164071822830010205507278442382812500000e-04
-9.2875425353770651396706492519683706632349640130996704101562500000e-04
-9.2559195057976737484872753469744566245935857295989990234375000000e-04
-9.2241449074276368139818638169913356250617653131484985351562500000e-04
-9.1922187408576818898331417528879683231934905052185058593750000000e-04
-9.1601410066818834618262989977210963843390345573425292968750000000e-04
-9.1279117054976542742356082626997704210225492715835571289062500000e-04
-9.0955308379057149721635955330611977842636406421661376953125000000e-04
-9.0629984045100561544650030754155523027293384075164794921875000000e-04
-9.0303144059179568051837216913213524094317108392715454101562500000e-04
-8.9974788427399149046137516450016846647486090660095214843750000000e-04
-8.9644917155896756185556872864594879501964896917343139648437500000e-04
-8.9313530250841738356015753197425510734319686889648437500000000000e-04
-8.8980627718434983884632227812971905223093926906585693359375000000e-04
-8.8646209564909560219003736847298569045960903167724609375000000000e-04
-8.8310275796529456252687007022927900834474712610244750976562500000e-04
-8.7972826419589853375741173024948693637270480394363403320312500000e-04
-8.7633861440416941160358454965262353653088212013244628906250000000e-04
-8.7293380865368112517255205773381021572276949882507324218750000000e-04
-8.6951384700830706021151828011284123931545764207839965820312500000e-04
-8.6607872953222645590054540321034437511116266250610351562500000000e-04
-8.6262845628992332065038128874334688589442521333694458007812500000e-04
-8.5916302734617927636812106939601108024362474679946899414062500000e-04
-8.5568244276607193215394842056298330135177820920944213867187500000e-04
-8.5218670261498095583330147917422436876222491264343261718750000000e-04
-8.4867580695857647299362724879756569862365722656250000000000000000e-04
-8.4514975586282134380894381919802071934100240468978881835937500000e-04
-8.4160854939397170514092660909000187530182301998138427734375000000e-04
-8.3805218761856786324065948790007496427278965711593627929687500000e-04
-8.3448067060344253368514566560065759404096752405166625976562500000e-04
-8.3089399841571173407905881447277351981028914451599121093750000000e-04
-8.2729217112277489247496031765649604494683444499969482421875000000e-04
-8.2367518879231463053286477205006121948827058076858520507812500000e-04
-8.2004305149229546247763300570454703120049089193344116210937500000e-04
-8.1639575929095653094441642494416555564384907484054565429687500000e-04
-8.1273331225681865429277817014508400461636483669281005859375000000e-04
-8.0905571045867608667018222590172626951243728399276733398437500000e-04
-8.0536295396559662643221066957721632206812500953674316406250000000e-04
-8.0165504284692053194039118579894420690834522247314453125000000000e-04
-7.9793197717226008788132807225679243856575340032577514648437500000e-04
-7.9419375701149808738366075999692839104682207107543945312500000000e-04
-7.9044038243478382047002561705539847025647759437561035156250000000e-04
-7.8667185351253058039205923179792989685665816068649291992187500000e-04
-7.8288817031541859097626412378190252638887614011764526367187500000e-04
-7.7908933291439207927814303289437702915165573358535766601562500000e-04
-7.7527534138065873348111267659987788647413253784179687500000000000e-04
-7.7144619578568449872607581951911015494260936975479125976562500000e-04
-7.6760189620119390237207301908028966863639652729034423828125000000e-04
-7.6374244269917168029954135377579405030701309442520141601562500000e-04
-7.5986783535185746431966924419043607485946267843246459960937500000e-04
-7.5597807423174589059461370155190707009751349687576293945312500000e-04
-7.5207315941158714173858657048299392045009881258010864257812500000e-04
-7.4815309096438304369003358118561664014123380184173583984375000000e-04
-7.4421786896338728255206884654171517468057572841644287109375000000e-04
-7.4026749348210182672530565994861717626918107271194458007812500000e-04
-7.3630196459427866163133247212613241572398692369461059570312500000e-04
-7.3232128237391783814880241720857156906276941299438476562500000000e-04
-7.2832544689526552104952283883676500408910214900970458984375000000e-04
-7.2431445823281182059411031914919476548675447702407836914062500000e-04
-7.2028831646129382829807363819440979568753391504287719726562500000e-04
-7.1624702165568878645812711525309168791864067316055297851562500000e-04
-7.1219057389121463025327685159027168992906808853149414062500000000e-04
-7.0811897324333551717590040652794414199888706207275390625000000000e-04
-7.0403221978775022606850120254762259719427675008773803710937500000e-04
-6.9993031360039638551218121875763245043344795703887939453125000000e-04
-6.9581325475745036540642374234266753774136304855346679687500000000e-04
-6.9168104333532586750626913740802592656109482049942016601562500000e-04
-6.8753367941066958861362490296187388594262301921844482421875000000e-04
-6.8337116306036382266247963812588750442955642938613891601562500000e-04
-6.7919349436152515967629605952993188111577183008193969726562500000e-04
-6.7500067339150058264019005349609869881533086299896240234375000000e-04
-6.7079270022787072010744813255200824642088264226913452148437500000e-04
-6.6656957494844355782692701950509217567741870880126953125000000000e-04
-6.6233129763125877555174358946032953099347651004791259765625000000e-04
-6.5807786835458633757645063866448253975249826908111572265625000000e-04
-6.5380928719692085488573995988303977355826646089553833007812500000e-04
-6.4952555423698527144182879311529177357442677021026611328125000000e-04
-6.4522666955372782841837686618191582965664565563201904296875000000e-04
-6.4091263322632271472178988602763638482429087162017822265625000000e-04
-6.3658344533416854910817805901501742482651025056838989257812500000e-04
-6.3223910595688686230031461121825486770831048488616943359375000000e-04
-6.2787961517432112120568055146918595710303634405136108398437500000e-04
-6.2350497306653911416124413946704407862853258848190307617187500000e-04
-6.1911517971382904780563993796249633305706083774566650390625000000e-04
-6.1471023519669683657373759899655851768329739570617675781250000000e-04
-6.1029013959587130686706979432187836209777742624282836914062500000e-04
-6.0585489299229986024514227338499949837569147348403930664062500000e-04
-6.0140449546714630502108889231749344617128372192382812500000000000e-04
-5.9693894710179443412884081610059183731209486722946166992187500000e-04
-5.9245824797784325463356758234567678300663828849792480468750000000e-04
-5.8796239817710980665732556360580929322168231010437011718750000000e-04
-5.8345139778162580235232326231198385357856750488281250000000000000e-04
-5.7892524687363740906048681367224162386264652013778686523437500000e-04
-5.7438394553560763455823945378142525441944599151611328125000000000e-04
-5.6982749385021220708824607470432965783402323722839355468750000000e-04
-5.6525589190034131008288920128279642085544764995574951171875000000e-04
-5.6066913976909763060035851722773259098175913095474243164062500000e-04
-5.5606723753979798562790959337576168763916939496994018554687500000e-04
-5.5145018529597039473599817682725188205949962139129638671875000000e-04
-5.4681798312135527270066992500119340547826141119003295898437500000e-04
-5.4217063109990488740247416288298154540825635194778442382812500000e-04
-5.3750812931578509454993985983151105756405740976333618164062500000e-04
-5.3283047785337219349327542161631754424888640642166137695312500000e-04
-5.2813767679725249354349969621580385137349367141723632812500000000e-04
-5.2342972623222578341939392743142889230512082576751708984375000000e-04
-5.1870662624330316284315678387883963296189904212951660156250000000e-04
-5.1396837691570671727975261333654088957700878381729125976562500000e-04
-5.0921497833487222844234265650698034733068197965621948242187500000e-04
-5.0444643058644505432402960209969933202955871820449829101562500000e-04
-4.9966273375628685125132699695882365631405264139175415039062500000e-04
-4.9486388793047112865525205549488418910186737775802612304687500000e-04
-4.9004989319528476695436713939102446602191776037216186523437500000e-04
-4.8522074963723208331292657824462821736233308911323547363281250000e-04
-4.8037645734303222955566270435667775018373504281044006347656250000e-04
-4.7551701639962222793386881214416916918708011507987976074218750000e-04
-4.7064242689415702533550778241533407708629965782165527343750000000e-04
-4.6575268891401523955672625554313981410814449191093444824218750000e-04
-4.6084780254679536459425093219977043190738186240196228027343750000e-04
-4.5592776788032254690896660775933924014680087566375732421875000000e-04
-4.5099258500264701333276606831645949569065123796463012695312500000e-04
-4.4604225400205122680288849501550885179312899708747863769531250000e-04
-4.4107677496705042846300570680284636182477697730064392089843750000e-04
-4.3609614798639534816865337418789749790448695421218872070312500000e-04
-4.3110037314907767970820207104054588853614404797554016113281250000e-04
-4.2608945054433474287219896226019955065567046403884887695312500000e-04
-4.2106338026165186869814727188554570602718740701675415039062500000e-04
-4.1602216239076982625538780879992373229470103979110717773437500000e-04
-4.1096579702168899682346303592339609167538583278656005859375000000e-04
-4.0589428424467663804667272309245618089335039258003234863281250000e-04
-4.0080762415027279283591399305919367179740220308303833007812500000e-04
-3.9570581682929836667486633849932786688441410660743713378906250000e-04
-3.9058886237286206651389552924058534699724987149238586425781250000e-04
-3.8545676087237243541416820136191745405085384845733642578125000000e-04
-3.8030951241954175567547280500946271786233410239219665527343750000e-04
-3.7514711710640111924641715290817955974489450454711914062500000000e-04
-3.6996957502530958923278592287431365548400208353996276855468750000e-04
-3.6477688626896683085285011394205412216251716017723083496093750000e-04
-3.5956905093042482082082988981142079865094274282455444335937500000e-04
-3.5434606910310264670654900598378844733815640211105346679687500000e-04
-3.4910794088080244470737034667706666368758305907249450683593750000e-04
-3.4385466635772192218328813240191266231704503297805786132812500000e-04
-3.3858624562847365645559816194065660965861752629280090332031250000e-04
-3.3330267878810385150448181157400995289208367466926574707031250000e-04
-3.2800396593211114887669865858299544925102964043617248535156250000e-04
-3.2269010715646484228208423772343849122989922761917114257812500000e-04
-3.1736110255762997687384308065361437911633402109146118164062500000e-04
-3.1201695223258832856058631044504636520287021994590759277343750000e-04
-3.0665765627886442485847129368892183265415951609611511230468750000e-04
-3.0128321479455069838160330419896126841194927692413330078125000000e-04
-2.9589362787833502557721665482404205249622464179992675781250000000e-04
-2.9048889562952804862042133215993544581579044461250305175781250000e-04
-2.8506901814809749041296216276464292604941874742507934570312500000e-04
-2.7963399553469737383176729750289268849883228540420532226562500000e-04
-2.7418382789070168620640388645881557749817147850990295410156250000e-04
-2.6871851531823999536044422775660223123850300908088684082031250000e-04
-2.6323805792023637246945799716968394932337105274200439453125000000e-04
-2.5774245580044479126194389984050303610274568200111389160156250000e-04
-2.5223170906349157453438247777910419245017692446708679199218750000e-04
-2.4670581781491653962368193475640509859658777713775634765625000000e-04
-2.4116478216121942936521482803158278329647146165370941162109375000e-04
-2.3560860220990048835912333835551635274896398186683654785156250000e-04
-2.3003727806951066153090534882608153566252440214157104492187500000e-04
-2.2445080984970119638080565671600652422057464718818664550781250000e-04
-2.1884919766127018236206991375070174399297684431076049804687500000e-04
-2.1323244161621640862386284354101917415391653776168823242187500000e-04
-2.0760054182779075519424405449342430074466392397880554199218750000e-04
-2.0195349841055045729890093930691818968625739216804504394531250000e-04
-1.9629131148041093022499348208498304302338510751724243164062500000e-04
-1.9061398115470141599765707685065763143938966095447540283203125000e-04
-1.8492150755221770271063963519964090664871037006378173828125000000e-04
-1.7921389079327614489954567655871642273268662393093109130859375000e-04
-1.7349113099976144975258862679368121462175622582435607910156250000e-04
-1.6775322829517687567117689706464034316013567149639129638671875000e-04
-1.6200018280468678720518393987504168762825429439544677734375000000e-04
-1.5623199465515698737376470983662102298694662749767303466796875000e-04
-1.5044866397518287981678597464707536346395500004291534423828125000e-04
-1.4465019089511329413756668405000027632922865450382232666015625000e-04
-1.3883657554705878004949748394381003890885040163993835449218750000e-04
-1.3300781806488968291718455461136727535631507635116577148437500000e-04
-1.2716391858420998737903839792551252685370855033397674560546875000e-04
-1.2130487724231408478564597785975820443127304315567016601562500000e-04
-1.1543069417811478217551768299387049410142935812473297119140625000e-04
-1.0954136953204094003747753882649362822121474891901016235351562500e-04
-1.0363690344589095593957894791969920333940535783767700195312500000e-04
-9.7717296062642907176175322003786050117923878133296966552734375000e-05
-9.1782547526201321798008936347912367637036368250846862792968750000e-05
-8.5832657981072460061551521182110491281491704285144805908203125000e-05
-7.9867627571954689295712082053313451979192905128002166748046875000e-05
-7.3887456443774750464506539948672525497386232018470764160156250000e-05
-6.7892144754985728205554096348350867629051208496093750000000000000e-05
-6.1881692542392152753955025801246847549919039011001586914062500000e-05
-5.5856099540580146439131686841861323955527041107416152954101562500e-05
-4.9815366446371656464209287662470160285010933876037597656250000000e-05
