2.9237456438478638589412161863378969428595155477523803710937500000e-04
2.3927820899376722003568107588478142133681103587150573730468750000e-04
2.0375941548047361894305251617254270968260243535041809082031250000e-04
1.7443302802812605937533840805286899922066368162631988525390625000e-04
1.4947556720520464011194017306394243860268034040927886962890625000e-04
1.2771092914812357541412546346748513315105810761451721191406250000e-04
1.0834943881729317363173115129626467023626901209354400634765625000e-04
9.0842781149314634275490631942773234186461195349693298339843750000e-05
7.4799317731101614943958755254982406768249347805976867675781250000e-05
5.9932410960326974822681700416637795569840818643569946289062500000e-05
4.6027781397793717486910392011623116559349000453948974609375000000e-05
3.2922214445146733485456080892106456303736194968223571777343750000e-05
2.0489311662112539994332061077386697434121742844581604003906250000e-05
8.6297226910170981867970185774652236432302743196487426757812500000e-06
-2.7383710580438421627880174469282792415469884872436523437500000000e-06
-1.3688197208178181545415452724512306303950026631355285644531250000e-05
-2.4276193168436320610897860561294692161027342081069946289062500000e-05
-3.4541363851069411400329656203211925458163022994995117187500000000e-05
-4.4516800585316687296003057561222249205457046627998352050781250000e-05
-5.4230799402375201947491822895841551144258119165897369384765625000e-05
-6.3707758223728044194057729132651957115740515291690826416015625000e-05
-7.2968785604986442653099865118804245867067947983741760253906250000e-05
-8.2032215147068688839739059037725610323832370340824127197265625000e-05
-9.0914103770561321038630453461593106112559325993061065673828125000e-05
-9.9628583104912691432129834279152191811590455472469329833984375000e-05
-1.0818814900959997581889743267780090718588326126337051391601562500e-04
-1.1660389992292843495871185188761387507838662713766098022460937500e-04
-1.2488573407458885633838918671756346157053485512733459472656250000e-04
-1.3304251364902063329252734913410449735238216817378997802734375000e-04
-1.4108220220795735736635245771708468964789062738418579101562500000e-04
-1.4901198035568866476219263006441906327381730079650878906250000000e-04
-1.5683834359247659194502855228847693069837987422943115234375000000e-04
-1.6456718550590399832364574272958179790293797850608825683593750000e-04
-1.7220386882740030122344865315398010352510027587413787841796875000e-04
-1.7975328639439102956960880863590546141494996845722198486328125000e-04
-1.8721991367404562612783425201712361740646883845329284667968750000e-04
-1.9460785420008356629006929239267265074886381626129150390625000000e-04
-2.0192087903083739573381616416725137241883203387260437011718750000e-04
-2.0916246114172185478069510011778220359701663255691528320312500000e-04
-2.1633580550825564541364554038693768234224990010261535644531250000e-04
-2.2344387550832592054944614190503671125043183565139770507812500000e-04
-2.3048941616868735653145261466079318779520690441131591796875000000e-04
-2.3747497469605167693187941502230842161225154995918273925781250000e-04
-2.4440291866340051402453625861710406752536073327064514160156250000e-04
-2.5127545216484064010548094003638652793597429990768432617187500000e-04
-2.5809463020464969498779517209641198860481381416320800781250000000e-04
-2.6486237154673303610327717017014492739690467715263366699218750000e-04
-2.7158047021774115326736565023679759178776293992996215820312500000e-04
-2.7825060582930671165824421109391550999134778976440429687500000000e-04
-2.8487435286181882199141313094514771364629268646240234375000000000e-04
-2.9145318903247554795377105563147779321298003196716308593750000000e-04
-2.9798850285375083363909043399075926572550088167190551757812500000e-04
-3.0448160047437400083786274151975703716743737459182739257812500000e-04
-3.1093371188293123788190519540819423127686604857444763183593750000e-04
-3.1734599654390156266148270702842637547291815280914306640625000000e-04
-3.2371954852720757813550056525286890973802655935287475585937500000e-04
-3.3005540118477907918226321726251626387238502502441406250000000000e-04
-3.3635453142106164128172229865754161437507718801498413085937500000e-04
-3.4261786359877856485145475318176977452822029590606689453125000000e-04
-3.4884627311626125595322989170199434738606214523315429687500000000e-04
-3.5504058968817647865684472563430063019040971994400024414062500000e-04
-3.6120160035751924538366397499089543998707085847854614257812500000e-04
-3.6733005226282353962441451500353650772012770175933837890625000000e-04
-3.7342665518050847809142234190460385434562340378761291503906250000e-04
-3.7949208385761366109020786829830740316538140177726745605468750000e-04
-3.8552698014376890348411941467077213019365444779396057128906250000e-04
-3.9153195492144245940663305205475808179471641778945922851562500000e-04
-3.9750758981668384353658218799409951316192746162414550781250000000e-04
-4.0345443864143749326464649662682404596125707030296325683593750000e-04
-4.0937302845930873375704384109496913879411295056343078613281250000e-04
-4.1526386004961054771583706113347034261096268892288208007812500000e-04
-4.2112740730890273286451952472475568356458097696304321289062500000e-04
-4.2696411464681688829533867668430957564851269125938415527343750000e-04
-4.3277439042745070515993965898360329447314143180847167968750000000e-04
-4.3855859237961223933907617400507206184556707739830017089843750000e-04
-4.4431699632213557176960150307820640591671690344810485839843750000e-04
-4.5004972953814257035504153847682573541533201932907104492187500000e-04
-4.5575662789365902795302165628754664794541895389556884765625000000e-04
-4.6143692530725412227418646970988902467070147395133972167968750000e-04
-4.6708856749668587176466116872575184970628470182418823242187500000e-04
-4.7270664696293578999411466590174768498400226235389709472656250000e-04
-4.7747658691805816089451242056895807763794437050819396972656250000e-04
-4.8221724918286770723493961376959759945748373866081237792968750000e-04
-4.8694315494711388559237463802276124624768272042274475097656250000e-04
-4.9165432332424921588881483458521870488766580820083618164062500000e-04
-4.9635077143541630941697695433845183288212865591049194335937500000e-04
-5.0103251508221255568209517861077983980067074298858642578125000000e-04
-5.0569956887765296280057292221954412525519728660583496093750000000e-04
-5.1035194634313258039981509028848449815995991230010986328125000000e-04
-5.1498965999575356360107303288486946257762610912322998046875000000e-04
-5.1961272142580898231872810200115964107681065797805786132812500000e-04
-5.2422114136508972653122340190634531609248369932174682617187500000e-04
-5.2881492974634855021298651678307578549720346927642822265625000000e-04
-5.3339409575443353945384261649564905383158475160598754882812500000e-04
-5.3795864786979280883216780750899488339200615882873535156250000000e-04
-5.4250859390508302144973118430471004103310406208038330078125000000e-04
-5.4704394103584439573717546068110095802694559097290039062500000000e-04
-5.5156469582628932148832268111959820089396089315414428710937500000e-04
-5.5607086425137021087894417803454416571184992790222167968750000000e-04
-5.6056245171631432794995264501380916044581681489944458007812500000e-04
-5.6503946307480238959303209256290756457019597291946411132812500000e-04
-5.6950190264682439954951886917910996999125927686691284179687500000e-04
-5.7394977423721159088404464299060236953664571046829223632812500000e-04
-5.7838308115551971804596531612219223461579531431198120117187500000e-04
-5.8280182623780081227482519068416877416893839836120605468750000000e-04
-5.8720601187050745425888287343241245253011584281921386718750000000e-04
-5.9159564001649519483783112860919572995044291019439697265625000000e-04
-5.9597071224294769983820252434725261991843581199645996093750000000e-04
-6.0033122975078887818833894840508946799673140048980712890625000000e-04
-6.0467719340498860946392367665680467325728386640548706054687500000e-04
-6.0900860376516185654138801908175082644447684288024902343750000000e-04
-6.1332546111579795689028316019175690598785877227783203125000000000e-04
-6.1762776549543498515182360364406122243963181972503662109375000000e-04
-6.2191551672421626923564774713781844184268265962600708007812500000e-04
-6.2618871442935916671324036997248185798525810241699218750000000000e-04
-6.3044735806822493548451369349550077458843588829040527343750000000e-04
-6.3469144694872656285028478251319938863161951303482055664062500000e-04
-6.3892098024701101874334163710500433808192610740661621093750000000e-04
-6.4313595702248683994017852683100500144064426422119140625000000000e-04
-6.4733637623031793379563270107723838009405881166458129882812500000e-04
-6.5152223673162028283467606115664239041507244110107421875000000000e-04
-6.5569353730163379336687290432905683701392263174057006835937500000e-04
-6.5985027663616560057724402810208630398847162723541259765625000000e-04
-6.6399245335664114960744219828825407603289932012557983398437500000e-04
-6.6812006601408094070421173071849807456601411104202270507812500000e-04
-6.7223311309222422409853647806698972999583929777145385742187500000e-04
-6.7633159301008446452618816380208954797126352787017822265625000000e-04
-6.8041550412410430146575857079938032256904989480972290039062500000e-04
-6.8448484473014094015691499706122158386278897523880004882812500000e-04
-6.8853961306535136233791805082660175685305148363113403320312500000e-04
-6.9257980731004078252949218708067746774759143590927124023437500000e-04
-6.9660542558958374586425277286139134957920759916305541992187500000e-04
-7.0061646597639986970562642198956382344476878643035888671875000000e-04
-7.0461292649205285905378293165313152712769806385040283203125000000e-04
-7.0859480510939787736846007248914247611537575721740722656250000000e-04
-7.1256209975479462004344100023445207625627517700195312500000000000e-04
-7.1651480831040538933135453092404532071668654680252075195312500000e-04
-7.2045292861646552211307703572629179689101874828338623046875000000e-04
-7.2437645847358417532796392990235290199052542448043823242187500000e-04
-7.2828539564502581260541091978666372597217559814453125000000000000e-04
-7.3217973785892501246280739124472347612027078866958618164062500000e-04
-7.3605948281049596391284461915915926510933786630630493164062500000e-04
-7.3992462816413440921531341487593635974917560815811157226562500000e-04
-7.4377517155544033145009308327644248493015766143798828125000000000e-04
-7.4761111059320529709931735240502348460722714662551879882812500000e-04
-7.5143244286127045331036278241754189366474747657775878906250000000e-04
-7.5523916592030147527242478489029053889680653810501098632812500000e-04
-7.5903127730951147188881433791607378225307911634445190429687500000e-04
-7.6280877454826983338070922613383118005003780126571655273437500000e-04
-7.6657165513763594368035203530098442570306360721588134765625000000e-04
-7.7031991656180257878328010434643147164024412631988525390625000000e-04
-7.7405355628946980774129915658932077349163591861724853515625000000e-04
-7.7777257177519081281918955639298474125098437070846557617187500000e-04
-7.8147696046059758005070117192758516466710716485977172851562500000e-04
-7.8516671977555936925985413665785017656162381172180175781250000000e-04
-7.8884184713930551383076483773493237094953656196594238281250000000e-04
-7.9250233996150875551839343202686904987785965204238891601562500000e-04
-7.9614819564329073354330690293068073515314608812332153320312500000e-04
-7.9977941157817792564715952963183553947601467370986938476562500000e-04
-8.0339598515302040101365710356162708194460719823837280273437500000e-04
-8.0699791374886080830980406020103146147448569536209106445312500000e-04
-8.1058519474178666701369433411628051544539630413055419921875000000e-04
-8.1415782550370784879240071418848856410477310419082641601562500000e-04
-8.1771580340313243257660547058662814379204064607620239257812500000e-04
-8.2125912580588455481900300725328634143806993961334228515625000000e-04
-8.2478779007579385365578339417425013380125164985656738281250000000e-04
-8.2830179357538458780746415399676152446772903203964233398437500000e-04
-8.3180113366649384865764149665778859343845397233963012695312500000e-04
-8.3528580771088088187392717287593768560327589511871337890625000000e-04
-8.3875581307081667654934609146266666357405483722686767578125000000e-04
-8.4221114710965393028441194900324262562207877635955810546875000000e-04
-8.4565180719234280416057858431599925097543746232986450195312500000e-04
-8.4907779068596012182063015316657583753112703561782836914062500000e-04
-8.5248909496018153951479856544892754754982888698577880859375000000e-04
-8.5588571738778602537162099039846907544415444135665893554687500000e-04
-8.5926765534508769712324083300813981622923165559768676757812500000e-04
-8.6263490621234640946812799455756248789839446544647216796875000000e-04
-8.6598746737422333582395728157621306309010833501815795898437500000e-04
-8.6932533622016282433275780050507819396443665027618408203125000000e-04
-8.7264851014476829075411368208392559608910232782363891601562500000e-04
-8.7595698654816304094816725722694172873161733150482177734375000000e-04
-8.7925076283636095959839185098871894297190010547637939453125000000e-04
-8.8252983642156314792598381657739992078859359025955200195312500000e-04
-8.8579420472252644400829035831179680826608091592788696289062500000e-04
-8.8904386516482796810889599470328903407789766788482666015625000000e-04
-8.9227881518118442021741953951163850433658808469772338867187500000e-04
-8.9549905221172454005545970900925567548256367444992065429687500000e-04
-8.9870457370424259354452223291787049674894660711288452148437500000e-04
-9.0189537711448579480194576163398778589908033609390258789062500000e-04
-9.0507145990637895283104086274761357344686985015869140625000000000e-04
-9.0823281955226527282359905157704815792385488748550415039062500000e-04
-9.1137945353310552409897837833341327495872974395751953125000000000e-04
-9.1451135933873347813594101296530425315722823143005371093750000000e-04
-9.1762853446802883881916468311601420282386243343353271484375000000e-04
-9.2073097642910426731399642363840030157007277011871337890625000000e-04
-9.2381868273950910365466260287803379469551146030426025390625000000e-04
-9.2689165092639102128818651138431050640065222978591918945312500000e-04
-9.2994987852665670583635071366757074429187923669815063476562500000e-04
-9.3299336308711952343158957390301111445296555757522583007812500000e-04
-9.3602210216466627101111752651263486768584698438644409179687500000e-04
-9.3903609332638012484328893236806834465824067592620849609375000000e-04
-9.4203533414966337221352343789249061956070363521575927734375000000e-04
-9.4501982222236838304674222399626160040497779846191406250000000000e-04
-9.4798955514290028385310238334682253480423241853713989257812500000e-04
-9.5094453052032071587590378314303052320610731840133666992187500000e-04
-9.5388474597445311112253740759570064255967736244201660156250000000e-04
-9.5681019913596650119241848742035472241695970296859741210937500000e-04
-9.5972088764644815882254302863429984427057206630706787109375000000e-04
-9.6261680915848090150238602902277307293843477964401245117187500000e-04
-9.6549796133571616670032700113779355888254940509796142578125000000e-04
-9.6836434185293591980769889460134436376392841339111328125000000000e-04
-9.7121594839609916641198772424559138016775250434875488281250000000e-04
-9.7405277866237957411221781711674339021556079387664794921875000000e-04
-9.7687483036021849000518635364187503000721335411071777343750000000e-04
-9.7968210120936744141062479940273988177068531513214111328125000000e-04
-9.8247458894090331470161370219784657820127904415130615234375000000e-04
-9.8525229129725459299715684124976178281940519809722900390625000000e-04
-9.8801520603223062962083833582482839119620621204376220703125000000e-04
-9.9076333091102034705821566262784472201019525527954101562500000000e-04
-9.9349666371021218627679338908365025417879223823547363281250000000e-04
-9.9621520221779410672602317333712562685832381248474121093750000000e-04
-9.9891894423315835682686270047270227223634719848632812500000000000e-04
-1.0016078875670945350778717752859847678337246179580688476562500000e-03
-1.0042820300417733270226250397172407247126102447509765625000000000e-03
-1.0069413694907569135905678336939672590233385562896728515625000000e-03
-1.0095859037589631924253241734845687460619956254959106445312500000e-03
-1.0122156307026722830977316647249608649872243404388427734375000000e-03
-1.0148305481894861947850250416536255215760320425033569335937500000e-03
-1.0174306540983010706952205381981002574320882558822631835937500000e-03
-1.0200159463193024175775569517554686171934008598327636718750000000e-03
-1.0225864227539312786147140954540191160049289464950561523437500000e-03
-1.0251420813148449853041688228927341697271913290023803710937500000e-03
-1.0276829199258872334782344282189114892389625310897827148437500000e-03
-1.0302089365220776749632047852855976088903844356536865234375000000e-03
-1.0327201290495501180555226738988494616933166980743408203125000000e-03
-1.0352164954655265066696401277113182004541158676147460937500000000e-03
-1.0376980337382757206554639850537569145672023296356201171875000000e-03
-1.0401647418470819170949193122055476123932749032974243164062500000e-03
-1.0426166177822076674280848962439449678640812635421752929687500000e-03
-1.0450536595448475536002108654543008015025407075881958007812500000e-03
-1.0474758651470845831343847720518169808201491832733154296875000000e-03
-1.0498832326118602651515709922591668146196752786636352539062500000e-03
-1.0522757599729292907198008322211535414680838584899902343750000000e-03
-1.0546534452748051059051137556821231555659323930740356445312500000e-03
-1.0570162865727393119302801594017182651441544294357299804687500000e-03
-1.0593642819326637687787906472181020944844931364059448242187500000e-03
-1.0616974294311576354488124707131646573543548583984375000000000000e-03
-1.0640157271553951114084757278988035977818071842193603515625000000e-03
-1.0663191732031135610520022893865643709432333707809448242187500000e-03
-1.0686077656825677603680269101005251286551356315612792968750000000e-03
-1.0708815027124815415227043757795399869792163372039794921875000000e-03
-1.0731403824220250246140873073841248697135597467422485351562500000e-03
-1.0753844029507398077222246612905109941493719816207885742187500000e-03
-1.0776135624485222701957054525223611562978476285934448242187500000e-03
-1.0798278590755942991930016461310515296645462512969970703125000000e-03
-1.0820272910024349849456015704163291957229375839233398437500000000e-03
-1.0842118564097353011072000228409706323873251676559448242187500000e-03
-1.0863815534883915995406633570041776692960411310195922851562500000e-03
-1.0885363804394435939537633117879522615112364292144775390625000000e-03
-1.0906763354740234023970701926486981392372399568557739257812500000e-03
-1.0928014168133414526357105600595787109341472387313842773437500000e-03
-1.0949116226886294531150944919772882713004946708679199218750000000e-03
-1.0970069513411098184596514926170129911042749881744384765625000000e-03
-1.0990874010219466635346341476520137803163379430770874023437500000e-03
-1.1011529699922137110618125532823796675074845552444458007812500000e-03
-1.1032036565228554771816993351762903330381959676742553710937500000e-03
-1.1052394588946497580583816500165994511917233467102050781250000000e-03
-1.1072603753981642617926217653234743920620530843734741210937500000e-03
-1.1092664043337119392923506566717151144985109567642211914062500000e-03
-1.1112575440113345043996462280233572528231889009475708007812500000e-03
-1.1132337927507430196116811060846885084174573421478271484375000000e-03
-1.1151951488812836352920720983661340142134577035903930664062500000e-03
-1.1171416107419107014570025526722929498646408319473266601562500000e-03
-1.1190731766811273534961701514589549333322793245315551757812500000e-03
-1.1209898450569668638954201611568350926972925662994384765625000000e-03
-1.1228916142369449373411560699764777382370084524154663085937500000e-03
-1.1247784825980284856977720053805569477844983339309692382812500000e-03
-1.1266504485265807673777249675595157896168529987335205078125000000e-03
-1.1285075104183347159680916860224897391162812709808349609375000000e-03
-1.1303496666783701719849464240041925222612917423248291015625000000e-03
-1.1321769157210358203169420221456675790250301361083984375000000000e-03
-1.1339892559699290240649016681118155247531831264495849609375000000e-03
-1.1357866858578750078601071749062612070702016353607177734375000000e-03
-1.1375692038268683109469847636319173034280538558959960937500000000e-03
-1.1393368083280270338514261752038692065980285406112670898437500000e-03
-1.1410894978215674680499525095456192502751946449279785156250000000e-03
-1.1428272707767507532228279387709335424005985260009765625000000000e-03
-1.1445501256718653131788654420120110444258898496627807617187500000e-03
-1.1462580609941663573742021142720659554470330476760864257812500000e-03
-1.1479510752398333801871377346515146200545132160186767578125000000e-03
-1.1496291669139395864168706751229365181643515825271606445312500000e-03
-1.1512923345304067884731225035466195549815893173217773437500000000e-03
-1.1529405766119802528857363199676910880953073501586914062500000000e-03
-1.1545738916901545408760787481128318177070468664169311523437500000e-03
-1.1561922783051544263988041905122372554615139961242675781250000000e-03
-1.1577957350058921785762588996249178308062255382537841796875000000e-03
-1.1593842603499207241646296040471497690305113792419433593750000000e-03
-1.1609578529034017720100724346821152721531689167022705078125000000e-03
-1.1625165112410383756735843263641072553582489490509033203125000000e-03
-1.1640602339460649587710161512177364784292876720428466796875000000e-03
-1.1655890196101844312470685594007591134868562221527099609375000000e-03
-1.1671028668335267728523030328346976602915674448013305664062500000e-03
-1.1686017742246182418014432968789151345845311880111694335937500000e-03
-1.1700857404003223941751921088894050626549869775772094726562500000e-03
-1.1715547639858103767807051553972996771335601806640625000000000000e-03
-1.1730088436145134390964361870146603905595839023590087890625000000e-03
-1.1744479779280845525152310315775139315519481897354125976562500000e-03
-1.1758721655763335750544129609806986991316080093383789062500000000e-03
-1.1772814052172129398871058825193358643446117639541625976562500000e-03
-1.1786756955167651799570860404742234095465391874313354492187500000e-03
-1.1800550351490713199553717061007773736491799354553222656250000000e-03
-1.1814194227962148808080966588818228046875447034835815429687500000e-03
-1.1827688571482322232170103504245162184815853834152221679687500000e-03
-1.1841033369030884783712487262619106331840157508850097656250000000e-03
-1.1854228607666031716783017202487826580181717872619628906250000000e-03
-1.1867274274524291892418670357756127486936748027801513671875000000e-03
-1.1880170356820068076897367603805832914076745510101318359375000000e-03
-1.1892916841845125198312560499402934510726481676101684570312500000e-03
-1.1905513716968310622412730026553617790341377258300781250000000000e-03
-1.1917960969635001209493418983242918329779058694839477539062500000e-03
-1.1930258587366576392141404028279794147238135337829589843750000000e-03
-1.1942406557760229524056683203525608405470848083496093750000000000e-03
-1.1954404868488488662692237340934298117645084857940673828125000000e-03
-1.1966253507298594237207023383007253869436681270599365234375000000e-03
-1.1977952462012316902500996818048406566958874464035034179687500000e-03
-1.1989501720525404596107144072902883635833859443664550781250000000e-03
-1.2000901270807092478809519064952837652526795864105224609375000000e-03
-1.2012151100899873083782676275177436764352023601531982421875000000e-03
-1.2023251198918986741570602561068881186656653881072998046875000000e-03
-1.2034201553052003078048137751920876326039433479309082031250000000e-03
-1.2045002151558367817912875707975217665079981088638305664062500000e-03
-1.2055652982769034155946519248914228228386491537094116210937500000e-03
-1.2066154035086137496363134502530556346755474805831909179687500000e-03
-1.2076505296982383962783869080226395453792065382003784179687500000e-03
-1.2086706757000716463967826541647809790447354316711425781250000000e-03
-1.2096758403754156400294883511037369316909462213516235351562500000e-03
-1.2106660225925051227457984737156948540359735488891601562500000000e-03
-1.2116412212264786058685261949108280532527714967727661132812500000e-03
-1.2126014351593532129836017219304267200641334056854248046875000000e-03
-1.2135466632799702529910135240243107546120882034301757812500000000e-03
-1.2144769044839600919544198021071679249871522188186645507812500000e-03
-1.2153921576736935808438211381599103333428502082824707031250000000e-03
-1.2162924217582642746199317329569566936697810888290405273437500000e-03
-1.2171776956534337884446861366427583561744540929794311523437500000e-03
-1.2180479782816031747438856314147415105253458023071289062500000000e-03
-1.2189032685717673867159538403370788728352636098861694335937500000e-03
-1.2197435654594699586811268332553481741342693567276000976562500000e-03
-1.2205688678867824062401759022122860187664628028869628906250000000e-03
-1.2213791748022597739853356557659935788251459598541259765625000000e-03
-1.2221744851609048568286119973436143482103943824768066406250000000e-03
-1.2229547979241270003192276760728418594226241111755371093750000000e-03
-1.2237201120597091408975787274471258569974452257156372070312500000e-03
-1.2244704265417720272235424516793500515632331371307373046875000000e-03
-1.2252057403507375741430474036519626679364591836929321289062500000e-03
-1.2259260524732850609203049785378425440285354852676391601562500000e-03
-1.2266313619023257609069732509965433564502745866775512695312500000e-03
-1.2273216676369734512430653694536886177957057952880859375000000000e-03
-1.2279969686824958405996222055023281427565962076187133789062500000e-03
-1.2286572640502735863365924018353325664065778255462646484375000000e-03
-1.2293025527577827304276381070735624234657734632492065429687500000e-03
-1.2299328338285623902353949077337347262073308229446411132812500000e-03
-1.2305481062921583799985025819978545769117772579193115234375000000e-03
-1.2311483691841099835651007765591202769428491592407226562500000000e-03
-1.2317336215459068031463640835454498301260173320770263671875000000e-03
-1.2323038624249566669321964695882343221455812454223632812500000000e-03
-1.2328590908745548377495326874964121088851243257522583007812500000e-03
-1.2333993059538462828267357807021653570700436830520629882812500000e-03
-1.2339245067277990024201539398518434609286487102508544921875000000e-03
-1.2344346922671600112059175913259423396084457635879516601562500000e-03
-1.2349298616484334373960551900495374866295605897903442382812500000e-03
-1.2354100139538581881737400181009434163570404052734375000000000000e-03
-1.2358751482713491859355414703713904600590467453002929687500000000e-03
-1.2363252636944696127158094256515141751151531934738159179687500000e-03
-1.2367603593224311270271087437322421465069055557250976562500000000e-03
-1.2371804342600301127724771177440743485931307077407836914062500000e-03
-1.2375854876176184057867679655373649438843131065368652343750000000e-03
-1.2379755185110920181340565804362086055334657430648803710937500000e-03
-1.2383505260618429995311817748415705864317715167999267578125000000e-03
-1.2387105093967301638890887716115685179829597473144531250000000000e-03
-1.2390554676480569715885104997710186580661684274673461914062500000e-03
-1.2393853999535368350104480583695476525463163852691650390625000000e-03
-1.2397003054562608093114306484494591131806373596191406250000000000e-03
-1.2400001833046639821561685224082793865818530321121215820312500000e-03
-1.2402850326525037896741032739100774051621556282043457031250000000e-03
-1.2405548526588298756390127408621992799453437328338623046875000000e-03
-1.2408096424879511317229674460804744740016758441925048828125000000e-03
-1.2410494013094001356650730727437803579960018396377563476562500000e-03
-1.2412741282979140693132347195160036790184676647186279296875000000e-03
-1.2414838226334017588781133412112467340193688869476318359375000000e-03
-1.2416784835009187382831585821918451983947306871414184570312500000e-03
-1.2418581100906334220568272286300270934589207172393798828125000000e-03
-1.2420227015977930613843671636686849524267017841339111328125000000e-03
-1.2421722572227057463517541080477712966967374086380004882812500000e-03
-1.2423067761707113493274690085854672361165285110473632812500000000e-03
-1.2424262576521459631312405136327470245305448770523071289062500000e-03
-1.2425307008823173980649468006731694913469254970550537109375000000e-03
-1.2426201050814806789435174039226694731041789054870605468750000000e-03
-1.2426944694748059527106276433983111928682774305343627929687500000e-03
-1.2427537932923576717569869032331553171388804912567138671875000000e-03
-1.2427980757690544784399566680122006800957024097442626953125000000e-03
-1.2428273161446468705187973213810437300708144903182983398437500000e-03
-1.2428415136637002876007773721767080132849514484405517578125000000e-03
-1.2428406675755599829907849240839823323767632246017456054687500000e-03
-1.2428247771343165460622426365944193094037473201751708984375000000e-03
-1.2427938415987928918310378989531272964086383581161499023437500000e-03
-1.2427478602325119517307827621266369533259421586990356445312500000e-03
-1.2426868323036676169945913272840698482468724250793457031250000000e-03
-1.2426107570851011030477195618004770949482917785644531250000000000e-03
-1.2425196338542749286554256471504231740254908800125122070312500000e-03
-1.2424134618932419077408368934811733197420835494995117187500000000e-03
-1.2422922404886327894801834048621458350680768489837646484375000000e-03
-1.2421559689316128902158986591075517935678362846374511718750000000e-03
-1.2420046465178649630622942368063377216458320617675781250000000000e-03
-1.2418382725475670801812411170317318465095013380050659179687500000e-03
-1.2416568463253601067169951122082238725852221250534057617187500000e-03
-1.2414603671603284019975266261326396488584578037261962890625000000e-03
-1.2412488343659666429480425975384605408180505037307739257812500000e-03
-1.2410222472601676810266546624461625469848513603210449218750000000e-03
-1.2407806051651887151165976064248752663843333721160888671875000000e-03
-1.2405239074076200665036617820646824839059263467788696289062500000e-03
-1.2402521533183747705353372481340556987561285495758056640625000000e-03
-1.2399653422326588694812876667583623202517628669738769531250000000e-03
-1.2396634734899393201490447324886190472170710563659667968750000000e-03
-1.2393465464339331518622833172571517934557050466537475585937500000e-03
-1.2390145604125745067147779110428018611855804920196533203125000000e-03
-1.2386675147779862334734835016547549457754939794540405273437500000e-03
-1.2383054088864722981633281762015030835755169391632080078125000000e-03
-1.2379282420984759338633551806196919642388820648193359375000000000e-03
-1.2375360137785625103123976487040636129677295684814453125000000000e-03
-1.2371287232954093424086572383657767204567790031433105468750000000e-03
-1.2367063700217605873993287346479519328568130731582641601562500000e-03
-1.2362689533344142344545302236724637623410671949386596679687500000e-03
-1.2358164726141980353790739144415056216530501842498779296875000000e-03
-1.2353489272459567110268308098852685361634939908981323242187500000e-03
-1.2348663166185057642881828243730524263810366392135620117187500000e-03
-1.2343686401246293116856778127043980930466204881668090820312500000e-03
-1.2338558971610531951601519295991238323040306568145751953125000000e-03
-1.2333280871284085528777341167483427852857857942581176757812500000e-03
-1.2327852094312381076024465187401801813393831253051757812500000000e-03
-1.2322272634779389208214972484256577445194125175476074218750000000e-03
-1.2316542486807647779900598550284485099837183952331542968750000000e-03
-1.2310661644558006013600026662402342481072992086410522460937500000e-03
-1.2304630102229301407551487201885720423888415098190307617187500000e-03
-1.2298447854058216621025989567783653910737484693527221679687500000e-03
-1.2292114894319090823149309699147124774754047393798828125000000000e-03
-1.2285631217323668157997973438000371970701962709426879882812500000e-03
-1.2278996817420828862460480124241257726680487394332885742187500000e-03
-1.2272211688996463498785294277126922679599374532699584960937500000e-03
-1.2265275826473247440528968610351512324996292591094970703125000000e-03
-1.2258189224310356811586952829884467064402997493743896484375000000e-03
-1.2250951877003318866293790634358629176858812570571899414062500000e-03
-1.2243563779083827675053797179316461551934480667114257812500000000e-03
-1.2236024925119410190071933541844373394269496202468872070312500000e-03
-1.2228335309713439255779876546625928313005715608596801757812500000e-03
-1.2220494927504782327332133462505225907079875469207763671875000000e-03
-1.2212503773167463199528226525103491439949721097946166992187500000e-03
-1.2204361841410753079795181719191532465629279613494873046875000000e-03
-1.2196069126978780275405433997093496145680546760559082031250000000e-03
-1.2187625624650337205490124858897615922614932060241699218750000000e-03
-1.2179031329238804506887028367145830998197197914123535156250000000e-03
-1.2170286235591827941893150466512452112510800361633300781250000000e-03
-1.2161390338591090715808507027873019978869706392288208007812500000e-03
-1.2152343633152185541079770558781092404387891292572021484375000000e-03
-1.2143146114224478027826537029909559350926429033279418945312500000e-03
-1.2133797776790876832980758948110633355099707841873168945312500000e-03
-1.2124298615867540925700174270218667516019195318222045898437500000e-03
-1.2114648626503727799064158432429394451901316642761230468750000000e-03
-1.2104847803781689386665165741874261584598571062088012695312500000e-03
-1.2094896142816431369726437594636081485077738761901855468750000000e-03
-1.2084793638755481157837090577800154278520494699478149414062500000e-03
-1.2074540286778759953095763179931054764892905950546264648437500000e-03
-1.2064136082098344225632668980097150779329240322113037109375000000e-03
-1.2053581019958335609348898387338522297795861959457397460937500000e-03
-1.2042875095634648398290611481797895976342260837554931640625000000e-03
-1.2032018304434771022171091203745163511484861373901367187500000000e-03
-1.2021010641697653289344804861116244865115731954574584960937500000e-03
-1.2009852102793522072438081593759306997526437044143676757812500000e-03
-1.1998542683123701330788479779698718630243092775344848632812500000e-03
-1.1987082378120373585966840224159568606410175561904907226562500000e-03
-1.1975471183246462827942657725088793085888028144836425781250000000e-03
-1.1963709093995424179862618885294978099409490823745727539062500000e-03
-1.1951796105891092109746454141827598505187779664993286132812500000e-03
-1.1939732214487513463352374998294180841185152530670166015625000000e-03
-1.1927517415368648224377468025636517268139868974685668945312500000e-03
-1.1915151704148397703714179485245949763339012861251831054687500000e-03
-1.1902635076470339994120228865881472302135080099105834960937500000e-03
-1.1889967528007443740845072710499152890406548976898193359375000000e-03
-1.1877149054462063804821214674234397534746676683425903320312500000e-03
-1.1864179651565763453507917901674773020204156637191772460937500000e-03
-1.1851059315078999942261184230574144748970866203308105468750000000e-03
-1.1837788040791104998694649452772864606231451034545898437500000000e-03
-1.1824365824520026782562531764142477186396718025207519531250000000e-03
-1.1810792662112182434264173735982694779522716999053955078125000000e-03
-1.1797068549442367001861553532648940745275467634201049804687500000e-03
-1.1783193482413510579792648158559131843503564596176147460937500000e-03
-1.1769167456956513510141215661519709101412445306777954101562500000e-03
-1.1754990469030094594332647162104876770172268152236938476562500000e-03
-1.1740662514620654483660233680097917385865002870559692382812500000e-03
-1.1726183589742152080237502786985714919865131378173828125000000000e-03
-1.1711553690435798791985577693708364677149802446365356445312500000e-03
-1.1696772812770045522207107424605965206865221261978149414062500000e-03
-1.1681840952840424376069083933771253214217722415924072265625000000e-03
-1.1666758106769262431229305931879025592934340238571166992187500000e-03
-1.1651524270705588496449545132804814784321933984756469726562500000e-03
-1.1636139440825107090743406601518472598399966955184936523437500000e-03
-1.1620603613329873182724583102753967978060245513916015625000000000e-03
-1.1604916784448138233898362159379757940769195556640625000000000000e-03
-1.1589078950434328514618176342310107429511845111846923828125000000e-03
-1.1573090107568854284503245821724704001098871231079101562500000000e-03
-1.1556950252157866931151941614075440156739205121994018554687500000e-03
-1.1540659380533150549924537031643012596759945154190063476562500000e-03
-1.1524217489052074239047618320341825892683118581771850585937500000e-03
-1.1507624574097325385879653225629226653836667537689208984375000000e-03
-1.1490880632076790404672017587017762707546353340148925781250000000e-03
-1.1473985659423444147947401816622914338950067758560180664062500000e-03
-1.1456939652595169928939178305427049053832888603210449218750000000e-03
-1.1439742608074635922543738075773944729007780551910400390625000000e-03
-1.1422394522369117356164203158641612390056252479553222656250000000e-03
-1.1404895392010375079067108217145687376614660024642944335937500000e-03
-1.1387245213554577499825981590220180805772542953491210937500000000e-03
-1.1369443983582072903865123336686338006984442472457885742187500000e-03
-1.1351491698697233328346767322614141448866575956344604492187500000e-03
-1.1333388355528402520466801917109478381462395191192626953125000000e-03
-1.1315133950727702949468067572524887509644031524658203125000000000e-03
-1.1296728480970886186740553824847665964625775814056396484375000000e-03
-1.1278171942957283032521464960495904961135238409042358398437500000e-03
-1.1259464333409538970565133553236591978929936885833740234375000000e-03
-1.1240605649073557789630051217955042375251650810241699218750000000e-03
-1.1221595886718360637196445495078478415962308645248413085937500000e-03
-1.1202435043135947241588201706008476321585476398468017578125000000e-03
-1.1183123115141161470903474750571149343159049749374389648437500000e-03
-1.1163660099571565565562680788502802897710353136062622070312500000e-03
-1.1144045993287277507982624413784833450336009263992309570312500000e-03
-1.1124280793170860433954905133191459754016250371932983398437500000e-03
-1.1104364496127222886046048699881794163957238197326660156250000000e-03
-1.1084297099083460520080324229752477549482136964797973632812500000e-03
-1.1064078598988726000879045940905598399695008993148803710937500000e-03
-1.1043708992814103234808564835134347958955913782119750976562500000e-03
-1.1023188277552470760306535524364335287827998399734497070312500000e-03
-1.1002516450218436695751567100387546815909445285797119140625000000e-03
-1.0981693507848098046580931352877996687311679124832153320312500000e-03
-1.0960719447499040705290562769391726760659366846084594726562500000e-03
-1.0939594266250146463448356115577553282491862773895263671875000000e-03
-1.0918317961201430381368293609511965769343078136444091796875000000e-03
-1.0896890529474045124919134863716863037552684545516967773437500000e-03
-1.0875311968210066293494264755281619727611541748046875000000000000e-03
-1.0853582274572357978942305223313269380014389753341674804687500000e-03
-1.0831701445744509881841111109679332002997398376464843750000000000e-03
-1.0809669478930670344363207391324976924806833267211914062500000000e-03
-1.0787486371355476961336750107989246316719800233840942382812500000e-03
-1.0765152120263909128750068333602030179463326930999755859375000000e-03
-1.0742666722921140592256206147681041329633444547653198242187500000e-03
-1.0720030176612487405468643331118983041960746049880981445312500000e-03
-1.0697242478643238794422387627491843886673450469970703125000000000e-03
-1.0674303626338609452678385380863801401574164628982543945312500000e-03
-1.0651213617043501016845574724811740452423691749572753906250000000e-03
-1.0627972448122484719346125814354309113696217536926269531250000000e-03
-1.0604580116959734167880746724677010206505656242370605468750000000e-03
-1.0581036620958778147333356756121247599367052316665649414062500000e-03
-1.0557341957542448578066807129971493850462138652801513671875000000e-03
-1.0533496124152824137409911742224721820093691349029541015625000000e-03
-1.0509499118251061124118539424898699508048593997955322265625000000e-03
-1.0485350937317272027732295569535381218884140253067016601562500000e-03
-1.0461051578850447466018103170881659025326371192932128906250000000e-03
-1.0436601040368326080709504566357281873933970928192138671875000000e-03
-1.0411999319407353337824106986886363301891833543777465820312500000e-03
-1.0387246413522451676803015629957371857017278671264648437500000000e-03
-1.0362342320287005331680418862561054993420839309692382812500000000e-03
-1.0337287037292754079270684641755906341131776571273803710937500000e-03
-1.0312080562149619766820762833958724513649940490722656250000000000e-03
-1.0286722892485673785945010649811592884361743927001953125000000000e-03
-1.0261214025947006968364494383649798692204058170318603515625000000e-03
-1.0235553960197601650050636123978620162233710289001464843750000000e-03
-1.0209742692919257945477484739171813998837023973464965820312500000e-03
-1.0183780221811472316978397500975006551016122102737426757812500000e-03
-1.0157666544591366017402656041213049320504069328308105468750000000e-03
-1.0131401658993552817450423120249070052523165941238403320312500000e-03
-1.0104985562770050101094598815620884124655276536941528320312500000e-03
-1.0078418253690161771746192087562121741939336061477661132812500000e-03
-1.0051699729540417536932661590753923519514501094818115234375000000e-03
-1.0024829988124434130419837529757387528661638498306274414062500000e-03
-9.9978090272628155656120529926056406111456453800201416015625000000e-04
-9.9706368447931184410826244146619501407258212566375732421875000000e-04
-9.9433134385696871418436337819457548903301358222961425781250000000e-04
-9.9158388064635454191286800806892642867751419544219970703125000000e-04
-9.8882129463623855483711544422931183362379670143127441406250000000e-04
-9.8604358561703861832392625785814743721857666969299316406250000000e-04
-9.8325075338081473035056756515359666082076728343963623046875000000e-04
-9.8044279772126316681302160560562697355635464191436767578125000000e-04
-9.7761971843370282057861242464014139841310679912567138671875000000e-04
-9.7478151531506587734732249828084604814648628234863281250000000000e-04
-9.7192818816388870835354385491200446267612278461456298828125000000e-04
-9.6905973678030525673282591370139016362372785806655883789062500000e-04
-9.6617616096603673760123687230816358351148664951324462890625000000e-04
-9.6327746052438068761342160328808859048876911401748657226562500000e-04
-9.6036363526020272502609076425983403169084340333938598632812500000e-04
-9.5743468497993004448498588487836968852207064628601074218750000000e-04
-9.5449060949153992448185102048796579765621572732925415039062500000e-04
-9.5153140860454866849227339997696617501787841320037841796875000000e-04
-9.4855708213000726816699348376005218597128987312316894531250000000e-04
-9.4556762988049468127843555365075189911294728517532348632812500000e-04
-9.4256305167009842450182022233207135286647826433181762695312500000e-04
-9.3954334731441554919711967031048516219016164541244506835937500000e-04
-9.3650851663054158254689829377070964255835860967636108398437500000e-04
-9.3345855943706348024219154879688176151830703020095825195312500000e-04
-9.3039347555404639921600162821846424776595085859298706054687500000e-04
-9.2731326480302751769091429423497174866497516632080078125000000000e-04
-9.2421792700700909628519497118759318254888057708740234375000000000e-04
-9.2110746199044926229432261877150267537217587232589721679687500000e-04
-9.1798186957925442027578233350482150854077190160751342773437500000e-04
-9.1484114960076938580929573063826865109149366617202758789062500000e-04
-9.1168530188376816977835481736747169634327292442321777343750000000e-04
-9.0851432625845072576370453631966483953874558210372924804687500000e-04
-9.0532822255642863857466595689515997946728020906448364257812500000e-04
-9.0212699061072100428088083035049749014433473348617553710937500000e-04
-8.9891063025574705763753868836829497013241052627563476562500000000e-04
-8.9567914132731511322321749091202036652248352766036987304687500000e-04
-8.9243252366261660232793495595160493394359946250915527343750000000e-04
-8.8917077710021555619207545007043336227070540189743041992187500000e-04
-8.8589390148004719654356575730957956693600863218307495117187500000e-04
-8.8260189664340568411332599296770240471232682466506958007812500000e-04
-8.7929476243293284293267575435493199620395898818969726562500000000e-04
-8.7597249869261512456725116138045450497884303331375122070312500000e-04
-8.7263510526777786184549068337901189806871116161346435546875000000e-04
-8.6928258200507486051777927826833547442220151424407958984375000000e-04
-8.6591492875247820775602702880746619484852999448776245117187500000e-04
-8.6253214535927588690888967448699986562132835388183593750000000000e-04
-8.5913423167606212810243349053962447214871644973754882812500000000e-04
-8.5572118755472797568123466405154431413393467664718627929687500000e-04
-8.5229301284845901138381707440316858992446213960647583007812500000e-04
-8.4884970741172288601766870996812031080480664968490600585937500000e-04
-8.4539127110026476581011722899461346969474107027053833007812500000e-04
-8.4191770377109963457290531252397158823441714048385620117187500000e-04
-8.3842900528250372850502802890559905790723860263824462890625000000e-04
-8.3492517549401128358621537728367911768145859241485595703125000000e-04
-8.3140621426640315145412118980061677575577050447463989257812500000e-04
-8.2787212146170332995737117798284998571034520864486694335937500000e-04
-8.2432289694316844639448982334783977421466261148452758789062500000e-04
-8.2075854057528016809869297887303218885790556669235229492187500000e-04
-8.1717905222374812978375357985783011827152222394943237304687500000e-04
-8.1358443175548911686228992223846034903544932603836059570312500000e-04
-8.0997467903862869174902439084462457685731351375579833984375000000e-04
-8.0634979394249555600948653477644256781786680221557617187500000000e-04
-8.0270977633760593784872927614060245105065405368804931640625000000e-04
-7.9905462609566771207958435496720994706265628337860107421875000000e-04
-7.9538434308956771495724424880791048053652048110961914062500000000e-04
-7.9169892719336675684926873941549274604767560958862304687500000000e-04
-7.8799837828229116545863952580930344993248581886291503906250000000e-04
-7.8428269623272855743528753080795468122232705354690551757812500000e-04
-7.8055188092222133316305798800271986692678183317184448242187500000e-04
-7.7680593222945995470624103163004292582627385854721069335937500000e-04
-7.7304485003427459745284355818739641108550131320953369140625000000e-04
-7.6926863421763059646546478731465867895167320966720581054687500000e-04
-7.6547728466162291705021658572150045074522495269775390625000000000e-04
-7.6167080124946975796390580271122416888829320669174194335937500000e-04
-7.5784918386550398621687163469573533802758902311325073242187500000e-04
-7.5401243239516782448234044622381588851567357778549194335937500000e-04
-7.5016054672500959848990831346782215405255556106567382812500000000e-04
-7.4629352674267397920598865468377880461048334836959838867187500000e-04
-7.4241137233689829654642577949630322109442204236984252929687500000e-04
-7.3851408339750700994541521282599205733276903629302978515625000000e-04
-7.3460165981539989055182360289109055884182453155517578125000000000e-04
-7.3067410148255462331440268641813418071251362562179565429687500000e-04
-7.2673140829201704916223691910204252053517848253250122070312500000e-04
-7.2277358013789390085018782272641146846581250429153442382812500000e-04
-7.1880061691534749036824880619178657070733606815338134765625000000e-04
-7.1481251852059256475524495755280440789647400379180908203125000000e-04
-7.1080928485088828300275665128538093995302915573120117187500000000e-04
-7.0679091580453149400165013815922065987251698970794677734375000000e-04
-7.0275741128085521865903606553160898329224437475204467773437500000e-04
-6.9870877118021921733936885345883638365194201469421386718750000000e-04
-6.9464499540400489411423601282535855716560035943984985351562500000e-04
-6.9056608385461215257605793738093780120834708213806152343750000000e-04
-6.8647203643545148116222875955827475991100072860717773437500000000e-04
-6.8236285305093777320273318309773458167910575866699218750000000000e-04
-6.7823853360648956797862574319424311397597193717956542968750000000e-04
-6.7409907800851842554074044855383363028522580862045288085937500000e-04
-6.6994448616442719198621480458655241818632930517196655273437500000e-04
-6.6577475798260219320284791777453392569441348314285278320312500000e-04
-6.6158989337240878964019330510382133070379495620727539062500000000e-04
-6.5738989224418682266043445494574370968621224164962768554687500000e-04
-6.5317475450924584404882589083740640489850193262100219726562500000e-04
-6.4894448007985893606131000410641718190163373947143554687500000000e-04
-6.4469906886925620621148214084428218484390527009963989257812500000e-04
-6.4043852079162305254711462509931152453646063804626464843750000000e-04
-6.3616283576209246581473211179513782553840428590774536132812500000e-04
-6.3187201369674199369352862731830100528895854949951171875000000000e-04
-6.2756605451258831978450514199607823684345930814743041992187500000e-04
-6.2324495812757826473243794040968168701510876417160034179687500000e-04
-6.1890872446059084621000634385268313053529709577560424804687500000e-04
-6.1455735343142860530041282629554189043119549751281738281250000000e-04
-6.1019084496081294442804132671653860597871243953704833984375000000e-04
-6.0580919897037816424650857882738819171208888292312622070312500000e-04
-6.0141241538267016259605712846791902848053723573684692382812500000e-04
-5.9700049412113927876921692927680851425975561141967773437500000000e-04
-5.9257343511013573986168090357296023285016417503356933593750000000e-04
-5.8813123827490521554339775178732452332042157649993896484375000000e-04
-5.8367390354158458967009925899560585094150155782699584960937500000e-04
-5.7920143083719805715547934710230038035660982131958007812500000000e-04
-5.7471382008965018507729016761231832788325846195220947265625000000e-04
-5.7021107122772417795386612482388954958878457546234130859375000000e-04
-5.6569318418107569779174070845328969880938529968261718750000000000e-04
-5.6116015888022874411739104871799099782947450876235961914062500000e-04
-5.5661199525657142558876522286936960881575942039489746093750000000e-04
-5.5204869324235314106963379288117721443995833396911621093750000000e-04
-5.4747025277067655653351341271672936272807419300079345703125000000e-04
-5.4287667377549543665932185732003745215479284524917602539062500000e-04
-5.3826795619161117538442606900161990779452025890350341796875000000e-04
-5.3364409995466845909595221542076615151017904281616210937500000000e-04
-5.2900510500114897825818527365981935872696340084075927734375000000e-04
-5.2435097126836828322626882226131783681921660900115966796875000000e-04
-5.1968169869447231479925308761380620126146823167800903320312500000e-04
-5.1499728721843306741140500193409934581723064184188842773437500000e-04
-5.1029773678004305970112852719466900452971458435058593750000000000e-04
-5.0558304731991349136727142976610593905206769704818725585937500000e-04
-5.0085321877946697901456962753741208871360868215560913085937500000e-04
-4.9610825110093723089299544426467036828398704528808593750000000000e-04
-4.9134814422736167432298470814089341729413717985153198242187500000e-04
-4.8657289810257874519000553803493858140427619218826293945312500000e-04
-4.8178251267122539427956162683130969526246190071105957031250000000e-04
-4.7697698787872976891252796427522753219818696379661560058593750000e-04
-4.7215632367130947822167486016553539229789748787879943847656250000e-04
-4.6732051999596644319134863820863756700418889522552490234375000000e-04
-4.6246957680048440299247491935830112197436392307281494140625000000e-04
-4.5760349403342240976952370878905185236362740397453308105468750000e-04
-4.5272227164411390706866278321740537649020552635192871093750000000e-04
-4.4782590958265854411135542534339037956669926643371582031250000000e-04
-4.4291440779992325999653290935498262115288525819778442382812500000e-04
-4.3798776624753388113375773826874137739650905132293701171875000000e-04
-4.3304598487787235652768380589350272202864289283752441406250000000e-04
-4.2808906364407372201197343741796430549584329128265380859375000000e-04
-4.2311700250002149239006432601684082328574731945991516113281250000e-04
-4.1812980140034218621419848105347227829042822122573852539062500000e-04
-4.1312746030040391632259799692405977111775428056716918945312500000e-04
-4.0810997915630880042425765452662744792178273200988769531250000000e-04
-4.0307735792489182268666381148136679257731884717941284179687500000e-04
-3.9802959656371508746428022895713638718007132411003112792968750000e-04
-3.9296669503106353669996675392894758260808885097503662109375000000e-04
-3.8788865328594012522531175868323316535679623484611511230468750000e-04
-3.8279547128806473655845965531341335008619353175163269042968750000e-04
-3.7768714899786491297553614465698501589940860867500305175781250000e-04
-3.7256368637647504235901885216719620075309649109840393066406250000e-04
-3.6742508338573050350600590618910246121231466531753540039062500000e-04
-3.6227133998816392563072086296926954673836007714271545410156250000e-04
-3.5710245614699922525256403638138635869836434721946716308593750000e-04
-3.5191843182614819095926916858729782688897103071212768554687500000e-04
-3.4671926699020620080832211229449058009777218103408813476562500000e-04
-3.4150496160444642184533803330737100623082369565963745117187500000e-04
-3.3627551563481471435385072865642541728448122739791870117187500000e-04
-3.3103092904792599977803480015836612437851727008819580078125000000e-04
-3.2577120181105986970390708812317370757227763533592224121093750000e-04
-3.2049633389215272539357615144695046183187514543533325195312500000e-04
-3.1520632525979571780111454515349578286986798048019409179687500000e-04
-3.0990117588322764604832904034026341832941398024559020996093750000e-04
-3.0458088573233192165867766476594624691642820835113525390625000000e-04
-2.9924545477762908756227955286988162697525694966316223144531250000e-04
-2.9389488299027231865689913092865026555955410003662109375000000000e-04
-2.8852917034204135027578019823124577669659629464149475097656250000e-04
-2.8314831680533982189232333759321136312792077660560607910156250000e-04
-2.7775232235318671192292327987161115743219852447509765625000000000e-04
-2.7234118695921162144751859202074228960555046796798706054687500000e-04
-2.6691491059764891951786025536819124681642279028892517089843750000e-04
-2.6147349324333503265208045185374885477358475327491760253906250000e-04
-2.5601693487169879543535744303994761139620095491409301757812500000e-04
-2.5054523545875857738415848352531156706390902400016784667968750000e-04
-2.4505839498111621141407390211952588288113474845886230468750000000e-04
-2.3955641341595360570802808464208055738708935678005218505859375000e-04
-2.3403929074102450377976858408857196991448290646076202392578125000e-04
-2.2850702693465242448973839817227826642920263111591339111328125000e-04
-2.2295962197572743654361282494846818735823035240173339843750000000e-04
-2.1739707584369973459442748620062957343179732561111450195312500000e-04
-2.1181938851857860925051446621125705860322341322898864746093750000e-04
-2.0622655998092998051555990723926470309379510581493377685546875000e-04
-2.0061859021187726515034199792353319935500621795654296875000000000e-04
-1.9499547919309863906224544738421400325023569166660308837890625000e-04
-1.8935722690683096753813674517630261107115074992179870605468750000e-04
-1.8370383333587286811550143283966463059186935424804687500000000000e-04
-1.7803529846359295051895499373273423771024681627750396728515625000e-04
-1.7235162227393510214583371986662996278028003871440887451171875000e-04
-1.6665280475143250137927408704996423693955875933170318603515625000e-04
-1.6093884588122209168721543637303739160415716469287872314453125000e-04
-1.5520974564906583198498069009474420454353094100952148437500000000e-04
-1.4946550404137224515345450104319979800493456423282623291015625000e-04
-1.4370612104522764306165083514343905335408635437488555908203125000e-04
-1.3793159664843049577558076190797464732895605266094207763671875000e-04
-1.3214193083953572121699848729292625648668035864830017089843750000e-04
-1.2633712360790030296980868129708142078015953302383422851562500000e-04
-1.2051717494374163390947335416925056961190421134233474731445312500e-04
-1.1468208483820029150879876711499605335120577365159988403320312500e-04
-1.0883185328341322148457820384592764639819506555795669555664062500e-04
-1.0296648027258824959189603687192970937758218497037887573242187500e-04
-9.7085965800088540973364348296570369711844250559806823730468750000e-05
-9.1190309861516530959800463929099123561172746121883392333984375000e-05
-8.5279512453799699014597712753982250433182343840599060058593750000e-05
-7.9353573575257287824914753660010546809644438326358795166015625000e-05
-7.3412493225526360713512064037900017865467816591262817382812500000e-05
-6.7456271402801585537929718316974003755603916943073272705078125000e-05
-6.1484908134248637064274423114085266206529922783374786376953125000e-05
-5.5498403517434353798484791830958329228451475501060485839843750000e-05
-4.9496757413395974086953166271030113421147689223289489746093750000e-05
