-7.9466108449927644330479381551413098350167274475097656250000000000e-02
-6.7133174814197352220368486541701713576912879943847656250000000000e-02
-6.0255386751905060105372058387729339301586151123046875000000000000e-02
-5.5302669349742344939713234452938195317983627319335937500000000000e-02
-5.1590790308009018549917357177037047222256660461425781250000000000e-02
-4.8717616404471281166266294349043164402246475219726562500000000000e-02
-4.6433984611554700305813270233556977473199367523193359375000000000e-02
-4.4578576594037550018256865769217256456613540649414062500000000000e-02
-4.3043021306463244424200809135072631761431694030761718750000000000e-02
-4.1752179417086726642693861322186421602964401245117187500000000000e-02
-4.0652509964688984811509442351962206885218620300292968750000000000e-02
-3.9704937712757709666888672472850885242223739624023437500000000000e-02
-3.8880336580390501000081826532550621777772903442382812500000000000e-02
-3.8156585213070172424298931446173810400068759918212890625000000000e-02
-3.7516310280094292139985157064074883237481117248535156250000000000e-02
-3.6945173233303742199584718264304683543741703033447265625000000000e-02
-3.6432216584564899863885045760980574414134025573730468750000000000e-02
-3.5969396769929010138078240288450615480542182922363281250000000000e-02
-3.5550070661119891057833086733808158896863460540771484375000000000e-02
-3.5168704659518552901875665384068270213901996612548828125000000000e-02
-3.4820652425289533304919586953474208712577819824218750000000000000e-02
-3.4501986451939456457260746446991106495261192321777343750000000000e-02
-3.4209365655011196583057397901939111761748790740966796875000000000e-02
-3.3939928912318263753977731767008663155138492584228515625000000000e-02
-3.3691212224573975630992350716041983105242252349853515625000000000e-02
-3.3461082361116348260487995958101237192749977111816406250000000000e-02
-3.3247683348280009096864517914582393132150173187255859375000000000e-02
-3.3049393010485469956982740313833346590399742126464843750000000000e-02
-3.2864787431736021405814796025879331864416599273681640625000000000e-02
-3.2692611706684047978566098890951252542436122894287109375000000000e-02
-3.2531755721023077054798733342977357096970081329345703125000000000e-02
-3.2381233981045767778006450043903896585106849670410156250000000000e-02
-3.2240168723998832711608031331707024946808815002441406250000000000e-02
-3.2107775702869628675628632663574535399675369262695312500000000000e-02
-3.1983352163874670393006738322583260014653205871582031250000000000e-02
-3.1866266631546923127071835324386483989655971527099609375000000000e-02
-3.1755950191693492479227955982423736713826656341552734375000000000e-02
-3.1651889021734970486310345449965097941458225250244140625000000000e-02
-3.1553617964726374256478891311417100951075553894042968750000000000e-02
-3.1460714980532530904433485829940764233469963073730468750000000000e-02
-3.1372796337366351537845332586584845557808876037597656250000000000e-02
-3.1289512430797056241615905491926241666078567504882812500000000000e-02
-3.1210544136609563725670568601344712078571319580078125000000000000e-02
-3.1135599619556843242751398292966769076883792877197265625000000000e-02
-3.1064411532824718481515802182002516929060220718383789062500000000e-02
-3.0996734553489290603378591981709178071469068527221679687500000000e-02
-3.0932343207847684540823252064001280814409255981445312500000000000e-02
-3.0871029947607812882193201176050934009253978729248046875000000000e-02
-3.0812603443834556821157022454826801549643278121948242187500000000e-02
-3.0756887070457740451789874214227893389761447906494140625000000000e-02
-3.0703717553242110271938258847512770444154739379882812500000000000e-02
-3.0652943763571187385519323242988320998847484588623046875000000000e-02
-3.0604425639295714661747283003023767378181219100952148437500000000e-02
-3.0558033217342767118296364969864953309297561645507812500000000000e-02
-3.0513645764851556052565939580745180137455463409423828125000000000e-02
-3.0471150997368870450010547301644692197442054748535156250000000000e-02
-3.0430444374140622199043093587533803656697273254394531250000000000e-02
-3.0391428461815722661398808668309357017278671264648437500000000000e-02
-3.0354012358982135344476205318642314523458480834960937500000000000e-02
-3.0318111174905671562074260805275116581469774246215820312500000000e-02
-3.0283645556663178755041343492848682217299938201904296875000000000e-02
-3.0250541259568535651380827289358421694487333297729492187500000000e-02
-3.0218728756422327808017769257276086136698722839355468750000000000e-02
-3.0188142881677162976394868110219249501824378967285156250000000000e-02
-3.0158722507118825018057606257571023888885974884033203125000000000e-02
-3.0130410246175614447095014725164219271391630172729492187500000000e-02
-3.0103152184506033056665685876396310050040483474731445312500000000e-02
-3.0076897635189128732413621492014499381184577941894531250000000000e-02
-3.0051598917816741557418325214712240267544984817504882812500000000e-02
-3.0027211162372724473357266106177121400833129882812500000000000000e-02
-3.0003692141695428169390069683686306234449148178100585937500000000e-02
-2.9981002141887581197154943879468191880732774734497070312500000000e-02
-2.9959103891119279877708336812247580382972955703735351562500000000e-02
-2.9937962589972805238502928659727331250905990600585937500000000000e-02
-2.9917546133817845416258407453824474941939115524291992187500000000e-02
-2.9897825718242003467661760396367753855884075164794921875000000000e-02
-2.9878777235963809716379202541247650515288114547729492187500000000e-02
-2.9860384350895351202037630855556926690042018890380859375000000000e-02
-2.9842645206363614673872319826841703616082668304443359375000000000e-02
-2.9825587152098865378890835131642234046012163162231445312500000000e-02
-2.9809299686838350990081281111088173929601907730102539062500000000e-02
-2.9808306976920308228873324196683824993669986724853515625000000000e-02
-2.9807583697787281423741134744886949192732572555541992187500000000e-02
-2.9806867255377005043737170808526570908725261688232421875000000000e-02
-2.9806157492943529535578406353124591987580060958862304687500000000e-02
-2.9805454278125000783239428869819676037877798080444335937500000000e-02
-2.9804757484553977969765625744003045838326215744018554687500000000e-02
-2.9804066990814146592692068793439830187708139419555664062500000000e-02
-2.9803382679918336700675141059946327004581689834594726562500000000e-02
-2.9802704438912468176692271981664816848933696746826171875000000000e-02
-2.9802032158568827341360574223472212906926870346069335937500000000e-02
-2.9801365733173445365933318385032180231064558029174804687500000000e-02
-2.9800705060408678309658014882188581395894289016723632812500000000e-02
-2.9800050041328476901902888585027540102601051330566406250000000000e-02
-2.9799400580411552347248616001706977840512990951538085937500000000e-02
-2.9798756585680916120217887055332539603114128112792968750000000000e-02
-2.9798117968875468403178174980894254986196756362915039062500000000e-02
-2.9797484645651572954250241309637203812599182128906250000000000000e-02
-2.9796856535791272496682680070989590603858232498168945312500000000e-02
-2.9796233563394735471829832818002614658325910568237304687500000000e-02
-2.9795615657037782808558290525979828089475631713867187500000000000e-02
-2.9795002749875447445315757022399338893592357635498046875000000000e-02
-2.9794394779672724038466213869469356723129749298095703125000000000e-02
-2.9793791688757835511847105181004735641181468963623046875000000000e-02
-2.9793193423895181909388796270832244772464036941528320312500000000e-02
-2.9792599936073551475379517228248005267232656478881835937500000000e-02
-2.9792011180218909427441786874624085612595081329345703125000000000e-02
-2.9791427114848521850998253057696274481713771820068359375000000000e-02
-2.9790847701674956493622659081665915437042713165283203125000000000e-02
-2.9790272905177522799746725468139629811048507690429687500000000000e-02
-2.9789702692163026048755014585367462132126092910766601562500000000e-02
-2.9789137031329990940031748891669849399477243423461914062500000000e-02
-2.9788575892853073889821047259829356335103511810302734375000000000e-02
-2.9788019247999106275948122402041917666792869567871093750000000000e-02
-2.9787467068787681911956610747438389807939529418945312500000000000e-02
-2.9786919327703137438945191206585150212049484252929687500000000000e-02
-2.9786375997456746023139828594139544293284416198730468750000000000e-02
-2.9785837050803398717846448562340810894966125488281250000000000000e-02
-2.9785302460412395320066281101389904506504535675048828125000000000e-02
-2.9784772198782810681549904074927326291799545288085937500000000000e-02
-2.9784246238199488243658663577662082388997077941894531250000000000e-02
-2.9783724550723783552896861692715901881456375122070312500000000000e-02
-2.9783207108212292335558402101014507934451103210449218750000000000e-02
-2.9782693882355548709028880693949759006500244140625000000000000000e-02
-2.9782184844728505634936510659827035851776599884033203125000000000e-02
-2.9781679966849442658949342899177281651645898818969726562500000000e-02
-2.9781179220244625993618825532394112087786197662353515625000000000e-02
-2.9780682576510005693526395020853669848293066024780273437500000000e-02
-2.9780190007368614185656596760054526384919881820678710937500000000e-02
-2.9779701484724679233506705600120767485350370407104492187500000000e-02
-2.9779216980709819623251988218726182822138071060180664062500000000e-02
-2.9778736467722128483659460584931366611272096633911132812500000000e-02
-2.9778259918459032418169840639166068285703659057617187500000000000e-02
-2.9777787305942549078707770604523830115795135498046875000000000000e-02
-2.9777318603537064611863627305865520611405372619628906250000000000e-02
-2.9776853784962187959850510310388926882296800613403320312500000000e-02
-2.9776392824303485329373586409928975626826286315917968750000000000e-02
-2.9775935696014541043119550067785894498229026794433593750000000000e-02
-2.9775482374917096317634701563292765058577060699462890625000000000e-02
-2.9775032836200230473844285938866960350424051284790039062500000000e-02
-2.9774587055415649428091739991941722109913825988769531250000000000e-02
-2.9774145008472592544013224369336967356503009796142578125000000000e-02
-2.9773706671629766168374331414270272944122552871704101562500000000e-02
-2.9773272021486218985586447161040268838405609130859375000000000000e-02
-2.9772841034975433549547574330063071101903915405273437500000000000e-02
-2.9772413689355247540246907078653748612850904464721679687500000000e-02
-2.9771989962196907658631417348260583821684122085571289062500000000e-02
-2.9771569831377946852013494094535417389124631881713867187500000000e-02
-2.9771153275072261695788355950753611978143453598022460937500000000e-02
-2.9770740271741140403616299181521753780543804168701171875000000000e-02
-2.9770330800123305514670590810055728070437908172607421875000000000e-02
-2.9769924839227208251957179641067341435700654983520507812500000000e-02
-2.9769522368324034117259557774559652898460626602172851562500000000e-02
-2.9769123366936177388364370699491701088845729827880859375000000000e-02
-2.9768727814830281408475798343715723603963851928710937500000000000e-02
-2.9768335692013273008349472092959331348538398742675781250000000000e-02
-2.9767946978721745998619496731407707557082176208496093750000000000e-02
-2.9767561655414560839449933382638846524059772491455078125000000000e-02
-2.9767179702768584159677800471399677917361259460449218750000000000e-02
-2.9766801101671954560279331758465559687465429306030273437500000000e-02
-2.9766425833219027630160979924767161719501018524169921875000000000e-02
-2.9766053878702146417989382598534575663506984710693359375000000000e-02
-2.9765685219608085249065609900753770489245653152465820312500000000e-02
-2.9765319837615385190066064069469575770199298858642578125000000000e-02
-2.9764957714586478404461544755577051546424627304077148437500000000e-02
-2.9764598832564215236118343455018475651741027832031250000000000000e-02
-2.9764243173768922118282986843951221089810132980346679687500000000e-02
-2.9763890720594196603876468998350901529192924499511718750000000000e-02
-2.9763541455601748297876696369712590239942073822021484375000000000e-02
-2.9763195361519528825411384787003044039011001586914062500000000000e-02
-2.9762852421238963213090400472538021858781576156616210937500000000e-02
-2.9762512617809315507155787372539634816348552703857421875000000000e-02
-2.9762175934436571611563238093367544934153556823730468750000000000e-02
-2.9761842354481551908840231135400244966149330139160156250000000000e-02
-2.9761511861454346267175097295876184944063425064086914062500000000e-02
-2.9761184439012912383848430408761487342417240142822265625000000000e-02
-2.9760860070960445944443506505194818601012229919433593750000000000e-02
-2.9760538741243625082688595284707844257354736328125000000000000000e-02
-2.9760220433949557267139240934739063959568738937377929687500000000e-02
-2.9759905133301088608899220844250521622598171234130859375000000000e-02
-2.9759592823656602633697332294104853644967079162597656250000000000e-02
-2.9759283489508091269382106247576302848756313323974609375000000000e-02
-2.9758977115478178060437031149376707617193460464477539062500000000e-02
-2.9758673686315219308884394422420882619917392730712890625000000000e-02
-2.9758373186893911227501874350309662986546754837036132812500000000e-02
-2.9758075602212684385161622913074097596108913421630859375000000000e-02
-2.9757780917389627106661720290503581054508686065673828125000000000e-02
-2.9757489117661045652241114112257491797208786010742187500000000000e-02
-2.9757200188379288874340744541768799535930156707763671875000000000e-02
-2.9756914115012245147795511002186685800552368164062500000000000000e-02
-2.9756630883136001020083938328752992674708366394042968750000000000e-02
-2.9756350478437079004612186849954014178365468978881835937500000000e-02
-2.9756072886711355113265042859893583226948976516723632812500000000e-02
-2.9755798093856221375741455403840518556535243988037109375000000000e-02
-2.9755526085872733427217795565411506686359643936157226562500000000e-02
-2.9755256848864430896384192237746901810169219970703125000000000000e-02
-2.9754990369031938945987292299832915887236595153808593750000000000e-02
-2.9754726632671767844184884665992285590618848800659179687500000000e-02
-2.9754465626177440534805285210495640058070421218872070312500000000e-02
-2.9754207336035381342709271734747744631022214889526367187500000000e-02
-2.9753951748821529793564977239839208777993917465209960937500000000e-02
-2.9753698851201895725360202504816697910428047180175781250000000000e-02
-2.9753448629931084773447835800652683246880769729614257812500000000e-02
-2.9753201071850785691674801114459114614874124526977539062500000000e-02
-2.9752956163885825591197686890154727734625339508056640625000000000e-02
-2.9752713893044173409929697982079233042895793914794921875000000000e-02
-2.9752474246417803804831692104926332831382751464843750000000000000e-02
-2.9752237211178457487736892517204978503286838531494140625000000000e-02
-2.9752002774576787741400707432148919906467199325561523437500000000e-02
-2.9751770923941638774534723665965429972857236862182617187500000000e-02
-2.9751541646679299790712036610784707590937614440917968750000000000e-02
-2.9751314930272994979665313053374120499938726425170898437500000000e-02
-2.9751090762279431417569597329020325560122728347778320312500000000e-02
-2.9750869130329721939931530982903495896607637405395507812500000000e-02
-2.9750650022129572491724758265263517387211322784423828125000000000e-02
-2.9750433425455562880257431856989569496363401412963867187500000000e-02
-2.9750219328155670661661957865362637676298618316650390625000000000e-02
-2.9750007718150499325115987403478357009589672088623046875000000000e-02
-2.9749798583428996995303705830338003579527139663696289062500000000e-02
-2.9749591912048810316004932019495754502713680267333984375000000000e-02
-2.9749387692138543060060840161895612254738807678222656250000000000e-02
-2.9749185911894866080062982405252114403992891311645507812500000000e-02
-2.9748986559580997690588333171035628765821456909179687500000000000e-02
-2.9748789623526169373368688297887274529784917831420898437500000000e-02
-2.9748595092127995409558849360109888948500156402587890625000000000e-02
-2.9748402953851813684815752480972150806337594985961914062500000000e-02
-2.9748213197224857018419186260871356353163719177246093750000000000e-02
-2.9748025810841051408406343625756562687456607818603515625000000000e-02
-2.9747840783361470529122527750587323680520057678222656250000000000e-02
-2.9747658103508718696605939157961984165012836456298828125000000000e-02
-2.9747477760069081925697886958914750721305608749389648437500000000e-02
-2.9747299741894991237378675918989756610244512557983398437500000000e-02
-2.9747124037902129140009677144007582683116197586059570312500000000e-02
-2.9746950637067549189085369221174914855509996414184570312500000000e-02
-2.9746779528429672517786386265470355283468961715698242187500000000e-02
-2.9746610701091042577859369089310348499566316604614257812500000000e-02
-2.9746444144218037175519953052571509033441543579101562500000000000e-02
-2.9746279847034994697763110593768942635506391525268554687500000000e-02
-2.9746117798828096423502387324333540163934230804443359375000000000e-02
-2.9745957988946601646684797515263198874890804290771484375000000000e-02
-2.9745800406798271475761197280007763765752315521240234375000000000e-02
-2.9745645041850208439848657349102722946554422378540039062500000000e-02
-2.9745491883631011015287626264580467250198125839233398437500000000e-02
-2.9745340921729417071883716516822460107505321502685546875000000000e-02
-2.9745192145791198717885706059860240202397108078002929687500000000e-02
-2.9745045545520681917750493994390126317739486694335937500000000000e-02
-2.9744901110681922634659812842983228620141744613647460937500000000e-02
-2.9744758831097155987732705284543044399470090866088867187500000000e-02
-2.9744618696644187227917655036435462534427642822265625000000000000e-02
-2.9744480697258830759199810245263506658375263214111328125000000000e-02
-2.9744344822935152999887620239860552828758955001831054687500000000e-02
-2.9744211063721538029769320132800203282386064529418945312500000000e-02
-2.9744079409722394558013291998577187769114971160888671875000000000e-02
-2.9743949851098693687445617683806631248444318771362304687500000000e-02
-2.9743822378065970513105753525451291352510452270507812500000000000e-02
-2.9743696980895652920429128585055877920240163803100585937500000000e-02
-2.9743573649910762940473674120767100248485803604125976562500000000e-02
-2.9743452375488994149366206443119153846055269241333007812500000000e-02
-2.9743333148065171506191362027493596542626619338989257812500000000e-02
-2.9743215958121568126548694976918341126292943954467773437500000000e-02
-2.9743100796194556212359572100467630662024021148681640625000000000e-02
-2.9742987652876459736539516143238870427012443542480468750000000000e-02
-2.9742876518806912050640889333408267702907323837280273437500000000e-02
-2.9742767384677504943768511225243855733424425125122070312500000000e-02
-2.9742660241231250878302105888906226027756929397583007812500000000e-02
-2.9742555079262471967593839394794485997408628463745117187500000000e-02
-2.9742451889615412197187538367870729416608810424804687500000000000e-02
-2.9742350663180615322200850414446904323995113372802734375000000000e-02
-2.9742251390899938218170817094687663484364748001098632812500000000e-02
-2.9742154063766474553220930943098210263997316360473632812500000000e-02
-2.9742058672817872633231672807596623897552490234375000000000000000e-02
-2.9741965209138982589864852457139932084828615188598632812500000000e-02
-2.9741873663865787263960172026600048411637544631958007812500000000e-02
-2.9741784028179299448346739609405631199479103088378906250000000000e-02
-2.9741696293305266984852153200336033478379249572753906250000000000e-02
-2.9741610450518186914425911027137772180140018463134765625000000000e-02
-2.9741526491138505633449184983874147292226552963256835937500000000e-02
-2.9741444406530009869626951513055246323347091674804687500000000000e-02
-2.9741364188101648141637767253087076824158430099487304687500000000e-02
-2.9741285827308387712530901580976205877959728240966796875000000000e-02
-2.9741209315649851097074218841953552328050136566162109375000000000e-02
-2.9741134644667596015343846715950348880141973495483398437500000000e-02
-2.9741061805946752971685498323495266959071159362792968750000000000e-02
-2.9740990791117132008292145428640651516616344451904296875000000000e-02
-2.9740921591850991850813912265039107296615839004516601562500000000e-02
-2.9740854199861058854148510022241680417209863662719726562500000000e-02
-2.9740788606903670321379706820152932778000831604003906250000000000e-02
-2.9740724804778566336960210492179612629115581512451171875000000000e-02
-2.9740662785324212952220435113304120022803544998168945312500000000e-02
-2.9740602540419824872941489957156591117382049560546875000000000000e-02
-2.9740544061987058549467732859739044215530157089233398437500000000e-02
-2.9740487341989235020589532609847083222121000289916992187500000000e-02
-2.9740432372426624935135563987387286033481359481811523437500000000e-02
-2.9740379145340150451870542269716679584234952926635742187500000000e-02
-2.9740327652813230985273662554391194134950637817382812500000000000e-02
-2.9740277886964556347537680380810343194752931594848632812500000000e-02
-2.9740229839952690704674154176245792768895626068115234375000000000e-02
-2.9740183503978126489109001795441145077347755432128906250000000000e-02
-2.9740138871276727144943308189795061480253934860229492187500000000e-02
-2.9740095934121267562399992812061100266873836517333984375000000000e-02
-2.9740054684825559250249682463618228211998939514160156250000000000e-02
-2.9740015115739971279795739178553048986941576004028320312500000000e-02
-2.9739977219251156198565055888138886075466871261596679687500000000e-02
-2.9739940987784062309540189517065300606191158294677734375000000000e-02
-2.9739906413800025475335786495634238235652446746826171875000000000e-02
-2.9739873489797459538142021528983605094254016876220703125000000000e-02
-2.9739842208310229149104131352032709401100873947143554687500000000e-02
-2.9739812561908562232870778530013922136276960372924804687500000000e-02
-2.9739784543199830613158241021665162406861782073974609375000000000e-02
-2.9739758144826603653010366201669967267662286758422851562500000000e-02
-2.9739733359465093942564095641500898636877536773681640625000000000e-02
-2.9739710179827825303755517438730748835951089859008789062500000000e-02
-2.9739688598664184432385226841688563581556081771850585937500000000e-02
-2.9739668608756920226143805052743118721991777420043945312500000000e-02
-2.9739650202921467242456188273536099586635828018188476562500000000e-02
-2.9739633374009748212341008866133051924407482147216796875000000000e-02
-2.9739618114910392615568568430717277806252241134643554687500000000e-02
-2.9739604418540410007976149131536658387631177902221679687500000000e-02
-2.9739592277852638924073858106567058712244033813476562500000000000e-02
-2.9739581685837006286288186629462870769202709197998046875000000000e-02
-2.9739572635512561554760324611379473935812711715698242187500000000e-02
-2.9739565119932566406024676552988239564001560211181640625000000000e-02
-2.9739559132184220646699657208955613896250724792480468750000000000e-02
-2.9739554665386667281490318259784544352442026138305664062500000000e-02
-2.9739551712692574580998439159884583204984664916992187500000000000e-02
-2.9739550267285693591068351793182955589145421981811523437500000000e-02
-2.9739550322382672653542812213345314376056194305419921875000000000e-02
-2.9739551871233210061928886602800048422068357467651367187500000000e-02
-2.9739554907116317467030697230256919283419847488403320312500000000e-02
-2.9739559423345062610932743041303183417767286300659179687500000000e-02
-2.9739565413264560517214718515788263175636529922485351562500000000e-02
-2.9739572870248774660861812435541651211678981781005859375000000000e-02
-2.9739581787703289056379318822109780739992856979370117187500000000e-02
-2.9739592159065526832950610014449921436607837677001953125000000000e-02
-2.9739603977803761442055829888886364642530679702758789062500000000e-02
-2.9739617237417553807787840014498215168714523315429687500000000000e-02
-2.9739631931435167588873014210548717528581619262695312500000000000e-02
-2.9739648053414915324088596548790519591420888900756835937500000000e-02
-2.9739665596948398895715826029118034057319164276123046875000000000e-02
-2.9739684555653615738446404748174245469272136688232421875000000000e-02
-2.9739704923179254014709016473716474138200283050537109375000000000e-02
-2.9739726693205226909499927501201455015689134597778320312500000000e-02
-2.9739749859439518903103660818487696815282106399536132812500000000e-02
-2.9739774415618824149332155570846225600689649581909179687500000000e-02
-2.9739800355509861395919557480738149024546146392822265625000000000e-02
-2.9739827672909242145538044610475481022149324417114257812500000000e-02
-2.9739856361639969983823306165504618547856807708740234375000000000e-02
-2.9739886415554202259148297571300645358860492706298828125000000000e-02
-2.9739917828534401939011289073278021533042192459106445312500000000e-02
-2.9739950594490738994268852479763154406100511550903320312500000000e-02
-2.9739984707359369553447692169356741942465305328369140625000000000e-02
-2.9740020161106058005362484664146904833614826202392578125000000000e-02
-2.9740056949724855139827184302703244611620903015136718750000000000e-02
-2.9740095067236939352373070732937776483595371246337890625000000000e-02
-2.9740134507690519499734094210907642263919115066528320312500000000e-02
-2.9740175265160588569113286894207703880965709686279296875000000000e-02
-2.9740217333751230860405811995406111236661672592163085937500000000e-02
-2.9740260707592419686662310596148017793893814086914062500000000000e-02
-2.9740305380840097171368796580281923525035381317138671875000000000e-02
-2.9740351347678693066933774957760761026293039321899414062500000000e-02
-2.9740398602318678794587114566638774704188108444213867187500000000e-02
-2.9740447138994902109843110338260885328054428100585937500000000000e-02
-2.9740496951970878808380049918014265131205320358276367187500000000e-02
-2.9740548035536624321695242656460322905331850051879882812500000000e-02
-2.9740600384006044692997150491464708466082811355590820312500000000e-02
-2.9740653991719379067859563292586244642734527587890625000000000000e-02
-2.9740708853042238657415907709946623072028160095214843750000000000e-02
-2.9740764962367240847873617326513340231031179428100585937500000000e-02
-2.9740822314112548563347360186526202596724033355712890625000000000e-02
-2.9740880902718598577383346537317265756428241729736328125000000000e-02
-2.9740940722652407096626703264519164804369211196899414062500000000e-02
-2.9741001768407819561002014552286709658801555633544921875000000000e-02
-2.9741064034500858115350752086669672280550003051757812500000000000e-02
-2.9741127515472413900265991060223313979804515838623046875000000000e-02
-2.9741192205890047695060474097772384993731975555419921875000000000e-02
-2.9741258100343975767643200924794655293226242065429687500000000000e-02
-2.9741325193447687436076876110746525228023529052734375000000000000e-02
-2.9741393479840415314807700042365468107163906097412109375000000000e-02
-2.9741462954185709371968115988238423597067594528198242187500000000e-02
-2.9741533611169133216600712898980418685823678970336914062500000000e-02
-2.9741605445499686571908526389051985461264848709106445312500000000e-02
-2.9741678451911543468177967497467761859297752380371093750000000000e-02
-2.9741752625163445089562230805313447490334510803222656250000000000e-02
-2.9741827960034727257321307547499600332230329513549804687500000000e-02
-2.9741904451326850455927797156618908047676086425781250000000000000e-02
-2.9741982093867833786271503981879504863172769546508789062500000000e-02
-2.9742060882506880792330861140726483426988124847412109375000000000e-02
-2.9742140812114764569784597370016854256391525268554687500000000000e-02
-2.9742221877586672712512338989654381293803453445434570312500000000e-02
-2.9742304073840573203080239750306645873934030532836914062500000000e-02
-2.9742387395814598449739207808306673541665077209472656250000000000e-02
-2.9742471838468845929392969651416933629661798477172851562500000000e-02
-2.9742557396789243151502546425035689026117324829101562500000000000e-02
-2.9742644065781982665175320335038122721016407012939453125000000000e-02
-2.9742731840471887949650664495493401773273944854736328125000000000e-02
-2.9742820715908634132684795758905238471925258636474609375000000000e-02
-2.9742910687164607341781419336257386021316051483154296875000000000e-02
-2.9743001749330495037115795753379643429070711135864257812500000000e-02
-2.9743093897520275076251650148151384200900793075561523437500000000e-02
-2.9743187126869848752042102546511159744113683700561523437500000000e-02
-2.9743281432534268704515056924719829112291336059570312500000000000e-02
-2.9743376809689490991583937784525915049016475677490234375000000000e-02
-2.9743473253534404715514583017466065939515829086303710937500000000e-02
-2.9743570759288694843602840478524740319699048995971679687500000000e-02
-2.9743669322190538495398470786312827840447425842285156250000000000e-02
-2.9743768937499401316948421936103841289877891540527343750000000000e-02
-2.9743869600496006255774261717306217178702354431152343750000000000e-02
-2.9743971306481754163231201459893782157450914382934570312500000000e-02
-2.9744074050776714984722914891790424007922410964965820312500000000e-02
-2.9744177828721428402669602064634091220796108245849609375000000000e-02
-2.9744282635678343656993050103665154892951250076293945312500000000e-02
-2.9744388467027895600613973670078848954290151596069335937500000000e-02
-2.9744495318169309611144868199517077300697565078735351562500000000e-02
-2.9744603184524216754613945568053168244659900665283203125000000000e-02
-2.9744712061532944946673495678624021820724010467529296875000000000e-02
-2.9744821944654158130116883285154472105205059051513671875000000000e-02
-2.9744932829366552834438053309895622078329324722290039062500000000e-02
-2.9745044711168330819894833894068142399191856384277343750000000000e-02
-2.9745157585577348263727870403272390831261873245239257812500000000e-02
-2.9745271448128975111391270047533907927572727203369140625000000000e-02
-2.9745386294378513281078113550393027253448963165283203125000000000e-02
-2.9745502119900384813133698003184690605849027633666992187500000000e-02
-2.9745618920287760639231677828320243861526250839233398437500000000e-02
-2.9745736691151797304044634984165895730257034301757812500000000000e-02
-2.9745855428122029012749649723446054849773645401000976562500000000e-02
-2.9745975126847557651332820682910096365958452224731445312500000000e-02
-2.9746095782995935624670735819563560653477907180786132812500000000e-02
-2.9746217392251406846925831928274419624358415603637695312500000000e-02
-2.9746339950317137595936500815696490462869405746459960937500000000e-02
-2.9746463452915837544221488997209235094487667083740234375000000000e-02
-2.9746587895786009286824835839979641605168581008911132812500000000e-02
-2.9746713274684831451732947016353136859834194183349609375000000000e-02
-2.9746839585388595850190540659241378307342529296875000000000000000e-02
-2.9746966823689838244071381723188096657395362854003906250000000000e-02
-2.9747094985397889987943642609025118872523307800292968750000000000e-02
-2.9747224066341778486721736385334224905818700790405273437500000000e-02
-2.9747354062367437760316946082639333326369524002075195312500000000e-02
-2.9747484969337083943186073042852513026446104049682617187500000000e-02
-2.9747616783131050621769020381179871037602424621582031250000000000e-02
-2.9747749499646286563958597071177791804075241088867187500000000000e-02
-2.9747883114798093912023446705461537931114435195922851562500000000e-02
-2.9748017624517182622145838877258938737213611602783203125000000000e-02
-2.9748153024751349676746414729677780997008085250854492187500000000e-02
-2.9748289311467352585838241907367773819714784622192382812500000000e-02
-2.9748426480646555231102112770713574718683958053588867187500000000e-02
-2.9748564528286607078211289945102180354297161102294921875000000000e-02
-2.9748703450403327086526417133427457883954048156738281250000000000e-02
-2.9748843243029017557876869659594376571476459503173828125000000000e-02
-2.9748983902211569019247150436058291234076023101806640625000000000e-02
-2.9749125424014637164571439598148572258651256561279296875000000000e-02
-2.9749267804519214514202829491296142805367708206176757812500000000e-02
-2.9749411039823037139484540603007189929485321044921875000000000000e-02
-2.9749555126038336461125055620868806727230548858642578125000000000e-02
-2.9749700059294295617640102591394679620862007141113281250000000000e-02
-2.9749845835736109245228675490579917095601558685302734375000000000e-02
-2.9749992451524574083032703697426768485456705093383789062500000000e-02
-2.9750139902835776722911376168667629826813936233520507812500000000e-02
-2.9750288185862099749057207986879802774637937545776367187500000000e-02
-2.9750437296812651949418082608644908759742975234985351562500000000e-02
-2.9750587231909590701928181033508735708892345428466796875000000000e-02
-2.9750737987391858568875235846462601330131292343139648437500000000e-02
-2.9750889559514930027273038604107568971812725067138671875000000000e-02
-2.9751041944548171219731003134256752673536539077758789062500000000e-02
-2.9751195138775752419002529336466977838426828384399414062500000000e-02
-2.9751349138497831109395619364477170165628194808959960937500000000e-02
-2.9751503940030715050779619446075230371206998825073242187500000000e-02
-2.9751659539704027740425473780305765103548765182495117187500000000e-02
-2.9751815933862713753343953726471227128058671951293945312500000000e-02
-2.9751973118867805490062039552867645397782325744628906250000000000e-02
-2.9752131091093519249524135261708579491823911666870117187500000000e-02
-2.9752289846929229344407730195598560385406017303466796875000000000e-02
-2.9752449382779651981811852579085098113864660263061523437500000000e-02
-2.9752609695063925859814801810898643452674150466918945312500000000e-02
-2.9752770780215955642722391871757281478494405746459960937500000000e-02
-2.9752932634682947854454226899179047904908657073974609375000000000e-02
-2.9753095254927027640823311571693920996040105819702148437500000000e-02
-2.9753258637425797350495315640728222206234931945800781250000000000e-02
-2.9753422778669307707799518425417772959917783737182617187500000000e-02
-2.9753587675163166437197759250921080820262432098388671875000000000e-02
-2.9753753323427205995654887260570831131190061569213867187500000000e-02
-2.9753919719993745379715832655165286269038915634155273437500000000e-02
-2.9754086861410438541453160610217310022562742233276367187500000000e-02
-2.9754254744238387009325208509835647419095039367675781250000000000e-02
-2.9754423365053093986087873190626851283013820648193359375000000000e-02
-2.9754592720443857195578019059212238062173128128051757812500000000e-02
-2.9754762807011812114632576253825391177088022232055664062500000000e-02
-2.9754933621374095309430884981338749639689922332763671875000000000e-02
-2.9755105160161565008847261992741550784558057785034179687500000000e-02
-2.9755277420016313510986449841766443569213151931762695312500000000e-02
-2.9755450397595303163589264272559375967830419540405273437500000000e-02
-2.9755624089569370632757383532407402526587247848510742187500000000e-02
-2.9755798492622539952456861556129297241568565368652343750000000000e-02
-2.9755973603451300879552121614324278198182582855224609375000000000e-02
-2.9756149418765216047022548195855051744729280471801757812500000000e-02
-2.9756325935288520379007337623988860286772251129150390625000000000e-02
-2.9756503149758098403232509099325397983193397521972656250000000000e-02
-2.9756681058922311577941144378200988285243511199951171875000000000e-02
-2.9756859659543732216091527220669377129524946212768554687500000000e-02
-2.9757038948398855521260131240524060558527708053588867187500000000e-02
-2.9757218922274959738150101884457399137318134307861328125000000000e-02
-2.9757399577973155796462023658932594116777181625366210937500000000e-02
-2.9757580912308012610623109139851294457912445068359375000000000000e-02
-2.9757762922105676639539240113663254305720329284667968750000000000e-02
-2.9757945604204649042712205186944629531353712081909179687500000000e-02
-2.9758128955457065906164970670033653732389211654663085937500000000e-02
-2.9758312972727817002915884359026676975190639495849609375000000000e-02
-2.9758497652892783313927083099770243279635906219482421875000000000e-02
-2.9758682992840863185124433698547363746911287307739257812500000000e-02
-2.9758868989473902938458493849793740082532167434692382812500000000e-02
-2.9759055639705964818597649923503922764211893081665039062500000000e-02
-2.9759242940462136972623596875564544461667537689208984375000000000e-02
-2.9759430888680236948484747472321032546460628509521484375000000000e-02
-2.9759619481311744976226307812794402707368135452270507812500000000e-02
-2.9759808715318879224209780431920080445706844329833984375000000000e-02
-2.9759998587674484776810501784893858712166547775268554687500000000e-02
-2.9760189095365017358796322355374286416918039321899414062500000000e-02
-2.9760380235390043734966525335039477795362472534179687500000000000e-02
-2.9760572004758636954768746818444924429059028625488281250000000000e-02
-2.9760764400492006193088556642578623723238706588745117187500000000e-02
-2.9760957419624343295305735068723151925951242446899414062500000000e-02
-2.9761151059200744578570052567556558642536401748657226562500000000e-02
-2.9761345316277405120830579221546940971165895462036132812500000000e-02
-2.9761540187923062050767697428454994224011898040771484375000000000e-02
-2.9761735671218314536190518992953002452850341796875000000000000000e-02
-2.9761931763254020899545082556869601830840110778808593750000000000e-02
-2.9762128461132103529607206837681587785482406616210937500000000000e-02
-2.9762325761967089315929158033213752787560224533081054687500000000e-02
-2.9762523662885353309404123933745722752064466476440429687500000000e-02
-2.9762722161023335426532909764318901579827070236206054687500000000e-02
-2.9762921253528203113791761325046536512672901153564453125000000000e-02
-2.9763120937559391782079032395813555922359228134155273437500000000e-02
-2.9763321210287619483780829909846943337470293045043945312500000000e-02
-2.9763522068893627503527454791765194386243820190429687500000000000e-02
-2.9763723510569810998260820156247064005583524703979492187500000000e-02
-2.9763925532519754091342889523730264045298099517822265625000000000e-02
-2.9764128131957643536020796659613552037626504898071289062500000000e-02
-2.9764331306108143815336575244145933538675308227539062500000000000e-02
-2.9764535052206990417555942940452951006591320037841796875000000000e-02
-2.9764739367501683725558692117374448571354150772094726562500000000e-02
-2.9764944249248574681399048813545960001647472381591796875000000000e-02
-2.9765149694716105249758797413051070179790258407592773437500000000e-02
-2.9765355701183878606164157076818810310214757919311523437500000000e-02
-2.9765562265939824598826035639831388834863901138305664062500000000e-02
-2.9765769386284161857059160638527828268706798553466796875000000000e-02
-2.9765977059527493064905456776614300906658172607421875000000000000e-02
-2.9766185282990059030039375898013531696051359176635742187500000000e-02
-2.9766394054003639940697567567440273705869913101196289062500000000e-02
-2.9766603369909105936130799818783998489379882812500000000000000000e-02
-2.9766813228057929785475010930895223282277584075927734375000000000e-02
-2.9767023625813404663631445146165788173675537109375000000000000000e-02
-2.9767234560546827759619503694921149872243404388427734375000000000e-02
-2.9767446029640300120266971362070762552320957183837890625000000000e-02
-2.9767658030487347681214416184047877322882413864135742187500000000e-02
-2.9767870560490405917875023078522644937038421630859375000000000000e-02
-2.9768083617061496387590224799168936442583799362182617187500000000e-02
-2.9768297197623243277586624344621668569743633270263671875000000000e-02
-2.9768511299608970549490649659674090798944234848022460937500000000e-02
-2.9768725920460821499080594776387442834675312042236328125000000000e-02
-2.9768941057631143065620449306152295321226119995117187500000000000e-02
-2.9769156708582180520528126521639933343976736068725585937500000000e-02
-2.9769372870785733992127219948997662868350744247436523437500000000e-02
-2.9769589541723644188220276873835246078670024871826171875000000000e-02
-2.9769806718887015239971560731646604835987091064453125000000000000e-02
-2.9770024399777227780417021563152957241982221603393554687500000000e-02
-2.9770242581905241585626953337850864045321941375732421875000000000e-02
-2.9770461262790353512697194560132629703730344772338867187500000000e-02
-2.9770680439962501212525225469107681419700384140014648437500000000e-02
-2.9770900110961825979494221883214777335524559020996093750000000000e-02
-2.9771120273336129646857273201021598652005195617675781250000000000e-02
-2.9771340924643049929976257317321142181754112243652343750000000000e-02
-2.9771562062450938196400684887521492782980203628540039062500000000e-02
-2.9771783684336593917008073617580521386116743087768554687500000000e-02
-2.9772005787885323646602131475447094999253749847412109375000000000e-02
-2.9772228370692398191632577209020382724702358245849609375000000000e-02
-2.9772451430362716073840800845573539845645427703857421875000000000e-02
-2.9772674964510043721377385850246355403214693069458007812500000000e-02
-2.9772898970756606074061778599570970982313156127929687500000000000e-02
-2.9773123446734359870413655357879179064184427261352539062500000000e-02
-2.9773348390084452413928417513488966505974531173706054687500000000e-02
-2.9773573798456524214239848902252560947090387344360351562500000000e-02
-2.9773799669509319609783659643653663806617259979248046875000000000e-02
-2.9774026000910849831804227960674325004220008850097656250000000000e-02
-2.9774252790338066876341116540061193518340587615966796875000000000e-02
-2.9774480035475954509127660685408045537769794464111328125000000000e-02
-2.9774707734018822369304047015248215757310390472412109375000000000e-02
-2.9774935883670070047024580617289757356047630310058593750000000000e-02
-2.9775164482141770749823450614712783135473728179931640625000000000e-02
-2.9775393527154178641147552752954652532935142517089843750000000000e-02
-2.9775623016436315176891369560507882852107286453247070312500000000e-02
-2.9775852947726721975385544283199124038219451904296875000000000000e-02
-2.9776083318771243840794582524722500238567590713500976562500000000e-02
-2.9776314127324916142258715012758329976350069046020507812500000000e-02
-2.9776545371151836444356675315248139668256044387817382812500000000e-02
-2.9776777048023676114363311739907658193260431289672851562500000000e-02
-2.9777009155720735034122981232940219342708587646484375000000000000e-02
-2.9777241692032108133503243152517825365066528320312500000000000000e-02
-2.9777474654755289873442336556763621047139167785644531250000000000e-02
-2.9777708041695861995723504378474899567663669586181640625000000000e-02
-2.9777941850667188211643221507074485998600721359252929687500000000e-02
-2.9778176079491850553049303584884910378605127334594726562500000000e-02
-2.9778410726000719560557783438525802921503782272338867187500000000e-02
-2.9778645788031930796702084762728190980851650238037109375000000000e-02
-2.9778881263432265685819899658781650941818952560424804687500000000e-02
-2.9779117150057016205622062443580944091081619262695312500000000000e-02
-2.9779353445769336100612534323772706557065248489379882812500000000e-02
-2.9779590148439886998499304127108189277350902557373046875000000000e-02
-2.9779827255947997205476340809582325164228677749633789062500000000e-02
-2.9780064766181234964248503160888503771275281906127929687500000000e-02
-2.9780302677034613950679542426769330631941556930541992187500000000e-02
-2.9780540986410610621026862077087571378797292709350585937500000000e-02
-2.9780779692220638726896098091856401879340410232543945312500000000e-02
-2.9781018792384122972904947346250992268323898315429687500000000000e-02
-2.9781258284826871846062701365553948562592267990112304687500000000e-02
-2.9781498167483513167530517762315867003053426742553710937500000000e-02
-2.9781738438296862653276164678572968114167451858520507812500000000e-02
-2.9781979095216595115891422551612777169793844223022460937500000000e-02
-2.9782220136200247134761198708474694285541772842407226562500000000e-02
-2.9782461559213276036661710577391204424202442169189453125000000000e-02
-2.9782703362229084181889149363087199162691831588745117187500000000e-02
-2.9782945543228158541415595550461148377507925033569335937500000000e-02
-2.9783188100198282333153088075050618499517440795898437500000000000e-02
-2.9783431031135520344887979149461898487061262130737304687500000000e-02
-2.9783674334043351572542945859822793863713741302490234375000000000e-02
-2.9783918006932398603314737783875898458063602447509765625000000000e-02
-2.9784162047820895991012690728894085623323917388916015625000000000e-02
-2.9784406454734620867119687659396731760352849960327148437500000000e-02
-2.9784651225706507832180491845974756870418787002563476562500000000e-02
-2.9784896358776537933499284349636582192033529281616210937500000000e-02
-2.9785141851993032768852742719900561496615409851074218750000000000e-02
-2.9785387703411207727111076337678241543471813201904296875000000000e-02
-2.9785633911092859738012350589997367933392524719238281250000000000e-02
-2.9785880473107637089746901892794994637370109558105468750000000000e-02
-2.9786127387532442684081601669277006294578313827514648437500000000e-02
-2.9786374652451274441800066483665432315319776535034179687500000000e-02
-2.9786622265955076116483724035788327455520629882812500000000000000e-02
-2.9786870226142056483631392893585143610835075378417968750000000000e-02
-2.9787118531117817710196504776831716299057006835937500000000000000e-02
-2.9787367178994487992849116153593058697879314422607421875000000000e-02
-2.9787616167891377283449827473305049352347850799560546875000000000e-02
-2.9787865495935133414162621079412929248064756393432617187500000000e-02
-2.9788115161259256374881587703384866472333669662475585937500000000e-02
-2.9788365162003817288027818221962661482393741607666015625000000000e-02
-2.9788615496315968417251340838447504211217164993286132812500000000e-02
-2.9788866162350303989914124258575611747801303863525390625000000000e-02
-2.9789117158267625073975182203867007046937942504882812500000000000e-02
-2.9789368482235654284062675856148416642099618911743164062500000000e-02
-2.9789620132428994148110490414183004759252071380615234375000000000e-02
-2.9789872107029369968644871846663590986281633377075195312500000000e-02
-2.9790124404224946341734892030217451974749565124511718750000000000e-02
-2.9790377022210171031879610836767824366688728332519531250000000000e-02
-2.9790629959187169689682761486437811981886625289916992187500000000e-02
-2.9790883213364083986762764766353939194232225418090820312500000000e-02
-2.9791136782955286721463750154725858010351657867431640625000000000e-02
-2.9791390666182793883765000941821199376136064529418945312500000000e-02
-2.9791644861274727690281238778879924211651086807250976562500000000e-02
-2.9791899366465531689973644802194030489772558212280273437500000000e-02
-2.9792154179996338525526766716211568564176559448242187500000000000e-02
-2.9792409300114848502705200417040032334625720977783203125000000000e-02
-2.9792664725075339998694445853288925718516111373901367187500000000e-02
-2.9792920453138180270080681566469138488173484802246093750000000000e-02
-2.9793176482570335461552701872278703376650810241699218750000000000e-02
-2.9793432811645568364378178216611559037119150161743164062500000000e-02
-2.9793689438643643913051661797908309381455183029174804687500000000e-02
-2.9793946361850107140689658535848138853907585144042968750000000000e-02
-2.9794203579557577282743707769441243726760149002075195312500000000e-02
-2.9794461090065040009822183719734312035143375396728515625000000000e-02
-2.9794718891677503952442052082005830015987157821655273437500000000e-02
-2.9794976982705709267484905922174220904707908630371093750000000000e-02
-2.9795235361467185819517311529125436209142208099365234375000000000e-02
-2.9795494026285992972269411893648793920874595642089843750000000000e-02
-2.9795752975491210379210826886264840140938758850097656250000000000e-02
-2.9796012207418832301586419930572446901351213455200195312500000000e-02
-2.9796271720411229844138745193049544468522071838378906250000000000e-02
-2.9796531512816228082218827921678894199430942535400390625000000000e-02
-2.9796791582987636887169813348918978590518236160278320312500000000e-02
-2.9797051929285830323967942945273534860461950302124023437500000000e-02
-2.9797312550076886228378469922972726635634899139404296875000000000e-02
-2.9797573443732891518287431154021760448813438415527343750000000000e-02
-2.9797834608631768721354049489491444546729326248168945312500000000e-02
-2.9798096043157456386252235347456007730215787887573242187500000000e-02
-2.9798357745699853571519355455166078172624111175537109375000000000e-02
-2.9798619714654542289800076559913577511906623840332031250000000000e-02
-2.9798881948423169147011080326592491474002599716186523437500000000e-02
-2.9799144445413101867092819929894176311790943145751953125000000000e-02
-2.9799407204037373780858288796480337623506784439086914062500000000e-02
-2.9799670222714770562166819445337750948965549468994140625000000000e-02
-2.9799933499870007169718633122101891785860061645507812500000000000e-02
-2.9800197033933367024571836623181297909468412399291992187500000000e-02
-2.9800460823340983035345530538506864104419946670532226562500000000e-02
-2.9800724866534303303389208394946763291954994201660156250000000000e-02
-2.9800989161960576845356030162292881868779659271240234375000000000e-02
-2.9801253708072936859929669140001351479440927505493164062500000000e-02
-2.9801518503329588877237554811472364235669374465942382812500000000e-02
-2.9801783546194334645340617839792685117572546005249023437500000000e-02
-2.9802048835137054383359611620107898488640785217285156250000000000e-02
-2.9802314368632534108405351958026585634797811508178710937500000000e-02
-2.9802580145160986052621510111748648341745138168334960937500000000e-02
-2.9802846163208437241243231596854457166045904159545898437500000000e-02
-2.9803112421266143156062256025506940204650163650512695312500000000e-02
-2.9803378917830719574411091343790758401155471801757812500000000000e-02
-2.9803645651403899707876377078719087876379489898681640625000000000e-02
-2.9803912620493033802659965658676810562610626220703125000000000000e-02
-2.9804179823610801175481910263442841824144124984741210937500000000e-02
-2.9804447259274689796537671782061806879937648773193359375000000000e-02
-2.9804714926007731812251932979052071459591388702392578125000000000e-02
-2.9804982822338205172840730483585502952337265014648437500000000000e-02
-2.9805250946799342198767490685895609203726053237915039062500000000e-02
-2.9805519297929444072492444206545769702643156051635742187500000000e-02
-2.9805787874272019616350704040996788535267114639282226562500000000e-02
-2.9806056674375799170340073374063649680465459823608398437500000000e-02
-2.9806325696794207236184348630558815784752368927001953125000000000e-02
-2.9806594940085483907976637851788836997002363204956054687500000000e-02
-2.9806864402813458558849646351518458686769008636474609375000000000e-02
-2.9807134083546467373526667188343708403408527374267578125000000000e-02
-2.9807403980857447023389283913274994120001792907714843750000000000e-02
-2.9807674093324718761488512086543778423219919204711914062500000000e-02
-2.9807944419531089835784243291527673136442899703979492187500000000e-02
-2.9808214958064013083705035001003125216811895370483398437500000000e-02
-2.9808485707515906121267690309650788549333810806274414062500000000e-02
-2.9808756666483655212163128567226522136479616165161132812500000000e-02
-2.9809027833568840781808262363483663648366928100585937500000000000e-02
-2.9809299207377723539558189713716274127364158630371093750000000000e-02
-2.9809570786520984270184797537694976199418306350708007812500000000e-02
-2.9809842569613810570050560500021674670279026031494140625000000000e-02
-2.9810114555275900316555492963743745349347591400146484375000000000e-02
-2.9810386742131177173487088793990551494061946868896484375000000000e-02
-2.9810659128808151413503324533849081490188837051391601562500000000e-02
-2.9810931713939621545694791393543710000813007354736328125000000000e-02
-2.9811204496162372473699875286001770291477441787719726562500000000e-02
-2.9811477474117727137770117451509577222168445587158203125000000000e-02
-2.9811750646451071200537796812568558380007743835449218750000000000e-02
-2.9812024011811821821993362391367554664611816406250000000000000000e-02
-2.9812297568853486640083616521224030293524265289306640625000000000e-02
-2.9812571316233587442878771867071918677538633346557617187500000000e-02
-2.9812845252613635882443787750162300653755664825439453125000000000e-02
-2.9813119376659032860876763493251928593963384628295898437500000000e-02
-2.9813393687038919344090004415193106979131698608398437500000000000e-02
-2.9813668182426440039778370305612043011933565139770507812500000000e-02
-2.9813942861498375636042368341804831288754940032958984375000000000e-02
-2.9814217722935069943002162062839488498866558074951171875000000000e-02
-2.9814492765420766429151910870132269337773323059082031250000000000e-02
-2.9814767987643174540490775825674063526093959808349609375000000000e-02
-2.9815043388293421128265592301431752275675535202026367187500000000e-02
-2.9815318966066223921318467660057649482041597366333007812500000000e-02
-2.9815594719659971323366676188015844672918319702148437500000000000e-02
-2.9815870647776205465406818007068068254739046096801757812500000000e-02
-2.9816146749119823433638032383896643295884132385253906250000000000e-02
-2.9816423022399160536188844616845017299056053161621093750000000000e-02
-2.9816699466325979894776310175075195729732513427734375000000000000e-02
-2.9816976079615174072268146687747503165155649185180664062500000000e-02
-2.9817252860984820583833965201847604475915431976318359375000000000e-02
-2.9817529809156608638920360476731730159372091293334960937500000000e-02
-2.9817806922855297907526406220313219819217920303344726562500000000e-02
-2.9818084200808999545406763331811816897243261337280273437500000000e-02
-2.9818361641749200480200343577052990440279245376586914062500000000e-02
-2.9818639244410770350324213495696312747895717620849609375000000000e-02
-2.9818917007532079466169960824117879383265972137451171875000000000e-02
-2.9819194929855182690792148036962316837161779403686523437500000000e-02
-2.9819473010125732703734513506788061931729316711425781250000000000e-02
-2.9819751247093288781808695375730167143046855926513671875000000000e-02
-2.9820029639511507618676589004280685912817716598510742187500000000e-02
-2.9820308186138351491667464188140002079308032989501953125000000000e-02
-2.9820586885736449084260968334092467557638883590698242187500000000e-02
-2.9820865737073220386177396790117199998348951339721679687500000000e-02
-2.9821144738921542827192467939312336966395378112792968750000000000e-02
-2.9821423890059997607870911906502442434430122375488281250000000000e-02
-2.9821703189273518486146485884091816842555999755859375000000000000e-02
-2.9821982635354030155561133597075240686535835266113281250000000000e-02
-2.9822262227101038051246817417450074572116136550903320312500000000e-02
-2.9822541963322415914383611834637122228741645812988281250000000000e-02
-2.9822821842835592343057271591533208265900611877441406250000000000e-02
-2.9823101864468244681649622407348942942917346954345703125000000000e-02
-2.9823382027059600063445543582929531112313270568847656250000000000e-02
-2.9823662329461802372732037724745168816298246383666992187500000000e-02
-2.9823942770541209817958261396597663406282663345336914062500000000e-02
-2.9824223349180035980143799179131747223436832427978515625000000000e-02
-2.9824504064278140047505871734756510704755783081054687500000000000e-02
-2.9824784914754893377919486852078989613801240921020507812500000000e-02
-2.9825065899551077286400158072865451686084270477294921875000000000e-02
-2.9825347017631148593963530402106698602437973022460937500000000000e-02
-2.9825628267985588443211852904823899734765291213989257812500000000e-02
-2.9825909649633108866595421204692684113979339599609375000000000000e-02
-2.9826191161622970376976482498321274761110544204711914062500000000e-02
-2.9826472803037303027640092523142811842262744903564453125000000000e-02
-2.9826754572993371961153741267480654641985893249511718750000000000e-02
-2.9827036470645097027132308653563086409121751785278320312500000000e-02
-2.9827318495184620972260347571136662736535072326660156250000000000e-02
-2.9827600645842739651714126125625625718384981155395507812500000000e-02
-2.9827882921888693862344510421280574519187211990356445312500000000e-02
-2.9828165322628191757914351001090835779905319213867187500000000000e-02
-2.9828447847399925524358721418138884473592042922973632812500000000e-02
-2.9828730495569864139548954540259728673845529556274414062500000000e-02
-2.9829013266522378527989545204945898149162530899047851562500000000e-02
-2.9829296159648379521689420812435855623334646224975585937500000000e-02
-2.9829579174330992513697324852728343103080987930297851562500000000e-02
-2.9829862309961249766665503102558432146906852722167968750000000000e-02
-2.9830145566699984432945669254877429921180009841918945312500000000e-02
-2.9830428936579649751292819814807444345206022262573242187500000000e-02
-2.9830712369474616380005116411666676867753267288208007812500000000e-02
-2.9830996014366870788814267712041328195482492446899414062500000000e-02
