1.9396688477644474790650974682648666203022003173828125000000000000e-02
1.9391012314562930396455442405567737296223640441894531250000000000e-02
1.9385336409220313425016968267300399020314216613769531250000000000e-02
1.9379660761593184292728153650386957451701164245605468750000000000e-02
1.9373985371658165866026735102423117496073246002197265625000000000e-02
1.9368310239391860194668737449319451116025447845458984375000000000e-02
1.9362635364770897083985801145900040864944458007812500000000000000e-02
1.9356960747771816133688815853020059876143932342529296875000000000e-02
1.9351286388371274904685037654417101293802261352539062500000000000e-02
1.9345612286545889324518299190458492375910282135009765625000000000e-02
1.9339938442272240626262913565369672141969203948974609375000000000e-02
1.9334264855526986370826136862888233736157417297363281250000000000e-02
1.9328591526286728607963993908924749121069908142089843750000000000e-02
1.9322918454528138776371548601673566736280918121337890625000000000e-02
1.9317245640227777292441402323674992658197879791259765625000000000e-02
1.9311573083362308655974715065894997678697109222412109375000000000e-02
1.9305900783908397366772646819299552589654922485351562500000000000e-02
1.9300228741842617719015606780885718762874603271484375000000000000e-02
1.9294556957141661968080370570532977581024169921875000000000000000e-02
1.9288885429782152980404674735837033949792385101318359375000000000e-02
1.9283214159740796889153102711134124547243118286132812500000000000e-02
1.9277543146994154110718255878964555449783802032470703125000000000e-02
1.9271872391518937717158621580892940983176231384277343750000000000e-02
1.9266201893291763636018032457286608405411243438720703125000000000e-02
1.9260531652289365756036687571395304985344409942626953125000000000e-02
1.9254861668488346126970611749129602685570716857910156250000000000e-02
1.9249191941865383126408772795912227593362331390380859375000000000e-02
1.9243522472397196765303561960536171682178974151611328125000000000e-02
1.9237853260060368276729292347226873971521854400634765625000000000e-02
1.9232184304831652366107874740919214673340320587158203125000000000e-02
1.9226515606687692716558757410894031636416912078857421875000000000e-02
1.9220847165605202400140427698715939186513423919677734375000000000e-02
1.9215178981560838977760141688122530467808246612548828125000000000e-02
1.9209511054531294704794674998993286862969398498535156250000000000e-02
1.9203843384493310408878130601806333288550376892089843750000000000e-02
1.9198175971423502017554341136928997002542018890380859375000000000e-02
1.9192508815298617297351313482067780569195747375488281250000000000e-02
1.9186841916095355442539727164330543018877506256103515625000000000e-02
1.9181175273790450341859781246967031620442867279052734375000000000e-02
1.9175508888360545678430923999258084222674369812011718750000000000e-02
1.9169842759782389218781162298910203389823436737060546875000000000e-02
1.9164176888032700973862887394716381095349788665771484375000000000e-02
1.9158511273088214832416298349926364608108997344970703125000000000e-02
1.9152845914925602233136459062734502367675304412841796875000000000e-02
1.9147180813521617881445280318075674585998058319091796875000000000e-02
1.9141515968853023421658576808113139122724533081054687500000000000e-02
1.9135851380896490292471412431041244417428970336914062500000000000e-02
1.9130187049628773199305697971794870682060718536376953125000000000e-02
1.9124522975026612969795536400852142833173274993896484375000000000e-02
1.9118859157066778187150646317604696378111839294433593750000000000e-02
1.9113195595725974984535611156388767994940280914306640625000000000e-02
1.9107532290980958067372341702139237895607948303222656250000000000e-02
1.9101869242808475202188844832562608644366264343261718750000000000e-02
1.9096206451185308849982646961507271043956279754638671875000000000e-02
1.9090543916088165143918331523309461772441864013671875000000000000e-02
1.9084881637493847361675136653502704575657844543457031250000000000e-02
1.9079219615379110208674973137021879665553569793701171875000000000e-02
1.9073557849720701451445847851573489606380462646484375000000000000e-02
1.9067896340495389673197479396549169905483722686767578125000000000e-02
1.9062235087679978151609105907482444308698177337646484375000000000e-02
1.9056574091251228530996542076536570675671100616455078125000000000e-02
1.9050913351185888577887794781418051570653915405273437500000000000e-02
1.9045252867460768508856006064888788387179374694824218750000000000e-02
1.9039592640052650784898702340797171927988529205322265625000000000e-02
1.9033932668938345622589025651905103586614131927490234375000000000e-02
1.9028272954094607727348886783147463575005531311035156250000000000e-02
1.9022613495498233437963619962829397991299629211425781250000000000e-02
1.9016954293126046848794175048169563524425029754638671875000000000e-02
1.9011295346954823481944174545787973329424858093261718750000000000e-02
1.9005636656961359676198952683989773504436016082763671875000000000e-02
1.8999978223122486464813363227221998386085033416748046875000000000e-02
1.8994320045415048758830067754388437606394290924072265625000000000e-02
1.8988662123815773508095361421510460786521434783935546875000000000e-02
1.8983004458301519501439713621948612853884696960449218750000000000e-02
1.8977347048849124711011882027378305792808532714843750000000000000e-02
1.8971689895435413231172816495018196292221546173095703125000000000e-02
1.8966032998037174461813947345945052802562713623046875000000000000e-02
1.8960376356631246375084032251834287308156490325927734375000000000e-02
1.8954719971194494698707444513274822384119033813476562500000000000e-02
1.8949063841703708832575614451343426480889320373535156250000000000e-02
1.8943407968135747565519011459400644525885581970214843750000000000e-02
1.8937752350467469686368104930807021446526050567626953125000000000e-02
1.8932096988675706228377748630009591579437255859375000000000000000e-02
1.8926441882737302102590604135912144556641578674316406250000000000e-02
1.8920787032629088342261525212961714714765548706054687500000000000e-02
1.8915132438327951491796596883432357572019100189208984375000000000e-02
1.8909478099810750340026288540684618055820465087890625000000000000e-02
1.8903824017054315920205453949165530502796173095703125000000000000e-02
1.8898170190035527837846274223920772783458232879638671875000000000e-02
1.8892516618731279576248738294452778063714504241943359375000000000e-02
1.8886863303118402168667699925208580680191516876220703125000000000e-02
1.8881210243173768281721436324005480855703353881835937500000000000e-02
1.8875557438874264459816032513117534108459949493408203125000000000e-02
1.8869904890196798064039285236503928899765014648437500000000000000e-02
1.8864252597118193188752144351383321918547153472900390625000000000e-02
1.8858600559615391889511926137856789864599704742431640625000000000e-02
1.8852948777665239077361292174828122369945049285888671875000000000e-02
1.8847297251244669868963654835170018486678600311279296875000000000e-02
1.8841645980330543053149483512243023142218589782714843750000000000e-02
1.8835994964899765991006574950006324797868728637695312500000000000e-02
1.8830344204929273799198341521332622505724430084228515625000000000e-02
1.8824693700395897510979636990668950602412223815917968750000000000e-02
1.8819043451276599998589489359801518730819225311279296875000000000e-02
1.8813393457548288623115695372689515352249145507812500000000000000e-02
1.8807743719187877684539955680520506575703620910644531250000000000e-02
1.8802094236172239849480547491111792623996734619140625000000000000e-02
1.8796445008478344929070402713477960787713527679443359375000000000e-02
1.8790796036083128039972933720491710118949413299560546875000000000e-02
1.8785147318963454909912513812741963192820549011230468750000000000e-02
1.8779498857096288411128170992014929652214050292968750000000000000e-02
1.8773850650458563660283317631183308549225330352783203125000000000e-02
1.8768202699027236590723077824804931879043579101562500000000000000e-02
1.8762555002779214563535248316838988102972507476806640625000000000e-02
1.8756907561691411878701529758473043330013751983642578125000000000e-02
1.8751260375740839980718277502091950736939907073974609375000000000e-02
1.8745613444904427047355000013340031728148460388183593750000000000e-02
1.8739966769159080439699494036176474764943122863769531250000000000e-02
1.8734320348481804663354211015757755376398563385009765625000000000e-02
1.8728674182849555651664275046641705557703971862792968750000000000e-02
1.8723028272239254643505290687244269065558910369873046875000000000e-02
1.8717382616627892266691901568265166133642196655273437500000000000e-02
1.8711737215992417515675327877033851109445095062255859375000000000e-02
1.8706092070309855712739732780391932465136051177978515625000000000e-02
1.8700447179557107280079009115070221014320850372314453125000000000e-02
1.8694802543711190601083416140681947581470012664794921875000000000e-02
1.8689158162749061609098077951784944161772727966308593750000000000e-02
1.8683514036647752565301061622449196875095367431640625000000000000e-02
1.8677870165384170830780163896633894182741641998291015625000000000e-02
1.8672226548935369483395163570094155147671699523925781250000000000e-02
1.8666583187278325273172896459072944708168506622314453125000000000e-02
1.8660940080390008011246294472584850154817104339599609375000000000e-02
1.8655297228247436081005616870243102312088012695312500000000000000e-02
1.8649654630827600110265507282747421413660049438476562500000000000e-02
1.8644012288107532360204032784167793579399585723876953125000000000e-02
1.8638370200064202641954125283518806099891662597656250000000000000e-02
1.8632728366674643216693851854870445095002651214599609375000000000e-02
1.8627086787915886345601279572292696684598922729492187500000000000e-02
1.8621445463764894900915436437571770511567592620849609375000000000e-02
1.8615804394198721960496101246462785638868808746337890625000000000e-02
1.8610163579194378968839629351350595243275165557861328125000000000e-02
1.8604523018728946759381415176903828978538513183593750000000000000e-02
1.8598882712779360448784871095995185896754264831542968750000000000e-02
1.8593242661322707809379295440521673299372196197509765625000000000e-02
1.8587602864336028041236659191781654953956604003906250000000000000e-02
1.8581963321796360344428933331073494628071784973144531250000000000e-02
1.8576324033680709224558569303553667850792407989501953125000000000e-02
1.8570684999966148576167057626662426628172397613525390625000000000e-02
1.8565046220629752293795888817840022966265678405761718750000000000e-02
1.8559407695648517944153610415014554746448993682861328125000000000e-02
1.8553769424999519421781712935626273974776268005371093750000000000e-02
1.8548131408659802865646071268201922066509723663330078125000000000e-02
1.8542493646606490742545503280780394561588764190673828125000000000e-02
1.8536856138816566741400748696833034045994281768798828125000000000e-02
1.8531218885267118634541105848256847821176052093505859375000000000e-02
1.8525581885935227255401969159720465540885925292968750000000000000e-02
1.8519945140798001192994348684806027449667453765869140625000000000e-02
1.8514308649832451891814599775898386724293231964111328125000000000e-02
1.8508672413015687940873732486579683609306812286376953125000000000e-02
1.8503036430324797112501045148746925406157970428466796875000000000e-02
1.8497400701736860240131932187068741768598556518554687500000000000e-02
1.8491765227228944279413980211757007054984569549560546875000000000e-02
1.8486130006778157819358199276393861509859561920166015625000000000e-02
1.8480495040361616387869503341789823025465011596679687500000000000e-02
1.8474860327956380001701575110928388312458992004394531250000000000e-02
1.8469225869539557249865424637391697615385055541992187500000000000e-02
1.8463591665088263660265965881990268826484680175781250000000000000e-02
1.8457957714579628638595920619991375133395195007324218750000000000e-02
1.8452324017990719140502875461606890894472599029541015625000000000e-02
1.8446690575298650693891744367647334001958370208740234375000000000e-02
1.8441057386480587398924768649521865881979465484619140625000000000e-02
1.8435424451513575394567823195757227949798107147216796875000000000e-02
1.8429791770374799597664861039447714574635028839111328125000000000e-02
1.8424159343041347780545180512490333057940006256103515625000000000e-02
1.8418527169490377104477119019065867178142070770263671875000000000e-02
1.8412895249698996158471686612756457179784774780273437500000000000e-02
1.8407263583644341287115508976057753898203372955322265625000000000e-02
1.8401632171303555773889115698693785816431045532226562500000000000e-02
1.8396001012653810657848651999302092008292675018310546875000000000e-02
1.8390370107672179833535608395322924479842185974121093750000000000e-02
1.8384739456335862095581745734307332895696163177490234375000000000e-02
1.8379109058622007666361497513207723386585712432861328125000000000e-02
1.8373478914507759829355393321748124435544013977050781250000000000e-02
1.8367849023970247990256154935195809230208396911621093750000000000e-02
1.8362219386986664004801639293873449787497520446777343750000000000e-02
1.8356590003534192789835799430875340476632118225097656250000000000e-02
1.8350960873589935995475741492555243894457817077636718750000000000e-02
1.8345331997131099355247130233692587353289127349853515625000000000e-02
1.8339703374134860847100014780153287574648857116699218750000000000e-02
1.8334075004578391510090540350574883632361888885498046875000000000e-02
1.8328446888438848505487044349138159304857254028320312500000000000e-02
1.8322819025693416750133479808937408961355686187744140625000000000e-02
1.8317191416319329733131127113665570504963397979736328125000000000e-02
1.8311564060293696043490996316904784180223941802978515625000000000e-02
1.8305936957593756109208271709576365537941455841064453125000000000e-02
1.8300310108196674030445194603089476004242897033691406250000000000e-02
1.8294683512079711051878661010050564073026180267333984375000000000e-02
1.8289057169219975762519680984041769988834857940673828125000000000e-02
1.8283431079594722468151246630441164597868919372558593750000000000e-02
1.8277805243181177718980734425713308155536651611328125000000000000e-02
1.8272179659956484798488673959582229144871234893798828125000000000e-02
1.8266554329897904951351961244654376059770584106445312500000000000e-02
1.8260929252982636972202357128480798564851284027099609375000000000e-02
1.8255304429187914350141141994754434563219547271728515625000000000e-02
1.8249679858490935879800076691026333719491958618164062500000000000e-02
1.8244055540868907294704825972075923345983028411865234375000000000e-02
1.8238431476299138411789613201108295470476150512695312500000000000e-02
1.8232807664758751697853256246162345632910728454589843750000000000e-02
1.8227184106225056969829978470443165861070156097412109375000000000e-02
1.8221560800675246083457636814273428171873092651367187500000000000e-02
1.8215937748086580283413127290259581059217453002929687500000000000e-02
1.8210314948436334692161153725464828312397003173828125000000000000e-02
1.8204692401701687287651765245755086652934551239013671875000000000e-02
1.8199070107859920131243569585421937517821788787841796875000000000e-02
1.8193448066888308345401270571528584696352481842041015625000000000e-02
1.8187826278764064602544436866082833148539066314697265625000000000e-02
1.8182204743464464025137772296147886663675308227539062500000000000e-02
1.8176583460966781735645980688786949031054973602294921875000000000e-02
1.8170962431248251223170342427692958153784275054931640625000000000e-02
1.8165341654286140671281657432700740173459053039550781250000000000e-02
1.8159721130057752958020245159787009470164775848388671875000000000e-02
1.8154100858540356266956905528786592185497283935546875000000000000e-02
1.8148480839711191026086822830620803870260715484619140625000000000e-02
1.8142861073547553174556412614037981256842613220214843750000000000e-02
1.8137241560026752529299898242243216373026371002197265625000000000e-02
1.8131622299126064212781983542299713008105754852294921875000000000e-02
1.8126003290822735591891756712357164360582828521728515625000000000e-02
1.8120384535094083422457345022849040105938911437988281250000000000e-02
1.8114766031917452215882491373122320510447025299072265625000000000e-02
1.8109147781270047705692860517956432886421680450439453125000000000e-02
1.8103529783129228281080003171155112795531749725341796875000000000e-02
1.8097912037472289881190334881466696970164775848388671875000000000e-02
1.8092294544276556200745886826553032733500003814697265625000000000e-02
1.8086677303519274606635747204563813284039497375488281250000000000e-02
1.8081060315177817365839274543759529478847980499267578125000000000e-02
1.8075443579229480417502884392888518050312995910644531250000000000e-02
1.8069827095651615211924223558526136912405490875244140625000000000e-02
1.8064210864421476054886284146050456911325454711914062500000000000e-02
1.8058594885516442152262328590950346551835536956787109375000000000e-02
1.8052979158913837198774388070887653157114982604980468750000000000e-02
1.8047363684590964072462782041839091107249259948730468750000000000e-02
1.8041748462525174223625157310380018316209316253662109375000000000e-02
1.8036133492693798285877448961400659754872322082519531250000000000e-02
1.8030518775074201587305111615933128632605075836181640625000000000e-02
1.8024904309643693944842368637182516977190971374511718750000000000e-02
1.8019290096379626808786866831724182702600955963134765625000000000e-02
1.8013676135259372446117964727818616665899753570556640625000000000e-02
1.8008062426260303123815020853726309724152088165283203125000000000e-02
1.8002448969359700903236642943738843314349651336669921875000000000e-02
1.7996835764534951929149997340573463588953018188476562500000000000e-02
1.7991222811763483979685673830317682586610317230224609375000000000e-02
1.7985610111022565238414472332806326448917388916015625000000000000e-02
1.7979997662289623483466982634126907214522361755371093750000000000e-02
1.7974385465542003226246947633626405149698257446289062500000000000e-02
1.7968773520757125305991053210163954645395278930664062500000000000e-02
1.7963161827912292600739618819716270081698894500732421875000000000e-02
1.7957550386984939827517138155599241144955158233642578125000000000e-02
1.7951939197952411497727354117159848101437091827392578125000000000e-02
1.7946328260792163145076472119399113580584526062011718750000000000e-02
1.7940717575481483769817003803836996667087078094482421875000000000e-02
1.7935107141997842783442962399931275285780429840087890625000000000e-02
1.7929496960318626330721514250399195589125156402587890625000000000e-02
1.7923887030421199739738113976272870786488056182861328125000000000e-02
1.7918277352282976910835543549183057621121406555175781250000000000e-02
1.7912667925881357866568777126303757540881633758544921875000000000e-02
1.7907058751193791201750116215407615527510643005371093750000000000e-02
1.7901449828197635305571111530298367142677307128906250000000000000e-02
1.7895841156870317956162352857063524425029754638671875000000000000e-02
1.7890232737189273870548333889018977060914039611816406250000000000e-02
1.7884624569131923887965740505023859441280364990234375000000000000e-02
1.7879016652675661092075642955023795366287231445312500000000000000e-02
1.7873408987797913261008631025106296874582767486572265625000000000e-02
1.7867801574476163684046525759185897186398506164550781250000000000e-02
1.7862194412687763811486973963837954215705394744873046875000000000e-02
1.7856587502410196932611796682977001182734966278076171875000000000e-02
1.7850980843620897764445487609918927773833274841308593750000000000e-02
1.7845374436297314901800348252436378970742225646972656250000000000e-02
1.7839768280416876122806968396616866812109947204589843750000000000e-02
1.7834162375957002266702033921319525688886642456054687500000000000e-02
1.7828556722895183561661269777687266469001770019531250000000000000e-02
1.7822951321208896358072593102406244724988937377929687500000000000e-02
1.7817346170875540678490978052650461904704570770263671875000000000e-02
1.7811741271872572056622630043420940637588500976562500000000000000e-02
1.7806136624177522354006697469230857677757740020751953125000000000e-02
1.7800532227767784654304250580025836825370788574218750000000000000e-02
1.7794928082620863063478822141405544243752956390380859375000000000e-02
1.7789324188714199237448809753914247266948223114013671875000000000e-02
1.7783720546025331976647265719293500296771526336669921875000000000e-02
1.7778117154531654364735260287488927133381366729736328125000000000e-02
1.7772514014210691324358037945785326883196830749511718750000000000e-02
1.7766911125039933083691323645325610414147377014160156250000000000e-02
1.7761308486996869870910842337252688594162464141845703125000000000e-02
1.7755706100058957219722799436567584052681922912597656250000000000e-02
1.7750103964203685358302919894413207657635211944580078125000000000e-02
1.7744502079408613903765967734216246753931045532226562500000000000e-02
1.7738900445651177573136436649292591027915477752685546875000000000e-02
1.7733299062908894350165667219698661938309669494628906250000000000e-02
1.7727697931159303035286711747176013886928558349609375000000000000e-02
1.7722097050379852223311871739497291855514049530029296875000000000e-02
1.7716496420548073775780295591175672598183155059814453125000000000e-02
1.7710896041641499554231131696724332869052886962890625000000000000e-02
1.7705295913637647542415720636199694126844406127929687500000000000e-02
1.7699696036514007968509787360744667239487171173095703125000000000e-02
1.7694096410248126571840288079329184256494045257568359375000000000e-02
1.7688497034817507458370755557552911341190338134765625000000000000e-02
1.7682897910199738000791569447756046429276466369628906250000000000e-02
1.7677299036372280671702839072167989797890186309814453125000000000e-02
1.7671700413312681210431520639758673496544361114501953125000000000e-02
1.7666102040998526989667993802868295460939407348632812500000000000e-02
1.7660503919407301298694079605411388911306858062744140625000000000e-02
1.7654906048516563754624542070814641192555427551269531250000000000e-02
1.7649308428303867035680241315276362001895904541015625000000000000e-02
1.7643711058746784636763749176679993979632854461669921875000000000e-02
1.7638113939822841480520310142310336232185363769531250000000000000e-02
1.7632517071509583306276880421137320809066295623779296875000000000e-02
1.7626920453784576670042127943816012702882289886474609375000000000e-02
1.7621324086625443638975951898828498087823390960693359375000000000e-02
1.7615727970009639746784557701175799593329429626464843750000000000e-02
1.7610132103914807877309556261025136336684226989746093750000000000e-02
1.7604536488318535403241327230716706253588199615478515625000000000e-02
1.7598941123198319491649499468621797859668731689453125000000000000e-02
1.7593346008531789148587876070450874976813793182373046875000000000e-02
1.7587751144296510930065124966859002597630023956298828125000000000e-02
1.7582156530470079147665529717414756305515766143798828125000000000e-02
1.7576562167030060357397758252773201093077659606933593750000000000e-02
1.7570968053954062748633901946959667839109897613525390625000000000e-02
1.7565374191219666755170436545085976831614971160888671875000000000e-02
1.7559780578804487505273357328405836597084999084472656250000000000e-02
1.7554187216686091554951332227574312128126621246337890625000000000e-02
1.7548594104842094032470356523845111951231956481933593750000000000e-02
1.7543001243250123943884233312928699888288974761962890625000000000e-02
1.7537408631887727028519918803795007988810539245605468750000000000e-02
1.7531816270732553109112927813839633017778396606445312500000000000e-02
1.7526224159762231191717063438773038797080516815185546875000000000e-02
1.7520632298954376404598320959848933853209018707275390625000000000e-02
1.7515040688286562242659272214950760826468467712402343750000000000e-02
1.7509449327736438528635432021474116481840610504150390625000000000e-02
1.7503858217281627329686699567901086993515491485595703125000000000e-02
1.7498267356899778468548589671627269126474857330322265625000000000e-02
1.7492676746568493195699289799449616111814975738525390625000000000e-02
1.7487086386265407456086506954306969419121742248535156250000000000e-02
1.7481496275968191889127467675280058756470680236816406250000000000e-02
1.7475906415654440806406455521937459707260131835937500000000000000e-02
1.7470316805301824847340697033359901979565620422363281250000000000e-02
1.7464727444887979956877899212486227042973041534423828125000000000e-02
1.7459138334390576774435288598397164605557918548583984375000000000e-02
1.7453549473787223489384956565118045546114444732666015625000000000e-02
1.7447960863055611557825841373414732515811920166015625000000000000e-02
1.7442372502173369985811746118997689336538314819335937500000000000e-02
1.7436784391118231862805032506003044545650482177734375000000000000e-02
1.7431196529867756805920464557857485488057136535644531250000000000e-02
1.7425608918399677904620403978697140701115131378173828125000000000e-02
1.7420021556691658859428173400374362245202064514160156250000000000e-02
1.7414434444721349493079287640284746885299682617187500000000000000e-02
1.7408847582466448200566588866422534920275211334228515625000000000e-02
1.7403260969904618682413399710640078410506248474121093750000000000e-02
1.7397674607013573211400370155388372950255870819091796875000000000e-02
1.7392088493770940793581303296377882361412048339843750000000000000e-02
1.7386502630154454518418560837744735181331634521484375000000000000e-02
1.7380917016141798903117177133026416413486003875732421875000000000e-02
1.7375331651710665403776090442988788709044456481933593750000000000e-02
1.7369746536838731598706431213940959423780441284179687500000000000e-02
1.7364161671503723638476657242790679447352886199951171875000000000e-02
1.7358577055683353795867418511988944374024868011474609375000000000e-02
1.7352992689355271893614229838931350968778133392333984375000000000e-02
1.7347408572497238776755068556667538359761238098144531250000000000e-02
1.7341824705086945901388872925963369198143482208251953125000000000e-02
1.7336241087102133295871908558183349668979644775390625000000000000e-02
1.7330657718520478538515305899636587128043174743652343750000000000e-02
1.7325074599319707779887522747230832464993000030517578125000000000e-02
1.7319491729477581865026536434015724807977676391601562500000000000e-02
1.7313909108971820005606900849670637398958206176757812500000000000e-02
1.7308326737780106718833650347733055241405963897705078125000000000e-02
1.7302744615880216727532570075709372758865356445312500000000000000e-02
1.7297162743249896998953829552192473784089088439941406250000000000e-02
1.7291581119866838989196367037948220968246459960937500000000000000e-02
1.7285999745708803543298159866026253439486026763916015625000000000e-02
1.7280418620753565384084993183932965621352195739746093750000000000e-02
1.7274837744978829845443613066890975460410118103027343750000000000e-02
1.7269257118362364711305900755178299732506275177001953125000000000e-02
1.7263676740881910010028121860159444622695446014404296875000000000e-02
1.7258096612515254342223869343797559849917888641357421875000000000e-02
1.7252516733240158552931120539142284542322158813476562500000000000e-02
1.7246937103034348792718333243101369589567184448242187500000000000e-02
1.7241357721875592845517388695952831767499446868896484375000000000e-02
1.7235778589741707067517495488573331385850906372070312500000000000e-02
1.7230199706610410670393207510642241686582565307617187500000000000e-02
1.7224621072459499193652021631351090036332607269287109375000000000e-02
1.7219042687266754299013626905434648506343364715576171875000000000e-02
1.7213464551009950709303808480399311520159244537353515625000000000e-02
1.7207886663666863147348351503751473501324653625488281250000000000e-02
1.7202309025215266335973041122997528873383998870849609375000000000e-02
1.7196731635633025203624413279612781479954719543457031250000000000e-02
1.7191154494897845084189214048819849267601966857910156250000000000e-02
1.7185577602987542333856652021495392546057701110839843750000000000e-02
1.7180000959879933308815935788516071625053882598876953125000000000e-02
1.7174424565552841304150177847986924462020397186279296875000000000e-02
1.7168848419984006348215643811272457242012023925781250000000000000e-02
1.7163272523151286430564965712619596160948276519775390625000000000e-02
1.7157696875032490968493448235676623880863189697265625000000000000e-02
1.7152121475605394684826876527949934825301170349121093750000000000e-02
1.7146546324847820874648363087544566951692104339599609375000000000e-02
1.7140971422737634466404443855935824103653430938720703125000000000e-02
1.7135396769252637938496519609543611295521259307861328125000000000e-02
1.7129822364370606013750375495874322950839996337890625000000000000e-02
1.7124248208069438315082066992545151151716709136962890625000000000e-02
1.7118674300326916504211283154290867969393730163574218750000000000e-02
1.7113100641120919387372367737043532542884349822998046875000000000e-02
1.7107527230429221687391105888309539295732975006103515625000000000e-02
1.7101954068229723027183553085706080310046672821044921875000000000e-02
1.7096381154500239762938917920109815895557403564453125000000000000e-02
1.7090808489218616006422024611310916952788829803466796875000000000e-02
1.7085236072362695869397697379099554382264614105224609375000000000e-02
1.7079663903910337341418568257722654379904270172119140625000000000e-02
1.7074091983839419228718981003112276084721088409423828125000000000e-02
1.7068520312127744009700336391688324511051177978515625000000000000e-02
1.7062948888753225185066497715524747036397457122802734375000000000e-02
1.7057377713693692988794481379954959265887737274169921875000000000e-02
1.7051806786927060921588150677052908577024936676025390625000000000e-02
1.7046236108431138400742810290466877631843090057373046875000000000e-02
1.7040665678183818110280611790585680864751338958740234375000000000e-02
1.7035095496163006612011514562254888005554676055908203125000000000e-02
1.7029525562346534139912535010807914659380912780761718750000000000e-02
1.7023955876712300316899728613861952908337116241455078125000000000e-02
1.7018386439238183949207439127349061891436576843261718750000000000e-02
1.7012817249902133232009049379485077224671840667724609375000000000e-02
1.7007248308681936765918152332233148626983165740966796875000000000e-02
1.7001679615555563562789842535494244657456874847412109375000000000e-02
1.6996111170500857734388944209058536216616630554199218750000000000e-02
1.6990542973495781353676647995598614215850830078125000000000000000e-02
1.6984975024518185471311682022133027203381061553955078125000000000e-02
1.6979407323545976649104005673507344909012317657470703125000000000e-02
1.6973839870557089204439193963480647653341293334960937500000000000e-02
1.6968272665529415821339398462441749870777130126953125000000000000e-02
1.6962705708440863061614578555236221291124820709228515625000000000e-02
1.6957138999269365242650309255623142234981060028076171875000000000e-02
1.6951572537992863620726069484589970670640468597412109375000000000e-02
1.6946006324589209246500587369155255146324634552001953125000000000e-02
1.6940440359036398887404573088133474811911582946777343750000000000e-02
1.6934874641312311349672370397456688806414604187011718750000000000e-02
1.6929309171394929522946881661482620984315872192382812500000000000e-02
1.6923743949262139152356354543371708132326602935791015625000000000e-02
1.6918178974891888433074171871339785866439342498779296875000000000e-02
1.6912614248262167193637139916972955688834190368652343750000000000e-02
1.6907049769350847301385698528974899090826511383056640625000000000e-02
1.6901485538135897768174942257246584631502628326416015625000000000e-02
1.6895921554595280666966061744460603222250938415527343750000000000e-02
1.6890357818706965009614151540517923422157764434814453125000000000e-02
1.6884794330448864296823074937492492608726024627685546875000000000e-02
1.6879231089798940601554022578056901693344116210937500000000000000e-02
1.6873668096735183752343800733797252178192138671875000000000000000e-02
1.6868105351235562761047503954614512622356414794921875000000000000e-02
1.6862542853278011945050707254267763346433639526367187500000000000e-02
1.6856980602840514193996312997114728204905986785888671875000000000e-02
1.6851418599901059336421127454741508699953556060791015625000000000e-02
1.6845856844437574750816821733678807504475116729736328125000000000e-02
1.6840295336428091899083625548882992006838321685791015625000000000e-02
1.6834734075850552037501017821341520175337791442871093750000000000e-02
1.6829173062682993566863132173239137046039104461669921875000000000e-02
1.6823612296903343865661639711106545291841030120849609375000000000e-02
1.6818051778489613579115058428214979358017444610595703125000000000e-02
1.6812491507419820291335810225064051337540149688720703125000000000e-02
1.6806931483671912197497277929869596846401691436767578125000000000e-02
1.6801371707223934637287499072044738568365573883056640625000000000e-02
1.6795812178053856622561568201490445062518119812011718750000000000e-02
1.6790252896139737370795330662076594308018684387207031250000000000e-02
1.6784693861459511199374361467562266625463962554931640625000000000e-02
1.6779135073991230386880602054588962346315383911132812500000000000e-02
1.6773576533712926395214282138113048858940601348876953125000000000e-02
1.6768018240602554358442688453578739427030086517333984375000000000e-02
1.6762460194638173494041666344855912029743194580078125000000000000e-02
1.6756902395797815263911445526900934055447578430175781250000000000e-02
1.6751344844059511129952255714670172892510890960693359375000000000e-02
1.6745787539401264798488710994206485338509082794189453125000000000e-02
1.6740230481801093853633233266009483486413955688476562500000000000e-02
1.6734673671237050573967763966720667667686939239501953125000000000e-02
1.6729117107687208054755956254666671156883239746093750000000000000e-02
1.6723560791129556124534616401433595456182956695556640625000000000e-02
1.6718004721542154000779589750891318544745445251464843750000000000e-02
1.6712448898903081717648433368594851344823837280273437500000000000e-02
1.6706893323190308286996241804445162415504455566406250000000000000e-02
1.6701337994381955376343995567367528565227985382080078125000000000e-02
1.6695782912456047508698020465089939534664154052734375000000000000e-02
1.6690228077390671657109777470395783893764019012451171875000000000e-02
1.6684673489163845405691688483784673735499382019042968750000000000e-02
1.6679119147753655727495214478039997629821300506591796875000000000e-02
1.6673565053138161839996200797031633555889129638671875000000000000e-02
1.6668011205295478471821724042456480674445629119873046875000000000e-02
1.6662457604203588512614686578672262839972972869873046875000000000e-02
1.6656904249840641385471684543517767451703548431396484375000000000e-02
1.6651351142184703246762467188091250136494636535644531250000000000e-02
1.6645798281213826375068975949034211225807666778564453125000000000e-02
1.6640245666906111621230479613586794584989547729492187500000000000e-02
1.6634693299239639019404535247304011136293411254882812500000000000e-02
1.6629141178192530237112123359111137688159942626953125000000000000e-02
1.6623589303742844491829089292878052219748497009277343750000000000e-02
1.6618037675868661817712990114159765653312206268310546875000000000e-02
1.6612486294548117760072614146338310092687606811523437500000000000e-02
1.6606935159759333986428941898338962346315383911132812500000000000e-02
1.6601384271480341958682203085118089802563190460205078125000000000e-02
1.6595833629689298038822897751742857508361339569091796875000000000e-02
1.6590283234364337772159814221595297567546367645263671875000000000e-02
1.6584733085483513437274893931316910311579704284667968750000000000e-02
1.6579183183024953640583021297061350196599960327148437500000000000e-02
1.6573633526966800866286888549439026974141597747802734375000000000e-02
1.6568084117287204537483091826288728043437004089355468750000000000e-02
1.6562534953964196116071860842566820792853832244873046875000000000e-02
1.6556986036975994414088830808395869098603725433349609375000000000e-02
1.6551437366300679465691558789330883882939815521240234375000000000e-02
1.6545888941916435388446160459352540783584117889404296875000000000e-02
1.6540340763801328338722385069559095427393913269042968750000000000e-02
1.6534792831933549372980252201159601099789142608642578125000000000e-02
1.6529245146291254853210261899221222847700119018554687500000000000e-02
1.6523697706852524813569971229298971593379974365234375000000000000e-02
1.6518150513595543371625495865373522974550724029541015625000000000e-02
1.6512603566498453011579528038055286742746829986572265625000000000e-02
1.6507056865539465606573799050238449126482009887695312500000000000e-02
1.6501510410696654251871962060249643400311470031738281250000000000e-02
1.6495964201948203065040132742069545201957225799560546875000000000e-02
1.6490418239272303102538330676907207816839218139648437500000000000e-02
1.6484872522647103787463152002601418644189834594726562500000000000e-02
1.6479327052050768420699000671447720378637313842773437500000000000e-02
1.6473781827461460303130280635741655714809894561767578125000000000e-02
1.6468236848857412124580434920062543824315071105957031250000000000e-02
1.6462692116216703919207020589965395629405975341796875000000000000e-02
1.6457147629517575315727384577257907949388027191162109375000000000e-02
1.6451603388738196553919834741464001126587390899658203125000000000e-02
1.6446059393856793384713910199934616684913635253906250000000000000e-02
1.6440515644851501353418399276051786728203296661376953125000000000e-02
1.6434972141700511516493321551024564541876316070556640625000000000e-02
1.6429428884382049624868216142203891649842262268066406250000000000e-02
1.6423885872874320612790910445255576632916927337646484375000000000e-02
1.6418343107155473903358000598018406890332698822021484375000000000e-02
1.6412800587203756064180737439528456889092922210693359375000000000e-02
1.6407258312997378968400852272679912857711315155029296875000000000e-02
1.6401716284514512855796652956996695138514041900634765625000000000e-02
1.6396174501733383477297678609829745255410671234130859375000000000e-02
1.6390632964632209644939564441301627084612846374511718750000000000e-02
1.6385091673189251804121369104905170388519763946533203125000000000e-02
1.6379550627382652439045784831250784918665885925292968750000000000e-02
1.6374009827190678934005774181059678085148334503173828125000000000e-02
1.6368469272591598673294299715053057298064231872558593750000000000e-02
1.6362928963563547202220149756612954661250114440917968750000000000e-02
1.6357388900084812721757998588145710527896881103515625000000000000e-02
1.6351849082133627921731289234230644069612026214599609375000000000e-02
1.6346309509688232430857368626675452105700969696044921875000000000e-02
1.6340770182726858938959679790059453807771205902099609375000000000e-02
1.6335231101227733196967761841733590699732303619384765625000000000e-02
1.6329692265169136466962385156875825487077236175537109375000000000e-02
1.6324153674529336133236512296207365579903125762939453125000000000e-02
1.6318615329286502435568451119252131320536136627197265625000000000e-02
1.6313077229418958269402395444558351300656795501708984375000000000e-02
1.6307539374904977957925211740075610578060150146484375000000000000e-02
1.6302001765722752557596919587012962438166141510009765625000000000e-02
1.6296464401850584147180001082233502529561519622802734375000000000e-02
1.6290927283266733172073514879230060614645481109619140625000000000e-02
1.6285390409949508649933846982094109989702701568603515625000000000e-02
1.6279853781877129392796632600948214530944824218750000000000000000e-02
1.6274317399027883601636546018198714591562747955322265625000000000e-02
1.6268781261380080294109973237937083467841148376464843750000000000e-02
1.6263245368911959098934261191971017979085445404052734375000000000e-02
1.6257709721601835972659699791620369069278240203857421875000000000e-02
1.6252174319427978299579251597606344148516654968261718750000000000e-02
1.6246639162368695097349302614020416513085365295410156250000000000e-02
1.6241104250402253750262815401583793573081493377685546875000000000e-02
1.6235569583506963275976175964387948624789714813232421875000000000e-02
1.6230035161661125753251866399295977316796779632568359375000000000e-02
1.6224500984843071016427984432084485888481140136718750000000000000e-02
1.6218967053031038694221876994561171159148216247558593750000000000e-02
1.6213433366203365559865545719731017015874385833740234375000000000e-02
1.6207899924338409203272703962284140288829803466796875000000000000e-02
1.6202366727414416192054602561256615445017814636230468750000000000e-02
1.6196833775409716360549339242425048723816871643066406250000000000e-02
1.6191301068302639543095011731566046364605426788330078125000000000e-02
1.6185768606071529451817525568912969902157783508300781250000000000e-02
1.6180236388694674287691555036872159689664840698242187500000000000e-02
1.6174704416150417762843005675676977261900901794433593750000000000e-02
1.6169172688417082772716071303875651210546493530273437500000000000e-02
1.6163641205473019968330561368929920718073844909667968750000000000e-02
1.6158109967296545306236765782159636728465557098388671875000000000e-02
1.6152578973866016376348397898254916071891784667968750000000000000e-02
1.6147048225159763013003555442992364987730979919433593750000000000e-02
1.6141517721156135867222047863833722658455371856689453125000000000e-02
1.6135987461833464773341972886555595323443412780761718750000000000e-02
1.6130457447170114260170947773076477460563182830810546875000000000e-02
1.6124927677144469673198301506999996490776538848876953125000000000e-02
1.6119398151734819213398708370732492767274379730224609375000000000e-02
1.6113868870919575981837112976791104301810264587402343750000000000e-02
1.6108339834677083690639420865409192629158496856689453125000000000e-02
1.6102811042985720746401057112962007522583007812500000000000000000e-02
1.6097282495823823922354023352454532869160175323486328125000000000e-02
1.6091754193169785502881552474718773737549781799316406250000000000e-02
1.6086226135001990833472973463358357548713684082031250000000000000e-02
1.6080698321298776687360287951378268189728260040283203125000000000e-02
1.6075170752038563104502344458524021320044994354248046875000000000e-02
1.6069643427199707674812856339485733769834041595458984375000000000e-02
1.6064116346760630438250672114008921198546886444091796875000000000e-02
1.6058589510699654290259985600641812197864055633544921875000000000e-02
1.6053062918995233965269164855271810665726661682128906250000000000e-02
1.6047536571625713175404115418132278136909008026123046875000000000e-02
1.6042010468569560532881013159567373804748058319091796875000000000e-02
1.6036484609805085055356244083668570965528488159179687500000000000e-02
1.6030958995310748416152080153551651164889335632324218750000000000e-02
1.6025433625064942899651754260048619471490383148193359375000000000e-02
1.6019908499046067729132403201219858601689338684082031250000000000e-02
1.6014383617232536005658971589582506567239761352539062500000000000e-02
1.6008858979602746952508596223196946084499359130859375000000000000e-02
1.6003334586135189998579164694092469289898872375488281250000000000e-02
1.5997810436808167222633159099132171832025051116943359375000000000e-02
1.5992286531600188870250178752030478790402412414550781250000000000e-02
1.5986762870489640286919552636391017585992813110351562500000000000e-02
1.5981239453454997023751360529786325059831142425537109375000000000e-02
1.5975716280474623609553219694134895689785480499267578125000000000e-02
1.5970193351526988656541305999780888669192790985107421875000000000e-02
1.5964670666590560776931795317068463191390037536621093750000000000e-02
1.5959148225643697560638401000687736086547374725341796875000000000e-02
1.5953626028664909253240722364353132434189319610595703125000000000e-02
1.5948104075632608955803704020581790246069431304931640625000000000e-02
1.5942582366525279158331329654174624010920524597167968750000000000e-02
1.5937060901321326022994639970420394092798233032226562500000000000e-02
1.5931539679999218162009810839663259685039520263671875000000000000e-02
1.5926018702537424187593018132247379980981349945068359375000000000e-02
1.5920497968914412711960437718516914173960685729980468750000000000e-02
1.5914977479108624591752629839902510866522789001464843750000000000e-02
1.5909457233098521500291866459519951604306697845458984375000000000e-02
1.5903937230862599805369939076626906171441078186035156250000000000e-02
1.5898417472379279546945696210968890227377414703369140625000000000e-02
1.5892897957627084848386544990717084147036075592041015625000000000e-02
1.5887378686584463505226949564530514180660247802734375000000000000e-02
1.5881859659229939640834317060580360703170299530029296875000000000e-02
1.5876340875541926356273592091383761726319789886474609375000000000e-02
1.5870822335498954713806085692340275272727012634277343750000000000e-02
1.5865304039079507203435781548250815831124782562255859375000000000e-02
1.5859785986262059376272759436687920242547988891601562500000000000e-02
1.5854268177025121477896618671366013586521148681640625000000000000e-02
1.5848750611347169059417439029857632704079151153564453125000000000e-02
1.5843233289206733183096531547562335617840290069580078125000000000e-02
1.5837716210582282461150072094824281521141529083251953125000000000e-02
1.5832199375452347955839371707043028436601161956787109375000000000e-02
1.5826682783795412157168414069019490852952003479003906250000000000e-02
1.5821166435590026944080221937838359735906124114990234375000000000e-02
1.5815650330814653989897067276615416631102561950683593750000000000e-02
1.5810134469447824356880261120750219561159610748291015625000000000e-02
1.5804618851468096862866730134555837139487266540527343750000000000e-02
1.5799103476853960936754361910061561502516269683837890625000000000e-02
1.5793588345583926824122755760981817729771137237548828125000000000e-02
1.5788073457636553342808838351629674434661865234375000000000000000e-02
1.5782558812990364616180016810176311992108821868896484375000000000e-02
1.5777044411623884767603698264792910777032375335693359375000000000e-02
1.5771530253515630981553385936422273516654968261718750000000000000e-02
1.5766016338644196770335526025519357062876224517822265625000000000e-02
1.5760502666988078501741910031341831199824810028076171875000000000e-02
1.5754989238525814176927752896517631597816944122314453125000000000e-02
1.5749476053235990369305596914273337461054325103759765625000000000e-02
1.5743963111097158957818464841693639755249023437500000000000000000e-02
1.5738450412087823249152052085264585912227630615234375000000000000e-02
1.5732937956186562877824997030984377488493919372558593750000000000e-02
1.5727425743371957478355938064851216040551662445068359375000000000e-02
1.5721913773622558929687897943949792534112930297851562500000000000e-02
1.5716402046916926049657803332593175582587718963623046875000000000e-02
1.5710890563233610717208676987866056151688098907470703125000000000e-02
1.5705379322551234200222580739136901684105396270751953125000000000e-02
1.5699868324848313683173017807348514907062053680419921875000000000e-02
1.5694357570103428800578626578499097377061843872070312500000000000e-02
1.5688847058295193881427564974728738889098167419433593750000000000e-02
1.5683336789402188560238471382035640999674797058105468750000000000e-02
1.5677826763402978593742176371961249969899654388427734375000000000e-02
1.5672316980276136677563414423275389708578586578369140625000000000e-02
1.5666807440000263262902535643661394715309143066406250000000000000e-02
1.5661298142554007373217217491401243023574352264404296875000000000e-02
1.5655789087915872315193155372980982065200805664062500000000000000e-02
1.5650280276064500173394122839454212225973606109619140625000000000e-02
1.5644771706978533032383893441874533891677856445312500000000000000e-02
1.5639263380636508893317682122869882732629776000976562500000000000e-02
1.5633755297017055962971454619037103839218616485595703125000000000e-02
1.5628247456098788570333368852516287006437778472900390625000000000e-02
1.5622739857860341861073294467132654972374439239501953125000000000e-02
1.5617232502280281591922062034427653998136520385742187500000000000e-02
1.5611725389337284541912964641596772707998752593994140625000000000e-02
1.5606218519009909528882928952953079715371131896972656250000000000e-02
1.5600711891276847209653055870148818939924240112304687500000000000e-02
1.5595205506116670279848079871953814290463924407958984375000000000e-02
1.5589699363508041640713486231106799095869064331054687500000000000e-02
1.5584193463429589499025240684204618446528911590576171875000000000e-02
1.5578687805859914305983693338930606842041015625000000000000000000e-02
1.5573182390777692840622137282480252906680107116699218750000000000e-02
1.5567677218161539431928730436993646435439586639404296875000000000e-02
1.5562172287990137797830669796894653700292110443115234375000000000e-02
1.5556667600242102267316113284323364496231079101562500000000000000e-02
1.5551163154896081863842738357561756856739521026611328125000000000e-02
1.5545658951930725610868222474891808815300464630126953125000000000e-02
1.5540154991324744981895378259650897234678268432617187500000000000e-02
1.5534651273056705733655036283380468375980854034423828125000000000e-02
1.5529147797105326278543913076646276749670505523681640625000000000e-02
1.5523644563449283395595301726643810980021953582763671875000000000e-02
1.5518141572067205291585167969969916157424449920654296875000000000e-02
1.5512638822937747928865093172134947963058948516845703125000000000e-02
1.5507136316039629719831793863704660907387733459472656250000000000e-02
1.5501634051351534382412467039102921262383460998535156250000000000e-02
1.5496132028852083184489174527698196470737457275390625000000000000e-02
1.5490630248519994538458632860056241042912006378173828125000000000e-02
1.5485128710333931345566327308915788307785987854003906250000000000e-02
1.5479627414272618957102878312070970423519611358642578125000000000e-02
1.5474126360314692518738155513347010128200054168701171875000000000e-02
1.5468625548438863503974971536081284284591674804687500000000000000e-02
1.5463124978623871141891754632524680346250534057617187500000000000e-02
1.5457624650848329761476662724817288108170032501220703125000000000e-02
1.5452124565091006347383739694123505614697933197021484375000000000e-02
1.5446624721330577678646278627638821490108966827392578125000000000e-02
1.5441125119545769106554899963157367892563343048095703125000000000e-02
1.5435625759715257410142896787874633446335792541503906250000000000e-02
1.5430126641817747124019177817899617366492748260498046875000000000e-02
1.5424627765831998293943883027168340049684047698974609375000000000e-02
1.5419129131736736271207632853474933654069900512695312500000000000e-02
1.5413630739510603140374200847872998565435409545898437500000000000e-02
1.5408132589132386702779342613212065771222114562988281250000000000e-02
1.5402634680580819248607582494514645077288150787353515625000000000e-02
1.5397137013834563679104405764519469812512397766113281250000000000e-02
1.5391639588872393917817760211619315668940544128417968750000000000e-02
1.5386142405673063071613881902521825395524501800537109375000000000e-02
1.5380645464215275675101679553335998207330703735351562500000000000e-02
1.5375148764477777896253485323541099205613136291503906250000000000e-02
1.5369652306439322841935535279844771139323711395263671875000000000e-02
1.5364156090078670557907969396183034405112266540527343750000000000e-02
1.5358660115374511700991888574208132922649383544921875000000000000e-02
1.5353164382305641011416952323997975327074527740478515625000000000e-02
1.5347668890850797718261588897803449071943759918212890625000000000e-02
1.5342173640988755745073746084017329849302768707275390625000000000e-02
1.5336678632698254320931852134890505112707614898681640625000000000e-02
1.5331183865958053491596047024358995258808135986328125000000000000e-02
1.5325689340746961875083798076957464218139648437500000000000000000e-02
1.5320195057043684006004014008794911205768585205078125000000000000e-02
1.5314701014827035441268066051634377799928188323974609375000000000e-02
1.5309207214075755409954382457726751454174518585205078125000000000e-02
1.5303713654768659468974334458835073746740818023681640625000000000e-02
1.5298220336884486847406350307210232131183147430419921875000000000e-02
1.5292727260402039224373993420158512890338897705078125000000000000e-02
1.5287234425300090523425211586072691716253757476806640625000000000e-02
1.5281741831557463240365279943944187834858894348144531250000000000e-02
1.5276249479152896604272626746023888699710369110107421875000000000e-02
1.5270757368065206172058623224074835889041423797607421875000000000e-02
1.5265265498273221378422448424316826276481151580810546875000000000e-02
1.5259773869755667574654722784543992020189762115478515625000000000e-02
1.5254282482491381134348529258204507641494274139404296875000000000e-02
1.5248791336459177614415239077061414718627929687500000000000000000e-02
1.5243300431637886449554031287334510125219821929931640625000000000e-02
1.5237809768006246868843334141274681314826011657714843750000000000e-02
1.5232319345543129940345750128471991047263145446777343750000000000e-02
1.5226829164227323465397034851775970309972763061523437500000000000e-02
1.5221339224037677695378079079091548919677734375000000000000000000e-02
1.5215849524952945737155118877126369625329971313476562500000000000e-02
1.5210360066952012536578564549927250482141971588134765625000000000e-02
1.5204870850013728345029306865399121306836605072021484375000000000e-02
1.5199381874116832391585774075792869552969932556152343750000000000e-02
1.5193893139240209622098376485155313275754451751708984375000000000e-02
1.5188404645362682532372389232477871701121330261230468750000000000e-02
1.5182916392463122190470414807350607588887214660644531250000000000e-02
1.5177428380520316397728208812623051926493644714355468750000000000e-02
1.5171940609513150099996181552342022769153118133544921875000000000e-02
1.5166453079420438854185704258270561695098876953125000000000000000e-02
1.5160965790221060667253283327227109111845493316650390625000000000e-02
1.5155478741893831096110289990974706597626209259033203125000000000e-02
1.5149991934417642025501038460788549855351448059082031250000000000e-02
1.5144505367771336767912515597345191054046154022216796875000000000e-02
1.5139019041933751696937804354092804715037345886230468750000000000e-02
1.5133532956883764819533411127849831245839595794677734375000000000e-02
1.5128047112600247203761938408206333406269550323486328125000000000e-02
1.5122561509062083795473796499209129251539707183837890625000000000e-02
1.5117076146248104029368164447078015655279159545898437500000000000e-02
1.5111591024137213667977164277544943615794181823730468750000000000e-02
1.5106106142708269901575590665743220597505569458007812500000000000e-02
1.5100621501940185431589469544633175246417522430419921875000000000e-02
1.5095137101811789692717979960434604436159133911132812500000000000e-02
1.5089652942301995386387147846107836812734603881835937500000000000e-02
1.5084169023389715214022999134613201022148132324218750000000000000e-02
1.5078685345053785549218616779398871585726737976074218750000000000e-02
1.5073201907273132971187834527881932444870471954345703125000000000e-02
1.5067718710026649364674966591337579302489757537841796875000000000e-02
1.5062235753293261308893846717182896099984645843505859375000000000e-02
1.5056753037051812116331461766094435006380081176757812500000000000e-02
1.5051270561281214488413837671032524667680263519287109375000000000e-02
1.5045788325960422759930423808327759616076946258544921875000000000e-02
1.5040306331068328815625534389255335554480552673339843750000000000e-02
1.5034824576583817601349579717862070538103580474853515625000000000e-02
1.5029343062485815696316393541565048508346080780029296875000000000e-02
1.5023861788753284374209329143923241645097732543945312500000000000e-02
1.5018380755365066947515373385613202117383480072021484375000000000e-02
1.5012899962300152445493495179107412695884704589843750000000000000e-02
1.5007419409537425813994104828452691435813903808593750000000000000e-02
1.5001939097055855265594459524436388164758682250976562500000000000e-02
1.4996459024834332685038873478333698585629463195800781250000000000e-02
1.4990979192851798529328988252018461935222148895263671875000000000e-02
1.4985499601087221011042061036278028041124343872070312500000000000e-02
1.4980020249519526709391925578529480844736099243164062500000000000e-02
1.4974541138127635264698511718961526639759540557861328125000000000e-02
1.4969062266890514889539076648361515253782272338867187500000000000e-02
1.4963583635787140735384781464745174162089824676513671875000000000e-02
1.4958105244796390809192132564930943772196769714355468750000000000e-02
1.4952627093897274956901810583076439797878265380859375000000000000e-02
1.4947149183068719757727649266598746180534362792968750000000000000e-02
1.4941671512289741996504233156883856281638145446777343750000000000e-02
