9.0578043155829165988812690102349733933806419372558593750000000000e-03
9.0694505422091106772164437188621377572417259216308593750000000000e-03
9.0811271382160354409540659048616362269967794418334960937500000000e-03
9.0928327749529615220414058285314240492880344390869140625000000000e-03
9.1045675608953467033979123357312346342951059341430664062500000000e-03
9.1163316050593221767650575770858267787843942642211914062500000000e-03
9.1281250170048931075195142170741746667772531509399414062500000000e-03
9.1399479068403777920481800833840679842978715896606445312500000000e-03
9.1518003852253081154000113883739686571061611175537109375000000000e-03
9.1636825633729986767539443803798349108546972274780273437500000000e-03
9.1755945530556607542260749710294476244598627090454101562500000000e-03
9.1875364666067355079448475407843943685293197631835937500000000000e-03
9.1995084169247086369747279377406812272965908050537109375000000000e-03
9.2115105174766249290785324888020113576203584671020507812500000000e-03
9.2235428823017242411230753873496723826974630355834960937500000000e-03
9.2356056260158077980682023166991712059825658798217773437500000000e-03
9.2476988638131238373851772394118597730994224548339843750000000000e-03
9.2598227114715735142080887953852652572095394134521484375000000000e-03
9.2719772853562532066717949419398792088031768798828125000000000000e-03
9.2841627024223861985863237578087137080729007720947265625000000000e-03
9.2963790802192518281099609112061443738639354705810546875000000000e-03
9.3086265368946749521050776365882484242320060729980468750000000000e-03
9.3209051911984277388745212533649464603513479232788085937500000000e-03
9.3332151624859870792105809300664986949414014816284179687500000000e-03
9.3455565707222226085049143762262247037142515182495117187500000000e-03
9.3579295364853987138076263363473117351531982421875000000000000000e-03
9.3703341809719745136852964151330525055527687072753906250000000000e-03
9.3827706259987132819677668749136500991880893707275390625000000000e-03
9.3952389940085995895246995246452570427209138870239257812500000000e-03
9.4077394080739722148631898335224832408130168914794921875000000000e-03
9.4202719919001306342343227129276783671230077743530273437500000000e-03
9.4328368698302720446458025094216282013803720474243164062500000000e-03
9.4454341668489989747303781086884555406868457794189453125000000000e-03
9.4580640085872198785654774155773338861763477325439453125000000000e-03
9.4707265213250495933250405755643441807478666305541992187500000000e-03
9.4834218319971384097977207261465082410722970962524414062500000000e-03
9.4961500681969845949481623392784968018531799316406250000000000000e-03
9.5089113581802581220969727837655227631330490112304687500000000000e-03
9.5217058308694375867720083306267042644321918487548828125000000000e-03
9.5345336158586899838462969114516454283148050308227539062500000000e-03
9.5473948434181329231185131334314064588397741317749023437500000000e-03
9.5602896444976874501531227679151925258338451385498046875000000000e-03
9.5732181507315900620413984256629191804677248001098632812500000000e-03
9.5861804944434979985912193001240666490048170089721679687500000000e-03
9.5991768086509353385959997240206575952470302581787109375000000000e-03
9.6122072270686670369954640591458883136510848999023437500000000000e-03
9.6252718841146993333790504721036995761096477508544921875000000000e-03
9.6383709149145610495246216942177852615714073181152343750000000000e-03
9.6515044553054651910173333817510865628719329833984375000000000000e-03
9.6646726418411314785128496396282571367919445037841796875000000000e-03
9.6778756117968621486280511589939123950898647308349609375000000000e-03
9.6911135031743471379694909728641505353152751922607421875000000000e-03
9.7043864547061257919136068039733800105750560760498046875000000000e-03
9.7176946058602810263327143047717981971800327301025390625000000000e-03
9.7310380968459713607598970952494710218161344528198242187500000000e-03
9.7444170686180522217290089770358463283628225326538085937500000000e-03
9.7578316628814821404036550234195601660758256912231445312500000000e-03
9.7712820220972294860128926075049093924462795257568359375000000000e-03
9.7847682894870828540501150882846559397876262664794921875000000000e-03
9.7982906090382220626322506973338022362440824508666992187500000000e-03
9.8118491255085003854841119164120755158364772796630859375000000000e-03
9.8254439844323131214576250158643233589828014373779296875000000000e-03
9.8390753321251564478266971036646282300353050231933593750000000000e-03
9.8527433156888107740334348250144103076308965682983398437500000000e-03
9.8664480830167981817435673974614473991096019744873046875000000000e-03
9.8801897827998450690722975764401780907064676284790039062500000000e-03
9.8939685645314089795787637626744981389492750167846679687500000000e-03
9.9077845785124803168475438042150926776230335235595703125000000000e-03
9.9216379758574786695835001637533423490822315216064453125000000000e-03
9.9355289084999513782303637299264664761722087860107421875000000000e-03
9.9494575291978332165498954964277800172567367553710937500000000000e-03
9.9634239915386332148150572152189852204173803329467773437500000000e-03
9.9774284499458913005875970725355728063732385635375976562500000000e-03
9.9914710596848560486549217785068321973085403442382812500000000000e-03
1.0005551976867421704042726560146547853946685791015625000000000000e-02
1.0019671358458272572566905012081406312063336372375488281250000000e-02
1.0033829362281039554449790784929064102470874786376953125000000000e-02
1.0048026147024236368054950219175225356593728065490722656250000000e-02
1.0062261872246413413334309439051139634102582931518554687500000000e-02
1.0076536698382775741889005871598783414810895919799804687500000000e-02
1.0090850786751384693396005332033382728695869445800781250000000000e-02
1.0081087374304232434640837823280890006572008132934570312500000000e-02
1.0070874897310545803552628285615355707705020904541015625000000000e-02
1.0060639319668180508005050910469435621052980422973632812500000000e-02
1.0050382958728922705438080242856813129037618637084960937500000000e-02
1.0040107958317223690869468555320054292678833007812500000000000000e-02
1.0029816330505682275830992011833586730062961578369140625000000000e-02
1.0019509967779390707809383798121416475623846054077148437500000000e-02
1.0009190652244219846278561192320921691134572029113769531250000000e-02
9.9988600640663130580954032211593585088849067687988281250000000000e-03
9.9885197890269544068742035847208171617239713668823242187500000000e-03
9.9781713252780589173962511040372191928327083587646484375000000000e-03
9.9678160893286130855850402099349594209343194961547851562500000000e-03
9.9574554213091824583781175306285149417817592620849609375000000000e-03
9.9470905895723115558437754657461482565850019454956054687500000000e-03
9.9367227946841104463393534729220846202224493026733398437500000000e-03
9.9263531728821813998608902807063714135438203811645507812500000000e-03
9.9159827990775040867932332844247866887599229812622070312500000000e-03
9.9056126894847343344885359783802414312958717346191406250000000000e-03
9.8952438039718645240716554667415039148181676864624023437500000000e-03
9.8848770482152271965592404967537731863558292388916015625000000000e-03
9.8745132757425430752862283156900957692414522171020507812500000000e-03
9.8641532899386135530006569638317159842699766159057617187500000000e-03
9.8537978460714117923124888420716160908341407775878906250000000000e-03
9.8434476533885012505820100159326102584600448608398437500000000000e-03
9.8331033773086384819350769248558208346366882324218750000000000000e-03
9.8227656417156552354219556377756816800683736801147460937500000000e-03
9.8124350313538860612894154655805323272943496704101562500000000000e-03
9.8021120943041547407537095182306075002998113632202148437500000000e-03
9.7917973445023568507261657600793114397674798965454101562500000000e-03
9.7814912642669709502696306913094304036349058151245117187500000000e-03
9.7711943067928554162993037834894494153559207916259765625000000000e-03
9.7609068985656331080003056399618799332529306411743164062500000000e-03
9.7506294416590064827454753526581043843179941177368164062500000000e-03
9.7403623158790978570076291020995995495468378067016601562500000000e-03
9.7301058807361326397078471472923411056399345397949218750000000000e-03
9.7198604772237174459492692335516039747744798660278320312500000000e-03
9.7096264293963056857261761933841626159846782684326171875000000000e-03
9.6994040457482159911517527461910503916442394256591796875000000000e-03
9.6891936204053768361132981112859852146357297897338867187500000000e-03
9.6789954341394857789682149018517520744353532791137695312500000000e-03
9.6688097552251259236832936494465684518218040466308593750000000000e-03
9.6586368401597073873876553307127323932945728302001953125000000000e-03
9.6484769342714844092556703003538132179528474807739257812500000000e-03
9.6383302722355870123527310511235555168241262435913085937500000000e-03
9.6281970785148003610931510820591938681900501251220703125000000000e-03
9.6180775677481272073476858963658742140978574752807617187500000000e-03
9.6079719450978869760282563561304414179176092147827148437500000000e-03
9.5978804065732781225506187183782458305358886718750000000000000000e-03
9.5878031393356981382236625677251140587031841278076171875000000000e-03
9.5777403219929387739872694851328560616821050643920898437500000000e-03
9.5676921248890947624410330263344803825020790100097656250000000000e-03
9.5576587103904965536660398583990172483026981353759765625000000000e-03
9.5476402331724549016334080420165264513343572616577148437500000000e-03
9.5376368405034467334857595233188476413488388061523437500000000000e-03
9.5276486725271117977920098951472027692943811416625976562500000000e-03
9.5176758625430471494333062310033710673451423645019531250000000000e-03
9.5077185372810270325150128201130428351461887359619140625000000000e-03
9.4977768171711669797918631275024381466209888458251953125000000000e-03
9.4878508166061394091261860239683301188051700592041015625000000000e-03
9.4779406441932289445473358568960975389927625656127929687500000000e-03
9.4680464030025349164709780325210886076092720031738281250000000000e-03
9.4581681908001442177225115415239997673779726028442382812500000000e-03
9.4483061002699902930501707487564999610185623168945312500000000000e-03
9.4384602192306120416187553701092838309705257415771484375000000000e-03
9.4286306308366905210016639671266602817922830581665039062500000000e-03
9.4188174137698876114965784722699027042835950851440429687500000000e-03
9.4090206424215522967857694425219960976392030715942382812500000000e-03
9.3992403870649839092710209342840244062244892120361328125000000000e-03
9.3894767140174795888585279612925660330802202224731445312500000000e-03
9.3797296857919126855662739217223133891820907592773437500000000000e-03
9.3699993612417088045818402974873606581240892410278320312500000000e-03
9.3602857957003505334769855039667163509875535964965820312500000000e-03
9.3505890411109560816926844495355908293277025222778320312500000000e-03
9.3409091461476353307480380294691713061183691024780273437500000000e-03
9.3312461563319695767582118151040049269795417785644531250000000000e-03
9.3216001141477791008815856343971972819417715072631835937500000000e-03
9.3119710591471616112357878591865301132202148437500000000000000000e-03
9.3023590280513941686013623666440253145992755889892578125000000000e-03
9.2927640548498176287228744740787078626453876495361328125000000000e-03
9.2831861708933208904293010732544644270092248916625976562500000000e-03
9.2736254049869508431225284539323183707892894744873046875000000000e-03
9.2640817834759511817388499821390723809599876403808593750000000000e-03
9.2545553303320059190806290416730917058885097503662109375000000000e-03
9.2450460672345753654344235883399960584938526153564453125000000000e-03
9.2355540136502649317673530049432883970439434051513671875000000000e-03
9.2260791869111340168796431271402980200946331024169921875000000000e-03
9.2166216022893966697271395105417468585073947906494140625000000000e-03
9.2071812730705263061459220352844567969441413879394531250000000000e-03
9.1977582106233819053686673328229517210274934768676757812500000000e-03
9.1883524244712327933015671987959649413824081420898437500000000000e-03
9.1789639223561238223769720434574992395937442779541015625000000000e-03
9.1695927103059571283694140220177359879016876220703125000000000000e-03
9.1602387926956428676472654615281498990952968597412109375000000000e-03
9.1509021723112406176969813031973899342119693756103515625000000000e-03
9.1415828504082356775750639599209534935653209686279296875000000000e-03
9.1322808267666547021867984312848420813679695129394531250000000000e-03
9.1229960997502353853283452167488576378673315048217773437500000000e-03
9.1137286663607649378482378210719616618007421493530273437500000000e-03
9.1044785222887791159562809184535581152886152267456054687500000000e-03
9.0952456619632256196172903628394124098122119903564453125000000000e-03
9.0860300786038822318246843678934965282678604125976562500000000000e-03
9.0768317642645392900879741659991850610822439193725585937500000000e-03
9.0676507098832528908083361329772742465138435363769531250000000000e-03
9.0584869053215843343052071645615797024220228195190429687500000000e-03
9.0493403394105269288427706442234921269118785858154296875000000000e-03
9.0402109999916362842453665393804840277880430221557617187500000000e-03
9.0310988739530206198535822181838739197701215744018554687500000000e-03
9.0220039472718779188786797362809011247009038925170898437500000000e-03
9.0129262050492337660090313988803245592862367630004882812500000000e-03
9.0038656315461727819293713537263101898133754730224609375000000000e-03
8.9948222102146611900419514995519421063363552093505859375000000000e-03
8.9857959237360542081862746499609784223139286041259765625000000000e-03
8.9767867540498369471890782733680680394172668457031250000000000000e-03
8.9677946823828354194763079476615530438721179962158203125000000000e-03
8.9588196892814529054271943664389254990965127944946289062500000000e-03
8.9498617546387593951751071585931640584021806716918945312500000000e-03
8.9409208577225472713845277894506580196321010589599609375000000000e-03
8.9319969771991594709170669830200495198369026184082031250000000000e-03
8.9230900911628930477492716022425156552344560623168945312500000000e-03
8.9142001771581151625678529626384261064231395721435546875000000000e-03
8.9053272122018630602147126751333416905254125595092773437500000000e-03
8.8964711728090513365163616299469140358269214630126953125000000000e-03
8.8876320350125530972418275155177980195730924606323242187500000000e-03
8.8788097743839194952997218024393077939748764038085937500000000000e-03
8.8700043660543750889679870397230843082070350646972656250000000000e-03
8.8612157847351158412863014746108092367649078369140625000000000000e-03
8.8524440047340335890879714497714303433895111083984375000000000000e-03
8.8436889999733078737698122040455928072333335876464843750000000000e-03
8.8349507440090881138505807257388369180262088775634765625000000000e-03
8.8262292100462751837097741258730820845812559127807617187500000000e-03
8.8175243709547809767279602510825498029589653015136718750000000000e-03
8.8088361992835692571013339602359337732195854187011718750000000000e-03
8.8001646672756176498220170856257027480751276016235351562500000000e-03
8.7915097468834919880453782070617307908833026885986328125000000000e-03
8.7828714097811719230257665458339033648371696472167968750000000000e-03
8.7742496273758071451132067863909469451755285263061523437500000000e-03
8.7656443708212933296763935686612967401742935180664062500000000000e-03
8.7570556110302278512991236425477836746722459793090820312500000000e-03
8.7484833186829060597267115895192546304315328598022460937500000000e-03
8.7399274642393845469179325391451129689812660217285156250000000000e-03
8.7313880179493048860894788276709732599556446075439453125000000000e-03
8.7228649498619532931531495023591560311615467071533203125000000000e-03
8.7143582298335429958680009576710290275514125823974609375000000000e-03
8.7058678275372253230202090890088584274053573608398437500000000000e-03
8.6973937124709965740265715794521383941173553466796875000000000000e-03
8.6889358539682191168163072347851993981748819351196289062500000000e-03
8.6804942212002824536432044055800361093133687973022460937500000000e-03
8.6720687831849559146224493133559008128941059112548828125000000000e-03
8.6636595087964205635921999260062875691801309585571289062500000000e-03
8.6552663667691064064424466550917713902890682220458984375000000000e-03
8.6468893257030284005271170144624193198978900909423828125000000000e-03
8.6385283540708415750408732947107637301087379455566406250000000000e-03
8.6301834202254460587377948854737041983753442764282226562500000000e-03
8.6218544924015223102076177497110620606690645217895507812500000000e-03
8.6135415387221959254704373165623110253363847732543945312500000000e-03
8.6052445272037959844713128632065490819513797760009765625000000000e-03
8.5969634257616403538726501665223622694611549377441406250000000000e-03
8.5886982022123012359138272131531266495585441589355468750000000000e-03
8.5804488242795500657633667174195579718798398971557617187500000000e-03
8.5722152595978980821334047845994064118713140487670898437500000000e-03
8.5639974757164196578207437937635404523462057113647460937500000000e-03
8.5557954401026120594409007935610134154558181762695312500000000000e-03
8.5476091201454763163214423116187390405684709548950195312500000000e-03
8.5394384831608410868497571755142416805028915405273437500000000000e-03
8.5312834963930869736081774590275017544627189636230468750000000000e-03
8.5231441270181979019682216858200263231992721557617187500000000000e-03
8.5150203421476763909758744830469368025660514831542968750000000000e-03
8.5069121088339420128088264050347788725048303604125976562500000000e-03
8.4988193940695750533409480453883588779717683792114257812500000000e-03
8.4907421647921130225533659086067928001284599304199218750000000000e-03
8.4826803878884221576939239639614243060350418090820312500000000000e-03
8.4746340301942255784917179539661447051912546157836914062500000000e-03
8.4666030584992085783468951376562472432851791381835937500000000000e-03
8.4585874395522384072698685031355125829577445983886718750000000000e-03
8.4505871400608213034333360269556578714400529861450195312500000000e-03
8.4426021266920496521901640107898856513202190399169921875000000000e-03
8.4346323660803908944805229452867934014648199081420898437500000000e-03
8.4266778248285774399750636121098068542778491973876953125000000000e-03
8.4187384695081635133107056390144862234592437744140625000000000000e-03
8.4108142666643355422895211859213304705917835235595703125000000000e-03
8.4029051828189184336626027516103931702673435211181640625000000000e-03
8.3950111844723999954265281076004612259566783905029296875000000000e-03
8.3871322381062034245768899154427344910800457000732421875000000000e-03
8.3792683101850135712895806250344321597367525100708007812500000000e-03
8.3714193671604909818828588186079286970198154449462890625000000000e-03
8.3635853754745765470390850282456085551530122756958007812500000000e-03
8.3557663015598089562008254915781435556709766387939453125000000000e-03
8.3479621118416631048164688877477601636201143264770507812500000000e-03
8.3401727727460701206085857961625151801854372024536132812500000000e-03
8.3323982506966990518870730397793522570282220840454101562500000000e-03
8.3246385121178712029887947210227139294147491455078125000000000000e-03
8.3168935234402899259187336156173842027783393859863281250000000000e-03
8.3091632511006589811852762750277179293334484100341796875000000000e-03
8.3014476615462032271786085857456782832741737365722656250000000000e-03
8.2937467212347119882576151894681970588862895965576171875000000000e-03
8.2860603966390961733212705553341947961598634719848632812500000000e-03
8.2783886542489928950239175264869118109345436096191406250000000000e-03
8.2707314605727621364961166250395763199776411056518554687500000000e-03
8.2630887821418287642050160002327174879610538482666015625000000000e-03
8.2554605855091143379320683948208170477300882339477539062500000000e-03
8.2478468372529315649765990769992640707641839981079101562500000000e-03
8.2402475039820878566221296068761148490011692047119140625000000000e-03
8.2326625523346033674876309760293224826455116271972656250000000000e-03
8.2250919489807103324174875069729750975966453552246093750000000000e-03
8.2175356606250041235917080939543666318058967590332031250000000000e-03
8.2099936540075534735505513594944204669445753097534179687500000000e-03
8.2024658959095851640253016512360773049294948577880859375000000000e-03
8.1949523531516313412659258119674632325768470764160156250000000000e-03
8.1874529925947958641785362488008104264736175537109375000000000000e-03
8.1799677811451188685909485798219975549727678298950195312500000000e-03
8.1724966857551362836575847836684260983020067214965820312500000000e-03
8.1650396734259372139019816927429928909987211227416992187500000000e-03
8.1575967112052019669654612243903102353215217590332031250000000000e-03
8.1501677661928659257561946560599608346819877624511718750000000000e-03
8.1427528055411230178961545789206866174936294555664062500000000000e-03
8.1353517964554943053823166110305464826524257659912109375000000000e-03
8.1279647061988195833048820304611581377685070037841796875000000000e-03
8.1205915020875034382452639647453906945884227752685546875000000000e-03
8.1132321514985616950355051812948659062385559082031250000000000000e-03
8.1058866218670436176729765520576620474457740783691406250000000000e-03
8.0985548806879938815717068223420938011258840560913085937500000000e-03
8.0912368955194866049218660464248387143015861511230468750000000000e-03
8.0839326339811716504168970232058200053870677947998046875000000000e-03
8.0766420637564621115567220499542600009590387344360351562500000000e-03
8.0693651525932420798259414596032002009451389312744140625000000000e-03
8.0621018683074887473116731939626333769410848617553710937500000000e-03
8.0548521787776067998310125517491542268544435501098632812500000000e-03
8.0476160519509093438372815398906823247671127319335937500000000000e-03
8.0403934558450733394163734146786737255752086639404296875000000000e-03
8.0331843585438045263202866408391855657100677490234375000000000000e-03
8.0259887282004005459867812533047981560230255126953125000000000000e-03
8.0188065330391578022783960477681830525398254394531250000000000000e-03
8.0116377413557114672837400348726077936589717864990234375000000000e-03
8.0044823215153944329092183807006222195923328399658203125000000000e-03
7.9973402419549720343550092138684703968465328216552734375000000000e-03
7.9902114711837973759500641790509689599275588989257812500000000000e-03
7.9830959777836846963383621300636150408536195755004882812500000000e-03
7.9759937304098218330272729303942469414323568344116210937500000000e-03
7.9689046977899583718008003074828593526035547256469726562500000000e-03
7.9618288487240864576000021202162315603345632553100585937500000000e-03
7.9547661520869093060293053554232756141573190689086914062500000000e-03
7.9477165768280060020867239245490054599940776824951171875000000000e-03
7.9406800919687488965470478774477669503539800643920898437500000000e-03
7.9336566666061095892681365171483776066452264785766601562500000000e-03
7.9266462699123796387112861339119262993335723876953125000000000000e-03
7.9196488711303237445493508062099863309413194656372070312500000000e-03
7.9126644395793744451994555788587604183703660964965820312500000000e-03
7.9056929446551689466549106555248727090656757354736328125000000000e-03
7.8987343558253823166959151080845913384109735488891601562500000000e-03
7.8917886426326192689240102140502131078392267227172851562500000000e-03
7.8848557746954411190598577263699553441256284713745117187500000000e-03
7.8779357217059614582055360187951009720563888549804687500000000000e-03
7.8710284534294974734258687476540217176079750061035156250000000000e-03
7.8641339397056159860044388665301084984093904495239257812500000000e-03
7.8572521504516497359293936142421443946659564971923828125000000000e-03
7.8503830556560308395752656451804796233773231506347656250000000000e-03
7.8435266253807783831675237706804182380437850952148437500000000000e-03
7.8366828297637448896839629242094815708696842193603515625000000000e-03
7.8298516390161200517727735359585494734346866607666015625000000000e-03
7.8230330234235721797997342719099833630025386810302734375000000000e-03
7.8162269533425705880791412027974729426205158233642578125000000000e-03
7.8094333992065195770848617939918767660856246948242187500000000000e-03
7.8026523315208049305646831328431289875879883766174316406250000000e-03
7.7958837208639154142675309344667766708880662918090820312500000000e-03
7.7891275378889398423032375262664572801440954208374023437500000000e-03
7.7823837533202745719851378680687048472464084625244140625000000000e-03
7.7756523379546443885956819030980113893747329711914062500000000000e-03
7.7689332626630497324882185239403042942285537719726562500000000000e-03
7.7622264983898958679020552153815515339374542236328125000000000000e-03
7.7555320161508782550452423265596735291182994842529296875000000000e-03
7.7488497870338264930656357876159745501354336738586425781250000000e-03
7.7421797822000096994665696570336876902729272842407226562500000000e-03
7.7355219728829204689501963798647921066731214523315429687500000000e-03
7.7288763303858800876589008055361773585900664329528808593750000000e-03
7.7222428260865895802145253412618330912664532661437988281250000000e-03
7.7156214314354825897779299737067049136385321617126464843750000000e-03
7.7090121179534364104224408720256178639829158782958984375000000000e-03
7.7024148572313513166909260121428815182298421859741210937500000000e-03
7.6958296209341612442722535547545703593641519546508789062500000000e-03
7.6892563807995726460342567065708863083273172378540039062500000000e-03
7.6826951086333286969343170369484141701832413673400878906250000000e-03
7.6761457763147491334398964113461261149495840072631835937500000000e-03
7.6696083557949365494543769727897597476840019226074218750000000000e-03
7.6630828190953868828128037193891941569745540618896484375000000000e-03
7.6565691383095220434729100134063628502190113067626953125000000000e-03
7.6500672856018685219492425630960497073829174041748046875000000000e-03
7.6435772332085396424394829750781354960054159164428710937500000000e-03
7.6370989534366067255644061617658735485747456550598144531250000000e-03
7.6306324186633115239097868709450267488136887550354003906250000000e-03
7.6241776013395833738739426621577877085655927658081054687500000000e-03
7.6177344739870936352055252882564673200249671936035156250000000000e-03
7.6113030091952121186649193873563490342348814010620117187500000000e-03
7.6048831796279130201821061518785427324473857879638671875000000000e-03
7.5984749580205309879565866992834344273433089256286621093750000000e-03
7.5920783171770176572801247516508738044649362564086914062500000000e-03
7.5856932299745907094523644786931981798261404037475585937500000000e-03
7.5793196693614561798568729500402696430683135986328125000000000000e-03
7.5729576083554718535229000053732306696474552154541015625000000000e-03
7.5666070200472168583161192145780660212039947509765625000000000000e-03
7.5602678775992708873343595143978745909407734870910644531250000000e-03
7.5539401542433284864053177898313151672482490539550781250000000000e-03
7.5476238232822685791933992049962398596107959747314453125000000000e-03
7.5413188580917781683732314945700636599212884902954101562500000000e-03
7.5350252321181709208586241288685414474457502365112304687500000000e-03
7.5287429188795919332566342063728370703756809234619140625000000000e-03
7.5224718919638909608860188882317743264138698577880859375000000000e-03
7.5162121250312895551215497391694952966645359992980957031250000000e-03
7.5099635918133298209675707823862467193976044654846191406250000000e-03
7.5037262661126931384547589232170139439404010772705078125000000000e-03
7.4975001218052835655347720944519096519798040390014648437500000000e-03
7.4912851328347903473447999544987396802753210067749023437500000000e-03
7.4850812732173872821039850578017649240791797637939453125000000000e-03
7.4788885170430901422333747063930786680430173873901367187500000000e-03
7.4727068384717425242325106182761373929679393768310546875000000000e-03
7.4665362117330106445090009970044775400310754776000976562500000000e-03
7.4603766111301234031927265277772676199674606323242187500000000000e-03
7.4542280110373839233095516476623743074014782905578613281250000000e-03
7.4480903859006630796102399472147226333618164062500000000000000000e-03
7.4419637102368192335677399285032151965424418449401855468750000000e-03
7.4358479586328560251295982652663951739668846130371093750000000000e-03
7.4297431057501889251071247599611524492502212524414062500000000000e-03
7.4236491263200013804302024311709828907623887062072753906250000000e-03
7.4175659951439907452419575406565854791551828384399414062500000000e-03
7.4114936870968723542363321143966459203511476516723632812500000000e-03
7.4054321771251149092440968502160103525966405868530273437500000000e-03
7.3993814402444971212169377849932061508297920227050781250000000000e-03
7.3933414515447177378648646595138416159898042678833007812500000000e-03
7.3873121861859850773024405157229921314865350723266601562500000000e-03
7.3812936193977732313165063260385068133473396301269531250000000000e-03
7.3752857264850956928170511162079492351040244102478027343750000000e-03
7.3692884828209315531410972255343949655070900917053222656250000000e-03
7.3633018638498311247975181004221667535603046417236328125000000000e-03
7.3573258450896740837099407883670210139825940132141113281250000000e-03
7.3513604021285018641496122882017516531050205230712890625000000000e-03
7.3454055106258429874710458307163207791745662689208984375000000000e-03
7.3394611463105359841496699857543717371299862861633300781250000000e-03
7.3335272849850271711935612017896346515044569969177246093750000000e-03
7.3276039025232672999288219273239519679918885231018066406250000000e-03
7.3216909748674615515673380627958977129310369491577148437500000000e-03
7.3157884780333699847876260946577531285583972930908203125000000000e-03
7.3098963881072440140762580540467752143740653991699218750000000000e-03
7.3040146812452114502556277386702276999130845069885253906250000000e-03
7.2981433336766618133473194518501259153708815574645996093750000000e-03
7.2922823216990959385719328622599277878180146217346191406250000000e-03
7.2864316216816752205809315512397006386891007423400878906250000000e-03
7.2805912100666440867069439946135389618575572967529296875000000000e-03
7.2747610633636522470268914730695541948080062866210937500000000000e-03
7.2689411581535459325187353840647119795903563499450683593750000000e-03
7.2631314710903697659527544772117835236713290214538574218750000000e-03
7.2573319788967818877445381531288148835301399230957031250000000000e-03
7.2515426583660861845070932929502305341884493827819824218750000000e-03
7.2457634863608011421831633924739435315132141113281250000000000000e-03
7.2399944398164666967132596653300424804911017417907714843750000000e-03
7.2342354957365554227188830793693341547623276710510253906250000000e-03
7.2284866311950702819077996252872253535315394401550292968750000000e-03
7.2227478233385222078366538767113524954766035079956054687500000000e-03
7.2170190493792175934206767351497546769678592681884765625000000000e-03
7.2113002866037419560929500050860951887443661689758300781250000000e-03
7.2055915123648978104498041830083820968866348266601562500000000000e-03
7.1998927040865766391330993201336241327226161956787109375000000000e-03
7.1942038392650859562893472798350558150559663772583007812500000000e-03
7.1885248954624740916341529839428403647616505622863769531250000000e-03
7.1828558503114880301465561274198989849537611007690429687500000000e-03
7.1771966815152698354607352371203887742012739181518554687500000000e-03
7.1715473668462455594796445268457318888977169990539550781250000000e-03
7.1659078841445405724797090840638702502474188804626464843750000000e-03
7.1602782113199744951081981980678392574191093444824218750000000000e-03
7.1546583263536319904907223587997577851638197898864746093750000000e-03
7.1490482072935606500108107752566866111010313034057617187500000000e-03
7.1434478322552506443510189626522333128377795219421386718750000000e-03
7.1378571794258769897534300241659366292878985404968261718750000000e-03
7.1322762270591691033394532439615431940183043479919433593750000000e-03
7.1267049534795680679200025053887657122686505317687988281250000000e-03
7.1211433370792585201280999740447441581636667251586914062500000000e-03
7.1155913563159534085400537151144817471504211425781250000000000000e-03
7.1100489897187773083442330346315429778769612312316894531250000000e-03
7.1045162158837448646009349317864689510315656661987304687500000000e-03
7.0989930134751589793640214054448733804747462272644042968750000000e-03
7.0934793612263714879251352840583422221243381500244140625000000000e-03
7.0879752379368939768644608534486906137317419052124023437500000000e-03
7.0824806224738376045357846066963247722014784812927246093750000000e-03
7.0769954937708713996191711714800476329401135444641113281250000000e-03
7.0715198308309978186825262014281179290264844894409179687500000000e-03
7.0660536127263359057470992752314487006515264511108398437500000000e-03
7.0605968185925372174183145546066953102126717567443847656250000000e-03
7.0551494276333724317562534622538805706426501274108886718750000000e-03
7.0497114191194207646895542040965665364637970924377441406250000000e-03
7.0442827723888046254074879470863379538059234619140625000000000000e-03
7.0388634668464133276044591980280529242008924484252929687500000000e-03
7.0334534819619150963765363826496468391269445419311523437500000000e-03
7.0280527972731345748291786890149523969739675521850585937500000000e-03
7.0226613923848411197292662677682528737932443618774414062500000000e-03
7.0172792469659697744965853871690342202782630920410156250000000000e-03
7.0119063407513490537859013329580193385481834411621093750000000000e-03
7.0065426535432960217231190824804798467084765434265136718750000000e-03
7.0011881652090003289035102795878628967329859733581542968750000000e-03
6.9958428556816873444823556837945943698287010192871093750000000000e-03
6.9905067049583595462092233674411545507609844207763671875000000000e-03
6.9851796931042339430795173882415838306769728660583496093750000000e-03
6.9798618002478995947512885322794318199157714843750000000000000000e-03
6.9745530065829404453570106170445797033607959747314453125000000000e-03
6.9692532923697836713672337793923361459746956825256347656250000000e-03
6.9639626379288136967526945397821691585704684257507324218750000000e-03
6.9586810236498472526101011226273840293288230895996093750000000000e-03
6.9534084299884887231391061845897638704627752304077148437500000000e-03
6.9481448374578763313436091664243576815351843833923339843750000000e-03
6.9428902266392839015551885495369788259267807006835937500000000000e-03
6.9376445781812005886290961598206195048987865447998046875000000000e-03
6.9324078727907682828668356478374334983527660369873046875000000000e-03
6.9271800912429140617554423897672677412629127502441406250000000000e-03
6.9219612143724407182787672354606911540031433105468750000000000000e-03
6.9167512230790938881908047619617718737572431564331054687500000000e-03
6.9115500983290808004189109681192348944023251533508300781250000000e-03
6.9063578211481973026519831648784020217135548591613769531250000000e-03
6.9011743726272670867993852539257204625755548477172851562500000000e-03
6.8959997339182541736812837029901857022196054458618164062500000000e-03
6.8908338862366056570829542238243448082357645034790039062500000000e-03
6.8856768108621988627726651088778453413397073745727539062500000000e-03
6.8805284891351615322863111146034498233348131179809570312500000000e-03
6.8753889024585927366994830833846208406612277030944824218750000000e-03
6.8702580322996123843304339118276402587071061134338378906250000000e-03
6.8651358601853913060653056277260475326329469680786132812500000000e-03
6.8600223677050048073922106084410188486799597740173339843750000000e-03
6.8549175365121483780028732724076689919456839561462402343750000000e-03
6.8498213483204730203657284448581776814535260200500488281250000000e-03
6.8447337849029078402085524146514217136427760124206542968750000000e-03
6.8396548280968321245620877846249641152098774909973144531250000000e-03
6.8345844598019997451210372219065902754664421081542968750000000000e-03
6.8295226619771104772937952986922027776017785072326660156250000000e-03
6.8244694166409991531452305935090407729148864746093750000000000000e-03
6.8194247058766055760714586142512416699901223182678222656250000000e-03
6.8143885118268337358626851596454798709601163864135742187500000000e-03
6.8093608166923001376313884236424200935289263725280761718750000000e-03
6.8043416027380168240035196447479393100365996360778808593750000000e-03
6.7993308522884777708727987999282049713656306266784667968750000000e-03
6.7943285477275131706287325528137444052845239639282226562500000000e-03
6.7893346715006807484682482822790916543453931808471679687500000000e-03
6.7843492061121432601389358296728460118174552917480468750000000000e-03
6.7793721341263320917525092568212130572646856307983398437500000000e-03
6.7744034381698372410118835773573664482682943344116210937500000000e-03
6.7694431009266836651860899110033642500638961791992187500000000000e-03
6.7644911051408292829156820857861021067947149276733398437500000000e-03
6.7595474336160296657816104470839491114020347595214843750000000000e-03
6.7546120692158050785591782982919539790600538253784179687500000000e-03
6.7496849948659211337886887349668540991842746734619140625000000000e-03
6.7447661935451323073076324021712935063987970352172851562500000000e-03
6.7398556482948616952466380780606414191424846649169921875000000000e-03
6.7349533422174229224665964466112200170755386352539062500000000000e-03
6.7300592584709278617949301803946582367643713951110839843750000000e-03
6.7251733802741221757148792903535650111734867095947265625000000000e-03
6.7202956909050625897150688103920401772484183311462402343750000000e-03
6.7154261736993110451510169411903916625306010246276855468750000000e-03
6.7105648120502660314290466203601681627333164215087890625000000000e-03
6.7057115894111913451114403983410738874226808547973632812500000000e-03
6.7008664892928993667142734125263814348727464675903320312500000000e-03
6.6960294952676316371231735047331312671303749084472656250000000000e-03
6.6912005909615396986866997508514032233506441116333007812500000000e-03
6.6863797600597487530427187607529049273580312728881835937500000000e-03
6.6815669863096822586601142290874122409150004386901855468750000000e-03
6.6767622535130084771015646083469619043171405792236328125000000000e-03
6.6719655455282165373853686674010532442480325698852539062500000000e-03
6.6671768462738152660751467237787437625229358673095703125000000000e-03
6.6623961397263026934512097909646399784833192825317382812500000000e-03
6.6576234099192952223256192212375026429072022438049316406250000000e-03
6.6528586409448729060978067195719631854444742202758789062500000000e-03
6.6481018169519184510263265508456242969259619712829589843750000000e-03
6.6433529221473809622811046438073390163481235504150390625000000000e-03
6.6386119407930710423215714399702847003936767578125000000000000000e-03
6.6338788572116950265078472170898749027401208877563476562500000000e-03
6.6291536557832294110359505623364384518936276435852050781250000000e-03
6.6244363209400670966520152660450548864901065826416015625000000000e-03
6.6197268371778195117371978994924575090408325195312500000000000000e-03
6.6150251890476092359039128609765612054616212844848632812500000000e-03
6.6103313611555886142312488118477631360292434692382812500000000000e-03
6.6056453381660353713078492887689208146184682846069335937500000000e-03
6.6009671048002250409725277791039843577891588211059570312500000000e-03
6.5962966458381734960458864236443332629278302192687988281250000000e-03
6.5916339461142862618525661844159913016483187675476074218750000000e-03
6.5869789905191261994432672111088322708383202552795410156250000000e-03
6.5823317640022228902640932801659801043570041656494140625000000000e-03
6.5776922515711679778638298898840730544179677963256835937500000000e-03
6.5730604382877710206711796558920468669384717941284179687500000000e-03
6.5684363092691558372315796532348031178116798400878906250000000000e-03
6.5638198496914129664858705837104935199022293090820312500000000000e-03
6.5592110447892249674994857855381269473582506179809570312500000000e-03
6.5546098798492319695285779346249910304322838783264160156250000000e-03
6.5500163402164007092620678918137855362147092819213867187500000000e-03
6.5454304112949586794134582135029631899669766426086425781250000000e-03
6.5408520785405523112476799951764405705034732818603515625000000000e-03
6.5362813274688234474463222056783706648275256156921386718750000000e-03
6.5317181436525088844557984657512861303985118865966796875000000000e-03
6.5271625127168745802985760917636071098968386650085449218750000000e-03
6.5226144203476546165609839533772174036130309104919433593750000000e-03
6.5180738522849146140969445184509822865948081016540527343750000000e-03
6.5135407943234047492553351332844613352790474891662597656250000000e-03
6.5090152323167725298413976986466877860948443412780761718750000000e-03
6.5044971521750743342904499399992346297949552536010742187500000000e-03
6.4999865398641040736826823831506771966814994812011718750000000000e-03
6.4954833814036931627367010833040694706141948699951171875000000000e-03
6.4909876628721783001219058917286020005121827125549316406250000000e-03
6.4864993704048922590343906335874635260552167892456054687500000000e-03
6.4820184901925132978095511759875080315396189689636230468750000000e-03
6.4775450084803374434239131574031489435583353042602539062500000000e-03
6.4730789115702612804281734781852719606831669807434082031250000000e-03
6.4686201858237578690702385131316987099125981330871582031250000000e-03
6.4641688176557037318059606434417219134047627449035644531250000000e-03
6.4597247935361387302655167275133862858638167381286621093750000000e-03
6.4552880999933365258058870495005976408720016479492187500000000000e-03
6.4508587236128938496859674955885566305369138717651367187500000000e-03
6.4464366510356523043423493390946532599627971649169921875000000000e-03
6.4420218689566176306637856896486482582986354827880859375000000000e-03
6.4376143641294899383487049249197298195213079452514648437500000000e-03
6.4332141233633738028330206759619613876566290855407714843750000000e-03
6.4288211335234140414440773270143836271017789840698242187500000000e-03
6.4244353815323153311656056985157192684710025787353515625000000000e-03
6.4200568543691782091853426095440227072685956954956054687500000000e-03
6.4156855390694895319159130053776607383042573928833007812500000000e-03
6.4113214227237112774471228249240084551274776458740234375000000000e-03
6.4069644924783361247810908878363989060744643211364746093750000000e-03
6.4026147355406935052224426385691913310438394546508789062500000000e-03
6.3982721391715492720297930873130098916590213775634765625000000000e-03
6.3939366906877797766539650581307796528562903404235839843750000000e-03
6.3896083774640111824227872716619458515197038650512695312500000000e-03
6.3852871869327998757825959330602927366271615028381347656250000000e-03
6.3809731065830113672099344057642156258225440979003906250000000000e-03
6.3766661239573292283000505165091453818604350090026855468750000000e-03
6.3723662266593379677193098586940323002636432647705078125000000000e-03
6.3680734023472719551595133680166327394545078277587890625000000000e-03
6.3637876387392542862353472798986331326887011528015136718750000000e-03
6.3595089236087500722538479180911963339895009994506835937500000000e-03
6.3552372447851761955162075423686474096029996871948242187500000000e-03
6.3509725901584029167379341629384725820273160934448242187500000000e-03
6.3467149476726103518586796781164593994617462158203125000000000000e-03
6.3424643053308690093805566334594914223998785018920898437500000000e-03
6.3382206511957287289882323477741010719910264015197753906250000000e-03
6.3339839733851316730395275556020351359620690345764160156250000000e-03
6.3297542600769078624534103028054232709109783172607421875000000000e-03
6.3255314995036265174332967831105634104460477828979492187500000000e-03
6.3213156799595627069465741953990800539031624794006347656250000000e-03
6.3171067897984543512701627321348496479913592338562011718750000000e-03
6.3129048174263248036086615400108712492510676383972167968750000000e-03
6.3087097513114696531455471983917959732934832572937011718750000000e-03
6.3045215799828122071879477061884244903922080993652343750000000000e-03
6.3003402920267185388647490640323667321354150772094726562500000000e-03
6.2961658760848915328267594304634258151054382324218750000000000000e-03
6.2919983208639725796862407491971680428832769393920898437500000000e-03
6.2878376151282939013342776490844698855653405189514160156250000000e-03
6.2836837476986477646345718994780327193439006805419921875000000000e-03
6.2795367074590146064250184565480594756081700325012207031250000000e-03
6.2753964833544059048753283036603534128516912460327148437500000000e-03
6.2712630643850120898408206926433194894343614578247070312500000000e-03
6.2671364396152846876208997173307579942047595977783203125000000000e-03
6.2630165981694147642189207658702798653393983840942382812500000000e-03
6.2589035292314144573455614306567440507933497428894042968750000000e-03
6.2547972220499481812994169160901947179809212684631347656250000000e-03
6.2506976659316071040506379574708262225612998008728027343750000000e-03
6.2466048502456354013512296319277083966881036758422851562500000000e-03
6.2425187644222605853894236815904150716960430145263671875000000000e-03
6.2384393979567154611687307408374181250110268592834472656250000000e-03
6.2343667404024518882699190669427480315789580345153808593750000000e-03
6.2303007813801188422009325051931227790191769599914550781250000000e-03
6.2262415105717059879419927881372132105752825736999511718750000000e-03
6.2221889177203320436815303651201247703284025192260742187500000000e-03
6.2181429926370318864159436600402841577306389808654785156250000000e-03
6.2141037251959123366429338375382940284907817840576171875000000000e-03
6.2100711053348234963467078273424704093486070632934570312500000000e-03
6.2060451230548782305951327487036905949935317039489746093750000000e-03
6.2020257684244897364300719289076369022950530052185058593750000000e-03
6.1980130315799839002544047161791240796446800231933593750000000000e-03
6.1940069027222122502451817638302600244060158729553222656250000000e-03
6.1900073721179952462856377337629965040832757949829101562500000000e-03
6.1860144301002697314606493250721541699022054672241210937500000000e-03
6.1820280670709217354930054000305972294881939888000488281250000000e-03
6.1780482735027597226973306021591270109638571739196777343750000000e-03
6.1740750399340051102203830168946296907961368560791015625000000000e-03
6.1701083569729786235114055159556301077827811241149902343750000000e-03
6.1661482152993597055656849192928348202258348464965820312500000000e-03
6.1621946056613320294448321590152772841975092887878417968750000000e-03
6.1582475188796939255531093238005269085988402366638183593750000000e-03
6.1543069458465807577973727404696546727791428565979003906250000000e-03
6.1503728775267347411714879967803426552563905715942382812500000000e-03
6.1464453049595762015866462490976118715479969978332519531250000000e-03
6.1425242192572797675365059433261194499209523200988769531250000000e-03
6.1386096116070919606610978291882929624989628791809082031250000000e-03
6.1347014732723746319176250096916191978380084037780761718750000000e-03
6.1307997955920524521533643280690739629790186882019042968750000000e-03
6.1269045699845411934170158474444178864359855651855468750000000000e-03
6.1230157879466123524436760305889038136228919029235839843750000000e-03
6.1191334410511570920943036355765798361971974372863769531250000000e-03
6.1152575209559318497598567887507670093327760696411132812500000000e-03
6.1113880193986933053729160292277811095118522644042968750000000000e-03
6.1075249282001968509359102199596236459910869598388671875000000000e-03
6.1036682392643119496322690054057602537795901298522949218750000000e-03
6.0998179445810067275668409081390564097091555595397949218750000000e-03
6.0959740362273922772984313667166134109720587730407714843750000000e-03
6.0921365063666063632830116603145143017172813415527343750000000000e-03
6.0883053472543247064407978541566990315914154052734375000000000000e-03
6.0844805512341084557936810028877516742795705795288085937500000000e-03
6.0806621107450898808255423944046924589201807975769042968750000000e-03
6.0768500183187232344117489901691442355513572692871093750000000000e-03
6.0730442665816305666814933772457152372226119041442871093750000000e-03
6.0692448482610079907306754876117338426411151885986328125000000000e-03
6.0654517561816194068380347914626327110454440116882324218750000000e-03
6.0616649832717379303703708615103096235543489456176757812500000000e-03
6.0578845225623323064723102504558482905849814414978027343750000000e-03
6.0541103671918157155817930004104709951207041740417480468750000000e-03
6.0503425104068168580151443336490046931430697441101074218750000000e-03
6.0465809455649112760800001353800325887277722358703613281250000000e-03
6.0428256661369320057453080607956508174538612365722656250000000000e-03
6.0390766657103835124420498914332711137831211090087890625000000000e-03
6.0353339379950552562315024829331377986818552017211914062500000000e-03
6.0315974768191723404120452300958277191966772079467773437500000000e-03
6.0278672761382772957161613192056393017992377281188964843750000000e-03
6.0241433300383820728662875865211390191689133644104003906250000000e-03
6.0204256327357659472898632202486624009907245635986328125000000000e-03
6.0167141785853698460195815300721733365207910537719726562500000000e-03
6.0130089620796774510513849065773683832958340644836425781250000000e-03
6.0093099778579213768314737365017208503559231758117675781250000000e-03
6.0056172207087641853884285580988944275304675102233886718750000000e-03
6.0019306855717312679243669037987274350598454475402832031250000000e-03
5.9982503675464135528550002618430880829691886901855468750000000000e-03
5.9945762618941762084334712312738702166825532913208007812500000000e-03
5.9909083640465069994784919060748507035896182060241699218750000000e-03
5.9872466696086947685051526946153899189084768295288085937500000000e-03
5.9835911743662895459494599492700217524543404579162597656250000000e-03
5.9799418742911272448004034174573462223634123802185058593750000000e-03
5.9762987655482798302064573192637908505275845527648925781250000000e-03
5.9726618445014130129311347161547018913552165031433105468750000000e-03
5.9690311077212118012758068630319030489772558212280273437500000000e-03
5.9654065519957220550817389437270321650430560111999511718750000000e-03
5.9617881743325041449255152770092536229640245437622070312500000000e-03
5.9581759719708471401133920153370127081871032714843750000000000000e-03
5.9545699423904372218907532499088119948282837867736816406250000000e-03
5.9509700833186868901281130206371017266064882278442382812500000000e-03
5.9473763927426395031750061548336816485971212387084960937500000000e-03
5.9437888689166801237107051747443620115518569946289062500000000000e-03
5.9402075103746551643091322603140724822878837585449218750000000000e-03
5.9366323159411290080744727504225011216476559638977050781250000000e-03
5.9330632847423439915623966101065889233723282814025878906250000000e-03
5.9295004162178751444534086090243363287299871444702148437500000000e-03
5.9259437101346233364718152358818770153447985649108886718750000000e-03
5.9223931665994405948438839004666078835725784301757812500000000000e-03
5.9188487860707553536721015063903905684128403663635253906250000000e-03
5.9153105693764028091830020628094644052907824516296386718750000000e-03
5.9117785177266778465221541694063489558175206184387207031250000000e-03
5.9082526327303213839470252821683970978483557701110839843750000000e-03
5.9047329164110297361478529865053133107721805572509765625000000000e-03
5.9012193712222561423064171037822234211489558219909667968750000000e-03
5.8977120000667437524355385392027528723701834678649902343750000000e-03
5.8942108063143733298616666615998838096857070922851562500000000000e-03
5.8907157938194376275986563484821090241894125938415527343750000000e-03
5.8872269669413106185640316425633500330150127410888671875000000000e-03
5.8837443305634331766618139170077483868226408958435058593750000000e-03
5.8802678901131834668380982122926070587709546089172363281250000000e-03
5.8767976515856565344897433078585891053080558776855468750000000000e-03
5.8733336215622622758503190709689079085364937782287597656250000000e-03
5.8698758072339256297578202747899922542273998260498046875000000000e-03
5.8664242164240439081357436634789337404072284698486328125000000000e-03
5.8629788576107528391689882596438110340386629104614257812500000000e-03
5.8595397399535563073835753300500073237344622611999511718750000000e-03
5.8561068733132435812360760962747008306905627250671386718750000000e-03
5.8526802682787714554590863258454191964119672775268554687500000000e-03
5.8492599361913881830798978000984789105132222175598144531250000000e-03
5.8458458891688588887625144252524478361010551452636718750000000000e-03
5.8424381401308671246663806186916190199553966522216796875000000000e-03
5.8390367028233981436247113094850647030398249626159667968750000000e-03
5.8356415918468908590743815523183002369478344917297363281250000000e-03
5.8322528226766607445386014774157956708222627639770507812500000000e-03
5.8288704116877983196776114027670701034367084503173828125000000000e-03
5.8254943761812940858368925489685352658852934837341308593750000000e-03
5.8221247344062395170927182164177793310955166816711425781250000000e-03
5.8187615055799533220204367012229340616613626480102539062500000000e-03
5.8154047099115754176912318484937713947147130966186523437500000000e-03
5.8120543686217326223575341259675042238086462020874023437500000000e-03
5.8087105039565656294797690861742012202739715576171875000000000000e-03
5.8053731392059869723110132611054723383858799934387207031250000000e-03
5.8020422987196456840464087179043417563661932945251464843750000000e-03
5.7987180079121340703363074453591252677142620086669921875000000000e-03
5.7954002932701096165168941354295384371653199195861816406250000000e-03
5.7920891823576700283005003200287319486960768699645996093750000000e-03
5.7887847038112045724989052075670770136639475822448730468750000000e-03
5.7854868873339296980740087406047678086906671524047851562500000000e-03
5.7821957636789442572244901441536057973280549049377441406250000000e-03
5.7789113646293417680954718207431142218410968780517578125000000000e-03
5.7756337229660425700017434280653105815872550010681152343750000000e-03
5.7723628724260034675297426076667761662974953651428222656250000000e-03
5.7690988476539707338619500376353244064375758171081542968750000000e-03
5.7658416841340192487974647406190342735499143600463867187500000000e-03
5.7625914181090309718058506405213847756385803222656250000000000000e-03
5.7593480864843830946409042326195049099624156951904296875000000000e-03
5.7561117267069849059990538364672829629853367805480957031250000000e-03
5.7528823766261321520643079452383972238749265670776367187500000000e-03
5.7496600743292443358445353851493564434349536895751953125000000000e-03
5.7464448579419803372902997296023386297747492790222167968750000000e-03
5.7432367653981707122934352582888095639646053314208984375000000000e-03
5.7400358341718835802902631826327706221491098403930664062500000000e-03
5.7368421009692206410934822713443281827494502067565917968750000000e-03
5.7336556013667114642395894463788863504305481910705566406250000000e-03
5.7304763693981040917346803098553209565579891204833984375000000000e-03
5.7273044370821715731700862761499593034386634826660156250000000000e-03
5.7241398338815129356871302945819479646161198616027832031250000000e-03
5.7209825860904915673099679906954406760632991790771484375000000000e-03
5.7178327161396778899327131284735514782369136810302734375000000000e-03
5.7146902418171215826125930448142753448337316513061523437500000000e-03
5.7115551753912302893056995856113644549623131752014160156250000000e-03
5.7084275226328739030745573757030797423794865608215332031250000000e-03
5.7053072817351358284043705282329028705134987831115722656250000000e-03
5.7021944421186783122368346710118203191086649894714355468750000000e-03
5.6990889831347564878361033890996623085811734199523925781250000000e-03
5.6959908726704399847817761326496110996231436729431152343750000000e-03
5.6929000656928234469500438308386947028338909149169921875000000000e-03
5.6898165028002904361481562034441594732925295829772949218750000000e-03
5.6867401089187247578693451544040726730599999427795410156250000000e-03
5.6836707921937819690261228799954551504924893379211425781250000000e-03
5.6806084362269280291224404777494783047586679458618164062500000000e-03
5.6775526987805566281330982292274711653590202331542968750000000000e-03
5.6745050421360956546812381873223785078153014183044433593750000000e-03
5.6714728972203677648256103793755755759775638580322265625000000000e-03
5.6684481147461860534031430347567948047071695327758789062500000000e-03
