1.2268593158793278385942926433926913887262344360351562500000000000e-02
1.2261666075047465696012949365467648021876811981201171875000000000e-02
1.2254749378479274507514062975133128929883241653442382812500000000e-02
1.2247841107837036805916497428370348643511533737182617187500000000e-02
1.2240941247733772706540733565816481132060289382934570312500000000e-02
1.2234049782819594182070588317401416134089231491088867187500000000e-02
1.2227166697781392812327538877070765011012554168701171875000000000e-02
1.2220291977344095724067329911122214980423450469970703125000000000e-02
1.2213425606269860679287120319713721983134746551513671875000000000e-02
1.2206567569356762889554168793893040856346487998962402343750000000e-02
1.2199717851440895766135241728989058174192905426025390625000000000e-02
1.2192876437394667421543204000045079737901687622070312500000000000e-02
1.2186043312127085164187079158182314131408929824829101562500000000e-02
1.2179218460583583760747927726697525940835475921630859375000000000e-02
1.2172401867745982068091947780885675456374883651733398437500000000e-02
1.2165593518633367742243223119658068753778934478759765625000000000e-02
1.2158793398299672094964307689224369823932647705078125000000000000e-02
1.2152001491835599106261511792581586632877588272094726562500000000e-02
1.2145217784368302765818370403394510503858327865600585937500000000e-02
1.2138442261060236951331070542892121011391282081604003906250000000e-02
1.2131674907109306349450861262084799818694591522216796875000000000e-02
1.2124915707749652285518671135378099279478192329406738281250000000e-02
1.2118164648251042100901564424475509440526366233825683593750000000e-02
1.2111421713918636700046960186227806843817234039306640625000000000e-02
1.2104686890092662687745672656092210672795772552490234375000000000e-02
1.2097960162148441859431002853852987755089998245239257812500000000e-02
1.2091241515497407749135660992578777950257062911987304687500000000e-02
1.2084530935584624974921119644477585097774863243103027343750000000e-02
1.2077828407891157136422322082580649293959140777587890625000000000e-02
1.2071133917932838630626690701319603249430656433105468750000000000e-02
1.2064447451259584231930688247302896343171596527099609375000000000e-02
1.2057768993456400435926312297851836774498224258422851562500000000e-02
1.2051098530142495546257919158961158245801925659179687500000000000e-02
1.2044436046972150505807164222460414748638868331909179687500000000e-02
1.2037781529632977234323121251691190991550683975219726562500000000e-02
1.2031134963847263039116164407005271641537547111511230468750000000e-02
1.2024496335371934185864972732815658673644065856933593750000000000e-02
1.2017865629997266999073879389925423311069607734680175781250000000e-02
1.2011242833547193173404643573576322523877024650573730468750000000e-02
1.2004627931879884375487854697439615847542881965637207031250000000e-02
1.1998020910887504178465867710201564477756619453430175781250000000e-02
1.1991421756495410089193853764300001785159111022949218750000000000e-02
1.1984830454662129262111136540625011548399925231933593750000000000e-02
1.1978246991380069735866342739427636843174695968627929687500000000e-02
1.1971671352675294919265525095397606492042541503906250000000000000e-02
1.1965103524605997034613302787420252570882439613342285156250000000e-02
1.1958543493264132961950707567666540853679180145263671875000000000e-02
1.1951991244774917699800198533921502530574798583984375000000000000e-02
1.1945446765296104454923131754640053259208798408508300781250000000e-02
1.1938910041018036684024039573159825522452592849731445312500000000e-02
1.1932381058163989834275398038698767777532339096069335937500000000e-02
1.1925859802990114097442919671721028862521052360534667968750000000e-02
1.1919346261784900115054952607351879123598337173461914062500000000e-02
1.1912840420868906626816752236663887742906808853149414062500000000e-02
1.1906342266595457829447823883128876332193613052368164062500000000e-02
1.1899851785350169797172981134281144477427005767822265625000000000e-02
1.1893368963550187203392916046595928492024540901184082031250000000e-02
1.1886893787645177317235933855954499449580907821655273437500000000e-02
1.1880426244116965711627997848154336679726839065551757812500000000e-02
1.1873966319478799005815439215894002700224518775939941406250000000e-02
1.1867514000275466296008275435269752051681280136108398437500000000e-02
1.1861069273084046821198356269633222837001085281372070312500000000e-02
1.1854632124513026988910091574780381051823496818542480468750000000e-02
1.1848202541202139045917185455891740275546908378601074218750000000e-02
1.1841780509822458222757290968729648739099502563476562500000000000e-02
1.1835366017076479061564953099150443449616432189941406250000000000e-02
1.1828959049698186539734123812195321079343557357788085937500000000e-02
1.1822559594452233810990549045527586713433265686035156250000000000e-02
1.1816167638134360273749479119942407123744487762451171875000000000e-02
1.1809783167571533818440698837548552546650171279907226562500000000e-02
1.1803406169621501534128249488730943994596600532531738281250000000e-02
1.1797036631172212045592928575388214085251092910766601562500000000e-02
1.1790674539142686344517230168094101827591657638549804687500000000e-02
1.1784319880482927583864594112128543201833963394165039062500000000e-02
1.1777972642172852488218204314307513413950800895690917968750000000e-02
1.1771632811222655645710943872472853399813175201416015625000000000e-02
1.1765300374673094002675455271855753380805253982543945312500000000e-02
1.1758975319595455638621572802549053449183702468872070312500000000e-02
1.1752657633090576178025443709884712006896734237670898437500000000e-02
1.1746347302289492781079971450708399061113595962524414062500000000e-02
1.1740044314353556900720754185840632999315857887268066406250000000e-02
1.1742840729259945015128252521208196412771940231323242187500000000e-02
1.1745792727834707125378344017008203081786632537841796875000000000e-02
1.1748739380450233180108732256030634744092822074890136718750000000e-02
1.1751679791982473644029738579774857498705387115478515625000000000e-02
1.1754613139094276588747511880228557856753468513488769531250000000e-02
1.1757538653981916901281046250460349256172776222229003906250000000e-02
1.1760455619342115307635054932688944973051548004150390625000000000e-02
1.1763363364492421259122068022406892850995063781738281250000000000e-02
1.1766261261817980571242614473703724797815084457397460937500000000e-02
1.1769148723586534549534476923327019903808832168579101562500000000e-02
1.1772025199092345237872336838336195796728134155273437500000000000e-02
1.1774890172114090003407937956581008620560169219970703125000000000e-02
1.1777743158666250516963813765869417693465948104858398437500000000e-02
1.1780583705019791532220274632436485262587666511535644531250000000e-02
1.1783411385965274209564057628085720352828502655029296875000000000e-02
1.1786225803290806268819324031937867403030395507812500000000000000e-02
1.1789026584442424336329757750263524940237402915954589843750000000e-02
1.1791813381333312096832521831402118550613522529602050781250000000e-02
1.1794585869268455619041091608778515364974737167358398437500000000e-02
1.1797343745948820140090340657934575574472546577453613281250000000e-02
1.1800086730528888678826149316591909155249595642089843750000000000e-02
1.1802814562695601932618139073838392505422234535217285156250000000e-02
1.1805527001748620033461101286320626968517899513244628906250000000e-02
1.1808223825666323142380420563313236925750970840454101562500000000e-02
1.1810904830146953456426750506125245010480284690856933593750000000e-02
1.1813569827622112662357523049649898894131183624267578125000000000e-02
1.1816218646243974860210457222819968592375516891479492187500000000e-02
1.1818851128856978915937503415989340282976627349853515625000000000e-02
1.1821467131963483976342388359626056626439094543457031250000000000e-02
1.1824066524697047358971602193378203082829713821411132812500000000e-02
1.1826649187820359801492919871179765323176980018615722656250000000e-02
1.1829215012761882391822965132632816676050424575805664062500000000e-02
1.1831763900705130621027194592898013070225715637207031250000000000e-02
1.1834295761740361643821195514192368136718869209289550781250000000e-02
1.1836810514087645410108429189222079003229737281799316406250000000e-02
1.1839308083398020904342118342356116045266389846801757812500000000e-02
1.1841788402130345309037906531557382550090551376342773437500000000e-02
1.1844251409005263769858018463310145307332277297973632812500000000e-02
1.1846697048532753987482024626842758152633905410766601562500000000e-02
1.1849125270604759369019731707339815329760313034057617187500000000e-02
1.1851536030147789835265115243601030670106410980224609375000000000e-02
1.1853929286825942365779518183899199357256293296813964843750000000e-02
1.1856305004787964438306424597158184042200446128845214843750000000e-02
1.1858663152447528749133809355953417252749204635620117187500000000e-02
1.1861003702291331163287679828499676659703254699707031250000000000e-02
1.1863326630707824935195837667833984596654772758483886718750000000e-02
1.1865631917832799094303375397885247366502881050109863281250000000e-02
1.1867919547403432689591795679007191210985183715820312500000000000e-02
1.1870189506619298336342893662731512449681758880615234375000000000e-02
1.1872441786011617842477861017869145143777132034301757812500000000e-02
1.1874676379312085888750871731645020190626382827758789062500000000e-02
1.1876893283325794595239877082804014207795262336730957031250000000e-02
1.1879092497805155553836087278796185273677110671997070312500000000e-02
1.1881274025326148124914737991275615058839321136474609375000000000e-02
1.1883437871166337151951353234835551120340824127197265625000000000e-02
1.1885584043183440583479892893592477776110172271728515625000000000e-02
1.1887712551699815971550933113576320465654134750366210937500000000e-02
1.1889823409388039845979712083590129623189568519592285156250000000e-02
1.1891916631159817757668051285691035445779561996459960937500000000e-02
1.1893992234059723792083396176622045459225773811340332031250000000e-02
1.1896050237163072194057633623742731288075447082519531250000000000e-02
1.1898090661478431112607623276744561735540628433227539062500000000e-02
1.1900113529853711610839717138787818839773535728454589843750000000e-02
1.1902118866887134718268725919188000261783599853515625000000000000e-02
1.1904106698843928274778036779935064259916543960571289062500000000e-02
1.1906077053576493221531684696401498513296246528625488281250000000e-02
1.1908029960447329836936702918137598317116498947143554687500000000e-02
1.1909965450258831742846865608953521586954593658447265625000000000e-02
1.1911883555185458216651994689527782611548900604248046875000000000e-02
1.1913784308710168718947741695046715904027223587036132812500000000e-02
1.1915667745562847149032315030581230530515313148498535156250000000e-02
1.1917533901663130563308712339676276315003633499145507812500000000e-02
1.1919382814066955406095971170543634798377752304077148437500000000e-02
1.1921214520913761200637814852143492316827178001403808593750000000e-02
1.1923029061377687573552996980197349330410361289978027343750000000e-02
1.1924826475620750598771735440095653757452964782714843750000000000e-02
1.1926606804747934276189624824837665073573589324951171875000000000e-02
1.1928370090764037550479237381750863278284668922424316406250000000e-02
1.1930116376532826777401297135838831309229135513305664062500000000e-02
1.1931845705737950669167446449137059971690177917480468750000000000e-02
1.1933558122844399942974469297496398212388157844543457031250000000e-02
1.1935253673061878634809040988784545334056019783020019531250000000e-02
1.1936932402309844217236367569512367481365799903869628906250000000e-02
1.1938594357183864372307091628044872777536511421203613281250000000e-02
1.1940239584922192339622171175506082363426685333251953125000000000e-02
1.1941868133373619020876077456705388613045215606689453125000000000e-02
1.1943480050967500427638867677160305902361869812011718750000000000e-02
1.1945075386684149421068212859609047882258892059326171875000000000e-02
1.1946654190025083469572919625534268561750650405883789062500000000e-02
1.1948216510985664590149823993669997435063123703002929687500000000e-02
1.1949762400028585834776961860370647627860307693481445312500000000e-02
1.1951291908057125323860958587829372845590114593505859375000000000e-02
1.1952805086390527050665966157794173341244459152221679687500000000e-02
1.1954301986738895963169326819297566544264554977416992187500000000e-02
1.1955782661180441861503709333192091435194015502929687500000000000e-02
1.1957247162138993912261497598592541180551052093505859375000000000e-02
1.1958695542360939234605154979362851008772850036621093750000000000e-02
1.1960127854894862450829684519248985452577471733093261718750000000e-02
1.1961544153071717797032214036789810052141547203063964843750000000e-02
1.1962944490484159892895732468787173274904489517211914062500000000e-02
1.1964328920967871178193675518741656560450792312622070312500000000e-02
1.1965697498584917241037928192781691905111074447631835937500000000e-02
1.1967050277604310976053980652977770660072565078735351562500000000e-02
1.1968387312486027107549801939967437647283077239990234375000000000e-02
1.1969708657865184980861883445868443232029676437377929687500000000e-02
1.1971014368536429112177543743200658354908227920532226562500000000e-02
1.1972304499439046995834523556823114631697535514831542968750000000e-02
1.1973579105642066094938869014185911510139703750610351562500000000e-02
1.1974838242331533114115593718906893627718091011047363281250000000e-02
1.1976081964797083770357666310246713692322373390197753906250000000e-02
1.1977310328418921958615328549058176577091217041015625000000000000e-02
1.1978523388655912609856990513890195870772004127502441406250000000e-02
1.1979721201034427419118699731370725203305482864379882812500000000e-02
1.1980903821136978937289541136124171316623687744140625000000000000e-02
1.1982071304590575372417404764746606815606355667114257812500000000e-02
1.1983223707057937684750115181486762594431638717651367187500000000e-02
1.1984361084227585642070224025701463688164949417114257812500000000e-02
1.1985483491802907327072880150353739736601710319519042968750000000e-02
1.1986590985494866359872823124987917253747582435607910156250000000e-02
1.1987683621012823476092989949393086135387420654296875000000000000e-02
1.1988761454055918420635862275958061218261718750000000000000000000e-02
1.1989824540305294917064138360274228034541010856628417968750000000e-02
1.1990872935416622274695797045751533005386590957641601562500000000e-02
1.1991906695014209471850108457147143781185150146484375000000000000e-02
1.1992925874681186620973605272411077748984098434448242187500000000e-02
1.1993930529954845501383609018830611603334546089172363281250000000e-02
1.1994920716320987830183497635516687296330928802490234375000000000e-02
1.1995896489206323703990975104716198984533548355102539062500000000e-02
1.1996857903973801723340741887113836128264665603637695312500000000e-02
1.1997805015915630200140640226891264319419860839843750000000000000e-02
1.1998737880249840670465744096873095259070396423339843750000000000e-02
1.1999656552115673530112260891655751038342714309692382812500000000e-02
1.2000561086566573221201537080560228787362575531005859375000000000e-02
1.2001451538567079607711107769318914506584405899047851562500000000e-02
1.2002327962989327303500175503359059803187847137451171875000000000e-02
1.2003190414607470271057820809801341965794563293457031250000000000e-02
1.2004038948094805649979832651297328993678092956542968750000000000e-02
1.2004873618020363290614938023281865753233432769775390625000000000e-02
1.2005694478844790989979784967545128893107175827026367187500000000e-02
1.2006501584916926678170412401414068881422281265258789062500000000e-02
1.2007294990471904100326483444405312184244394302368164062500000000e-02
1.2008074749627565408482965381153917405754327774047851562500000000e-02
1.2008840916381657848432951141148805618286132812500000000000000000e-02
1.2009593544609023507696576871239813044667243957519531250000000000e-02
1.2010332688060190720058528768277028575539588928222656250000000000e-02
1.2011058400358395545359790901329688495025038719177246093750000000e-02
1.2011770734996455797793935005302046192809939384460449218750000000e-02
1.2012469745337196053158734798671503085643053054809570312500000000e-02
1.2013155484610262696554272565663268323987722396850585937500000000e-02
1.2013828005909291118946669030265184119343757629394531250000000000e-02
1.2014487362191472036299089154454122763127088546752929687500000000e-02
1.2015133606276765659837124644582218024879693984985351562500000000e-02
1.2015766790844699396512140765480580739676952362060546875000000000e-02
1.2016386968433571610925802986002963734790682792663574218750000000e-02
1.2016994191439665795595459485411993227899074554443359375000000000e-02
1.2017588512115921772771542919144849292933940887451171875000000000e-02
1.2018169982570839349200753076729597523808479309082031250000000000e-02
1.2018738654766537160556438834646542090922594070434570312500000000e-02
1.2019294580518775222843785854820453096181154251098632812500000000e-02
1.2019837811496094509555732088301738258451223373413085937500000000e-02
1.2020368399218231414415924973582150414586067199707031250000000000e-02
1.2020886395055295492451108430032036267220973968505859375000000000e-02
1.2021391850227797215566738486813846975564956665039062500000000000e-02
1.2021884815805367746621712399246462155133485794067382812500000000e-02
1.2022365342706146582041348835900862468406558036804199218750000000e-02
1.2022833481695513468956448832614114508032798767089843750000000000e-02
1.2023289283386716375101599396657547913491725921630859375000000000e-02
1.2023732798240198416106494505584123544394969940185546875000000000e-02
1.2024164076560889952149935311354056466370820999145507812500000000e-02
1.2024583168500269439449290587162977317348122596740722656250000000e-02
1.2024990124055020754290090678750857478007674217224121093750000000e-02
1.2025384993066191852140178752961219288408756256103515625000000000e-02
1.2025767825218729861758149013439833652228116989135742187500000000e-02
1.2026138670040920769510606191943224985152482986450195312500000000e-02
1.2026497576904814426623779866076802136376500129699707031250000000e-02
1.2026844595025648620989500159339513629674911499023437500000000000e-02
1.2027179773460010270280662325603771023452281951904296875000000000e-02
1.2027503161106942175528899952041683718562126159667968750000000000e-02
1.2027814806708218842157265271453070454299449920654296875000000000e-02
1.2028114758845361020878073077255976386368274688720703125000000000e-02
1.2028403065941453697895724417321616783738136291503906250000000000e-02
1.2028679776260688127909048716901452280580997467041015625000000000e-02
1.2028944937907588147441018122663081157952547073364257812500000000e-02
1.2029198598826023117180916699453518958762288093566894531250000000e-02
1.2029440806799931301673822758857568260282278060913085937500000000e-02
1.2029671609453266092892853578177891904488205909729003906250000000e-02
1.2029891054248859766362400591788173187524080276489257812500000000e-02
1.2030099188488465114521552834503381745889782905578613281250000000e-02
1.2030296059312172579636168734396051149815320968627929687500000000e-02
1.2030481713699643642190295622640405781567096710205078125000000000e-02
1.2030656198467892109560395397238607984036207199096679687500000000e-02
1.2030819560272260765332319465414911974221467971801757812500000000e-02
1.2030971845606799539019071687562245642766356468200683593750000000e-02
1.2031113100802234144870439536134654190391302108764648437500000000e-02
1.2031243372027284471714736469039053190499544143676757812500000000e-02
1.2031362705287774669815625827595795271918177604675292968750000000e-02
1.2031471146427719087768082317779771983623504638671875000000000000e-02
1.2031568741128210314750290876872895751148462295532226562500000000e-02
1.2031655534905857929395267547079129144549369812011718750000000000e-02
1.2031731573115430483644772152729274239391088485717773437500000000e-02
1.2031796900949912748624015534915088210254907608032226562500000000e-02
1.2031851563437095248287889148741669487208127975463867187500000000e-02
1.2031895605442145119612362691441376227885484695434570312500000000e-02
1.2031929071667651215404859499358281027525663375854492187500000000e-02
1.2031952006652975317724241222094860859215259552001953125000000000e-02
1.2031964454773960704336843718920135870575904846191406250000000000e-02
1.2031966460242862759777437986485892906785011291503906250000000000e-02
1.2031958067110014309886167893637320958077907562255859375000000000e-02
1.2031939319262182838676800145094603067263960838317871093750000000e-02
1.2031910260422867126051116315466060768812894821166992187500000000e-02
1.2031870934152932156591120360644708853214979171752929687500000000e-02
1.2031821383851165965794827172885561594739556312561035156250000000e-02
1.2031761652753008087768371581205428810790181159973144531250000000e-02
1.2031691783931399569729236986859177704900503158569335937500000000e-02
1.2031611820298219323044364159613905940204858779907226562500000000e-02
1.2031521804601865918704639568659331416711211204528808593750000000e-02
1.2031421779429138027572854241498134797438979148864746093750000000e-02
1.2031311787206499033797690856317785801365971565246582031250000000e-02
1.2031191870197591176072648977424250915646553039550781250000000000e-02
1.2031062070505194050440422870451584458351135253906250000000000000e-02
1.2030922430071758905123502358947007451206445693969726562500000000e-02
1.2030772990678740771985921753639559028670191764831542968750000000e-02
1.2030613793947661852024033635188970947638154029846191406250000000e-02
1.2030444881339604976111523626514099305495619773864746093750000000e-02
1.2030266294156075762566970865918847266584634780883789062500000000e-02
1.2030078073539889060850072155517409555613994598388671875000000000e-02
1.2029880260474599962261521568507305346429347991943359375000000000e-02
1.2029672895785045033667515212982834782451391220092773437500000000e-02
1.2029456020138128147234368725548847578465938568115234375000000000e-02
1.2029229674043087627843817699613282456994056701660156250000000000e-02
1.2028993897851586458713768479356076568365097045898437500000000000e-02
1.2028748731758277801251466598841943778097629547119140625000000000e-02
1.2028494215801446842739608200645307078957557678222656250000000000e-02
1.2028230389864058569315830027335323393344879150390625000000000000e-02
1.2027957293672062941136680080944643123075366020202636718750000000e-02
1.2027674966797227695813887748954584822058677673339843750000000000e-02
1.2027383448657565090389454098840360529720783233642578125000000000e-02
1.2027082778514414096449058888538274914026260375976562500000000000e-02
1.2026772995477247318873992298904340714216232299804687500000000000e-02
1.2026454138502826185508354228659300133585929870605468750000000000e-02
1.2026126246394038682430149833635368850082159042358398437500000000e-02
1.2025789357801654894108978055555780883878469467163085937500000000e-02
1.2025443511225485798687984129173855762928724288940429687500000000e-02
1.2025088745013966934349625148570339661091566085815429687500000000e-02
1.2024725097364579937120332431277347495779395103454589843750000000e-02
1.2024352606325250727992148824796458939090371131896972656250000000e-02
1.2023971309794222878108982399680826347321271896362304687500000000e-02
1.2023581245520911092716787038625625427812337875366210937500000000e-02
1.2023182451105549062297939144627889618277549743652343750000000000e-02
1.2022774964001168782057327177881234092637896537780761718750000000e-02
1.2022358821513815657633372779855562839657068252563476562500000000e-02
1.2021934060801705429488706045049184467643499374389648437500000000e-02
1.2021500718876997060302613817839301191270351409912109375000000000e-02
1.2021058832607043470597218970397079829126596450805664062500000000e-02
1.2020608438713225804561623988320206990465521812438964843750000000e-02
1.2020149573772656928505320195199601585045456886291503906250000000e-02
1.2019682274218321943459741873994062189012765884399414062500000000e-02
1.2019206576339380027063086231464694719761610031127929687500000000e-02
1.2018722516282918238994525950147362891584634780883789062500000000e-02
1.2018230130052617518621183023697085445746779441833496093750000000e-02
1.2017729453511056397774225956709415186196565628051757812500000000e-02
1.2017220522379280789326827516561024822294712066650390625000000000e-02
1.2016703372237702573954720719484612345695495605468750000000000000e-02
1.2016178038526113477924006645025656325742602348327636718750000000e-02
1.2015644556544897644800862224201409844681620597839355468750000000e-02
1.2015102961455617971986420400298811728134751319885253906250000000e-02
1.2014553288281602447251650289672397775575518608093261718750000000e-02
1.2013995571907047296700277172476489795371890068054199218750000000e-02
1.2013429847078829770801178256078856065869331359863281250000000000e-02
1.2012856148408135315008848920115269720554351806640625000000000000e-02
1.2012274510368322125164475266956287669017910957336425781250000000e-02
1.2011684967297485068793427842592791421338915824890136718750000000e-02
1.2011087553398068841770118808653933228924870491027832031250000000e-02
1.2010482302738347687443010158858669456094503402709960937500000000e-02
1.2009869249251303030545656724825676064938306808471679687500000000e-02
1.2009248426736344322884875168711005244404077529907226562500000000e-02
1.2008619868860190282866540201212046667933464050292968750000000000e-02
1.2007983609156258272832040745470294496044516563415527343750000000e-02
1.2007339681025536864966696271039836574345827102661132812500000000e-02
1.2006688117737408100227369800450105685740709304809570312500000000e-02
1.2006028952430665771022866294970299350097775459289550781250000000e-02
1.2005362218111936822850793760153464972972869873046875000000000000e-02
1.2004687947658472524370409928451408632099628448486328125000000000e-02
1.2004006173818016628418448021875519771128892898559570312500000000e-02
1.2003316929208297098030655547518108505755662918090820312500000000e-02
1.2002620246318283780961877482695854268968105316162109375000000000e-02
1.2001916157508826787925215739960549399256706237792968750000000000e-02
1.2001204695013522119606541593839210690930485725402832031250000000e-02
1.2000485890938029920338436795645975507795810699462890625000000000e-02
1.1999759777260443974200576633393211523070931434631347656250000000e-02
1.1999026385833284902293627283142996020615100860595703125000000000e-02
1.1998285748383942517225619894816190935671329498291015625000000000e-02
1.1997537896512710381413668869754474144428968429565429687500000000e-02
1.1996782861695320238082373975885275285691022872924804687500000000e-02
1.1996020675284269074722942605149000883102416992187500000000000000e-02
1.1995251368506551839510088086626637959852814674377441406250000000e-02
1.1994474972465753517814057715895614819601178169250488281250000000e-02
1.1993691518143083027392314932058070553466677665710449218750000000e-02
1.1992901036396795555472039040978415869176387786865234375000000000e-02
1.1992103557962603688213931718564708717167377471923828125000000000e-02
1.1991299113454423341806887037819251418113708496093750000000000000e-02
1.1990487733365334799273682619968894869089126586914062500000000000e-02
1.1989669448067744039754245477524818852543830871582031250000000000e-02
1.1988844287813035793810456652863649651408195495605468750000000000e-02
1.1988012282732673358109920513925317209213972091674804687500000000e-02
1.1987173462839532597778990918868657900020480155944824218750000000e-02
1.1986327858026672027458303659841476473957300186157226562500000000e-02
1.1985475498068507219096012761383462930098176002502441406250000000e-02
1.1984616412621683367856206814394681714475154876708984375000000000e-02
1.1983750631225382338174156870991282630711793899536132812500000000e-02
1.1982878183300859492588230637011292856186628341674804687500000000e-02
1.1981999098152685753748691865894215879961848258972167968750000000e-02
1.1981113404969830071866709886307944543659687042236328125000000000e-02
1.1980221132824748694889471778424194781109690666198730468750000000e-02
1.1979322310674061710655813328685326268896460533142089843750000000e-02
1.1978416967359987663210851849271421087905764579772949218750000000e-02
1.1977505131610265490249567221781035186722874641418457031250000000e-02
1.1976586832037427673980367615058639785274863243103027343750000000e-02
1.1975662097141005074663056007011618930846452713012695312500000000e-02
1.1974730955307958876754348409576778067275881767272949218750000000e-02
1.1973793434811299749020996330273192143067717552185058593750000000e-02
1.1972849563811269191226926977833500131964683532714843750000000000e-02
1.1971899370357424671751367384331388166174292564392089843750000000e-02
1.1970942882387151234846456304694584105163812637329101562500000000e-02
1.1969980127726409166455390220562549075111746788024902343750000000e-02
1.1969011134090615233738219558290438726544380187988281250000000000e-02
1.1968035929084980956149664166332513559609651565551757812500000000e-02
1.1967054540205097207250517499232955742627382278442382812500000000e-02
1.1966066994836734721507909284810011740773916244506835937500000000e-02
1.1965073320256633393476874971383949741721153259277343750000000000e-02
1.1964073543633366170091392177710076794028282165527343750000000000e-02
1.1963067692027500379947646536038519116118550300598144531250000000e-02
1.1962055792390825781357222012957208789885044097900390625000000000e-02
1.1961037871568788379383896369745343690738081932067871093750000000e-02
1.1960013956299777454495014694657584186643362045288085937500000000e-02
1.1958984073215793431099740473655401729047298431396484375000000000e-02
1.1957948248842442673378627659985795617103576660156250000000000000e-02
1.1956906509599405860622134412096784217283129692077636718750000000e-02
1.1955858881802491899826179633237188681960105895996093750000000000e-02
1.1954805391661386254620325075848086271435022354125976562500000000e-02
1.1953746065281661489776432460985233774408698081970214843750000000e-02
1.1952680928665550957878949134283175226300954818725585937500000000e-02
1.1951610007711535935137625585866771871224045753479003906250000000e-02
1.1950533328214135719846922256692778319120407104492187500000000000e-02
1.1949450915865987565833705730256042443215847015380859375000000000e-02
1.1948362796257341877925739481725031509995460510253906250000000000e-02
1.1947268994876483749756346242065774276852607727050781250000000000e-02
1.1946169537110237768295917248906334862112998962402343750000000000e-02
1.1945064448243610660815861024275363888591527938842773437500000000e-02
1.1943953753462101946558604481651855167001485824584960937500000000e-02
1.1942837477850173910631781382107874378561973571777343750000000000e-02
1.1941715646392807650966183530272246571257710456848144531250000000e-02
1.1940588283975261951752599998144432902336120605468750000000000000e-02
1.1939455415384100239739595394894422497600317001342773437500000000e-02
1.1938317065306524450418734772938478272408246994018554687500000000e-02
1.1937173258331870359660875635654520010575652122497558593750000000e-02
1.1936024018952298003659606706605700310319662094116210937500000000e-02
1.1934869371561327572317523504352720919996500015258789062500000000e-02
1.1933709340456250674877836104315065313130617141723632812500000000e-02
1.1932543949837247365675096943959943018853664398193359375000000000e-02
1.1931373223808569225545817005240678554400801658630371093750000000e-02
1.1930197186378140375428991148964996682479977607727050781250000000e-02
1.1929015861458629535474251781579368980601429939270019531250000000e-02
1.1927829272868121363027071879514551255851984024047851562500000000e-02
1.1926637444329365317363667031713703181594610214233398437500000000e-02
1.1925440399470743635390590497991070151329040527343750000000000000e-02
1.1924238161826994711334215537590353051200509071350097656250000000e-02
1.1923030754839573919223738585060345940291881561279296875000000000e-02
1.1921818201856391669646306752383679850026965141296386718750000000e-02
1.1920600526132651281185914626803423743695020675659179687500000000e-02
1.1919377750831187251501219748206494841724634170532226562500000000e-02
1.1918149899023355170468718711163091938942670822143554687500000000e-02
1.1916916993687692513659293069849809398874640464782714843750000000e-02
1.1915679057712496441423510873391933273524045944213867187500000000e-02
1.1914436113895515018112902794200635980814695358276367187500000000e-02
1.1913188184943206485155720031343662412837147712707519531250000000e-02
1.1911935293472179081541995060433691833168268203735351562500000000e-02
1.1910677462009168492418353935136110521852970123291015625000000000e-02
1.1909414712992215726328204539186117472127079963684082031250000000e-02
1.1908147068769588117209679012376000173389911651611328125000000000e-02
1.1906874551601496700636850789578602416440844535827636718750000000e-02
1.1905597183660084070755402763097663410007953643798828125000000000e-02
1.1904314987029398359430487630561401601880788803100585937500000000e-02
1.1903027983705419257098867547028930857777595520019531250000000000e-02
1.1901736195597490894360070967650244710966944694519042968750000000e-02
1.1900439644529024404984163254539453191682696342468261718750000000e-02
1.1899138352235761467712293892873276490718126296997070312500000000e-02
1.1897832340367892403620864172353321919217705726623535156250000000e-02
1.1896521630490573123717368275720218662172555923461914062500000000e-02
1.1895206244083193075633531066159775946289300918579101562500000000e-02
1.1893886202539795046706494474619830725714564323425292968750000000e-02
1.1892561527169937321546377972936170408502221107482910156250000000e-02
1.1891232239199706760546249029175669420510530471801757812500000000e-02
1.1889898359771410019103399235973483882844448089599609375000000000e-02
1.1888559909942858841547241866010153898969292640686035156250000000e-02
1.1887216910689075294316197073385410476475954055786132812500000000e-02
1.1885869382903029023434982036633300594985485076904296875000000000e-02
1.1884517347394367436930195935929077677428722381591796875000000000e-02
1.1883160824890950935106559427367756143212318420410156250000000000e-02
1.1881799836039425369293986989305267343297600746154785156250000000e-02
1.1880434401404304373128795191405515652149915695190429687500000000e-02
1.1879064541469143770346938993043295340612530708312988281250000000e-02
1.1877690276637525162994890592926822137087583541870117187500000000e-02
1.1876311627232205916926410793621471384540200233459472656250000000e-02
1.1874928613495719376125236976804444566369056701660156250000000000e-02
1.1873541255591228346655263692355219973251223564147949218750000000e-02
1.1872149573602807856587126877911941846832633018493652343750000000e-02
1.1870753587535365358718308925745077431201934814453125000000000000e-02
1.1869353317314796855685976595395914046093821525573730468750000000e-02
1.1867948782789003447923903422633884474635124206542968750000000000e-02
1.1866540003728361443724459434179152594879269599914550781250000000e-02
1.1865126999825333781179992342913465108722448348999023437500000000e-02
1.1863709790694633092189569367747026262804865837097167968750000000e-02
1.1862288395874231311521995735347445588558912277221679687500000000e-02
1.1860862834825862746623847954197117360308766365051269531250000000e-02
1.1859433126935103874899368747719563543796539306640625000000000000e-02
1.1857999291510665576532268516984913730993866920471191406250000000e-02
1.1856561347786148674643413869489450007677078247070312500000000000e-02
1.1855119314920392614709498957381583750247955322265625000000000000e-02
1.1853673211996172687232586895333952270448207855224609375000000000e-02
1.1852223058021846280318811750476015731692314147949218750000000000e-02
1.1850768871932324324824925554366927826777100563049316406250000000e-02
1.1849310672587973214398004984104773029685020446777343750000000000e-02
1.1847848478774427455340045867160370107740163803100585937500000000e-02
1.1846382309205255936590539533881383249536156654357910156250000000e-02
1.1844912182520983545686021898291073739528656005859375000000000000e-02
1.1843438117288633201762415581015375209972262382507324218750000000e-02
1.1841960132002664340955533361920970492064952850341796875000000000e-02
1.1840478245085935687930245308052690234035253524780273437500000000e-02
1.1838992474890024445000058506138884695246815681457519531250000000e-02
1.1837502839693410036647769345563574461266398429870605468750000000e-02
1.1836009357704412731093768229584384243935346603393554687500000000e-02
1.1834512047060858838665176051563321379944682121276855468750000000e-02
1.1833010925829270595932563026053685462102293968200683593750000000e-02
1.1831506012005698832978417556205386063084006309509277343750000000e-02
1.1829997323516375229424113513232441619038581848144531250000000000e-02
1.1828484878218541512251427150204108329489827156066894531250000000e-02
1.1826968693899358314736147690382495056837797164916992187500000000e-02
1.1825448788276939071639759504250832833349704742431640625000000000e-02
1.1823925179000625840242122421841486357152462005615234375000000000e-02
1.1822397883651709210584002107680134940892457962036132812500000000e-02
1.1820866919742451656150095118391618598252534866333007812500000000e-02
1.1819332304717830930962385593829822028055787086486816406250000000e-02
1.1817794055955519252898433535392541671171784400939941406250000000e-02
1.1816252190764894511310068025977670913562178611755371093750000000e-02
1.1814706726388990096210385161157319089397788047790527343750000000e-02
1.1813157680003735089391270207670459058135747909545898437500000000e-02
1.1811605068719123468046205971404560841619968414306640625000000000e-02
1.1810048909578658993257960219125379808247089385986328125000000000e-02
1.1808489219559483579535807962201943155378103256225585937500000000e-02
1.1806926015573787625001500600774306803941726684570312500000000000e-02
1.1805359314468542863973965495461015962064266204833984375000000000e-02
1.1803789133024992358267368786073348019272089004516601562500000000e-02
1.1802215487960090317676176141503674443811178207397460937500000000e-02
1.1800638395926611387554139298572408733889460563659667968750000000e-02
1.1799057873512489719169948898525035474449396133422851562500000000e-02
1.1797473937241797353747685406233358662575483322143554687500000000e-02
1.1795886603575339232619079155028884997591376304626464843750000000e-02
1.1794295888910599420795755065682897111400961875915527343750000000e-02
1.1792701809581064564813601691639632917940616607666015625000000000e-02
1.1791104381858397501248170158305583754554390907287597656250000000e-02
1.1789503621951804082645942628460034029558300971984863281250000000e-02
1.1787899546007282042259234344783180858939886093139648437500000000e-02
1.1786292170109291532753559295088052749633789062500000000000000000e-02
1.1784681510280378691213343245181022211909294128417968750000000000e-02
1.1783067582481990959175632838196179363876581192016601562500000000e-02
1.1781450402614256772748646540094341617077589035034179687500000000e-02
1.1779829986515701067961714443299570120871067047119140625000000000e-02
1.1778206349964882859726600372596294619143009185791015625000000000e-02
1.1776579508679991051267599289076315471902489662170410156250000000e-02
1.1774949478318398610188211250715539790689945220947265625000000000e-02
1.1773316274477908099926892759867769200354814529418945312500000000e-02
1.1771679912696784639503100322599493665620684623718261718750000000e-02
1.1770040408453898150842320546871633268892765045166015625000000000e-02
1.1768397777168766726862969562716898508369922637939453125000000000e-02
1.1766752034202002455409719061663054162636399269104003906250000000e-02
1.1765103194855928980810944040058529935777187347412109375000000000e-02
1.1763451274374135679945396759649156592786312103271484375000000000e-02
1.1761796287942478597687845365271641639992594718933105468750000000e-02
1.1760138250688716154979118755363742820918560028076171875000000000e-02
1.1758477177682698233684988053937559016048908233642578125000000000e-02
1.1756813083937372316212233158694289159029722213745117187500000000e-02
1.1755145984408493786688154614239465445280075073242187500000000000e-02
1.1753475893994929507568869553324475418776273727416992187500000000e-02
1.1751802827538817414199101563099247869104146957397460937500000000e-02
1.1750126799825864887250048695932491682469844818115234375000000000e-02
1.1748447825585680084903295039566728519275784492492675781250000000e-02
1.1746765919492415525260398112550319638103246688842773437500000000e-02
1.1745081096164082870569878025435173185542225837707519531250000000e-02
1.1743393370163213856871564644279715139418840408325195312500000000e-02
1.1741702755997628776496455316191713791340589523315429687500000000e-02
1.1740009268120308108529492585603293264284729957580566406250000000e-02
1.1738312920928825264232919778351060813292860984802246093750000000e-02
1.1736613728766772529743533937107713427394628524780273437500000000e-02
1.1734911705923939742590711432512762257829308509826660156250000000e-02
1.1733206866635679382904200451775977853685617446899414062500000000e-02
1.1731499225083468623820337484175979625433683395385742187500000000e-02
1.1729788795395615363936769881547661498188972473144531250000000000e-02
1.1728075591647369249614918373936234274879097938537597656250000000e-02
1.1726359627860432482959751609996601473540067672729492187500000000e-02
1.1724640918003985043394088449986156774684786796569824218750000000e-02
1.1722919475994695095999453826607350492849946022033691406250000000e-02
1.1721195315697137059873789155517442850396037101745605468750000000e-02
1.1719468450923356192538982156747806584462523460388183593750000000e-02
1.1717738895433531254308689995013992302119731903076171875000000000e-02
1.1716006662936656254614398164903832366690039634704589843750000000e-02
1.1714271767090105036412950312296743504703044891357421875000000000e-02
1.1712534221499896688878372685849171830341219902038574218750000000e-02
1.1710794039721174331081243735752650536596775054931640625000000000e-02
1.1709051235258611037282072686593892285600304603576660156250000000e-02
1.1707305821566045545001344407864962704479694366455078125000000000e-02
1.1705557812047283697265420698840898694470524787902832031250000000e-02
1.1703807220056114055117824079843558138236403465270996093750000000e-02
1.1702054058896330449024425490733847254887223243713378906250000000e-02
1.1700298341822033820758264255346148274838924407958984375000000000e-02
1.1698540082038194273805764566986908903345465660095214843750000000e-02
1.1696779292700456784337426086040068184956908226013183593750000000e-02
1.1695015986915706721060992379079834790900349617004394531250000000e-02
1.1693250177741927597896420820688945241272449493408203125000000000e-02
1.1691481878188424853304283601573843043297529220581054687500000000e-02
1.1689711101216748723174987389938905835151672363281250000000000000e-02
1.1687937859739814736026453090289578540250658988952636718750000000e-02
1.1686162166623052099945212489728874061256647109985351562500000000e-02
1.1684384034683999512016505661904375301674008369445800781250000000e-02
1.1682603476693108335293658228692947886884212493896484375000000000e-02
1.1680820505373163201157105106631206581369042396545410156250000000e-02
1.1679035133400149371052378910462721250951290130615234375000000000e-02
1.1677247373403632640931348873891693074256181716918945312500000000e-02
1.1675457237965978715688031286390469176694750785827636718750000000e-02
1.1673664739623373226562463855771056842058897018432617187500000000e-02
1.1671869890866021224340443041000980883836746215820312500000000000e-02
1.1670072704138294630848982080806308658793568611145019531250000000e-02
1.1668273191838249985829989441299403551965951919555664062500000000e-02
1.1666471366319024899338430145689926575869321823120117187500000000e-02
1.1664667239888217020737926077345036901533603668212890625000000000e-02
1.1662860824808206697267287665908952476456761360168457031250000000e-02
1.1661052133296387692262818802646506810560822486877441406250000000e-02
1.1659241177525684132754157928957283729687333106994628906250000000e-02
1.1657427969624500202483474708969879429787397384643554687500000000e-02
1.1655612521676676773818570609364542178809642791748046875000000000e-02
1.1653794845722311931957015929128829156979918479919433593750000000e-02
1.1651974953757290864864160084835020825266838073730468750000000000e-02
1.1650152857734024855473897730462340405210852622985839843750000000e-02
1.1648328569561109541163901326399354729801416397094726562500000000e-02
1.1646502101104445545121102156826964346691966056823730468750000000e-02
1.1644673464186371114603701926171197555959224700927734375000000000e-02
1.1642842670586369888119371296397730475291609764099121093750000000e-02
1.1641009732041272123348463196634838823229074478149414062500000000e-02
1.1639174660245419495874230619847367051988840103149414062500000000e-02
1.1637337466850965206344170610464061610400676727294921875000000000e-02
1.1635498163467790713743177377637039171531796455383300781250000000e-02
1.1633656761664022682989383383755921386182308197021484375000000000e-02
1.1631813272965974004335976133006624877452850341796875000000000000e-02
1.1629967708858549718664576744231453631073236465454101562500000000e-02
1.1628120080785056197902882502148713683709502220153808593750000000e-02
1.1626270400147903708032437464225949952378869056701660156250000000e-02
1.1624418678308571714619112924538057995960116386413574218750000000e-02
1.1622564926587837866311936352303746389225125312805175781250000000e-02
1.1620709156265606257218969687983189942315220832824707031250000000e-02
1.1618851378581722746941018442612403305247426033020019531250000000e-02
1.1616991604736014859211579164366412442177534103393554687500000000e-02
1.1615129845887913612179076494612672831863164901733398437500000000e-02
1.1613266113157133530009446076292078942060470581054687500000000000e-02
1.1611400417624092445967320941235811915248632431030273437500000000e-02
1.1609532770329600986913831661695439834147691726684570312500000000e-02
1.1607663182275022167866396216595603618770837783813476562500000000e-02
1.1605791664422999975858630250513670034706592559814453125000000000e-02
1.1603918227697506207474198447471280815079808235168457031250000000e-02
1.1602042882983295765675357813506707316264510154724121093750000000e-02
1.1600165641126695958984527123902807943522930145263671875000000000e-02
1.1598286512936255288064302249040338210761547088623046875000000000e-02
1.1596405509182249049526802764376043342053890228271484375000000000e-02
1.1594522640596613416441584831773070618510246276855468750000000000e-02
1.1592637917873720859729402832272171508520841598510742187500000000e-02
1.1590751351670766991497352194073755526915192604064941406250000000e-02
1.1588862952607184228503989231739979004487395286560058593750000000e-02
1.1586972731265162209202124188323068665340542793273925781250000000e-02
1.1585080698190045045414819924189941957592964172363281250000000000e-02
1.1583186863890433671020474548640777356922626495361328125000000000e-02
1.1581291238838040125180839368113083764910697937011718750000000000e-02
1.1579393833468114294316109180726925842463970184326171875000000000e-02
1.1577494658179827285993113150652789045125246047973632812500000000e-02
1.1575593723336091017683813220173760782927274703979492187500000000e-02
1.1573691039263778526646753164186520734801888465881347656250000000e-02
1.1571786616254010199300594763371918816119432449340820312500000000e-02
1.1569880464562511124260169026456424035131931304931640625000000000e-02
1.1567972594409663134040755494424956850707530975341796875000000000e-02
1.1566063015980095410317751714046607958152890205383300781250000000e-02
1.1564151739423716644394879438095813384279608726501464843750000000e-02
1.1562238774855857284529214723534096265211701393127441406250000000e-02
1.1560324132356521870113041927652375306934118270874023437500000000e-02
1.1558407821971337925415213021551608107984066009521484375000000000e-02
1.1556489853711902904276342951561673544347286224365234375000000000e-02
1.1554570237555409489837998648908978793770074844360351562500000000e-02
1.1552648983444810393272916826390428468585014343261718750000000000e-02
1.1550726101289513977898870678018283797428011894226074218750000000e-02
1.1548801600965004354737430958266486413776874542236328125000000000e-02
1.1546875492313445066283605910939513705670833587646484375000000000e-02
1.1544947785143453572453964284250105265527963638305664062500000000e-02
1.1543018489230540135626057463014149107038974761962890625000000000e-02
1.1541087614317404458352811502663826104253530502319335937500000000e-02
1.1539155170113404857978878226276719942688941955566406250000000000e-02
1.1537221166295737878604299453400017227977514266967773437500000000e-02
1.1535285612508801647568823511846858309581875801086425781250000000e-02
1.1533348518364716292494698279824660858139395713806152343750000000e-02
1.1531409893443417616354373933518218109384179115295410156250000000e-02
1.1529469747292634546065315248597471509128808975219726562500000000e-02
1.1527528089428452917619694062523194588720798492431640625000000000e-02
1.1525584929335410885875567998937185620889067649841308593750000000e-02
1.1523640276466053100623554428239003755152225494384765625000000000e-02
1.1521694140241740822450111636499059386551380157470703125000000000e-02
1.1519746530052969377133642581156891537830233573913574218750000000e-02
1.1517797455258636102337632678427326027303934097290039062500000000e-02
1.1515846925186919852412970044497342314571142196655273437500000000e-02
1.1513894949135558554154101784661179408431053161621093750000000000e-02
1.1511941536371488384316030817444698186591267585754394531250000000e-02
1.1509986696131079692007048720370221417397260665893554687500000000e-02
1.1508030437620679967136716470577084692195057868957519531250000000e-02
1.1506072770016478531984738253868272295221686363220214843750000000e-02
1.1504113702464818791426637289987411350011825561523437500000000000e-02
1.1502153244082078537013913432929257396608591079711914062500000000e-02
1.1500191403955152200100364723311940906569361686706542968750000000e-02
1.1498228191141690243681772187755996128544211387634277343750000000e-02
1.1496263614669583949523534727177320746704936027526855468750000000e-02
1.1494297683537985435564543479358690092340111732482910156250000000e-02
1.1492330406717109897440920462940994184464216232299804687500000000e-02
1.1490361793148112443119224224119534483179450035095214843750000000e-02
1.1488391851743731675306037232076050713658332824707031250000000000e-02
1.1486420591388192546933311177781433798372745513916015625000000000e-02
1.1484448020937603612834365662820346187800168991088867187500000000e-02
1.1482474149219943151956080384934466565027832984924316406250000000e-02
1.1480498985034906511693009178998181596398353576660156250000000000e-02
1.1478522537154891430821734843448211904615163803100585937500000000e-02
1.1476544814324793342130703877046471461653709411621093750000000000e-02
1.1474565825261689652747598699988884618505835533142089843750000000e-02
1.1472585578655982926910006369780603563413023948669433593750000000e-02
1.1470604083171119860762310338486713590100407600402832031250000000e-02
1.1468621347443485464223655867499473970383405685424804687500000000e-02
1.1466637380083142053188716147360537433996796607971191406250000000e-02
1.1464652189673988844087482164013636065647006034851074218750000000e-02
1.1462665784773758484438310745190392481163144111633300781250000000e-02
1.1460678173914242566899801545332593377679586410522460937500000000e-02
1.1458689365601954293638620185902254888787865638732910156250000000e-02
1.1456699368318140619393830093031283468008041381835937500000000000e-02
1.1454708190518929702972350526124500902369618415832519531250000000e-02
1.1452715840635766322841426756440341705456376075744628906250000000e-02
1.1450722327075724127354305892367847263813018798828125000000000000e-02
1.1448727658222081562944261179382010595872998237609863281250000000e-02
1.1446731842434127585095282597649202216416597366333007812500000000e-02
1.1444734888047944018629742402026749914512038230895996093750000000e-02
1.1442736803376788931596585996430803788825869560241699218750000000e-02
1.1440737596711351639622300524479214800521731376647949218750000000e-02
1.1438737276320283531294563772462424822151660919189453125000000000e-02
1.1436735850450591850391290904553898144513368606567382812500000000e-02
1.1434733327328269400502414043785393005236983299255371093750000000e-02
1.1432729715158787206497059685261774575337767601013183593750000000e-02
1.1430725022127498705093451292214012937620282173156738281250000000e-02
1.1428719256400373532889247485400119330734014511108398437500000000e-02
1.1426712426124847540864770678581407992169260978698730468750000000e-02
1.1424704539429928612515041663755255285650491714477539062500000000e-02
1.1422695604427410970282963376121188048273324966430664062500000000e-02
1.1420685629212596820525327245832158951088786125183105468750000000e-02
1.1418674621864865342812933590721513610333204269409179687500000000e-02
1.1416662590448515765539916344550874782726168632507324218750000000e-02
1.1414649543013995550144734636432986008003354072570800781250000000e-02
1.1412635487598681016674362354024196974933147430419921875000000000e-02
1.1410620432227704806882329080508498009294271469116210937500000000e-02
1.1408604384915249987941798792689951369538903236389160156250000000e-02
1.1406587353665726194962282136202702531591057777404785156250000000e-02
1.1404569346474923222101161002228764118626713752746582031250000000e-02
1.1402550371330925221835528304836770985275506973266601562500000000e-02
1.1400530436215954716017151326923340093344449996948242187500000000e-02
1.1398509549107625066222126974935235921293497085571289062500000000e-02
1.1396487717980175596865777265520591754466295242309570312500000000e-02
1.1394464950806230604807289807922643376514315605163574218750000000e-02
1.1392441255558414386905852211384626571089029312133789062500000000e-02
1.1390416640210952389788978678097919328138232231140136718750000000e-02
1.1388391112741518690354425302757590543478727340698242187500000000e-02
1.1386364681133126844359004792295309016481041908264160156250000000e-02
1.1384337353376003387772641417541308328509330749511718750000000000e-02
1.1382309137469681648013875019387342035770416259765625000000000000e-02
1.1380280041424977593988998592067218851298093795776367187500000000e-02
1.1378250073266394162829762137789657572284340858459472656250000000e-02
1.1376219241034251500321872185850224923342466354370117187500000000e-02
1.1374187552787058327896652087929396657273173332214355468750000000e-02
1.1372155016603985658307784945009188959375023841857910156250000000e-02
1.1370121640587357858542816302360733970999717712402343750000000000e-02
1.1368087432865244326696263499343331204727292060852050781250000000e-02
1.1366052401594129231399143975522747496142983436584472656250000000e-02
1.1364016554961515331756416458119929302483797073364257812500000000e-02
1.1361979901188772393294534879260027082636952400207519531250000000e-02
1.1359942448533938766375150919429870555177330970764160156250000000e-02
1.1357904205294278368598703821135131875053048133850097656250000000e-02
1.1355865179809271348077004404331091791391372680664062500000000000e-02
1.1353825380463295965927095210190600482746958732604980468750000000e-02
1.1351784815688201191186124106025090441107749938964843750000000000e-02
1.1349743493965822049851510655571473762392997741699218750000000000e-02
1.1347701423830354461319558367904392071068286895751953125000000000e-02
1.1345658613870565276093849149674497311934828758239746093750000000e-02
1.1343615072731398629723997828477877192199230194091796875000000000e-02
1.1341570809115381068821193366602528840303421020507812500000000000e-02
1.1339525831783580853140414035351568600162863731384277343750000000e-02
1.1337480149555821326567972562315844697877764701843261718750000000e-02
1.1335433771309933251303370127516245702281594276428222656250000000e-02
1.1333386705980420805506270198748097755014896392822265625000000000e-02
1.1331338962555743271609642874864221084862947463989257812500000000e-02
1.1329290550074193333340843992118607275187969207763671875000000000e-02
1.1327241477618352899492393248692678753286600112915039062500000000e-02
1.1325191754307491545650243836007575737312436103820800781250000000e-02
1.1323141389287812164088364852432277984917163848876953125000000000e-02
1.1321090391719929729719140709676139522343873977661132812500000000e-02
1.1319038770763163379018401144548988668248057365417480468750000000e-02
1.1316986535556019036197206162341899471357464790344238281250000000e-02
1.1314933695192758503211827303402969846501946449279785156250000000e-02
1.1312880258727304322308171435906842816621065139770507812500000000e-02
1.1310826235951662241396853403330169385299086570739746093750000000e-02
1.1308771629424048052459106372680253116413950920104980468750000000e-02
1.1306716423824123007868536205933196470141410827636718750000000000e-02
1.1304660617164303398896052499367215204983949661254882812500000000e-02
