-2.2894252251339799464346924651181325316429138183593750000000000000e+00
-2.3633641293198177635304091381840407848358154296875000000000000000e+00
-2.4296559620724864636542861262569203972816467285156250000000000000e+00
-2.4891474387352650055049707589205354452133178710937500000000000000e+00
-2.5426501869153761425934590079123154282569885253906250000000000000e+00
-2.5908948750323586018851074186386540532112121582031250000000000000e+00
-2.6345218099685894230788107961416244506835937500000000000000000000e+00
-2.6740857425208939268657104548765346407890319824218750000000000000e+00
-2.7100652030086278543308253574650734663009643554687500000000000000e+00
-2.7428726948091846082888878299854695796966552734375000000000000000e+00
-2.7728642163690304656142870953772217035293579101562500000000000000e+00
-2.8003476663358211062870850582839921116828918457031250000000000000e+00
-2.8255900382112879576368413836462423205375671386718750000000000000e+00
-2.8488235002697499531620906054740771651268005371093750000000000000e+00
-2.8702504945383706669304046954493969678878784179687500000000000000e+00
-2.8900508053322679913321735511999577283859252929687500000000000000e+00
-2.9083894458333432453400746453553438186645507812500000000000000000e+00
-2.9254102577115390637629843695322051644325256347656250000000000000e+00
-2.9412392205415134327495252364315092563629150390625000000000000000e+00
-2.9559871496755700803760191774927079677581787109375000000000000000e+00
-2.9697519120757513988451137265656143426895141601562500000000000000e+00
-2.9826202589622243799283296539215371012687683105468750000000000000e+00
-2.9946693525842538186054753168718889355659484863281250000000000000e+00
-3.0059680466079803373702361568575724959373474121093750000000000000e+00
-3.0165779653528059789380222355248406529426574707031250000000000000e+00
-3.0265544182186254751343312818789854645729064941406250000000000000e+00
-3.0359471783666123201328446157276630401611328125000000000000000000e+00
-3.0448011488043826844318573421332985162734985351562500000000000000e+00
-3.0531569345999507447686482919380068778991699218750000000000000000e+00
-3.0610513364129796620716206234646961092948913574218750000000000000e+00
-3.0685177777610932459140258288243785500526428222656250000000000000e+00
-3.0755866762233274869231536285951733589172363281250000000000000000e+00
-3.0822857670105996419351868098601698875427246093750000000000000000e+00
-3.0886403859027198315345685841748490929603576660156250000000000000e+00
-3.0946737173916551988384071592008695006370544433593750000000000000e+00
-3.1004070129248249010345261922338977456092834472656250000000000000e+00
-3.1058597833667658250078602577559649944305419921875000000000000000e+00
-3.1110499691587820692006971512455493211746215820312500000000000000e+00
-3.1159940911276415853592425264650955796241760253906250000000000000e+00
-3.1207073844549855223817758087534457445144653320312500000000000000e+00
-3.1252039179526627243888015073025599122047424316406250000000000000e+00
-3.1294967004818552425149391638115048408508300781250000000000000000e+00
-3.1335977760955997517555715603521093726158142089843750000000000000e+00
-3.1375183092663645467723654292058199644088745117187500000000000000e+00
-3.1412686613756592990398530673701316118240356445312500000000000000e+00
-3.1448584594858277618811825959710404276847839355468750000000000000e+00
-3.1482966582805338440209652617340907454490661621093750000000000000e+00
-3.1515915959461904272131960169645026326179504394531250000000000000e+00
-3.1547510446687341278959593182662501931190490722656250000000000000e+00
-3.1577822563359077001621244562556967139244079589843750000000000000e+00
-3.1606920039627146579164218564983457326889038085937500000000000000e+00
-3.1634866192951722752013665740378201007843017578125000000000000000e+00
-3.1661720269930211379971751739503815770149230957031250000000000000e+00
-3.1687537757452024500537390849785879254341125488281250000000000000e+00
-3.1712370666307592159682826604694128036499023437500000000000000000e+00
-3.1736267790021766010966075555188581347465515136718750000000000000e+00
-3.1759274941369453060246996756177395582199096679687500000000000000e+00
-3.1781435168757927733906853973167017102241516113281250000000000000e+00
-3.1802788954419289879638199636247009038925170898437500000000000000e+00
-3.1823374396145847065042744361562654376029968261718750000000000000e+00
-3.1843227374113158845148063846863806247711181640625000000000000000e+00
-3.1862381704168027951595831837039440870285034179687500000000000000e+00
-3.1880869278808563471727666183141991496086120605468750000000000000e+00
-3.1898720196943215476892419246723875403404235839843750000000000000e+00
-3.1915962883380695203072718868497759103775024414062500000000000000e+00
-3.1932624198863477360532669990789145231246948242187500000000000000e+00
-3.1948729541293969802495666954200714826583862304687500000000000000e+00
-3.1964302938585253954784093366470187902450561523437500000000000000e+00
-3.1979367133234339881653340853517875075340270996093750000000000000e+00
-3.1993943658143084718403770239092409610748291015625000000000000000e+00
-3.2008052902158485863992609665729105472564697265625000000000000000e+00
-3.2021714161769843087768094846978783607482910156250000000000000000e+00
-3.2034945671354027041388690122403204441070556640625000000000000000e+00
-3.2047764596123853308995421684812754392623901367187500000000000000e+00
-3.2060186954851461749171903647948056459426879882812500000000000000e+00
-3.2072227403386821542596862855134531855583190917968750000000000000e+00
-3.2083898732626523475630619941512122750282287597656250000000000000e+00
-3.2095210765657675722195563139393925666809082031250000000000000000e+00
-3.2106167964148752957953547593206167221069335937500000000000000000e+00
-3.2116764205976617851945320580853149294853210449218750000000000000e+00
-3.2126971261775638666335908055771142244338989257812500000000000000e+00
-3.2136712990695550651309986278647556900978088378906250000000000000e+00
-3.2146014238225304460172537801554426550865173339843750000000000000e+00
-3.2154898731465557659703335957601666450500488281250000000000000000e+00
-3.2163388696463548477311178430682048201560974121093750000000000000e+00
-3.2171504964099075785100012581096962094306945800781250000000000000e+00
-3.2179267070745165568723678006790578365325927734375000000000000000e+00
-3.2186693350447370676192804239690303802490234375000000000000000000e+00
-3.2193801019782877226305117801530286669731140136718750000000000000e+00
-3.2200606255968473590201028855517506599426269531250000000000000000e+00
-3.2207124268829119273505057208240032196044921875000000000000000000e+00
-3.2213369367159629952368504746118560433387756347656250000000000000e+00
-3.2219355019964877051563689747126772999763488769531250000000000000e+00
-3.2225093913017839319934410013956949114799499511718750000000000000e+00
-3.2230598001133192731515464402036741375923156738281250000000000000e+00
-3.2235878556516639470430618530372157692909240722656250000000000000e+00
-3.2240946213517136520465555804548785090446472167968750000000000000e+00
-3.2245811010078475611351223051315173506736755371093750000000000000e+00
-3.2250482426159874371762725786538794636726379394531250000000000000e+00
-3.2254969419371293248843812762061133980751037597656250000000000000e+00
-3.2259280458046291073515021707862615585327148437500000000000000000e+00
-3.2263423551956318391376044019125401973724365234375000000000000000e+00
-3.2267406280852313216200855094939470291137695312500000000000000000e+00
-3.2271235821003525501282638288103044033050537109375000000000000000e+00
-3.2274918969888872766205167863517999649047851562500000000000000000e+00
-3.2278462169182895458163784496719017624855041503906250000000000000e+00
-3.2281871526167180697086678264895454049110412597656250000000000000e+00
-3.2285152833686656670408865466015413403511047363281250000000000000e+00
-3.2288311588760540971065893245395272970199584960937500000000000000e+00
-3.2291353009948990937516555277397856116294860839843750000000000000e+00
-3.2294282053568403867416236607823520898818969726562500000000000000e+00
-3.2297103428840037153690900595393031835556030273437500000000000000e+00
-3.2299821612051293762135628639953210949897766113281250000000000000e+00
-3.2302440859800731765005821216618642210960388183593750000000000000e+00
-3.2304965221393988628051374689675867557525634765625000000000000000e+00
-3.2307398550451136287620101938955485820770263671875000000000000000e+00
-3.2309744515782079510302082780981436371803283691406250000000000000e+00
-3.2312006611580961212837337370729073882102966308593750000000000000e+00
-3.2314188166987820594044933386612683534622192382812500000000000000e+00
-3.2316292355061113639180803147610276937484741210937500000000000000e+00
-3.2318322201201032939366086793597787618637084960937500000000000000e+00
-3.2320280591061596453528181882575154304504394531250000000000000000e+00
-3.2322170277985189379421626654220744967460632324218750000000000000e+00
-3.2323993889991760042335045000072568655014038085937500000000000000e+00
-3.2325753936351611095290081721032038331031799316406250000000000000e+00
-3.2327452813769506079211168980691581964492797851562500000000000000e+00
-3.2329092812204844875623166444711387157440185546875000000000000000e+00
-3.2330676120351418134646337421145290136337280273437500000000000000e+00
-3.2332204830798829675586603116244077682495117187500000000000000000e+00
-3.2333680944895237807656940276501700282096862792968750000000000000e+00
-3.2335106377330866678221354959532618522644042968750000000000000000e+00
-3.2336482960459664859342865383950993418693542480468750000000000000e+00
-3.2337812448375284901658233138732612133026123046875000000000000000e+00
-3.2339096520757162345205415476812049746513366699218750000000000000e+00
-3.2340336786500873955674251192249357700347900390625000000000000000e+00
-3.2341534787146075657915389456320554018020629882812500000000000000e+00
-3.2342692000114636741159301891457289457321166992187500000000000000e+00
-3.2343809841770929658366640069289132952690124511718750000000000000e+00
-3.2344889670314942442530536936828866600990295410156250000000000000e+00
-3.2345932788518734213312200154177844524383544921875000000000000000e+00
-3.2346940446315808337374164693756029009819030761718750000000000000e+00
-3.2347913843252320553744993958389386534690856933593750000000000000e+00
-3.2348854130808675222397141624242067337036132812500000000000000000e+00
-3.2349762414599299020778744306880980730056762695312500000000000000e+00
-3.2350639756458061668809023103676736354827880859375000000000000000e+00
-3.2351487176415942847995665943017229437828063964843750000000000000e+00
-3.2352305654577850901887359214015305042266845703125000000000000000e+00
-3.2353096132904006765329540940001606941223144531250000000000000000e+00
-3.2353859516901994908266715356148779392242431640625000000000000000e+00
-3.2354596677234250812205118563724681735038757324218750000000000000e+00
-3.2355308451246278522717148007359355688095092773437500000000000000e+00
-3.2355995644419817125481131370179355144500732421875000000000000000e+00
-3.2356659031755063971047547966009005904197692871093750000000000000e+00
-3.2357299359086653112171916291117668151855468750000000000000000000e+00
-3.2357917344335866971505311084911227226257324218750000000000000000e+00
-3.2358513678703619831367177539505064487457275390625000000000000000e+00
-3.2359089027806695604283504508202895522117614746093750000000000000e+00
-3.2359644032760663812098300695652142167091369628906250000000000000e+00
-3.2360179311211880737175761169055476784706115722656250000000000000e+00
-3.2360695458321617756780597119359299540519714355468750000000000000e+00
-3.2361193047704337466541346657322719693183898925781250000000000000e+00
-3.2361672632322844300745146028930321335792541503906250000000000000e+00
-3.2362134745342077124519164499361068010330200195312500000000000000e+00
-3.2362579900943830857329430727986618876457214355468750000000000000e+00
-3.2363008595104267861586322396760806441307067871093750000000000000e+00
-3.2363421306336070948361793853109702467918395996093750000000000000e+00
-3.2363818496396685731042452971450984477996826171875000000000000000e+00
-3.2364200610964890536536131548928096890449523925781250000000000000e+00
-3.2364568080286368889630921330535784363746643066406250000000000000e+00
-3.2364921319790553866369009483605623245239257812500000000000000000e+00
-3.2365260730679565881473536137491464614868164062500000000000000000e+00
-3.2365586700490984739531086233910173177719116210937500000000000000e+00
-3.2365899603635339687457417312543839216232299804687500000000000000e+00
-3.2366199801909800726207322441041469573974609375000000000000000000e+00
-3.2366487644988981564608820917783305048942565917968750000000000000e+00
-3.2366763470894261978116901445901021361351013183593750000000000000e+00
-3.2367027606442180243107031856197863817214965820312500000000000000e+00
-3.2367280367673472163403403101256117224693298339843750000000000000e+00
-3.2367522060263160810222871077712625265121459960937500000000000000e+00
-3.2367752979912869371048600442009046673774719238281250000000000000e+00
-3.2367973412726338544587179057998582720756530761718750000000000000e+00
-3.2368183635568597011911151639651507139205932617187500000000000000e+00
-3.2368383916409788625401233730372041463851928710937500000000000000e+00
-3.2368574514654540053015807643532752990722656250000000000000000000e+00
-3.2368755681457104245168920897413045167922973632812500000000000000e+00
-3.2368927660023572023817450826754793524742126464843750000000000000e+00
-3.2369090685901151793757435370935127139091491699218750000000000000e+00
-3.2369244987255565426664816186530515551567077636718750000000000000e+00
-3.2369390785137039934227232151897624135017395019531250000000000000e+00
-3.2369528293735192470137462805723771452903747558593750000000000000e+00
-3.2369657720623741248289206851040944457054138183593750000000000000e+00
-3.2369779266995095667880377732217311859130859375000000000000000000e+00
-3.2369893127885669414922631403896957635879516601562500000000000000e+00
-3.2369999492391969830862308299401775002479553222656250000000000000e+00
-3.2370098543878365049408785125706344842910766601562500000000000000e+00
-3.2370190460176315738749508454930037260055541992187500000000000000e+00
-3.2370275413776048445413380250101909041404724121093750000000000000e+00
-3.2370353572010612808185214817058295011520385742187500000000000000e+00
-3.2370425097232775613065314246341586112976074218750000000000000000e+00
-3.2370490146985142487778830400202423334121704101562500000000000000e+00
-3.2370548874163711516871444473508745431900024414062500000000000000e+00
-3.2370601427175236253219736681785434484481811523437500000000000000e+00
-3.2370647950088562438963890599552541971206665039062500000000000000e+00
-3.2370688582780138276007164677139371633529663085937500000000000000e+00
-3.2370723461074275562054936017375439405441284179687500000000000000e+00
-3.2370752716878112842380232905270531773567199707031250000000000000e+00
-3.2370776478311293899992051592562347650527954101562500000000000000e+00
-3.2370794869831178708352581452345475554466247558593750000000000000e+00
-3.2370808012353258220628049457445740699768066406250000000000000000e+00
-3.2370816023367199321114640042651444673538208007812500000000000000e+00
-3.2370819017048551025084179855184629559516906738281250000000000000e+00
-3.2370817104366507166446353949140757322311401367187500000000000000e+00
-3.2370810393187645637169680412625893950462341308593750000000000000e+00
-3.2370798988376088267671093490207567811012268066406250000000000000e+00
-3.2370782991889717195022058149334043264389038085937500000000000000e+00
-3.2370762502873389188096098223468288779258728027343750000000000000e+00
-3.2370737617748317482835318514844402670860290527343750000000000000e+00
-3.2370708430298815727610417525283992290496826171875000000000000000e+00
-3.2370675031755435924196717678569257259368896484375000000000000000e+00
-3.2370637510875512887764671177137643098831176757812500000000000000e+00
-3.2370595954020755513624862942378968000411987304687500000000000000e+00
-3.2370550445232018077490465657319873571395874023437500000000000000e+00
-3.2370501066301726744711686478694900870323181152343750000000000000e+00
-3.2370447896843326240912119828863069415092468261718750000000000000e+00
-3.2370391014358816939022744918474927544593811035156250000000000000e+00
-3.2370330494303583002135837887180969119071960449218750000000000000e+00
-3.2370266410149168834209376655053347349166870117187500000000000000e+00
-3.2370198833443697417067141941515728831291198730468750000000000000e+00
-3.2370127833870503408775221032556146383285522460937500000000000000e+00
-3.2370053479304528032400867232354357838630676269531250000000000000e+00
-3.2369975835866822144737398048164322972297668457031250000000000000e+00
-3.2369894967977277389081791625358164310455322265625000000000000000e+00
-3.2369810938405505496007208421360701322555541992187500000000000000e+00
-3.2369723808320047808706476644147187471389770507812500000000000000e+00
-3.2369633637335866183093457948416471481323242187500000000000000000e+00
-3.2369540483560292898346233414486050605773925781250000000000000000e+00
-3.2369444403637457341460503812413662672042846679687500000000000000e+00
-3.2369345452791136175108022143831476569175720214843750000000000000e+00
-3.2369243684866297883218066999688744544982910156250000000000000000e+00
-3.2369139152369266199116282223258167505264282226562500000000000000e+00
-3.2369031906506462448191996372770518064498901367187500000000000000e+00
-3.2368921997221944408806848514359444379806518554687500000000000000e+00
-3.2368809473233786100365705351578071713447570800781250000000000000e+00
-3.2368694382069125303758028167067095637321472167968750000000000000e+00
-3.2368576770098171913048190617701038718223571777343750000000000000e+00
-3.2368456682567123827709565375698730349540710449218750000000000000e+00
-3.2368334163629954858265591610688716173171997070312500000000000000e+00
-3.2368209256379349980647930351551622152328491210937500000000000000e+00
-3.2368082002876383818090744171058759093284606933593750000000000000e+00
-3.2367952444179519666533906274707987904548645019531250000000000000e+00
-3.2367820620372484974325288931140676140785217285156250000000000000e+00
-3.2367686570591454042755685804877430200576782226562500000000000000e+00
-3.2367550333051284816576753655681386590003967285156250000000000000e+00
-3.2367411945070858614315056911436840891838073730468750000000000000e+00
-3.2367271443097798133692322153365239500999450683593750000000000000e+00
-3.2367128862732243987920810468494892120361328125000000000000000000e+00
-3.2366984238750071689594278723234310746192932128906250000000000000e+00
-3.2366837605125269305972324218600988388061523437500000000000000000e+00
-3.2366688995051675625802545255282893776893615722656250000000000000e+00
-3.2366538440964021106083237100392580032348632812500000000000000000e+00
-3.2366385974558422589097972377203404903411865234375000000000000000e+00
-3.2366231626812127508685534849064424633979797363281250000000000000e+00
-3.2366075428002716307673836126923561096191406250000000000000000000e+00
-3.2365917407726811916290898807346820831298828125000000000000000000e+00
-3.2365757594918047601595390005968511104583740234375000000000000000e+00
-3.2365596017864692868215570342727005481719970703125000000000000000e+00
-3.2365432704226586579920876829419285058975219726562500000000000000e+00
-3.2365267681051714809825625707162544131278991699218750000000000000e+00
-3.2365100974792184729267319198697805404663085937500000000000000000e+00
-3.2364932611319803257288185704965144395828247070312500000000000000e+00
-3.2364762615941038426115028414642438292503356933593750000000000000e+00
-3.2364591013411878606120808399282395839691162109375000000000000000e+00
-3.2364417827951839079503315588226541876792907714843750000000000000e+00
-3.2364243083257977495748036744771525263786315917968750000000000000e+00
-3.2364066802518034471347618818981572985649108886718750000000000000e+00
-3.2363889008423654125579105311771854758262634277343750000000000000e+00
-3.2363709723182916278005905041936784982681274414062500000000000000e+00
-3.2363528968532686569403722387505695223808288574218750000000000000e+00
-3.2363346765750407030282076448202133178710937500000000000000000000e+00
-3.2363163135665806713348047196632251143455505371093750000000000000e+00
-3.2362978098672003923752527043689042329788208007812500000000000000e+00
-3.2362791674736550717739191895816475152969360351562500000000000000e+00
-3.2362603883411984462270538642769679427146911621093750000000000000e+00
-3.2362414743846090736667520104674622416496276855468750000000000000e+00
-3.2362224274792028566594126459676772356033325195312500000000000000e+00
-3.2362032494617909428313851094571873545646667480468750000000000000e+00
-3.2361839421316442866327633964829146862030029296875000000000000000e+00
-3.2361645072513893772736537357559427618980407714843750000000000000e+00
-3.2361449465479190656935770675772801041603088378906250000000000000e+00
-3.2361252617132532094501584651879966259002685546875000000000000000e+00
-3.2361054544053855508423112041782587766647338867187500000000000000e+00
-3.2360855262490955119858426769496873021125793457031250000000000000e+00
-3.2360654788367493317480239056749269366264343261718750000000000000e+00
-3.2360453137290856595598143030656501650810241699218750000000000000e+00
-3.2360250324559483026121142756892368197441101074218750000000000000e+00
-3.2360046365170331839067330292891710996627807617187500000000000000e+00
-3.2359841273825984409029388189082965254783630371093750000000000000e+00
-3.2359635064941518756143068458186462521553039550781250000000000000e+00
-3.2359427752651281906537406030111014842987060546875000000000000000e+00
-3.2359219350815462412640499678673222661018371582031250000000000000e+00
-3.2359009873026378656390988908242434263229370117187500000000000000e+00
-3.2358799332614789356910023343516513705253601074218750000000000000e+00
-3.2358587742655831043236958066700026392936706542968750000000000000e+00
-3.2358375115974937763496654952177777886390686035156250000000000000e+00
-3.2358161465153520985893464967375621199607849121093750000000000000e+00
-3.2357946802534556240971141960471868515014648437500000000000000000e+00
-3.2357731140227969923728323919931426644325256347656250000000000000e+00
-3.2357514490115892868971059215255081653594970703125000000000000000e+00
-3.2357296863857807345254968822700902819633483886718750000000000000e+00
-3.2357078272895538617603961029089987277984619140625000000000000000e+00
-3.2356858728458028906516119604930281639099121093750000000000000000e+00
-3.2356638241566244573732546996325254440307617187500000000000000000e+00
-3.2356416823037603691659569449257105588912963867187500000000000000e+00
-3.2356194483490527957769700151402503252029418945312500000000000000e+00
-3.2355971233348856941347548854537308216094970703125000000000000000e+00
-3.2355747082846013640278215461876243352890014648437500000000000000e+00
-3.2355522042029214446756668621674180030822753906250000000000000000e+00
-3.2355296120763514799989479797659441828727722167968750000000000000e+00
-3.2355069328735712730349405319429934024810791015625000000000000000e+00
-3.2354841675458172467472195421578362584114074707031250000000000000e+00
-3.2354613170272674693705994286574423313140869140625000000000000000e+00
-3.2354383822353875999056072032544761896133422851562500000000000000e+00
-3.2354153640713074757684353244258090853691101074218750000000000000e+00
-3.2353922634201488506278110435232520103454589843750000000000000000e+00
-3.2353690811513793335052469046786427497863769531250000000000000000e+00
-3.2353458181191321330061327898874878883361816406250000000000000000e+00
-3.2353224751625253574616181140299886465072631835937500000000000000e+00
-3.2352990531059901968546910211443901062011718750000000000000000000e+00
-3.2352755527595613571634203253779560327529907226562500000000000000e+00
-3.2352519749191830378265422041295096278190612792968750000000000000e+00
-3.2352283203670020306219612393761053681373596191406250000000000000e+00
-3.2352045898716466076905362569959834218025207519531250000000000000e+00
-3.2351807841885049654706563160289078950881958007812500000000000000e+00
-3.2351569040600050009004462481243535876274108886718750000000000000e+00
-3.2351329502158630013752826926065608859062194824218750000000000000e+00
-3.2351089233733580918794814351713284850120544433593750000000000000e+00
-3.2350848242375698227135671913856640458106994628906250000000000000e+00
-3.2350606535016397380388752935687080025672912597656250000000000000e+00
-3.2350364118469943086608964222250506281852722167968750000000000000e+00
-3.2350120999435958424328418914228677749633789062500000000000000000e+00
-3.2349877184501614202360997296636924147605895996093750000000000000e+00
-3.2349632680143889373880483617540448904037475585937500000000000000e+00
-3.2349387492731782600685619399882853031158447265625000000000000000e+00
-3.2349141628528403913378497236408293247222900390625000000000000000e+00
-3.2348895093693110780463939590845257043838500976562500000000000000e+00
-3.2348647894283564241391104587819427251815795898437500000000000000e+00
-3.2348400036257616285695348778972402215003967285156250000000000000e+00
-3.2348151525475348222471438930369913578033447265625000000000000000e+00
-3.2347902367701015791112695296760648488998413085937500000000000000e+00
-3.2347652568604714495847929356386885046958923339843750000000000000e+00
-3.2347402133764417975214655598392710089683532714843750000000000000e+00
-3.2347151068667603368567142751999199390411376953125000000000000000e+00
-3.2346899378713098727189390046987682580947875976562500000000000000e+00
-3.2346647069212632885637503932230174541473388671875000000000000000e+00
-3.2346394145392687313744772836798802018165588378906250000000000000e+00
-3.2346140612395934965661581372842192649841308593750000000000000000e+00
-3.2345886475282896732608151069143787026405334472656250000000000000e+00
-3.2345631739033500196001114090904593467712402343750000000000000000e+00
-3.2345376408548633939687988458899781107902526855468750000000000000e+00
-3.2345120488651515344713516242336481809616088867187500000000000000e+00
-3.2344863984089196051741055271122604608535766601562500000000000000e+00
-3.2344606899534000810092493338743224740028381347656250000000000000e+00
-3.2344349239584886390730389393866062164306640625000000000000000000e+00
-3.2344091008768782735671720729442313313484191894531250000000000000e+00
-3.2343832211541916343833236169302836060523986816406250000000000000e+00
-3.2343572852291142538661006256006658077239990234375000000000000000e+00
-3.2343312935335131186320722918026149272918701171875000000000000000e+00
-3.2343052464925685640650954155717045068740844726562500000000000000e+00
-3.2342791445248879611540360201615840196609497070312500000000000000e+00
-3.2342529880426265087578485690755769610404968261718750000000000000e+00
-3.2342267774516080258706551830982789397239685058593750000000000000e+00
-3.2342005131514306448536899551982060074806213378906250000000000000e+00
-3.2341741955355765014701319159939885139465332031250000000000000000e+00
-3.2341478249915267539904561999719589948654174804687500000000000000e+00
-3.2341214019008650559783291100757196545600891113281250000000000000e+00
-3.2340949266393717032030963309807702898979187011718750000000000000e+00
-3.2340683995771422054588128958130255341529846191406250000000000000e+00
-3.2340418210786689989788555976701900362968444824218750000000000000e+00
-3.2340151915029462514894476043991744518280029296875000000000000000e+00
-3.2339885112035666736574057722464203834533691406250000000000000000e+00
-3.2339617805288081164860614080680534243583679199218750000000000000e+00
-3.2339349998217246096032795321661978960037231445312500000000000000e+00
-3.2339081694202436167984160420019179582595825195312500000000000000e+00
-3.2338812896572397548311528225895017385482788085937500000000000000e+00
-3.2338543608606289403439859597710892558097839355468750000000000000e+00
-3.2338273833534465495631593512371182441711425781250000000000000000e+00
-3.2338003574539300188916968181729316711425781250000000000000000000e+00
-3.2337732834756001132348046667175367474555969238281250000000000000e+00
-3.2337461617273333125410772481700405478477478027343750000000000000e+00
-3.2337189925134404155926404200727120041847229003906250000000000000e+00
-3.2336917761337464760629245574818924069404602050781250000000000000e+00
-3.2336645128836520868276238616090267896652221679687500000000000000e+00
-3.2336372030542164246469383215298876166343688964843750000000000000e+00
-3.2336098469322180903873231727629899978637695312500000000000000000e+00
-3.2335824448002274955626944574760273098945617675781250000000000000e+00
-3.2335549969366699230022277333773672580718994140625000000000000000e+00
-3.2335275036158983574807734839851036667823791503906250000000000000e+00
-3.2334999651082458882456194260157644748687744140625000000000000000e+00
-3.2334723816801020923605847201542928814888000488281250000000000000e+00
-3.2334447535939605522514739277539774775505065917968750000000000000e+00
-3.2334170811084903540688628709176555275917053222656250000000000000e+00
-3.2333893644785862697688116895733401179313659667968750000000000000e+00
-3.2333616039554291532454044499900192022323608398437500000000000000e+00
-3.2333337997865436719280296529177576303482055664062500000000000000e+00
-3.2333059522158538179326114914147183299064636230468750000000000000e+00
-3.2332780614837335342315327579854056239128112792968750000000000000e+00
-3.2332501278270613376264464022824540734291076660156250000000000000e+00
-3.2332221514792740535426673886831849813461303710937500000000000000e+00
-3.2331941326704107808609478524886071681976318359375000000000000000e+00
-3.2331660716271723998715970083139836788177490234375000000000000000e+00
-3.2331379685729624284817873558495193719863891601562500000000000000e+00
-3.2331098237279358720286381867481395602226257324218750000000000000e+00
-3.2330816373090525139843975921394303441047668457031250000000000000e+00
-3.2330534095301142194500698678893968462944030761718750000000000000e+00
-3.2330251406018102322548202209873124957084655761718750000000000000e+00
-3.2329968307317660247690582764334976673126220703125000000000000000e+00
-3.2329684801245819336656950326869264245033264160156250000000000000e+00
-3.2329400889818824538224362186156213283538818359375000000000000000e+00
-3.2329116575023486568341013480676338076591491699218750000000000000e+00
-3.2328831858817608235767693258821964263916015625000000000000000000e+00
-3.2328546743130459617532324045896530151367187500000000000000000000e+00
-3.2328261229863013426211182377301156520843505859375000000000000000e+00
-3.2327975320888500121441211376804858446121215820312500000000000000e+00
-3.2327689018052629954524945787852630019187927246093750000000000000e+00
-3.2327402323174085907453445543069392442703247070312500000000000000e+00
-3.2327115238044799028216402803082019090652465820312500000000000000e+00
-3.2326827764430317024846317508490756154060363769531250000000000000e+00
-3.2326539904070172859462672931840643286705017089843750000000000000e+00
-3.2326251658678222256071421725209802389144897460937500000000000000e+00
-3.2325963029942923476767191459657624363899230957031250000000000000e+00
-3.2325674019527768088266839185962453484535217285156250000000000000e+00
-3.2325384629071463038485489960294216871261596679687500000000000000e+00
-3.2325094860188343659501697402447462081909179687500000000000000000e+00
-3.2324804714468675648220141738420352339744567871093750000000000000e+00
-3.2324514193478943724358032341115176677703857421875000000000000000e+00
-3.2324223298762082556834229762898758053779602050781250000000000000e+00
-3.2323932031837894207626504794461652636528015136718750000000000000e+00
-3.2323640394203185799426591984229162335395812988281250000000000000e+00
-3.2323348387332209163957941200351342558860778808593750000000000000e+00
-3.2323056012676816273199165152618661522865295410156250000000000000e+00
-3.2322763271666783424507229938171803951263427734375000000000000000e+00
-3.2322470165710037726114478573435917496681213378906250000000000000e+00
-3.2322176696192950196007132035447284579277038574218750000000000000e+00
-3.2321882864480571129206509795039892196655273437500000000000000000e+00
-3.2321588671916874346834447351284325122833251953125000000000000000e+00
-3.2321294119825063617668092774692922830581665039062500000000000000e+00
-3.2320999209507723648471255728509277105331420898437500000000000000e+00
-3.2320703942247113182872908510034903883934020996093750000000000000e+00
-3.2320408319305418132216800586320459842681884765625000000000000000e+00
-3.2320112341924907006784906116081401705741882324218750000000000000e+00
-3.2319816011328201810215432487893849611282348632812500000000000000e+00
-3.2319519328718526729460336355259642004966735839843750000000000000e+00
-3.2319222295279845802440377156017348170280456542968750000000000000e+00
-3.2318924912177133812463125650538131594657897949218750000000000000e+00
-3.2318627180556576128367396449903026223182678222656250000000000000e+00
-3.2318329101545812953588665550341829657554626464843750000000000000e+00
-3.2318030676254010380432646343251690268516540527343750000000000000e+00
-3.2317731905772264511256253172177821397781372070312500000000000000e+00
-3.2317432791173557049546616326551884412765502929687500000000000000e+00
-3.2317133333513137216641553095541894435882568359375000000000000000e+00
-3.2316833533828637214924128784332424402236938476562500000000000000e+00
-3.2316533393140289831535483244806528091430664062500000000000000000e+00
-3.2316232912451017256216800888068974018096923828125000000000000000e+00
-3.2315932092746733061972008727025240659713745117187500000000000000e+00
-3.2315630934996439904693943390157073736190795898437500000000000000e+00
-3.2315329440152424922416685149073600769042968750000000000000000000e+00
-3.2315027609150432930107399442931637167930603027343750000000000000e+00
-3.2314725442909808528213488898472860455513000488281250000000000000e+00
-3.2314422942333709265483321360079571604728698730468750000000000000e+00
-3.2314120108309207779484495404176414012908935546875000000000000000e+00
-3.2313816941707522722992962371790781617164611816406250000000000000e+00
-3.2313513443384138668079685885459184646606445312500000000000000000e+00
-3.2313209614178894923952611861750483512878417968750000000000000000e+00
-3.2312905454916234226914184546330943703651428222656250000000000000e+00
-3.2312600966405375935153188038384541869163513183593750000000000000e+00
-3.2312296149440316028744746290612965822219848632812500000000000000e+00
-3.2311991004800084681392036145552992820739746093750000000000000000e+00
-3.2311685533248861723620848351856693625450134277343750000000000000e+00
-3.2311379735536132074003035086207091808319091796875000000000000000e+00
-3.2311073612396810084135267970850691199302673339843750000000000000e+00
-3.2310767164551337238265205087373033165931701660156250000000000000e+00
-3.2310460392705877552543825004249811172485351562500000000000000000e+00
-3.2310153297552415274651593790622428059577941894531250000000000000e+00
-3.2309845879768896992345617036335170269012451171875000000000000000e+00
-3.2309538140019338214870003866963088512420654296875000000000000000e+00
-3.2309230078953987685963511466979980468750000000000000000000000000e+00
-3.2308921697209362910996333084767684340476989746093750000000000000e+00
-3.2308612995408507728711811068933457136154174804687500000000000000e+00
-3.2308303974160983429442239867057651281356811523437500000000000000e+00
-3.2307994634063068595253298553870990872383117675781250000000000000e+00
-3.2307684975697834595109725341899320483207702636718750000000000000e+00
-3.2307374999635243284501484595239162445068359375000000000000000000e+00
-3.2307064706432364609156593360239639878273010253906250000000000000e+00
-3.2306754096633301109875446854857727885246276855468750000000000000e+00
-3.2306443170769494344085615011863410472869873046875000000000000000e+00
-3.2306131929359680476920857472578063607215881347656250000000000000e+00
-3.2305820372910085680473457614425569772720336914062500000000000000e+00
-3.2305508501914488306283601559698581695556640625000000000000000000e+00
-3.2305196316854347671210234693717211484909057617187500000000000000e+00
-3.2304883818198892875273031677352264523506164550781250000000000000e+00
-3.2304571006405184974141775455791503190994262695312500000000000000e+00
-3.2304257881918272410359804780455306172370910644531250000000000000e+00
-3.2303944445171306476538575225276872515678405761718750000000000000e+00
-3.2303630696585527992681363684823736548423767089843750000000000000e+00
-3.2303316636570444941867208399344235658645629882812500000000000000e+00
-3.2303002265523912406308681966038420796394348144531250000000000000e+00
-3.2302687583832225826085959852207452058792114257812500000000000000e+00
-3.2302372591870183171636199404019862413406372070312500000000000000e+00
-3.2302057290001204847840199363417923450469970703125000000000000000e+00
-3.2301741678577404748295975878136232495307922363281250000000000000e+00
-3.2301425757939652427808141510467976331710815429687500000000000000e+00
-3.2301109528417728533611352759180590510368347167968750000000000000e+00
-3.2300792990330289278233522054506465792655944824218750000000000000e+00
-3.2300476143985070720532348786946386098861694335937500000000000000e+00
-3.2300158989678942056400501314783468842506408691406250000000000000e+00
-3.2299841527697905618765616964083164930343627929687500000000000000e+00
-3.2299523758317252308813749550608918070793151855468750000000000000e+00
-3.2299205681801628209370846889214590191841125488281250000000000000e+00
-3.2298887298405039025794849294470623135566711425781250000000000000e+00
-3.2298568608371014398983334103832021355628967285156250000000000000e+00
-3.2298249611932696723215485690161585807800292968750000000000000000e+00
-3.2297930309312792296339011954842135310173034667968750000000000000e+00
-3.2297610700723744514561985852196812629699707031250000000000000000e+00
-3.2297290786367764958697534893872216343879699707031250000000000000e+00
-3.2296970566436931093790008162613958120346069335937500000000000000e+00
-3.2296650041113186269114976312266662716865539550781250000000000000e+00
-3.2296329210568477385834285087184980511665344238281250000000000000e+00
-3.2296008074964821510377532831626012921333312988281250000000000000e+00
-3.2295686634454288110873676487244665622711181640625000000000000000e+00
-3.2295364889179150047482380614383146166801452636718750000000000000e+00
-3.2295042839271910217746608395827934145927429199218750000000000000e+00
-3.2294720484855354847297803644323721528053283691406250000000000000e+00
-3.2294397826042620103237368311965838074684143066406250000000000000e+00
-3.2294074862937258707518139999592676758766174316406250000000000000e+00
-3.2293751595633275464081179961794987320899963378906250000000000000e+00
-3.2293428024215224958481940120691433548927307128906250000000000000e+00
-3.2293104148758264848595445073442533612251281738281250000000000000e+00
-3.2292779969328093692126913083484396338462829589843750000000000000e+00
-3.2292455485981212959245567617472261190414428710937500000000000000e+00
-3.2292130698764802687605879327747970819473266601562500000000000000e+00
-3.2291805607716836945542127068620175123214721679687500000000000000e+00
-3.2291480212866092713852594897616654634475708007812500000000000000e+00
-3.2291154514232380812188694108044728636741638183593750000000000000e+00
-3.2290828511826314972665841196430847048759460449218750000000000000e+00
-3.2290502205649533884468382893828675150871276855468750000000000000e+00
-3.2290175595694754484554778173333033919334411621093750000000000000e+00
-3.2289848681945714226060317741939797997474670410156250000000000000e+00
-3.2289521464377317627736374561209231615066528320312500000000000000e+00
-3.2289193942955591865029418841004371643066406250000000000000000000e+00
-3.2288866117637833319520268560154363512992858886718750000000000000e+00
-3.2288537988372540965542611957062035799026489257812500000000000000e+00
-3.2288209555099540715161765547236427664756774902343750000000000000e+00
-3.2287880817750007622635166626423597335815429687500000000000000000e+00
-3.2287551776246408152815092762466520071029663085937500000000000000e+00
-3.2287222430502664494156306318473070859909057617187500000000000000e+00
-3.2286892780424216731205433461582288146018981933593750000000000000e+00
-3.2286562825907840768024925637291744351387023925781250000000000000e+00
-3.2286232566841919222611068107653409242630004882812500000000000000e+00
-3.2285902003106370372620403941255062818527221679687500000000000000e+00
-3.2285571134572674800722325016977265477180480957031250000000000000e+00
-3.2285239961103933126196352532133460044860839843750000000000000000e+00
-3.2284908482554914854745220509357750415802001953125000000000000000e+00
-3.2284576698771991765113398287212476134300231933593750000000000000e+00
-3.2284244609593297781202636542730033397674560546875000000000000000e+00
-3.2283912214848671240474686783272773027420043945312500000000000000e+00
-3.2283579514359685980195990850916132330894470214843750000000000000e+00
-3.2283246507939726832603355433093383908271789550781250000000000000e+00
-3.2282913195393945215982967056334018707275390625000000000000000000e+00
-3.2282579576519365716080756101291626691818237304687500000000000000e+00
-3.2282245651104797268260426790220662951469421386718750000000000000e+00
-3.2281911418930975266050609207013621926307678222656250000000000000e+00
-3.2281576879770477184194987785303965210914611816406250000000000000e+00
-3.2281242033387811396494271320989355444908142089843750000000000000e+00
-3.2280906879539430498482488474110141396522521972656250000000000000e+00
-3.2280571417973638048692919255699962377548217773437500000000000000e+00
-3.2280235648430779527018330554710701107978820800781250000000000000e+00
-3.2279899570643140194192710623610764741897583007812500000000000000e+00
-3.2279563184335038350525337591534480452537536621093750000000000000e+00
-3.2279226489222687668245725944871082901954650878906250000000000000e+00
-3.2278889485014365945403369551058858633041381835937500000000000000e+00
-3.2278552171410406224083544657332822680473327636718750000000000000e+00
-3.2278214548103094649889044376322999596595764160156250000000000000e+00
-3.2277876614776741526213754696073010563850402832031250000000000000e+00
-3.2277538371107761250300427491310983896255493164062500000000000000e+00
-3.2277199816764605699859203014057129621505737304687500000000000000e+00
-3.2276860951407706501470329385483637452125549316406250000000000000e+00
-3.2276521774689634902699708618456497788429260253906250000000000000e+00
-3.2276182286254901931954464089358225464820861816406250000000000000e+00
-3.2275842485740184883979964070022106170654296875000000000000000000e+00
-3.2275502372774136361499586200807243585586547851562500000000000000e+00
-3.2275161946977499738409278506878763437271118164062500000000000000e+00
-3.2274821207963024782827687886310741305351257324218750000000000000e+00
-3.2274480155335516506909243616973981261253356933593750000000000000e+00
-3.2274138788691808521491566352779045701026916503906250000000000000e+00
-3.2273797107620789681448059127433225512504577636718750000000000000e+00
-3.2273455111703350794982725346926599740982055664062500000000000000e+00
-3.2273112800512366860061774787027388811111450195312500000000000000e+00
-3.2272770173612737032442510098917409777641296386718750000000000000e+00
-3.2272427230561335775860243302304297685623168945312500000000000000e+00
-3.2272083970906964012215212278533726930618286132812500000000000000e+00
-3.2271740394190477907443437288748100399971008300781250000000000000e+00
-3.2271396499944584590480189945083111524581909179687500000000000000e+00
-3.2271052287693922089317766221938654780387878417968750000000000000e+00
-3.2270707756955028244760796951595693826675415039062500000000000000e+00
-3.2270362907236322946857853821711614727973937988281250000000000000e+00
-3.2270017738038090371333055372815579175949096679687500000000000000e+00
-3.2269672248852425688880884990794584155082702636718750000000000000e+00
-3.2269326439163257269626683410024270415306091308593750000000000000e+00
-3.2268980308446226779039989196462556719779968261718750000000000000e+00
-3.2268633856168800200237001263303682208061218261718750000000000000e+00
-3.2268287081790076875620343344053253531455993652343750000000000000e+00
-3.2267939984760909410965723509434610605239868164062500000000000000e+00
-3.2267592564523757125982683646725490689277648925781250000000000000e+00
-3.2267244820512717140559288964141160249710083007812500000000000000e+00
-3.2266896752153426675135960977058857679367065429687500000000000000e+00
-3.2266548358863111900518561014905571937561035156250000000000000000e+00
-3.2266199640050441388439139700494706630706787109375000000000000000e+00
-3.2265850595115592724937414459418505430221557617187500000000000000e+00
-3.2265501223450070433784730994375422596931457519531250000000000000e+00
-3.2265151524436808117002328799571841955184936523437500000000000000e+00
-3.2264801497450004141853696637554094195365905761718750000000000000e+00
-3.2264451141855192695118148549227043986320495605468750000000000000e+00
-3.2264100457009061706514785328181460499763488769531250000000000000e+00
-3.2263749442259452848702494520694017410278320312500000000000000000e+00
-3.2263398096945290483006374415708705782890319824218750000000000000e+00
-3.2263046420396617186554522049846127629280090332031250000000000000e+00
-3.2262694411934380589457305177347734570503234863281250000000000000e+00
-3.2262342070870482224620445776963606476783752441406250000000000000e+00
-3.2261989396507648741874163533793762326240539550781250000000000000e+00
-3.2261636388139414144404781836783513426780700683593750000000000000e+00
-3.2261283045050039852696954767452552914619445800781250000000000000e+00
-3.2260929366514363714202318078605458140373229980468750000000000000e+00
-3.2260575351797933230102444213116541504859924316406250000000000000e+00
-3.2260221000156605875019977247575297951698303222656250000000000000e+00
-3.2259866310836802227868247427977621555328369140625000000000000000e+00
-3.2259511283075221754756967129651457071304321289062500000000000000e+00
-3.2259155916098762872934457845985889434814453125000000000000000000e+00
-3.2258800209124594005061226198449730873107910156250000000000000000e+00
-3.2258444161359842716763068892760202288627624511718750000000000000e+00
-3.2258087772001649007336254726396873593330383300781250000000000000e+00
-3.2257731040237085373689751577330753207206726074218750000000000000e+00
-3.2257373965242939206632399873342365026473999023437500000000000000e+00
-3.2257016546185730554441306594526395201683044433593750000000000000e+00
-3.2256658782221547809854200750123709440231323242187500000000000000e+00
-3.2256300672495887837953887355979532003402709960937500000000000000e+00
-3.2255942216143682621520838438300415873527526855468750000000000000e+00
-3.2255583412289046130183578497963026165962219238281250000000000000e+00
-3.2255224260045274320418684510514140129089355468750000000000000000e+00
-3.2254864758514627531837959395488724112510681152343750000000000000e+00
-3.2254504906788272755591151508269831538200378417968750000000000000e+00
-3.2254144703946070471545226610032841563224792480468750000000000000e+00
-3.2253784149056556884715973865240812301635742187500000000000000000e+00
-3.2253423241176677471742095804074779152870178222656250000000000000e+00
-3.2253061979351786980885208322433754801750183105468750000000000000e+00
-3.2252700362615405182964423147495836019515991210937500000000000000e+00
-3.2252338389989092526377589820185676217079162597656250000000000000e+00
-3.2251976060482290264985749672632664442062377929687500000000000000e+00
-3.2251613373092147263321294303750619292259216308593750000000000000e+00
-3.2251250326803440060530192567966878414154052734375000000000000000e+00
-3.2250886920588222039896209025755524635314941406250000000000000000e+00
-3.2250523153405930010251267958665266633033752441406250000000000000e+00
-3.2250159024202988966578686813591048121452331542968750000000000000e+00
-3.2249794531912558959163561667082831263542175292968750000000000000e+00
-3.2249429675454632793218934239121153950691223144531250000000000000e+00
-3.2249064453735600821460138831753283739089965820312500000000000000e+00
-3.2248698865648184330723324819700792431831359863281250000000000000e+00
-3.2248332910071080270597576600266620516777038574218750000000000000e+00
-3.2247966585868974576101209095213562250137329101562500000000000000e+00
-3.2247599891892040346874637180007994174957275390625000000000000000e+00
-3.2247232826975960051640868186950683593750000000000000000000000000e+00
-3.2246865389941561375053424853831529617309570312500000000000000000e+00
-3.2246497579594626259336109797004610300064086914062500000000000000e+00
-3.2246129394725584482728208968183025717735290527343750000000000000e+00
-3.2245760834109375991829438135027885437011718750000000000000000000e+00
-3.2245391896505060103095274826046079397201538085937500000000000000e+00
-3.2245022580655531285742654290515929460525512695312500000000000000e+00
-3.2244652885287488075505279994104057550430297851562500000000000000e+00
-3.2244282809110806908847735030576586723327636718750000000000000000e+00
-3.2243912350818542122965482121799141168594360351562500000000000000e+00
-3.2243541509086379726056748040718957781791687011718750000000000000e+00
-3.2243170282572508611451667093206197023391723632812500000000000000e+00
-3.2242798669917158704834037052933126688003540039062500000000000000e+00
-3.2242426669742436651233674638206139206886291503906250000000000000e+00
-3.2242054280651823994219284941209480166435241699218750000000000000e+00
-3.2241681501229879636127861886052414774894714355468750000000000000e+00
-3.2241308330041968943646679690573364496231079101562500000000000000e+00
-3.2240934765633668668272093782434239983558654785156250000000000000e+00
-3.2240560806530713655604358791606500744819641113281250000000000000e+00
-3.2240186451238321829748656455194577574729919433593750000000000000e+00
-3.2239811698240861126407708070473745465278625488281250000000000000e+00
-3.2239436546001516425974386947927996516227722167968750000000000000e+00
-3.2239060992961823259861375845503062009811401367187500000000000000e+00
-3.2238685037541210398615021404111757874488830566406250000000000000e+00
-3.2238308678136520235568696080008521676063537597656250000000000000e+00
-3.2237931913121631311014425591565668582916259765625000000000000000e+00
-3.2237554740846929846043167344760149717330932617187500000000000000e+00
-3.2237177159638856771550763369305059313774108886718750000000000000e+00
-3.2236799167799303766912544233491644263267517089843750000000000000e+00
-3.2236420763605289074860138498479500412940979003906250000000000000e+00
-3.2236041945308295808558796124998480081558227539062500000000000000e+00
-3.2235662711133752367231863900087773799896240234375000000000000000e+00
-3.2235283059280535056245753366965800523757934570312500000000000000e+00
-3.2234902987920355244000347738619893789291381835937500000000000000e+00
-3.2234522495197217573092984821414574980735778808593750000000000000e+00
-3.2234141579226869289698242937447503209114074707031250000000000000e+00
-3.2233760238096209604918840341269969940185546875000000000000000000e+00
-3.2233378469862530302236791612813249230384826660156250000000000000e+00
-3.2232996272553089411871951597277075052261352539062500000000000000e+00
-3.2232613644164378463585762801812961697578430175781250000000000000e+00
-3.2232230582661611784089927823515608906745910644531250000000000000e+00
-3.2231847085977971545389664242975413799285888671875000000000000000e+00
-3.2231463152013892781155846023466438055038452148437500000000000000e+00
-3.2231078778636721438033418962731957435607910156250000000000000000e+00
-3.2230693963679608593508874037070199847221374511718750000000000000e+00
-3.2230308704941261765952731366269290447235107421875000000000000000e+00
-3.2229923000185078940660332591505721211433410644531250000000000000e+00
-3.2229536847138482436037065781420096755027770996093750000000000000e+00
-3.2229150243492372673870249855099245905876159667968750000000000000e+00
-3.2228763186900377668564487976254895329475402832031250000000000000e+00
-3.2228375674978271270276763971196487545967102050781250000000000000e+00
-3.2227987705303373644483144744299352169036865234375000000000000000e+00
-3.2227599275413880697271906683454290032386779785156250000000000000e+00
-3.2227210382808308963831223081797361373901367187500000000000000000e+00
-3.2226821024944998228534132067579776048660278320312500000000000000e+00
-3.2226431199241454272907958511495962738990783691406250000000000000e+00
-3.2226040903074011367834827979095280170440673828125000000000000000e+00
-3.2225650133777343775420831661904230713844299316406250000000000000e+00
-3.2225258888643981691757289809174835681915283203125000000000000000e+00
-3.2224867164924164697481501207221299409866333007812500000000000000e+00
-3.2224474959825437636595779622439295053482055664062500000000000000e+00
-3.2224082270512521830596597283147275447845458984375000000000000000e+00
-3.2223689094107328401150880381464958190917968750000000000000000000e+00
-3.2223295427688771752627872047014534473419189453125000000000000000e+00
-3.2222901268293075993653928890125826001167297363281250000000000000e+00
-3.2222506612914210144538174063200131058692932128906250000000000000e+00
-3.2222111458503897019056694261962547898292541503906250000000000000e+00
-3.2221715801972536930009027855703607201576232910156250000000000000e+00
-3.2221319640189993727119599498109892010688781738281250000000000000e+00
-3.2220922969986376394047056237468495965003967285156250000000000000e+00
-3.2220525788153531188129363727057352662086486816406250000000000000e+00
-3.2220128091446404994258045917376875877380371093750000000000000000e+00
-3.2219729876584870531530668813502416014671325683593750000000000000e+00
-3.2219331140255875745026514778146520256996154785156250000000000000e+00
-3.2218931879115966232518530887318775057792663574218750000000000000e+00
-3.2218532089793989747761315811658278107643127441406250000000000000e+00
-3.2218131768894644473277821816736832261085510253906250000000000000e+00
-3.2217730913002142756340617779642343521118164062500000000000000000e+00
-3.2217329518684580946796813805121928453445434570312500000000000000e+00
-3.2216927582498842141944805916864424943923950195312500000000000000e+00
-3.2216525100996094010952219832688570022583007812500000000000000000e+00
-3.2216122070728236970182933873729780316352844238281250000000000000e+00
-3.2215718488254578844021125405561178922653198242187500000000000000e+00
-3.2215314350149895084030049474677070975303649902343750000000000000e+00
-3.2214909653013101831220410531386733055114746093750000000000000000e+00
-3.2214504393476861565659419284202158451080322265625000000000000000e+00
-3.2214098568218325624457065714523196220397949218750000000000000000e+00
-3.2213692173971173460245154274161905050277709960937500000000000000e+00
-3.2213285207538340237931606679921969771385192871093750000000000000e+00
-3.2212877665806471938481081451755017042160034179687500000000000000e+00
-3.2212469545761819311735507653793320059776306152343750000000000000e+00
-3.2212060844507366397238001809455454349517822265625000000000000000e+00
-3.2211651559281238021981152996886521577835083007812500000000000000e+00
-3.2211241687477372153125543263740837574005126953125000000000000000e+00
-3.2210831226667298032850794697878882288932800292968750000000000000e+00
-3.2210420174623886069298350776080042123794555664062500000000000000e+00
-3.2210008529346816352756377455079928040504455566406250000000000000e+00
-3.2209596289089850174036655516829341650009155273437500000000000000e+00
-3.2209183452389709145791130140423774719238281250000000000000000000e+00
-3.2208770018096757326020451728254556655883789062500000000000000000e+00
-3.2208355985407379762364143971353769302368164062500000000000000000e+00
-3.2207941353897577840825761086307466030120849609375000000000000000e+00
-3.2207526123557741470904147718101739883422851562500000000000000000e+00
-3.2207110294828424912338959984481334686279296875000000000000000000e+00
-3.2206693868636500077684559073532000184059143066406250000000000000e+00
-3.2206276846430870186566153279272839426994323730468750000000000000e+00
-3.2205859230217521727013263443950563669204711914062500000000000000e+00
-3.2205441022592231625765180069720372557640075683593750000000000000e+00
-3.2205022226770587678856827551499009132385253906250000000000000000e+00
-3.2204602846612928601643943693488836288452148437500000000000000000e+00
-3.2204182886643031302753570344066247344017028808593750000000000000e+00
-3.2203762352057805351535080262692645192146301269531250000000000000e+00
-3.2203341248725587675494352879468351602554321289062500000000000000e+00
-3.2202919583169693495960927975829690694808959960937500000000000000e+00
-3.2202497362533635261172548780450597405433654785156250000000000000e+00
-3.2202074594523040218518872279673814773559570312500000000000000000e+00
-3.2201651287319723593327580601908266544342041015625000000000000000e+00
-3.2201227449462499485832722712075337767601013183593750000000000000e+00
-3.2200803089687588531830897409236058592796325683593750000000000000e+00
-3.2200378216723897217832472961163148283958435058593750000000000000e+00
-3.2199952839034677865015510178636759519577026367187500000000000000e+00
-3.2199526964502975800996864563785493373870849609375000000000000000e+00
-3.2199100600054997300958348205313086509704589843750000000000000000e+00
-3.2198673751221758010387929971329867839813232421875000000000000000e+00
-3.2198246421644922676819078333210200071334838867187500000000000000e+00
-3.2197818612537569826770322833908721804618835449218750000000000000e+00
-3.2197390322093051295837540237698704004287719726562500000000000000e+00
-3.2196961544087527862245678988983854651451110839843750000000000000e+00
-3.2196532246753508665904064400820061564445495605468750000000000000e+00
-3.2196102614978685529933954967418685555458068847656250000000000000e+00
-3.2195673765074817040954258118290454149246215820312500000000000000e+00
