1.9980089776883944718832708531408570706844329833984375000000000000e+00
1.9955284865075508804466153378598392009735107421875000000000000000e+00
1.9930557737441148002943691608379594981670379638671875000000000000e+00
1.9905882620608574828935388723039068281650543212890625000000000000e+00
1.9881257828621070604668830128503032028675079345703125000000000000e+00
1.9856698336210341082619379449170082807540893554687500000000000000e+00
1.9832199556116085759072120708879083395004272460937500000000000000e+00
1.9807759175656753924954500689636915922164916992187500000000000000e+00
1.9783378471567067968805986311053857207298278808593750000000000000e+00
1.9759057119061966822926024178741499781608581542968750000000000000e+00
1.9734794723382724779270347426063381135463714599609375000000000000e+00
1.9710591138054291970860276705934666097164154052734375000000000000e+00
1.9686446157535097967183901346288621425628662109375000000000000000e+00
1.9662359565768658953288650081958621740341186523437500000000000000e+00
1.9638331156358062035138800638378597795963287353515625000000000000e+00
1.9614360723090902283161085506435483694076538085937500000000000000e+00
1.9590448060270546637440247650374658405780792236328125000000000000e+00
1.9566592963379147995794937742175534367561340332031250000000000000e+00
1.9542795228926754802500909136142581701278686523437500000000000000e+00
1.9519054654424623507225078355986624956130981445312500000000000000e+00
1.9495371038393896068185995318344794213771820068359375000000000000e+00
1.9471744180360115450412195059470832347869873046875000000000000000e+00
1.9448173880848464989412605063989758491516113281250000000000000000e+00
1.9424659941381658967429757467471063137054443359375000000000000000e+00
1.9401202164477919787088922021212056279182434082031250000000000000e+00
1.9377800353648704234643673771643079817295074462890625000000000000e+00
1.9354454313401801002214597247075289487838745117187500000000000000e+00
1.9331163849241916885546288540353998541831970214843750000000000000e+00
1.9307928767670723413374389565433375537395477294921875000000000000e+00
1.9284748876196813327510426461230963468551635742187500000000000000e+00
1.9261623983339710708406755657051689922809600830078125000000000000e+00
1.9238553898640173844825085325282998383045196533203125000000000000e+00
1.9215538432674275082234771616640500724315643310546875000000000000e+00
1.9192577397066572508776971517363563179969787597656250000000000000e+00
1.9169670604511814815396064659580588340759277343750000000000000000e+00
1.9146817868796113248919255056534893810749053955078125000000000000e+00
1.9124019004829646561915978963952511548995971679687500000000000000e+00
1.9101273828682292510450224654050543904304504394531250000000000000e+00
1.9078582157621977177797134572756476700305938720703125000000000000e+00
1.9055943810169178043167903524590656161308288574218750000000000000e+00
1.9033358606157217973731121674063615500926971435546875000000000000e+00
1.9010826366803335041311129316454753279685974121093750000000000000e+00
1.8988346914794613784494003994041122496128082275390625000000000000e+00
1.8965920074389763794187047096784226596355438232421875000000000000e+00
1.8943545671540240604713289940264075994491577148437500000000000000e+00
1.8921223534030773283376447579939849674701690673828125000000000000e+00
1.8898953491648717850637240189826115965843200683593750000000000000e+00
1.8876735376382762776614754329784773290157318115234375000000000000e+00
1.8854569022662759358865969261387363076210021972656250000000000000e+00
1.8832454267636906664051821280736476182937622070312500000000000000e+00
1.8810390951506685830452170193893834948539733886718750000000000000e+00
1.8788378917935393275229216669686138629913330078125000000000000000e+00
1.8766418014512828982276460010325536131858825683593750000000000000e+00
1.8744508093334841802857226866763085126876831054687500000000000000e+00
1.8722649011702185983807567026815377175807952880859375000000000000e+00
1.8700840632952850928205634772893972694873809814453125000000000000e+00
1.8679082827481789941259648912819102406501770019531250000000000000e+00
1.8657375473995734260768131207441911101341247558593750000000000000e+00
1.8635718461045007732224121355102397501468658447265625000000000000e+00
1.8614111688922201359730479452991858124732971191406250000000000000e+00
1.8592555072023091433663921634433791041374206542968750000000000000e+00
1.8571048541787362751165346708148717880249023437500000000000000000e+00
1.8549592050391519038043952605221420526504516601562500000000000000e+00
1.8528185575367814852398851144243963062763214111328125000000000000e+00
1.8506829125409158809389964517322368919849395751953125000000000000e+00
1.8485522747593352566042312901117838919162750244140625000000000000e+00
1.8464266536270275143039043541648425161838531494140625000000000000e+00
1.8443060643628659267534430910018272697925567626953125000000000000e+00
1.8421905291460498599320771972998045384883880615234375000000000000e+00
1.8400800782387671805651052636676467955112457275390625000000000000e+00
1.8379747505983035082977039564866572618484497070312500000000000000e+00
1.8358745929614808112262380745960399508476257324218750000000000000e+00
1.8337796553104568353376180311897769570350646972656250000000000000e+00
1.8316899787845026814636639755917713046073913574218750000000000000e+00
1.8296055688045094189675410234485752880573272705078125000000000000e+00
1.8275263404309625148158602314651943743228912353515625000000000000e+00
1.8254520265133240553012683449196629226207733154296875000000000000e+00
1.8233819597001967860450122316251508891582489013671875000000000000e+00
1.8213144941265246856687554100062698125839233398437500000000000000e+00
1.8192491277295830265359199984231963753700256347656250000000000000e+00
1.8171884690002120255059026021626777946949005126953125000000000000e+00
1.8151348618937122036953724091290496289730072021484375000000000000e+00
1.8130875994131934181297083341632969677448272705078125000000000000e+00
1.8110452763987152646762979202321730554103851318359375000000000000e+00
1.8090074004313649869146729542990215122699737548828125000000000000e+00
1.8069736835440814992637115210527554154396057128906250000000000000e+00
1.8049440187343972485933818461489863693714141845703125000000000000e+00
1.8029183838510292048340488690882921218872070312500000000000000000e+00
1.8008967979801311365406490949681028723716735839843750000000000000e+00
1.7988792964750992542377616700832732021808624267578125000000000000e+00
1.7968659177365435830608930700691416859626770019531250000000000000e+00
1.7948566971396622271583964902674779295921325683593750000000000000e+00
1.7928516646545786805688749154796823859214782714843750000000000000e+00
1.7908508443374342444798230644664727151393890380859375000000000000e+00
1.7888542546687455914167230730527080595493316650390625000000000000e+00
1.7868619092126385439200930704828351736068725585937500000000000000e+00
1.7848738173403331241928526651463471353054046630859375000000000000e+00
1.7828899849091046636573310024687089025974273681640625000000000000e+00
1.7809104148541743395384173709317110478878021240234375000000000000e+00
1.7789351076858257449941902450518682599067687988281250000000000000e+00
1.7769640619033943984561574325198307633399963378906250000000000000e+00
1.7749972743334676561488549850764684379100799560546875000000000000e+00
1.7730347404062827276760572203784249722957611083984375000000000000e+00
1.7710764543830102013544092187657952308654785156250000000000000000e+00
1.7691224095411486327833472387283109128475189208984375000000000000e+00
1.7671725983286625805135372502263635396957397460937500000000000000e+00
1.7652270124904689829747894691536203026771545410156250000000000000e+00
1.7632856431732204516293904816848225891590118408203125000000000000e+00
1.7613484810140029868108513255720026791095733642578125000000000000e+00
1.7594155162145359572178904272732324898242950439453125000000000000e+00
1.7574867386031269855806158375344239175319671630859375000000000000e+00
1.7555621376876744399453400546917691826820373535156250000000000000e+00
1.7536417027018695868889608391327783465385437011718750000000000000e+00
1.7517254226423049079386373705347068607807159423828125000000000000e+00
1.7498132863032154205029655713587999343872070312500000000000000000e+00
1.7479052823049370246621947444509714841842651367187500000000000000e+00
1.7460013991180896031352176578366197645664215087890625000000000000e+00
1.7441016250870409187712084531085565686225891113281250000000000000e+00
1.7422059484474123891573071887250989675521850585937500000000000000e+00
1.7403143573428712098660753326839767396450042724609375000000000000e+00
1.7384268398409525868686387184425257146358489990234375000000000000e+00
1.7365433839450188369113448061398230493068695068359375000000000000e+00
1.7346639776058763171562304705730639398097991943359375000000000000e+00
1.7327886087318349339625456195790320634841918945312500000000000000e+00
1.7309172651980064827625938050914555788040161132812500000000000000e+00
1.7290499348540746549218738437048159539699554443359375000000000000e+00
1.7271866055311735355104474365361966192722320556640625000000000000e+00
1.7253272650488544748270669515477493405342102050781250000000000000e+00
1.7234719012201331622691213851794600486755371093750000000000000000e+00
1.7216205018569685769591615098761394619941711425781250000000000000e+00
1.7197730547745955220761970849707722663879394531250000000000000000e+00
1.7179295477955693893790112269925884902477264404296875000000000000e+00
1.7160899687541706359894533306942321360111236572265625000000000000e+00
1.7142543054984649142369335095281712710857391357421875000000000000e+00
1.7124225458943822530955003458075225353240966796875000000000000000e+00
1.7105946778277982822658032091567292809486389160156250000000000000e+00
1.7087706892068295072562023051432333886623382568359375000000000000e+00
1.7069505679648349083521452485001645982265472412109375000000000000e+00
1.7051343020613867196288993000052869319915771484375000000000000000e+00
1.7033218794851419097824418713571503758430480957031250000000000000e+00
1.7015132882541139647258887634961865842342376708984375000000000000e+00
1.6997085164184009276056031012558378279209136962890625000000000000e+00
1.6979075520611994765118879513465799391269683837890625000000000000e+00
1.6961103832988886352950430591590702533721923828125000000000000000e+00
1.6943169982836743248100219716434367001056671142578125000000000000e+00
1.6925273852038000832465058920206502079963684082031250000000000000e+00
1.6907415322844649985256637592101469635963439941406250000000000000e+00
1.6889594277887403084292827770696021616458892822265625000000000000e+00
1.6871810600180809913695156865287572145462036132812500000000000000e+00
1.6854064173134273296739138459088280797004699707031250000000000000e+00
1.6836354880551291923751477952464483678340911865234375000000000000e+00
1.6818682606641472965236516756704077124595642089843750000000000000e+00
1.6801047236019839292708866196335293352603912353515625000000000000e+00
1.6783448653710328901667026002542115747928619384765625000000000000e+00
1.6765886745165026194825941274757497012615203857421875000000000000e+00
1.6748361396237996245872636791318655014038085937500000000000000000e+00
1.6730872493213142515600111437379382550716400146484375000000000000e+00
1.6713419922800587524847060194588266313076019287109375000000000000e+00
1.6696003572133684134115583219681866466999053955078125000000000000e+00
1.6678623328772794742747009877348318696022033691406250000000000000e+00
1.6661279080711883793242122919764369726181030273437500000000000000e+00
1.6643970716372780138669895677594467997550964355468750000000000000e+00
1.6626698124608192408402373985154554247856140136718750000000000000e+00
1.6609461194712262788186762918485328555107116699218750000000000000e+00
1.6592259816401360161819411587202921509742736816406250000000000000e+00
1.6575093879832349941239044710528105497360229492187500000000000000e+00
1.6557963275596772056985628296388313174247741699218750000000000000e+00
1.6540867894716437813684706270578317344188690185546875000000000000e+00
1.6523807628651454582069391108234412968158721923828125000000000000e+00
1.6506782369297221535475728160236030817031860351562500000000000000e+00
1.6489792008975063808406957832630723714828491210937500000000000000e+00
1.6472836440447742312187529023503884673118591308593750000000000000e+00
1.6455915556905862384695637956610880792140960693359375000000000000e+00
1.6439029251971994938230636762455105781555175781250000000000000000e+00
1.6422177419701629030868161862599663436412811279296875000000000000e+00
1.6405359954578471182173871056875213980674743652343750000000000000e+00
1.6388576751518020291342736527440138161182403564453125000000000000e+00
1.6371827705858172929964666764135472476482391357421875000000000000e+00
1.6355112713369823751463627559132874011993408203125000000000000000e+00
1.6338431670245412430375608892063610255718231201171875000000000000e+00
1.6321784473097962209209299544454552233219146728515625000000000000e+00
1.6305171018973261265472274317289702594280242919921875000000000000e+00
1.6288591205328173394661916972836479544639587402343750000000000000e+00
1.6272044930042237620426703870180062949657440185546875000000000000e+00
1.6255532091418105622437906276900321245193481445312500000000000000e+00
1.6239052588168285673475565999979153275489807128906250000000000000e+00
1.6222606319425971754810689162695780396461486816406250000000000000e+00
1.6206193184729724698911468294681981205940246582031250000000000000e+00
1.6189813084037667501036139583447948098182678222656250000000000000e+00
1.6173465917716096651446378018590621650218963623046875000000000000e+00
1.6157151586532725318079428689088672399520874023437500000000000000e+00
1.6140869991671449312775621365290135145187377929687500000000000000e+00
1.6124621034712602885008436714997515082359313964843750000000000000e+00
1.6108404617644225265138402392040006816387176513671875000000000000e+00
1.6092220642853980461239871146972291171550750732421875000000000000e+00
1.6076069013127378681815571326296776533126831054687500000000000000e+00
1.6059949631642627121408395396429114043712615966796875000000000000e+00
1.6043862401981037191234236161108128726482391357421875000000000000e+00
1.6027807228118096105617951252497732639312744140625000000000000000e+00
1.6011784014410210819079338762094266712665557861328125000000000000e+00
1.5995792665612156291388146200915798544883728027343750000000000000e+00
1.5979833086864299040996684198034927248954772949218750000000000000e+00
1.5963905183688793520957460714271292090415954589843750000000000000e+00
1.5948008861996207929934143976424820721149444580078125000000000000e+00
1.5932144028078778497103940026136115193367004394531250000000000000e+00
1.5916310588602411435488193092169240117073059082031250000000000000e+00
1.5900508450618668909726238780422136187553405761718750000000000000e+00
1.5884737521549967542711101486929692327976226806640625000000000000e+00
1.5868997709194334611026988568482920527458190917968750000000000000e+00
1.5853288921722736848352042215992696583271026611328125000000000000e+00
1.5837611067674228770840727520408108830451965332031250000000000000e+00
1.5821964055956663219859592572902329266071319580078125000000000000e+00
1.5806347795846389381324570422293618321418762207031250000000000000e+00
1.5790762196979308829014598813955672085285186767578125000000000000e+00
1.5775207169359219960824702866375446319580078125000000000000000000e+00
1.5759682623347925911616584926377981901168823242187500000000000000e+00
1.5744188469661595242143903305986896157264709472656250000000000000e+00
1.5728724619383667171490515102050267159938812255859375000000000000e+00
1.5713290983941763379050371440825983881950378417968750000000000000e+00
1.5697887475123122325015856404206715524196624755859375000000000000e+00
1.5682514005065972817476449563400819897651672363281250000000000000e+00
1.5667170486249077931972806254634633660316467285156250000000000000e+00
1.5651856831511077317031777056399732828140258789062500000000000000e+00
1.5636572954029914761520103638758882880210876464843750000000000000e+00
1.5621318767325782506105724678491242229938507080078125000000000000e+00
1.5606094185265433349485419967095367610454559326171875000000000000e+00
1.5590899122050587699561674526194110512733459472656250000000000000e+00
1.5575733492225767307104433712083846330642700195312500000000000000e+00
1.5560597210668927203869316144846379756927490234375000000000000000e+00
1.5545490192596580492079283430939540266990661621093750000000000000e+00
1.5530412353553932902627821022178977727890014648437500000000000000e+00
1.5515363609419607904271742881974205374717712402343750000000000000e+00
1.5500343876402620235666063308599404990673065185546875000000000000e+00
1.5485353071037473160487252243910916149616241455078125000000000000e+00
1.5470391110186954009009241417516022920608520507812500000000000000e+00
1.5455457911033856355231819179607555270195007324218750000000000000e+00
1.5440553391093618795792963283020071685314178466796875000000000000e+00
1.5425677468188352392530759971123188734054565429687500000000000000e+00
1.5410830060470230851166206775815226137638092041015625000000000000e+00
1.5396011086410834600712860265048220753669738769531250000000000000e+00
1.5381220464783607049241709319176152348518371582031250000000000000e+00
1.5366458114692655989586000941926613450050354003906250000000000000e+00
1.5351723955543981059435054703499190509319305419921875000000000000e+00
1.5337017907059296017990845939493738114833831787109375000000000000e+00
1.5322339889268918877718306248425506055355072021484375000000000000e+00
1.5307689822509327193245098897023126482963562011718750000000000000e+00
1.5293067627426637500320794060826301574707031250000000000000000000e+00
1.5278473224968369681420199412968941032886505126953125000000000000e+00
1.5263906536387310541869055668939836323261260986328125000000000000e+00
1.5249367483235671816288459012866951525211334228515625000000000000e+00
1.5234855987367574847723972197854891419410705566406250000000000000e+00
1.5220371970936146244213205136475153267383575439453125000000000000e+00
1.5205915356388020054367871125577948987483978271484375000000000000e+00
1.5191486066467476678809589429874904453754425048828125000000000000e+00
1.5177084024214917423734050316852517426013946533203125000000000000e+00
1.5162709152960034408863521093735471367835998535156250000000000000e+00
1.5148361376322947435824062267784029245376586914062500000000000000e+00
1.5134040618217825535651854806928895413875579833984375000000000000e+00
1.5119746802841556032603875792119652032852172851562500000000000000e+00
1.5105479854676722162309943087166175246238708496093750000000000000e+00
1.5091239698500620303178720860159955918788909912109375000000000000e+00
1.5077026259363000004753985194838605821132659912109375000000000000e+00
1.5062839462600681184056838901597075164318084716796875000000000000e+00
1.5048679233834156843130358538473956286907196044921875000000000000e+00
1.5034545498957738729473021521698683500289916992187500000000000000e+00
1.5020438184145663562674144486663863062858581542968750000000000000e+00
1.5006357215850192332595725019928067922592163085937500000000000000e+00
1.4992302520799487552949358359910547733306884765625000000000000000e+00
1.4978274025993840723458561114966869354248046875000000000000000000e+00
1.4964271658708503398571565412566997110843658447265625000000000000e+00
1.4950295346484350211824221332790330052375793457031250000000000000e+00
1.4936345017139138757755745245958678424358367919921875000000000000e+00
1.4922420598753929343871504897833801805973052978515625000000000000e+00
1.4908522019678207559678639881894923746585845947265625000000000000e+00
1.4894649208532797501902678050100803375244140625000000000000000000e+00
1.4880802094193406048816541442647576332092285156250000000000000000e+00
1.4866980605807320614530908642336726188659667968750000000000000000e+00
1.4853184672779973229950201130122877657413482666015625000000000000e+00
1.4839414224778624262768289554514922201633453369140625000000000000e+00
1.4825669191730643792226373989251442253589630126953125000000000000e+00
1.4811949503819101803259172811522148549556732177734375000000000000e+00
1.4798255091488912160713198318262584507465362548828125000000000000e+00
1.4784585885435255203645965593750588595867156982421875000000000000e+00
1.4770941816610378971574846218572929501533508300781250000000000000e+00
1.4757322816223898964693717061891220510005950927734375000000000000e+00
1.4743728815727816794378668419085443019866943359375000000000000000e+00
1.4730159746835118639296524634119123220443725585937500000000000000e+00
1.4716615541502149344665895114303566515445709228515625000000000000e+00
1.4703096131935033952231606235727667808532714843750000000000000000e+00
1.4689601450591698306169519128161482512950897216796875000000000000e+00
1.4676131430170791247746819863095879554748535156250000000000000000e+00
1.4662686003614795460237019142368808388710021972656250000000000000e+00
1.4649265104117124014493356298771686851978302001953125000000000000e+00
1.4635868665106424035826648832880891859531402587890625000000000000e+00
1.4622496620259279875853053454193286597728729248046875000000000000e+00
1.4609148903486635084902900416636839509010314941406250000000000000e+00
1.4595825448942254531914386461721733212471008300781250000000000000e+00
1.4582526191020359629391123235109262168407440185546875000000000000e+00
1.4569251064343831103542470373213291168212890625000000000000000000e+00
1.4556000003782334495383565808879211544990539550781250000000000000e+00
1.4542772944432198478637019434245303273200988769531250000000000000e+00
1.4529569821624874759180556793580763041973114013671875000000000000e+00
1.4516390570928694447871976080932654440402984619140625000000000000e+00
1.4503235128140083975978313901578076183795928955078125000000000000e+00
1.4490103429284140190702601103112101554870605468750000000000000000e+00
1.4476995410620969728654472419293597340583801269531250000000000000e+00
1.4463911008633125732103508198633790016174316406250000000000000000e+00
1.4450850160033588132080240029608830809593200683593750000000000000e+00
1.4437812801761449321702457382343709468841552734375000000000000000e+00
1.4424798870981425658044372539734467864036560058593750000000000000e+00
1.4411808305079676362225882257916964590549468994140625000000000000e+00
1.4398841041669210305542492278618738055229187011718750000000000000e+00
1.4385897018583440054584343670285306870937347412109375000000000000e+00
1.4372976173874394412166566326050087809562683105468750000000000000e+00
1.4360078445822226367312168804346583783626556396484375000000000000e+00
1.4347203772911845121029728034045547246932983398437500000000000000e+00
1.4334352093863338417634167853975668549537658691406250000000000000e+00
1.4321523347602704845371590636204928159713745117187500000000000000e+00
1.4308717473271073128415764585952274501323699951171875000000000000e+00
1.4295934410235819900236720059183426201343536376953125000000000000e+00
1.4283174098063740053987658029654994606971740722656250000000000000e+00
1.4270436476548318260881842434173449873924255371093750000000000000e+00
1.4257721485684988760311853184248320758342742919921875000000000000e+00
1.4245029065687448976973428216297179460525512695312500000000000000e+00
1.4232359156975955549739865091396495699882507324218750000000000000e+00
1.4219711700179928914877791612525470554828643798828125000000000000e+00
1.4207086636141392776977454559528268873691558837890625000000000000e+00
1.4194483905904025089483866395312361419200897216796875000000000000e+00
1.4181903450721784487598142732167616486549377441406250000000000000e+00
1.4169345212054249572020125924609601497650146484375000000000000000e+00
1.4156809131565117887419091857736930251121520996093750000000000000e+00
1.4144295151120220843665720167336985468864440917968750000000000000e+00
1.4131803212792291013499834662070497870445251464843750000000000000e+00
1.4119333258849902090759087514015845954418182373046875000000000000e+00
1.4106885231771109090459503931924700736999511718750000000000000000e+00
1.4094459074227432271442239652969874441623687744140625000000000000e+00
1.4082054729089372724359918720438145101070404052734375000000000000e+00
1.4069672139432483071175283839693292975425720214843750000000000000e+00
1.4057311248521191515692407847382128238677978515625000000000000000e+00
1.4044971999826481035000824704184196889400482177734375000000000000e+00
1.4032654337005059375087512307800352573394775390625000000000000000e+00
1.4020358203918206196902929150382988154888153076171875000000000000e+00
1.4008083544610434589827718809829093515872955322265625000000000000e+00
1.3995830303331924238108285862836055457592010498046875000000000000e+00
1.3983598424515568670045695398584939539432525634765625000000000000e+00
1.3971387852789152184129761735675856471061706542968750000000000000e+00
1.3959198532973497997033973661018535494804382324218750000000000000e+00
1.3947030410074341411075238283956423401832580566406250000000000000e+00
1.3934883429292515000241792222368530929088592529296875000000000000e+00
1.3922757536008134593430440872907638549804687500000000000000000000e+00
1.3910652675803154565414843091275542974472045898437500000000000000e+00
1.3898568794428536321561296063009649515151977539062500000000000000e+00
1.3886505837836204957369545809342525899410247802734375000000000000e+00
1.3874463752154528872750915979850105941295623779296875000000000000e+00
1.3862442483698145245796240487834438681602478027343750000000000000e+00
1.3850441978967955591883765009697526693344116210937500000000000000e+00
1.3838462184641175944932456332026049494743347167968750000000000000e+00
1.3826503047584011163451123138656839728355407714843750000000000000e+00
1.3814564514837013309289659446221776306629180908203125000000000000e+00
1.3802646533627898062235317411250434815883636474609375000000000000e+00
1.3790749051356137044876959407702088356018066406250000000000000000e+00
1.3778872015607390721925185061991214752197265625000000000000000000e+00
1.3767015374140838535055308966548182070255279541015625000000000000e+00
1.3755179074893741919538570073200389742851257324218750000000000000e+00
1.3743363065980407355937131796963512897491455078125000000000000000e+00
1.3731567295688735796943547029513865709304809570312500000000000000e+00
1.3719791712486446577656806766754016280174255371093750000000000000e+00
1.3708036265008114451546816781046800315380096435546875000000000000e+00
1.3696300902068727634031120032886974513530731201171875000000000000e+00
1.3684585572652716578545550873968750238418579101562500000000000000e+00
1.3672890225914775541582457663025707006454467773437500000000000000e+00
1.3661214811185535822346537315752357244491577148437500000000000000e+00
1.3649559277961309522453348108683712780475616455078125000000000000e+00
1.3637923575912047624569822801277041435241699218750000000000000000e+00
1.3626307654873821562091507075820118188858032226562500000000000000e+00
1.3614711464851869671122130966978147625923156738281250000000000000e+00
1.3603134956021896151412420294946059584617614746093750000000000000e+00
1.3591578078720940592205579378060065209865570068359375000000000000e+00
1.3580040783458500186497985851019620895385742187500000000000000000e+00
1.3568523020902611975202489702496677637100219726562500000000000000e+00
1.3557024741893848318596837998484261333942413330078125000000000000e+00
1.3545545897430466553146288788411766290664672851562500000000000000e+00
1.3534086438679504560411714919609948992729187011718750000000000000e+00
1.3522646316964586077347121317870914936065673828125000000000000000e+00
1.3511225483778082079311388952191919088363647460937500000000000000e+00
1.3499823890768103407111766500747762620449066162109375000000000000e+00
1.3488441489747560186884811628260649740695953369140625000000000000e+00
1.3477078232686958703112622970365919172763824462890625000000000000e+00
1.3465734071717045949867497256491333246231079101562500000000000000e+00
1.3454408959128572043084659526357427239418029785156250000000000000e+00
1.3443102847366041885379672748968005180358886718750000000000000000e+00
1.3431815689038208994077194802230224013328552246093750000000000000e+00
1.3420547436903051963241750854649581015110015869140625000000000000e+00
1.3409298043880428785712410899577662348747253417968750000000000000e+00
1.3398067463043017433221848477842286229133605957031250000000000000e+00
1.3386855647618625120287561003351584076881408691406250000000000000e+00
1.3375662550989688703850788442650809884071350097656250000000000000e+00
1.3364488126690698965859382951748557388782501220703125000000000000e+00
1.3353332328411042784210849276860244572162628173828125000000000000e+00
1.3342195109992887047667409206042066216468811035156250000000000000e+00
1.3331076425424894793536623183172196149826049804687500000000000000e+00
1.3319976228855072708512352619436569511890411376953125000000000000e+00
1.3308894474572050548033530503744259476661682128906250000000000000e+00
1.3297831117025442626555786773678846657276153564453125000000000000e+00
1.3286786110801831473082756929215975105762481689453125000000000000e+00
1.3275759410646625902074902114691212773323059082031250000000000000e+00
1.3264750971448318050960324399056844413280487060546875000000000000e+00
1.3253760748241560918359027709811925888061523437500000000000000000e+00
1.3242788696211640342426107963547110557556152343750000000000000000e+00
1.3231834770683836843829794815974310040473937988281250000000000000e+00
1.3220898927139783651796278718393296003341674804687500000000000000e+00
1.3209981121193143938086222988204099237918853759765625000000000000e+00
1.3199081308610294271943530475255101919174194335937500000000000000e+00
1.3188199445300059498009659364470280706882476806640625000000000000e+00
1.3177335487310317674314319447148591279983520507812500000000000000e+00
1.3166489390838560513685706609976477921009063720703125000000000000e+00
1.3155661112217025277004722738638520240783691406250000000000000000e+00
1.3144850607924556396000070890295319259166717529296875000000000000e+00
1.3134057834578301005024059122661128640174865722656250000000000000e+00
1.3123282748935780617216551036108285188674926757812500000000000000e+00
1.3112525307896094606263659443357028067111968994140625000000000000e+00
1.3101785468494311359677340078633278608322143554687500000000000000e+00
1.3091063187908973386441857655881904065608978271484375000000000000e+00
1.3080358423449456317655403836397454142570495605468750000000000000e+00
1.3069671132571121230370181365287862718105316162109375000000000000e+00
1.3059001272858490327877234449260868132114410400390625000000000000e+00
1.3048348802037446070301029976690188050270080566406250000000000000e+00
1.3037713677968492120839982817415148019790649414062500000000000000e+00
1.3027095858644974768481006321962922811508178710937500000000000000e+00
1.3016495302199420081024072715081274509429931640625000000000000000e+00
1.3005911966893710651760329710668884217739105224609375000000000000e+00
1.2995345811128469204476232334855012595653533935546875000000000000e+00
1.2984796793431769845739154334296472370624542236328125000000000000e+00
1.2974264872469365439400235118228010833263397216796875000000000000e+00
1.2963750007035426126122956702602095901966094970703125000000000000e+00
1.2953252156058410182737361537874676287174224853515625000000000000e+00
1.2942771278595097683705716917756944894790649414062500000000000000e+00
1.2932307333835966201007749987184070050716400146484375000000000000e+00
1.2921860281097143907658164607710205018520355224609375000000000000e+00
1.2911430079828154493526426449534483253955841064453125000000000000e+00
1.2901016689606137344270564426551572978496551513671875000000000000e+00
1.2890620070136005193006667468580417335033416748046875000000000000e+00
1.2880240181250470765661475525121204555034637451171875000000000000e+00
1.2869876982910470886167786375153809785842895507812500000000000000e+00
1.2859530435204755693945344319217838346958160400390625000000000000e+00
1.2849200498343602561135412543080747127532958984375000000000000000e+00
1.2838887132672447410897120789741165935993194580078125000000000000e+00
1.2828590298650051071405187030904926359653472900390625000000000000e+00
1.2818309956871882793194572514039464294910430908203125000000000000e+00
1.2808046068048943855188781526521779596805572509765625000000000000e+00
1.2797798593020881519066733744693920016288757324218750000000000000e+00
1.2787567492750639974730120229651220142841339111328125000000000000e+00
1.2777352728319026908820887911133468151092529296875000000000000000e+00
1.2767154260938162746441548733855597674846649169921875000000000000e+00
1.2756972051933015421809614053927361965179443359375000000000000000e+00
1.2746806062757469746316019154619425535202026367187500000000000000e+00
1.2736656254980478486515949043678119778633117675781250000000000000e+00
1.2726522590295670234183944558026269078254699707031250000000000000e+00
1.2716405030515325336182286264374852180480957031250000000000000000e+00
1.2706303537570231565467793188872747123241424560546875000000000000e+00
1.2696218073512390844825858948752284049987792968750000000000000000e+00
1.2686148600510287476339499335153959691524505615234375000000000000e+00
1.2676095080853702068424126991885714232921600341796875000000000000e+00
1.2666057476945453696970389501075260341167449951171875000000000000e+00
1.2656035751310934500679650227539241313934326171875000000000000000e+00
1.2646029866588424095397158453124575316905975341796875000000000000e+00
1.2636039785533375034987102480954490602016448974609375000000000000e+00
1.2626065471020841979310489477938972413539886474609375000000000000e+00
1.2616106886033833234250778332352638244628906250000000000000000000e+00
1.2606163993678558554734081553760915994644165039062500000000000000e+00
1.2596236757169161357694520120276138186454772949218750000000000000e+00
1.2586325139839604769775860404479317367076873779296875000000000000e+00
1.2576429105132105323860969292582012712955474853515625000000000000e+00
1.2566548616606327826161759730894118547439575195312500000000000000e+00
1.2556683637933598873814844409935176372528076171875000000000000000e+00
1.2546834132893591728930005047004669904708862304687500000000000000e+00
1.2537000065388497205276507884263992309570312500000000000000000000e+00
1.2527181399416451590411725192097947001457214355468750000000000000e+00
1.2517378099103912969525254084146581590175628662109375000000000000e+00
1.2507590128672143592325483041349798440933227539062500000000000000e+00
1.2497817452464234921905017472454346716403961181640625000000000000e+00
1.2488060034927126462633850678685121238231658935546875000000000000e+00
1.2478317840617667577873817208455875515937805175781250000000000000e+00
1.2468590834206827455687971450970508158206939697265625000000000000e+00
1.2458878980462899654924058268079534173011779785156250000000000000e+00
1.2449182244278551578986480308230966329574584960937500000000000000e+00
1.2439500590635688137552961052278988063335418701171875000000000000e+00
1.2429833984640519251030355007969774305820465087890625000000000000e+00
1.2420182391494378748575400095432996749877929687500000000000000000e+00
1.2410545776509216420180337081546895205974578857421875000000000000e+00
1.2400924105105695094408702061627991497516632080078125000000000000e+00
1.2391317342804377688025851966813206672668457031250000000000000000e+00
1.2381725455237400090879873459925875067710876464843750000000000000e+00
1.2372148408134648889244999736547470092773437500000000000000000000e+00
1.2362586167339453258051662487559951841831207275390625000000000000e+00
1.2353038698790386185066836333135142922401428222656250000000000000e+00
1.2343505968534014272108834120444953441619873046875000000000000000e+00
1.2333987942722834940667553382809273898601531982421875000000000000e+00
1.2324484587603508067843449680367484688758850097656250000000000000e+00
1.2314995869537503914159515261417254805564880371093750000000000000e+00
1.2305521754976265214054365060292184352874755859375000000000000000e+00
1.2296062210480751542007737953099422156810760498046875000000000000e+00
1.2286617202712810659193110041087493300437927246093750000000000000e+00
1.2277186698429007893906828030594624578952789306640625000000000000e+00
1.2267770664495736276933257613563910126686096191406250000000000000e+00
1.2258369067869923085822847497183829545974731445312500000000000000e+00
1.2248981875618480952283562146476469933986663818359375000000000000e+00
1.2239609054897369055936451331945136189460754394531250000000000000e+00
1.2230250572970704503461547574261203408241271972656250000000000000e+00
1.2220906397196102943780715577304363250732421875000000000000000000e+00
1.2211576495029188293983679614029824733734130859375000000000000000e+00
1.2202260834028357816549714698339812457561492919921875000000000000e+00
1.2192959381842618515889853370026685297489166259765625000000000000e+00
1.2183672106225793552169989197864197194576263427734375000000000000e+00
1.2174398975021156754650064613088034093379974365234375000000000000e+00
1.2165139956175954338846167956944555044174194335937500000000000000e+00
1.2155895017726467965957226624595932662487030029296875000000000000e+00
1.2146664127809865263429855986032634973526000976562500000000000000e+00
1.2137447254657180994996679146424867212772369384765625000000000000e+00
1.2128244366592020320183564763283357024192810058593750000000000000e+00
1.2119055432039043118663812492741271853446960449218750000000000000e+00
1.2109880419508867177569300110917538404464721679687500000000000000e+00
1.2100719297613904412713736746809445321559906005859375000000000000e+00
1.2091572035055144773707525018835440278053283691406250000000000000e+00
1.2082438600628655489543916701222769916057586669921875000000000000e+00
1.2073318963223769184622824468533508479595184326171875000000000000e+00
1.2064213091822890699944537118426524102687835693359375000000000000e+00
1.2055120955498637158598285168409347534179687500000000000000000000e+00
1.2046042523417461733714617366786114871501922607421875000000000000e+00
1.2036977764837690774157863415894098579883575439453125000000000000e+00
1.2027926649106239764819292759057134389877319335937500000000000000e+00
1.2018889145664539697122563666198402643203735351562500000000000000e+00
1.2009865224042066689236207821522839367389678955078125000000000000e+00
1.2000854853859805881910460811923258006572723388671875000000000000e+00
1.1991858004827962158600485054193995893001556396484375000000000000e+00
1.1982874646747363467369495992898009717464447021484375000000000000e+00
1.1973904749505930311670454102568328380584716796875000000000000000e+00
1.1964948283083449709351953060831874608993530273437500000000000000e+00
1.1956005217545799812484119684086181223392486572265625000000000000e+00
1.1947075523049210943327125278301537036895751953125000000000000000e+00
1.1938159169836963791055950423469766974449157714843750000000000000e+00
1.1929256128237772927036530745681375265121459960937500000000000000e+00
1.1920366368673733781236023787641897797584533691406250000000000000e+00
1.1911489861645605525808377933572046458721160888671875000000000000e+00
1.1902626577748460778849448615801520645618438720703125000000000000e+00
1.1893776487659617480119322863174602389335632324218750000000000000e+00
1.1884939562142424751556291084853000938892364501953125000000000000e+00
1.1876115772049318231040615501115098595619201660156250000000000000e+00
1.1867305088312727345822850111289881169795989990234375000000000000e+00
1.1858507481956230833475274266675114631652832031250000000000000000e+00
1.1849722924082319863714474195148795843124389648437500000000000000e+00
1.1840951385883617952288204833166673779487609863281250000000000000e+00
1.1832192838632542564170080368057824671268463134765625000000000000e+00
1.1823447253686985014553556538885459303855895996093750000000000000e+00
1.1814714602490685724234253939357586205005645751953125000000000000e+00
1.1805994856564883122018727590329945087432861328125000000000000000e+00
1.1797287987521101193522099492838606238365173339843750000000000000e+00
1.1788593967046998578496186382835730910301208496093750000000000000e+00
1.1779912766917168820413053254014812409877777099609375000000000000e+00
1.1771244358986738820505024705198593437671661376953125000000000000e+00
1.1762588715190140931099449517205357551574707031250000000000000000e+00
1.1753945807548893398575273749884217977523803710937500000000000000e+00
1.1745315608159900833129540842492133378982543945312500000000000000e+00
1.1736698089204564698917465648264624178409576416015625000000000000e+00
1.1728093222944062645751728268805891275405883789062500000000000000e+00
1.1719500981718700138856092962669208645820617675781250000000000000e+00
1.1710921337950921383708191569894552230834960937500000000000000000e+00
1.1702354264140657491566344106104224920272827148437500000000000000e+00
1.1693799732869394336631785336066968739032745361328125000000000000e+00
1.1685257716796633165046159774647094309329986572265625000000000000e+00
1.1676728188659815099725847176159732043743133544921875000000000000e+00
1.1668211121278002639911619553458876907825469970703125000000000000e+00
1.1659706487545187236776200734311714768409729003906250000000000000e+00
1.1651214260435140968041878295480273663997650146484375000000000000e+00
1.1642734413000470627963522929348982870578765869140625000000000000e+00
1.1634266918367868193229242024244740605354309082031250000000000000e+00
1.1625811749745333933958590932888910174369812011718750000000000000e+00
1.1617368880414211673723912099376320838928222656250000000000000000e+00
1.1608938283735035223998011133517138659954071044921875000000000000e+00
1.1600519933143909057093878800515085458755493164062500000000000000e+00
1.1592113802151882140378802432678639888763427734375000000000000000e+00
1.1583719864348662742514761703205294907093048095703125000000000000e+00
1.1575338093395874938806855425355024635791778564453125000000000000e+00
1.1566968463033799885408825502963736653327941894531250000000000000e+00
1.1558610947075185215737747057573869824409484863281250000000000000e+00
1.1550265519409590453392411291133612394332885742187500000000000000e+00
1.1541932153999701071711569966282695531845092773437500000000000000e+00
1.1533610824883275824959127930924296379089355468750000000000000000e+00
1.1525301506171297116765117607428692281246185302734375000000000000e+00
1.1517004172048586063681341329356655478477478027343750000000000000e+00
1.1508718796775108117458330525550991296768188476562500000000000000e+00
1.1500445354680595144714061461854726076126098632812500000000000000e+00
1.1492183820171468777715517717297188937664031982421875000000000000e+00
1.1483934167724727526405104072182439267635345458984375000000000000e+00
1.1475696371889247959785507191554643213748931884765625000000000000e+00
1.1467470407288333777984234984614886343479156494140625000000000000e+00
1.1459256248614997364398959689424373209476470947265625000000000000e+00
1.1451053870635148346224241322488524019718170166015625000000000000e+00
1.1442863248185670688172876907628960907459259033203125000000000000e+00
1.1434684356174917851944883295800536870956420898437500000000000000e+00
1.1426517169581860144944585044868290424346923828125000000000000000e+00
1.1418361663455731669358783619827590882778167724609375000000000000e+00
1.1410217812918270752220450958702713251113891601562500000000000000e+00
1.1402085593157686993492916371906176209449768066406250000000000000e+00
1.1393964979435864393053634557873010635375976562500000000000000000e+00
1.1385855947081944261611852198257111012935638427734375000000000000e+00
1.1377758471495034164888693339889869093894958496093750000000000000e+00
1.1369672528145040590885628262185491621494293212890625000000000000e+00
1.1361598092567697371180202026152983307838439941406250000000000000e+00
1.1353535140371038281159599137026816606521606445312500000000000000e+00
1.1345483647228045143151575757656246423721313476562500000000000000e+00
1.1337443588883266976097274891799315810203552246093750000000000000e+00
1.1329414941146305206842725965543650090694427490234375000000000000e+00
1.1321397679896565424684240497299470007419586181640625000000000000e+00
1.1313391781080515130497587961144745349884033203125000000000000000e+00
1.1305397220710755590289409155957400798797607421875000000000000000e+00
1.1297413974868959485320374369621276855468750000000000000000000000e+00
1.1289442019701496633388160262256860733032226562500000000000000000e+00
1.1281481331423450775730543682584539055824279785156250000000000000e+00
1.1273531886314029915041601270786486566066741943359375000000000000e+00
1.1265593660720851776346762562752701342105865478515625000000000000e+00
1.1257666631055500694458260113606229424476623535156250000000000000e+00
1.1249750773796576286400750177563168108463287353515625000000000000e+00
1.1241846065487435257779225139529444277286529541015625000000000000e+00
1.1233952482736710987154538088361732661724090576171875000000000000e+00
1.1226070002218391241655126577825285494327545166015625000000000000e+00
1.1218198600670514775146102692815475165843963623046875000000000000e+00
1.1210338254897318499558878102106973528861999511718750000000000000e+00
1.1202488941764454644101078883977606892585754394531250000000000000e+00
1.1194650638205241310885185157530941069126129150390625000000000000e+00
1.1186823321214398596623595949495211243629455566406250000000000000e+00
1.1179006967850402265440834526089020073413848876953125000000000000e+00
1.1171201555237182390101224882528185844421386718750000000000000000e+00
1.1163407060558783179260444740066304802894592285156250000000000000e+00
1.1155623461065831136806991707999259233474731445312500000000000000e+00
1.1147850734068533995468897046521306037902832031250000000000000000e+00
1.1140088856941794404065149137750267982482910156250000000000000000e+00
1.1132337807122010264748723784578032791614532470703125000000000000e+00
1.1124597562107478854187547767651267349720001220703125000000000000e+00
1.1116868099460193164418342348653823137283325195312500000000000000e+00
1.1109149396800470643853486762964166700839996337890625000000000000e+00
1.1101441431814513816078715535695664584636688232421875000000000000e+00
1.1093744182245983687096213543554767966270446777343750000000000000e+00
1.1086057625901786227728962330729700624942779541015625000000000000e+00
1.1078381740649421161037935235071927309036254882812500000000000000e+00
1.1070716504416171499514121023821644484996795654296875000000000000e+00
1.1063061895191435013430236722342669963836669921875000000000000000e+00
1.1055417891022827348024293314665555953979492187500000000000000000e+00
1.1047784470020416414115516090532764792442321777343750000000000000e+00
1.1040161610351661991558103181887418031692504882812500000000000000e+00
1.1032549290245705631008377167745493352413177490234375000000000000e+00
1.1024947487990128802692879617097787559032440185546875000000000000e+00
1.1017356181931756697878199702245183289051055908203125000000000000e+00
1.1009775350477475353017098314012400805950164794921875000000000000e+00
1.1002204972091140788847951625939458608627319335937500000000000000e+00
1.0994645025297706819600307426298968493938446044921875000000000000e+00
1.0987095488678562116291459460626356303691864013671875000000000000e+00
1.0979556340873999342733213779865764081478118896484375000000000000e+00
1.0972027560583317296050154254771769046783447265625000000000000000e+00
1.0964509126562105301161409443011507391929626464843750000000000000e+00
1.0957001017624794503291241198894567787647247314453125000000000000e+00
1.0949503212642948124511121932300738990306854248046875000000000000e+00
1.0942015690545559003510334150632843375205993652343750000000000000e+00
1.0934538430318170298960467334836721420288085937500000000000000000e+00
1.0927071411003976830755846094689331948757171630859375000000000000e+00
1.0919614611702774809032234770711511373519897460937500000000000000e+00
1.0912168011570086978423432810814119875431060791015625000000000000e+00
1.0904731589819265380469914816785603761672973632812500000000000000e+00
1.0897305325718025237335950805572792887687683105468750000000000000e+00
1.0889889198591871100063599442364647984504699707031250000000000000e+00
1.0882483187820566339354400042793713510036468505859375000000000000e+00
1.0875087272840278096452948375372216105461120605468750000000000000e+00
1.0867701433142697986511393537512049078941345214843750000000000000e+00
1.0860325648273612131333720753900706768035888671875000000000000000e+00
1.0852959897836158553730001585790887475013732910156250000000000000e+00
1.0845604161485198346781544387340545654296875000000000000000000000e+00
1.0838258418933111038029437622753903269767761230468750000000000000e+00
1.0830922649945275981764325479161925613880157470703125000000000000e+00
1.0823596834341164818482639020658098161220550537109375000000000000e+00
1.0816280951995913550689465409959666430950164794921875000000000000e+00
1.0808974982836547784614822376170195639133453369140625000000000000e+00
1.0801678906845812999648615004844032227993011474609375000000000000e+00
1.0794392704058546339496160726412199437618255615234375000000000000e+00
1.0787116354563921483133981382707133889198303222656250000000000000e+00
1.0779849838504147463424942543497309088706970214843750000000000000e+00
1.0772593136073731479029902402544394135475158691406250000000000000e+00
1.0765346227522112343422122648917138576507568359375000000000000000e+00
1.0758109093147993906569581668009050190448760986328125000000000000e+00
1.0750881713307092191200808883877471089363098144531250000000000000e+00
1.0743664068402802858059885693364776670932769775390625000000000000e+00
1.0736456138894949763340491699636913836002349853515625000000000000e+00
1.0729257905291824659599342339788563549518585205078125000000000000e+00
1.0722069348156590962162226787768304347991943359375000000000000000e+00
1.0714890448101144215797830838710069656372070312500000000000000000e+00
1.0707721185792327123209588535246439278125762939453125000000000000e+00
1.0700561541943711674207406758796423673629760742187500000000000000e+00
1.0693411497326685832831572042778134346008300781250000000000000000e+00
1.0686271032754286469668159043067134916782379150390625000000000000e+00
1.0679140129102719924958364572376012802124023437500000000000000000e+00
1.0672018767283513174248810173594392836093902587890625000000000000e+00
1.0664906928277186892728423117659986019134521484375000000000000000e+00
1.0657804593092470302195806652889586985111236572265625000000000000e+00
1.0650711742814842342141901099239476025104522705078125000000000000e+00
1.0643628358547707613013244554167613387107849121093750000000000000e+00
1.0636554421483399579528850154019892215728759765625000000000000000e+00
1.0629489912815968111203801527153700590133666992187500000000000000e+00
1.0622434813847987378210291353752836585044860839843750000000000000e+00
1.0615389105859083240801510328310541808605194091796875000000000000e+00
1.0608352770266080700167776740272529423236846923828125000000000000e+00
1.0601325788428217489212102009332738816738128662109375000000000000e+00
1.0594308141882580187598250631708651781082153320312500000000000000e+00
1.0587299812059181025603038506233133375644683837890625000000000000e+00
1.0580300780624734002799414156470447778701782226562500000000000000e+00
1.0573311029067151700644444645149633288383483886718750000000000000e+00
1.0566330539196793214529179749661125242710113525390625000000000000e+00
1.0559359292541614649962866678833961486816406250000000000000000000e+00
1.0552397271075193430078797973692417144775390625000000000000000000e+00
1.0545444456341135364141337049659341573715209960937500000000000000e+00
1.0538500830503918503922022864571772515773773193359375000000000000e+00
1.0531566375088294851281034425483085215091705322265625000000000000e+00
1.0524641072489220317009994687396101653575897216796875000000000000e+00
1.0517724904164964527808479033410549163818359375000000000000000000e+00
1.0510817852794889226686336769489571452140808105468750000000000000e+00
1.0503919899706859464316721641807816922664642333984375000000000000e+00
1.0497031027937793190574211621424183249473571777343750000000000000e+00
1.0490151218598888771538213404710404574871063232421875000000000000e+00
1.0483280455182997226160068748868070542812347412109375000000000000e+00
1.0476418718469611146559827830060385167598724365234375000000000000e+00
1.0469565992539360266277981281746178865432739257812500000000000000e+00
1.0462722257686927207487315172329545021057128906250000000000000000e+00
1.0455887498753797526518383165239356458187103271484375000000000000e+00
1.0449061695353760725879510573577135801315307617187500000000000000e+00
1.0442244833308211848788005227106623351573944091796875000000000000e+00
1.0435436891300562400886065006488934159278869628906250000000000000e+00
1.0428637856414804119253858516458421945571899414062500000000000000e+00
1.0421847706084981233232156228041276335716247558593750000000000000e+00
1.0415066429006978321325505021377466619014739990234375000000000000e+00
1.0408294000985551797100470139412209391593933105468750000000000000e+00
1.0401530412742308051576856087194755673408508300781250000000000000e+00
1.0394775637992603734005570004228502511978149414062500000000000000e+00
1.0388029669992739911776880035176873207092285156250000000000000000e+00
1.0381292479809645090682579393615014851093292236328125000000000000e+00
1.0374564063849267547823274071561172604560852050781250000000000000e+00
1.0367844389827434170570086280349642038345336914062500000000000000e+00
1.0361133458121347672431511455215513706207275390625000000000000000e+00
1.0354431232157665920823319538612850010395050048828125000000000000e+00
1.0347737717272829094383723713690415024757385253906250000000000000e+00
1.0341052871653786393579821378807537257671356201171875000000000000e+00
1.0334376706453427541276823831140063703060150146484375000000000000e+00
1.0327709173847896551023950451053678989410400390625000000000000000e+00
1.0321050291519431318931765417801216244697570800781250000000000000e+00
1.0314400004957751111334118832019157707691192626953125000000000000e+00
1.0307758339022836668874560928088612854480743408203125000000000000e+00
1.0301125231877223953347311180550605058670043945312500000000000000e+00
1.0294500716172225729394540394423529505729675292968750000000000000e+00
1.0287884722271130044646270107477903366088867187500000000000000000e+00
1.0281277290747901087542004461283795535564422607421875000000000000e+00
1.0274678344479271085987193146138451993465423583984375000000000000e+00
1.0268087931487159814025744708487764000892639160156250000000000000e+00
1.0261505966824187030539405895979143679141998291015625000000000000e+00
1.0254932508745380204118191613815724849700927734375000000000000000e+00
1.0248367457829516968814687061239965260028839111328125000000000000e+00
1.0241810892357336992830596500425599515438079833984375000000000000e+00
1.0235262690008612995740122642018832266330718994140625000000000000e+00
1.0228722948925423885668806178728118538856506347656250000000000000e+00
1.0222191537769020897030713967978954315185546875000000000000000000e+00
1.0215668549114977903258250080398283898830413818359375000000000000e+00
1.0209153870035132527505083999130874872207641601562500000000000000e+00
1.0202647568844338543669891805620864033699035644531250000000000000e+00
1.0196149555264171215895885325153358280658721923828125000000000000e+00
1.0189659884298758463216927339090034365653991699218750000000000000e+00
1.0183178462981772316453543680836446583271026611328125000000000000e+00
1.0176705369166085812793198783765546977519989013671875000000000000e+00
1.0170240471517992819627806966309435665607452392578125000000000000e+00
1.0163783889327029363869314693147316575050354003906250000000000000e+00
1.0157335461083469851928384741768240928649902343750000000000000000e+00
1.0150895315812695773871610072092153131961822509765625000000000000e+00
1.0144463311264411142786912023439072072505950927734375000000000000e+00
1.0138039519477217709209071472287178039550781250000000000000000000e+00
1.0131623889542968885990603666868992149829864501953125000000000000e+00
1.0125216400790024717792903174995444715023040771484375000000000000e+00
1.0118817049478543435014898932422511279582977294921875000000000000e+00
1.0112425830637576940063127040048129856586456298828125000000000000e+00
1.0106042696507540057382357190363109111785888671875000000000000000e+00
1.0099667668536727038741673823096789419651031494140625000000000000e+00
1.0093300697846612212771333361160941421985626220703125000000000000e+00
1.0086941803879125867382526848814450204372406005859375000000000000e+00
1.0080590939326254940056060149800032377243041992187500000000000000e+00
1.0074248106871568353426482644863426685333251953125000000000000000e+00
1.0067913288717491582247021142393350601196289062500000000000000000e+00
1.0061586462554337195740572497015818953514099121093750000000000000e+00
1.0055267636151159482693628888227976858615875244140625000000000000e+00
1.0048956754789917233949836372630670666694641113281250000000000000e+00
1.0042653834797190537386768482974730432033538818359375000000000000e+00
1.0036358858178160424756697466364130377769470214843750000000000000e+00
1.0030071808646670028508651739684864878654479980468750000000000000e+00
1.0023792647208968897842851220048032701015472412109375000000000000e+00
1.0017521396853781290303686546394601464271545410156250000000000000e+00
1.0011258024303224534179435067926533520221710205078125000000000000e+00
1.0005002512487806143326452001929283142089843750000000000000000000e+00
