-1.2069072972735739313066005706787109375000000000000000000000000000e-03
-2.7564754509512567892670631408691406250000000000000000000000000000e-04
6.3925217591531691141426563262939453125000000000000000000000000000e-04
5.3410377722684643231332302093505859375000000000000000000000000000e-04
4.7268169737435528077185153961181640625000000000000000000000000000e-04
5.0588044859978253953158855438232421875000000000000000000000000000e-04
5.1244164160380023531615734100341796875000000000000000000000000000e-04
5.1684396498785645235329866409301757812500000000000000000000000000e-04
5.2399196806618419941514730453491210937500000000000000000000000000e-04
5.3071809384164225775748491287231445312500000000000000000000000000e-04
5.3725144357485987711697816848754882812500000000000000000000000000e-04
5.4380401275011536199599504470825195312500000000000000000000000000e-04
5.5032462955750816036015748977661132812500000000000000000000000000e-04
5.5680831746940384618937969207763671875000000000000000000000000000e-04
5.6326181811527931131422519683837890625000000000000000000000000000e-04
5.6968699573189951479434967041015625000000000000000000000000000000e-04
5.7608559814070758875459432601928710937500000000000000000000000000e-04
5.8245971695214393548667430877685546875000000000000000000000000000e-04
5.8881143581857031676918268203735351562500000000000000000000000000e-04
5.9514284430406405590474605560302734375000000000000000000000000000e-04
6.0145607380945875775068998336791992187500000000000000000000000000e-04
6.0775329848183901049196720123291015625000000000000000000000000000e-04
6.1403674112625594716519117355346679687500000000000000000000000000e-04
6.2030868843976350035518407821655273437500000000000000000000000000e-04
6.2657150169798114802688360214233398437500000000000000000000000000e-04
6.3282762903327238745987415313720703125000000000000000000000000000e-04
6.3907962658049655146896839141845703125000000000000000000000000000e-04
6.4533017507528711576014757156372070312500000000000000000000000000e-04
6.5158209554283530451357364654541015625000000000000000000000000000e-04
6.5783838249444670509546995162963867187500000000000000000000000000e-04
6.6410222711965616326779127120971679687500000000000000000000000000e-04
6.7037705161965277511626482009887695312500000000000000000000000000e-04
6.7666654854292573872953653335571289062500000000000000000000000000e-04
6.8297472103040490765124559402465820312500000000000000000000000000e-04
6.8930593442928511649370193481445312500000000000000000000000000000e-04
6.9566497063533461187034845352172851562500000000000000000000000000e-04
7.0205709857873443979769945144653320312500000000000000000000000000e-04
7.0848814948476501740515232086181640625000000000000000000000000000e-04
7.1496460213893442414700984954833984375000000000000000000000000000e-04
7.2149368588725337758660316467285156250000000000000000000000000000e-04
7.2808349864317278843373060226440429687500000000000000000000000000e-04
7.3474314035593124572187662124633789062500000000000000000000000000e-04
7.4148286944364372175186872482299804687500000000000000000000000000e-04
7.4831428537436295300722122192382812500000000000000000000000000000e-04
7.5525053716773982159793376922607421875000000000000000000000000000e-04
7.6230656668485607951879501342773437500000000000000000000000000000e-04
7.6949939261794497724622488021850585937500000000000000000000000000e-04
7.7684843563474714756011962890625000000000000000000000000000000000e-04
7.8437590991597971878945827484130859375000000000000000000000000000e-04
7.9210726812561915721744298934936523437500000000000000000000000000e-04
8.0007172709883889183402061462402343750000000000000000000000000000e-04
8.0830290585254260804504156112670898437500000000000000000000000000e-04
8.1683954545042070094496011734008789062500000000000000000000000000e-04
8.2572638666533748619258403778076171875000000000000000000000000000e-04
8.3501522544793260749429464340209960937500000000000000000000000000e-04
8.4476615711537306196987628936767578125000000000000000000000000000e-04
8.5504908383882138878107070922851562500000000000000000000000000000e-04
8.6594555295960162766277790069580078125000000000000000000000000000e-04
8.7755097820263472385704517364501953125000000000000000000000000000e-04
8.8997736588680709246546030044555664062500000000000000000000000000e-04
9.0335666823193605523556470870971679687500000000000000000000000000e-04
9.1784490678037400357425212860107421875000000000000000000000000000e-04
9.3362727261592226568609476089477539062500000000000000000000000000e-04
9.5092441142696770839393138885498046875000000000000000000000000000e-04
9.7000015352932678069919347763061523437500000000000000000000000000e-04
9.9117091076550423167645931243896484375000000000000000000000000000e-04
1.0148168876185081899166107177734375000000000000000000000000000000e-03
1.0413948477889789501205086708068847656250000000000000000000000000e-03
1.0714513944094505859538912773132324218750000000000000000000000000e-03
1.1056338325943215750157833099365234375000000000000000000000000000e-03
1.1446917319517524447292089462280273437500000000000000000000000000e-03
1.1894547069459804333746433258056640625000000000000000000000000000e-03
1.2407577523845247924327850341796875000000000000000000000000000000e-03
1.2992612166726758005097508430480957031250000000000000000000000000e-03
1.3650711186983244260773062705993652343750000000000000000000000000e-03
1.4369831276326294755563139915466308593750000000000000000000000000e-03
1.5111753107248659944161772727966308593750000000000000000000000000e-03
1.5784777783665049355477094650268554687500000000000000000000000000e-03
1.6153799124367651529610157012939453125000000000000000000000000000e-03
1.6080680286449933191761374473571777343750000000000000000000000000e-03
1.5886199823853530688211321830749511718750000000000000000000000000e-03
1.6004738340598123613744974136352539062500000000000000000000000000e-03
1.6454251904178818222135305404663085937500000000000000000000000000e-03
1.7015805067330802557989954948425292968750000000000000000000000000e-03
1.7565606767675490118563175201416015625000000000000000000000000000e-03
1.8057745191981666721403598785400390625000000000000000000000000000e-03
1.8477318737950554350391030311584472656250000000000000000000000000e-03
1.8824093592684221221134066581726074218750000000000000000000000000e-03
1.9104220341432665009051561355590820312500000000000000000000000000e-03
1.9325996822772140149027109146118164062500000000000000000000000000e-03
1.9497884518386854324489831924438476562500000000000000000000000000e-03
1.9627654844498465536162257194519042968750000000000000000000000000e-03
1.9722099866612552432343363761901855468750000000000000000000000000e-03
1.9787008357070590136572718620300292968750000000000000000000000000e-03
1.9827253106541320448741316795349121093750000000000000000000000000e-03
1.9846914444769936380907893180847167968750000000000000000000000000e-03
1.9849405271088471636176109313964843750000000000000000000000000000e-03
1.9837583911339606856927275657653808593750000000000000000000000000e-03
1.9813850481114059220999479293823242187500000000000000000000000000e-03
1.9780226857619709335267543792724609375000000000000000000000000000e-03
1.9738422390673804329708218574523925781250000000000000000000000000e-03
1.9689887290041951928287744522094726562500000000000000000000000000e-03
1.9635856106106075458228588104248046875000000000000000000000000000e-03
1.9577383125124470097944140434265136718750000000000000000000000000e-03
1.9515371175202744780108332633972167968750000000000000000000000000e-03
1.9450595393664116272702813148498535156250000000000000000000000000e-03
1.9383722667498659575358033180236816406250000000000000000000000000e-03
1.9315327731419529300183057785034179687500000000000000000000000000e-03
1.9245906551077496260404586791992187500000000000000000000000000000e-03
1.9175887534856883576139807701110839843750000000000000000000000000e-03
1.9105640892576047917827963829040527343750000000000000000000000000e-03
1.9035486534448864404112100601196289062500000000000000000000000000e-03
1.8965700826356624020263552665710449218750000000000000000000000000e-03
1.8896522187787923030555248260498046875000000000000000000000000000e-03
1.8828156084964575711637735366821289062500000000000000000000000000e-03
1.8760779121294035576283931732177734375000000000000000000000000000e-03
1.8694542632147204130887985229492187500000000000000000000000000000e-03
1.8629575893100991379469633102416992187500000000000000000000000000e-03
1.8565988700629532104358077049255371093750000000000000000000000000e-03
1.8503873720874253194779157638549804687500000000000000000000000000e-03
1.8443308606492792023345828056335449218750000000000000000000000000e-03
1.8384357722425193060189485549926757812500000000000000000000000000e-03
1.8327073705677321413531899452209472656250000000000000000000000000e-03
1.8271498861395230051130056381225585937500000000000000000000000000e-03
1.8217666342934535350650548934936523437500000000000000000000000000e-03
1.8165601231885375455021858215332031250000000000000000000000000000e-03
1.8115321472578216344118118286132812500000000000000000000000000000e-03
1.8066838706545240711420774459838867187500000000000000000000000000e-03
1.8020158979652478592470288276672363281250000000000000000000000000e-03
1.7975283424220833694562315940856933593750000000000000000000000000e-03
1.7932208836555219022557139396667480468750000000000000000000000000e-03
1.7890928158976748818531632423400878906250000000000000000000000000e-03
1.7851430998234718572348356246948242187500000000000000000000000000e-03
1.7813703966567118186503648757934570312500000000000000000000000000e-03
1.7777731097794458037242293357849121093750000000000000000000000000e-03
1.7743494147453020559623837471008300781250000000000000000000000000e-03
1.7710972881559428060427308082580566406250000000000000000000000000e-03
1.7680145351732790004462003707885742187500000000000000000000000000e-03
1.7650988115747168194502592086791992187500000000000000000000000000e-03
1.7623476494463830022141337394714355468750000000000000000000000000e-03
1.7597584658233245136216282844543457031250000000000000000000000000e-03
1.7573285899743495974689722061157226562500000000000000000000000000e-03
1.7550552749980852240696549415588378906250000000000000000000000000e-03
1.7529357050989347044378519058227539062500000000000000000000000000e-03
1.7509670178696978837251663208007812500000000000000000000000000000e-03
1.7491463097485393518581986427307128906250000000000000000000000000e-03
1.7474706453413091367110610008239746093750000000000000000000000000e-03
1.7459370703818422043696045875549316406250000000000000000000000000e-03
1.7445426140056952135637402534484863281250000000000000000000000000e-03
1.7432842998914566123858094215393066406250000000000000000000000000e-03
1.7421591521724621998146176338195800781250000000000000000000000000e-03
1.7411642002116423100233078002929687500000000000000000000000000000e-03
1.7402964831489953212440013885498046875000000000000000000000000000e-03
1.7395530542216874891892075538635253906250000000000000000000000000e-03
1.7389309932696050964295864105224609375000000000000000000000000000e-03
1.7384273928655602503567934036254882812500000000000000000000000000e-03
1.7380393753683165414258837699890136718750000000000000000000000000e-03
1.7377640949689521221444010734558105468750000000000000000000000000e-03
1.7375987349623756017535924911499023437500000000000000000000000000e-03
1.7375405122947995550930500030517578125000000000000000000000000000e-03
1.7375866812017193296924233436584472656250000000000000000000000000e-03
1.7377345300246815895661711692810058593750000000000000000000000000e-03
1.7379813871229998767375946044921875000000000000000000000000000000e-03
1.7383246254212281201034784317016601562500000000000000000000000000e-03
1.7387616503583558369427919387817382812500000000000000000000000000e-03
1.7392899158039654139429330825805664062500000000000000000000000000e-03
1.7399069174643955193459987640380859375000000000000000000000000000e-03
1.7406101901542569976300001144409179687500000000000000000000000000e-03
1.7413973171187535626813769340515136718750000000000000000000000000e-03
1.7422659250314609380438923835754394531250000000000000000000000000e-03
1.7432136812658427515998482704162597656250000000000000000000000000e-03
1.7442383011712081497535109519958496093750000000000000000000000000e-03
1.7453375419336225604638457298278808593750000000000000000000000000e-03
1.7465092073507548775523900985717773437500000000000000000000000000e-03
1.7477511441938986536115407943725585937500000000000000000000000000e-03
1.7490612415258510736748576164245605468750000000000000000000000000e-03
1.7504374363852548412978649139404296875000000000000000000000000000e-03
1.7518777060558932134881615638732910156250000000000000000000000000e-03
1.7533800714772951323539018630981445312500000000000000000000000000e-03
1.7549425976994825759902596473693847656250000000000000000000000000e-03
1.7565633886533760232850909233093261718750000000000000000000000000e-03
1.7582405951088730944320559501647949218750000000000000000000000000e-03
1.7599724055799015332013368606567382812500000000000000000000000000e-03
1.7617570483707822859287261962890625000000000000000000000000000000e-03
1.7635927968058240367099642753601074218750000000000000000000000000e-03
1.7654779589975078124552965164184570312500000000000000000000000000e-03
1.7674108864866866497322916984558105468750000000000000000000000000e-03
1.7693899660571332788094878196716308593750000000000000000000000000e-03
1.7714136229187715798616409301757812500000000000000000000000000000e-03
1.7734803218445449601858854293823242187500000000000000000000000000e-03
1.7755885603492060909047722816467285156250000000000000000000000000e-03
1.7777368752831534948199987411499023437500000000000000000000000000e-03
1.7799238382849580375477671623229980468750000000000000000000000000e-03
1.7821480546444945503026247024536132812500000000000000000000000000e-03
1.7844081653493049088865518569946289062500000000000000000000000000e-03
1.7867028441287402529269456863403320312500000000000000000000000000e-03
1.7890307944981032051146030426025390625000000000000000000000000000e-03
1.7913907577167265117168426513671875000000000000000000000000000000e-03
1.7937815043751470511779189109802246093750000000000000000000000000e-03
1.7962018323487427551299333572387695312500000000000000000000000000e-03
1.7986505749831849243491888046264648437500000000000000000000000000e-03
1.8011265935911069391295313835144042968750000000000000000000000000e-03
1.8036287754057411802932620048522949218750000000000000000000000000e-03
1.8061560404021292924880981445312500000000000000000000000000000000e-03
1.8087073344759119208902120590209960937500000000000000000000000000e-03
1.8112816292159550357609987258911132812500000000000000000000000000e-03
1.8138779262244497658684849739074707031250000000000000000000000000e-03
1.8164952500683284597471356391906738281250000000000000000000000000e-03
1.8191326510077487910166382789611816406250000000000000000000000000e-03
1.8217892065877094864845275878906250000000000000000000000000000000e-03
1.8244640161810821155086159706115722656250000000000000000000000000e-03
1.8271562018981057917699217796325683593750000000000000000000000000e-03
1.8298649135886080330237746238708496093750000000000000000000000000e-03
1.8325893177006946643814444541931152343750000000000000000000000000e-03
1.8353286079673125641420483589172363281250000000000000000000000000e-03
1.8380819976755446987226605415344238281250000000000000000000000000e-03
1.8408487178476207191124558448791503906250000000000000000000000000e-03
1.8436280277001060312613844871520996093750000000000000000000000000e-03
1.8464191985003708396106958389282226562500000000000000000000000000e-03
1.8492215269816369982436299324035644531250000000000000000000000000e-03
1.8520343269301520194858312606811523437500000000000000000000000000e-03
1.8548569269114523194730281829833984375000000000000000000000000000e-03
1.8576886811842996394261717796325683593750000000000000000000000000e-03
1.8605289562856341945007443428039550781250000000000000000000000000e-03
1.8633771373970375861972570419311523437500000000000000000000000000e-03
1.8662326281173591269180178642272949218750000000000000000000000000e-03
1.8690948456878686556592583656311035156250000000000000000000000000e-03
1.8719632255397300468757748603820800781250000000000000000000000000e-03
1.8748372185655171051621437072753906250000000000000000000000000000e-03
1.8777162904370925389230251312255859375000000000000000000000000000e-03
1.8805999218329816358163952827453613281250000000000000000000000000e-03
1.8834876075288775609806180000305175781250000000000000000000000000e-03
1.8863788573071360588073730468750000000000000000000000000000000000e-03
1.8892731952746544266119599342346191406250000000000000000000000000e-03
1.8921701569070137338712811470031738281250000000000000000000000000e-03
1.8950692915495892520993947982788085937500000000000000000000000000e-03
1.8979701637817925075069069862365722656250000000000000000000000000e-03
1.9008723461411136668175458908081054687500000000000000000000000000e-03
1.9037754263990791514515876770019531250000000000000000000000000000e-03
1.9066790064243832603096961975097656250000000000000000000000000000e-03
1.9095826930879411520436406135559082031250000000000000000000000000e-03
1.9124861094041989417746663093566894531250000000000000000000000000e-03
1.9153888895289128413423895835876464843750000000000000000000000000e-03
1.9182906753485440276563167572021484375000000000000000000000000000e-03
1.9211911208003584761172533035278320312500000000000000000000000000e-03
1.9240898895986902061849832534790039062500000000000000000000000000e-03
1.9269866565991833340376615524291992187500000000000000000000000000e-03
1.9298811052976816426962614059448242187500000000000000000000000000e-03
1.9327729282849759329110383987426757812500000000000000000000000000e-03
1.9356618265646829968318343162536621093750000000000000000000000000e-03
1.9385475113722350215539336204528808593750000000000000000000000000e-03
1.9414297032653848873451352119445800781250000000000000000000000000e-03
1.9443081287136010359972715377807617187500000000000000000000000000e-03
1.9471825241907936288043856620788574218750000000000000000000000000e-03
1.9500526350384461693465709686279296875000000000000000000000000000e-03
1.9529182125097577227279543876647949218750000000000000000000000000e-03
1.9557790158160059945657849311828613281250000000000000000000000000e-03
1.9586348132634157082065939903259277343750000000000000000000000000e-03
1.9614853777056850958615541458129882812500000000000000000000000000e-03
1.9643304901819647056981921195983886718750000000000000000000000000e-03
1.9671699401442310772836208343505859375000000000000000000000000000e-03
1.9700035218193079344928264617919921875000000000000000000000000000e-03
1.9728310353457345627248287200927734375000000000000000000000000000e-03
1.9756522906391182914376258850097656250000000000000000000000000000e-03
1.9784670996614295290783047676086425781250000000000000000000000000e-03
1.9812752814232226228341460227966308593750000000000000000000000000e-03
1.9840766626657568849623203277587890625000000000000000000000000000e-03
1.9868710737682704348117113113403320312500000000000000000000000000e-03
1.9896583537502010585740208625793457031250000000000000000000000000e-03
1.9924383439047232968732714653015136718750000000000000000000000000e-03
1.9952108898451115237548947334289550781250000000000000000000000000e-03
1.9979758462795871309936046600341796875000000000000000000000000000e-03
2.0007330690532398875802755355834960937500000000000000000000000000e-03
2.0034824210597435012459754943847656250000000000000000000000000000e-03
2.0062237711044872412458062171936035156250000000000000000000000000e-03
2.0089569884476077277213335037231445312500000000000000000000000000e-03
2.0116819505346938967704772949218750000000000000000000000000000000e-03
2.0143985373124451143667101860046386718750000000000000000000000000e-03
2.0171066341845289571210741996765136718750000000000000000000000000e-03
2.0198061301925918087363243103027343750000000000000000000000000000e-03
2.0224969184710062108933925628662109375000000000000000000000000000e-03
2.0251788960194971878081560134887695312500000000000000000000000000e-03
2.0278519623389001935720443725585937500000000000000000000000000000e-03
2.0305160226143925683572888374328613281250000000000000000000000000e-03
2.0331709861238778103142976760864257812500000000000000000000000000e-03
2.0358167626000067684799432754516601562500000000000000000000000000e-03
2.0384532688240142306312918663024902343750000000000000000000000000e-03
2.0410804227140033617615699768066406250000000000000000000000000000e-03
2.0436981442344404058530926704406738281250000000000000000000000000e-03
2.0463063610804965719580650329589843750000000000000000000000000000e-03
2.0489049998104746919125318527221679687500000000000000000000000000e-03
2.0514939903932827292010188102722167968750000000000000000000000000e-03
2.0540732689369178842753171920776367187500000000000000000000000000e-03
2.0566427708672563312575221061706542968750000000000000000000000000e-03
2.0592024361576477531343698501586914062500000000000000000000000000e-03
2.0617522061456838855519890785217285156250000000000000000000000000e-03
2.0642920258069352712482213973999023437500000000000000000000000000e-03
2.0668218446644459618255496025085449218750000000000000000000000000e-03
2.0693416097401495790109038352966308593750000000000000000000000000e-03
2.0718512753319373587146401405334472656250000000000000000000000000e-03
2.0743507966471952386200428009033203125000000000000000000000000000e-03
2.0768401284385618055239319801330566406250000000000000000000000000e-03
2.0793192313703912077471613883972167968750000000000000000000000000e-03
2.0817880676986533217132091522216796875000000000000000000000000000e-03
2.0842465996793180238455533981323242187500000000000000000000000000e-03
2.0866947938884550239890813827514648437500000000000000000000000000e-03
2.0891326187211234355345368385314941406250000000000000000000000000e-03
2.0915600418902613455429673194885253906250000000000000000000000000e-03
2.0939770354289066744968295097351074218750000000000000000000000000e-03
2.0963835740985814481973648071289062500000000000000000000000000000e-03
2.0987796317513129906728863716125488281250000000000000000000000000e-03
2.1011651870139758102595806121826171875000000000000000000000000000e-03
2.1035402173765760380774736404418945312500000000000000000000000000e-03
2.1059047028302302351221442222595214843750000000000000000000000000e-03
2.1082586274587811203673481941223144531250000000000000000000000000e-03
2.1106019717080926056951284408569335937500000000000000000000000000e-03
2.1129347242094809189438819885253906250000000000000000000000000000e-03
2.1152568704110308317467570304870605468750000000000000000000000000e-03
2.1175683964429481420665979385375976562500000000000000000000000000e-03
2.1198692948019015602767467498779296875000000000000000000000000000e-03
2.1221595548013283405452966690063476562500000000000000000000000000e-03
2.1244391689378971932455897331237792968750000000000000000000000000e-03
2.1267081317546399077400565147399902343750000000000000000000000000e-03
2.1289664371124672470614314079284667968750000000000000000000000000e-03
2.1312140809186530532315373420715332031250000000000000000000000000e-03
2.1334510613542079227045178413391113281250000000000000000000000000e-03
2.1356773761453951010480523109436035156250000000000000000000000000e-03
2.1378930257469619391486048698425292968750000000000000000000000000e-03
2.1400980094767874106764793395996093750000000000000000000000000000e-03
2.1422923307454766472801566123962402343750000000000000000000000000e-03
2.1444759927362611051648855209350585937500000000000000000000000000e-03
2.1466489974955038633197546005249023437500000000000000000000000000e-03
2.1488113513896678341552615165710449218750000000000000000000000000e-03
2.1509630594209738774225115776062011718750000000000000000000000000e-03
2.1531041295475006336346268653869628906250000000000000000000000000e-03
2.1552345694999530678614974021911621093750000000000000000000000000e-03
2.1573543865542887942865490913391113281250000000000000000000000000e-03
2.1594635909423232078552246093750000000000000000000000000000000000e-03
2.1615621928958717035129666328430175781250000000000000000000000000e-03
2.1636502037836180534213781356811523437500000000000000000000000000e-03
2.1657276356563670560717582702636718750000000000000000000000000000e-03
2.1677945012470445362851023674011230468750000000000000000000000000e-03
2.1698508130612026434391736984252929687500000000000000000000000000e-03
2.1718965872423723340034484863281250000000000000000000000000000000e-03
2.1739318378877214854583144187927246093750000000000000000000000000e-03
2.1759565800039126770570874214172363281250000000000000000000000000e-03
2.1779708306439715670421719551086425781250000000000000000000000000e-03
2.1799746070882974890992045402526855468750000000000000000000000000e-03
2.1819679261625424260273575782775878906250000000000000000000000000e-03
2.1839508042376110097393393516540527343750000000000000000000000000e-03
2.1859232642782444600015878677368164062500000000000000000000000000e-03
2.1878853233374684350565075874328613281250000000000000000000000000e-03
2.1898370000599243212491273880004882812500000000000000000000000000e-03
2.1917783176377270137891173362731933593750000000000000000000000000e-03
2.1937092963071336271241307258605957031250000000000000000000000000e-03
2.1956299569865223020315170288085937500000000000000000000000000000e-03
2.1975403221858869073912501335144042968750000000000000000000000000e-03
2.1994404146425949875265359878540039062500000000000000000000000000e-03
2.2013302561845193849876523017883300781250000000000000000000000000e-03
2.2032098720501380739733576774597167968750000000000000000000000000e-03
2.2050792845220712479203939437866210937500000000000000000000000000e-03
2.2069385188387968810275197029113769531250000000000000000000000000e-03
2.2087876004661666229367256164550781250000000000000000000000000000e-03
2.2106265535057900706306099891662597656250000000000000000000000000e-03
2.2124554038782662246376276016235351562500000000000000000000000000e-03
2.2142741772768204100430011749267578125000000000000000000000000000e-03
2.2160829009862936800345778465270996093750000000000000000000000000e-03
2.2178816000177903333678841590881347656250000000000000000000000000e-03
2.2196703030203934758901596069335937500000000000000000000000000000e-03
2.2214490370515704853460192680358886718750000000000000000000000000e-03
2.2232178287140413885936141014099121093750000000000000000000000000e-03
2.2249767073390103178098797798156738281250000000000000000000000000e-03
2.2267257006660656770691275596618652343750000000000000000000000000e-03
2.2284648380264115985482931137084960937500000000000000000000000000e-03
2.2301941471596364863216876983642578125000000000000000000000000000e-03
2.2319136573969444725662469863891601562500000000000000000000000000e-03
2.2336233989790343912318348884582519531250000000000000000000000000e-03
2.2353234019192314008250832557678222656250000000000000000000000000e-03
2.2370136950939922826364636421203613281250000000000000000000000000e-03
2.2386943082892685197293758392333984375000000000000000000000000000e-03
2.2403652731100009987130761146545410156250000000000000000000000000e-03
2.2420266195695148780941963195800781250000000000000000000000000000e-03
2.2436783792727510444819927215576171875000000000000000000000000000e-03
2.2453205831425293581560254096984863281250000000000000000000000000e-03
2.2469532616469223285093903541564941406250000000000000000000000000e-03
2.2485764461634971667081117630004882812500000000000000000000000000e-03
2.2501901692066894611343741416931152343750000000000000000000000000e-03
2.2517944628361874492838978767395019531250000000000000000000000000e-03
2.2533893579748109914362430572509765625000000000000000000000000000e-03
2.2549748880464903777465224266052246093750000000000000000000000000e-03
2.2565510844287928193807601928710937500000000000000000000000000000e-03
2.2581179796361539047211408615112304687500000000000000000000000000e-03
2.2596756068651302484795451164245605468750000000000000000000000000e-03
2.2612239979480364127084612846374511718750000000000000000000000000e-03
2.2627631865361763630062341690063476562500000000000000000000000000e-03
2.2642932062808540649712085723876953125000000000000000000000000000e-03
2.2658140892417577560991048812866210937500000000000000000000000000e-03
2.2673258686154440511018037796020507812500000000000000000000000000e-03
2.2688285789627116173505783081054687500000000000000000000000000000e-03
2.2703222523432486923411488533020019531250000000000000000000000000e-03
2.2718069233178539434447884559631347656250000000000000000000000000e-03
2.2732826250830839853733777999877929687500000000000000000000000000e-03
2.2747493915176164591684937477111816406250000000000000000000000000e-03
2.2762072578643710585311055183410644531250000000000000000000000000e-03
2.2776562555009149946272373199462890625000000000000000000000000000e-03
2.2790964194427942857146263122558593750000000000000000000000000000e-03
2.2805277858424233272671699523925781250000000000000000000000000000e-03
2.2819503867594903567805886268615722656250000000000000000000000000e-03
2.2833642565274203661829233169555664062500000000000000000000000000e-03
2.2847694290248909965157508850097656250000000000000000000000000000e-03
2.2861659406316903186962008476257324218750000000000000000000000000e-03
2.2875538238622539211064577102661132812500000000000000000000000000e-03
2.2889331139595014974474906921386718750000000000000000000000000000e-03
2.2903038457116053905338048934936523437500000000000000000000000000e-03
2.2916660525424958905205130577087402343750000000000000000000000000e-03
2.2930197710593347437679767608642578125000000000000000000000000000e-03
2.2943650335491838632151484489440917968750000000000000000000000000e-03
2.2957018763918313197791576385498046875000000000000000000000000000e-03
2.2970303336933284299448132514953613281250000000000000000000000000e-03
2.2983504393323528347536921501159667968750000000000000000000000000e-03
2.2996622294613189296796917915344238281250000000000000000000000000e-03
2.3009657381862780312076210975646972656250000000000000000000000000e-03
2.3022610000680288067087531089782714843750000000000000000000000000e-03
2.3035480501221172744408249855041503906250000000000000000000000000e-03
2.3048269238188368035480380058288574218750000000000000000000000000e-03
2.3060976545821176841855049133300781250000000000000000000000000000e-03
2.3073602778822532854974269866943359375000000000000000000000000000e-03
2.3086148294169106520712375640869140625000000000000000000000000000e-03
2.3098613419278990477323532104492187500000000000000000000000000000e-03
2.3110998527045012451708316802978515625000000000000000000000000000e-03
2.3123303953980212099850177764892578125000000000000000000000000000e-03
2.3135530034323892323300242424011230468750000000000000000000000000e-03
2.3147677140968880848959088325500488281250000000000000000000000000e-03
2.3159745603607007069513201713562011718750000000000000000000000000e-03
2.3171735781488678185269236564636230468750000000000000000000000000e-03
2.3183648008853197097778320312500000000000000000000000000000000000e-03
2.3195482644950971007347106933593750000000000000000000000000000000e-03
2.3207240037663723342120647430419921875000000000000000000000000000e-03
2.3218920523504493758082389831542968750000000000000000000000000000e-03
2.3230524457176215946674346923828125000000000000000000000000000000e-03
2.3242052182013139827176928520202636718750000000000000000000000000e-03
2.3253504045896988827735185623168945312500000000000000000000000000e-03
2.3264880383067065849900245666503906250000000000000000000000000000e-03
2.3276181559594988357275724411010742187500000000000000000000000000e-03
2.3287407909720059251412749290466308593750000000000000000000000000e-03
2.3298559774502791697159409523010253906250000000000000000000000000e-03
2.3309637508646119385957717895507812500000000000000000000000000000e-03
2.3320641448663081973791122436523437500000000000000000000000000000e-03
2.3331571935614192625507712364196777343750000000000000000000000000e-03
2.3342429319654911523684859275817871093750000000000000000000000000e-03
2.3353213939572015078738331794738769531250000000000000000000000000e-03
2.3363926143247226718813180923461914062500000000000000000000000000e-03
2.3374566258098639082163572311401367187500000000000000000000000000e-03
2.3385134641102922614663839340209960937500000000000000000000000000e-03
2.3395631635594327235594391822814941406250000000000000000000000000e-03
2.3406057568990945583209395408630371093750000000000000000000000000e-03
2.3416412786900764331221580505371093750000000000000000000000000000e-03
2.3426697628110559890046715736389160156250000000000000000000000000e-03
2.3436912435954582178965210914611816406250000000000000000000000000e-03
2.3447057537850923836231231689453125000000000000000000000000000000e-03
2.3457133286228781798854470252990722656250000000000000000000000000e-03
2.3467140010779985459521412849426269531250000000000000000000000000e-03
2.3477078048017574474215507507324218750000000000000000000000000000e-03
2.3486947727633378235623240470886230468750000000000000000000000000e-03
2.3496749395235383417457342147827148437500000000000000000000000000e-03
2.3506483385062892921268939971923828125000000000000000000000000000e-03
2.3516150029081472894176840782165527343750000000000000000000000000e-03
2.3525749659256689483299851417541503906250000000000000000000000000e-03
2.3535282618922792607918381690979003906250000000000000000000000000e-03
2.3544749221855454379692673683166503906250000000000000000000000000e-03
2.3554149809115187963470816612243652343750000000000000000000000000e-03
2.3563484721762506524100899696350097656250000000000000000000000000e-03
2.3572754264478135155513882637023925781250000000000000000000000000e-03
2.3581958801059954566881060600280761718750000000000000000000000000e-03
2.3591098645283636869862675666809082031250000000000000000000000000e-03
2.3600174110924854176118969917297363281250000000000000000000000000e-03
2.3609185543591593159362673759460449218750000000000000000000000000e-03
2.3618133268428209703415632247924804687500000000000000000000000000e-03
2.3627017606031586183235049247741699218750000000000000000000000000e-03
2.3635838886093551991507411003112792968750000000000000000000000000e-03
2.3644597431484726257622241973876953125000000000000000000000000000e-03
2.3653293567349464865401387214660644531250000000000000000000000000e-03
2.3661927616558386944234371185302734375000000000000000000000000000e-03
2.3670499906529585132375359535217285156250000000000000000000000000e-03
2.3679010746491258032619953155517578125000000000000000000000000000e-03
2.3687460477503918809816241264343261718750000000000000000000000000e-03
2.3695849404248292557895183563232421875000000000000000000000000000e-03
2.3704177840500051388517022132873535156250000000000000000000000000e-03
2.3712446136414655484259128570556640625000000000000000000000000000e-03
2.3720654569387988885864615440368652343750000000000000000000000000e-03
2.3728803487301775021478533744812011718750000000000000000000000000e-03
2.3736893199384212493896484375000000000000000000000000000000000000e-03
2.3744924014863499905914068222045898437500000000000000000000000000e-03
2.3752896252062782878056168556213378906250000000000000000000000000e-03
2.3760810233852680539712309837341308593750000000000000000000000000e-03
2.3768666258092707721516489982604980468750000000000000000000000000e-03
2.3776464643106010043993592262268066406250000000000000000000000000e-03
2.3784205711763206636533141136169433593750000000000000000000000000e-03
2.3791889764197549084201455116271972656250000000000000000000000000e-03
2.3799517123279656516388058662414550781250000000000000000000000000e-03
2.3807088073226623237133026123046875000000000000000000000000000000e-03
2.3814602941456541884690523147583007812500000000000000000000000000e-03
2.3822062046292558079585433006286621093750000000000000000000000000e-03
2.3829465674225502880290150642395019531250000000000000000000000000e-03
2.3836814134483574889600276947021484375000000000000000000000000000e-03
2.3844107743116182973608374595642089843750000000000000000000000000e-03
2.3851346802530315471813082695007324218750000000000000000000000000e-03
2.3858531601490540197119116783142089843750000000000000000000000000e-03
2.3865662456046266015619039535522460937500000000000000000000000000e-03
2.3872739682246901793405413627624511718750000000000000000000000000e-03
2.3879763546119647799059748649597167968750000000000000000000000000e-03
2.3886734388725017197430133819580078125000000000000000000000000000e-03
2.3893652489732630783692002296447753906250000000000000000000000000e-03
2.3900518128812109353020787239074707031250000000000000000000000000e-03
2.3907331637929019052535295486450195312500000000000000000000000000e-03
2.3914093299026717431843280792236328125000000000000000000000000000e-03
2.3920803412238456076011061668395996093750000000000000000000000000e-03
2.3927462266328802797943353652954101562500000000000000000000000000e-03
2.3934070156883535673841834068298339843750000000000000000000000000e-03
2.3940627388583379797637462615966796875000000000000000000000000000e-03
2.3947134247919166227802634239196777343750000000000000000000000000e-03
2.3953591025929199531674385070800781250000000000000000000000000000e-03
2.3959998011378047522157430648803710937500000000000000000000000000e-03
2.3966355515767645556479692459106445312500000000000000000000000000e-03
2.3972663793756510131061077117919921875000000000000000000000000000e-03
2.3978923156846576603129506111145019531250000000000000000000000000e-03
2.3985133896076149540022015571594238281250000000000000000000000000e-03
2.3991296282019902719184756278991699218750000000000000000000000000e-03
2.3997410612537350971251726150512695312500000000000000000000000000e-03
2.4003477176393062109127640724182128906250000000000000000000000000e-03
2.4009496253256656927987933158874511718750000000000000000000000000e-03
2.4015468118250282714143395423889160156250000000000000000000000000e-03
2.4021393076054664561524987220764160156250000000000000000000000000e-03
2.4027271390423265984281897544860839843750000000000000000000000000e-03
2.4033103350120654795318841934204101562500000000000000000000000000e-03
2.4038889237090188544243574142456054687500000000000000000000000000e-03
2.4044629331001488026231527328491210937500000000000000000000000000e-03
2.4050323902429227018728852272033691406250000000000000000000000000e-03
2.4055973233316763071343302726745605468750000000000000000000000000e-03
2.4061577616976137505844235420227050781250000000000000000000000000e-03
2.4067137308065866818651556968688964843750000000000000000000000000e-03
2.4072652588529308559373021125793457031250000000000000000000000000e-03
2.4078123742583557032048702239990234375000000000000000000000000000e-03
2.4083551036255812505260109901428222656250000000000000000000000000e-03
2.4088934735573275247588753700256347656250000000000000000000000000e-03
2.4094275127026776317507028579711914062500000000000000000000000000e-03
2.4099572476643515983596444129943847656250000000000000000000000000e-03
2.4104827052724431268870830535888671875000000000000000000000000000e-03
2.4110039132665406214073300361633300781250000000000000000000000000e-03
2.4115208975672430824488401412963867187500000000000000000000000000e-03
2.4120336850046442123129963874816894531250000000000000000000000000e-03
2.4125423040004534414038062095642089843750000000000000000000000000e-03
2.4130467788836540421470999717712402343750000000000000000000000000e-03
2.4135471371664607431739568710327148437500000000000000000000000000e-03
2.4140434072705829748883843421936035156250000000000000000000000000e-03
2.4145356119333882816135883331298828125000000000000000000000000000e-03
2.4150237798039597691968083381652832031250000000000000000000000000e-03
2.4155079372576437890529632568359375000000000000000000000000000000e-03
2.4159881095329183153808116912841796875000000000000000000000000000e-03
2.4164643243693717522546648979187011718750000000000000000000000000e-03
2.4169366045043716439977288246154785156250000000000000000000000000e-03
2.4174049794964957982301712036132812500000000000000000000000000000e-03
2.4178694741294748382642865180969238281250000000000000000000000000e-03
2.4183301125049183610826730728149414062500000000000000000000000000e-03
2.4187869228171621216461062431335449218750000000000000000000000000e-03
2.4192399278035736642777919769287109375000000000000000000000000000e-03
2.4196891558858624193817377090454101562500000000000000000000000000e-03
2.4201346302561432821676135063171386718750000000000000000000000000e-03
2.4205763781992573058232665061950683593750000000000000000000000000e-03
2.4210144242715614382177591323852539062500000000000000000000000000e-03
2.4214487916651705745607614517211914062500000000000000000000000000e-03
2.4218795101660361979156732559204101562500000000000000000000000000e-03
2.4223066009199101245030760765075683593750000000000000000000000000e-03
2.4227300896200176794081926345825195312500000000000000000000000000e-03
2.4231500026417052140459418296813964843750000000000000000000000000e-03
2.4235663629497139481827616691589355468750000000000000000000000000e-03
2.4239791964646428823471069335937500000000000000000000000000000000e-03
2.4243885277428489644080400466918945312500000000000000000000000000e-03
2.4247943817954364931210875511169433593750000000000000000000000000e-03
2.4251967820418940391391515731811523437500000000000000000000000000e-03
2.4255957532659522257745265960693359375000000000000000000000000000e-03
2.4259913209334627026692032814025878906250000000000000000000000000e-03
2.4263835082365403650328516960144042968750000000000000000000000000e-03
2.4267723399589158361777663230895996093750000000000000000000000000e-03
2.4271578406569460639730095863342285156250000000000000000000000000e-03
2.4275400321585038909688591957092285156250000000000000000000000000e-03
2.4279189412936830194666981697082519531250000000000000000000000000e-03
2.4282945910272246692329645156860351562500000000000000000000000000e-03
2.4286670043238700600340962409973144531250000000000000000000000000e-03
2.4290362061947234906256198883056640625000000000000000000000000000e-03
2.4294022196045261807739734649658203125000000000000000000000000000e-03
2.4297650675180193502455949783325195312500000000000000000000000000e-03
2.4301247754010546486824750900268554687500000000000000000000000000e-03
2.4304813664457469712942838668823242187500000000000000000000000000e-03
2.4308348624799691606312990188598632812500000000000000000000000000e-03
2.4311852880600781645625829696655273437500000000000000000000000000e-03
2.4315326666055625537410378456115722656250000000000000000000000000e-03
2.4318770208537898724898695945739746093750000000000000000000000000e-03
2.4322183726326329633593559265136718750000000000000000000000000000e-03
2.4325567483174381777644157409667968750000000000000000000000000000e-03
2.4328921676897152792662382125854492187500000000000000000000000000e-03
2.4332246546237001894041895866394042968750000000000000000000000000e-03
2.4335542345852445578202605247497558593750000000000000000000000000e-03
2.4338809269011107971891760826110839843750000000000000000000000000e-03
2.4342047556729085044935345649719238281250000000000000000000000000e-03
2.4345257440927525749430060386657714843750000000000000000000000000e-03
2.4348439130790211493149399757385253906250000000000000000000000000e-03
2.4351592862785764737054705619812011718750000000000000000000000000e-03
2.4354718873382807942107319831848144531250000000000000000000000000e-03
2.4357817355848965235054492950439453125000000000000000000000000000e-03
2.4360888560295279603451490402221679687500000000000000000000000000e-03
2.4363932705000479472801089286804199218750000000000000000000000000e-03
2.4366950003695819759741425514221191406250000000000000000000000000e-03
2.4369940674660028889775276184082031250000000000000000000000000000e-03
2.4372904954361729323863983154296875000000000000000000000000000000e-03
2.4375843047437228960916399955749511718750000000000000000000000000e-03
2.4378755176712729735299944877624511718750000000000000000000000000e-03
2.4381641574109380599111318588256835937500000000000000000000000000e-03
2.4384502435168542433530092239379882812500000000000000000000000000e-03
2.4387337994085100945085287094116210937500000000000000000000000000e-03
2.4390148453221627278253436088562011718750000000000000000000000000e-03
2.4392934051320480648428201675415039062500000000000000000000000000e-03
2.4395694977101811673492193222045898437500000000000000000000000000e-03
2.4398431464760506059974431991577148437500000000000000000000000000e-03
2.4401143732575292233377695083618164062500000000000000000000000000e-03
2.4403831966992584057152271270751953125000000000000000000000000000e-03
2.4406496409028477501124143600463867187500000000000000000000000000e-03
2.4409137258771806955337524414062500000000000000000000000000000000e-03
2.4411754707216459792107343673706054687500000000000000000000000000e-03
2.4414349002199742244556546211242675781250000000000000000000000000e-03
2.4416920348357962211593985557556152343750000000000000000000000000e-03
2.4419468934411270311102271080017089843750000000000000000000000000e-03
2.4421994985459605231881141662597656250000000000000000000000000000e-03
2.4424498706139274872839450836181640625000000000000000000000000000e-03
2.4426980301086587132886052131652832031250000000000000000000000000e-03
2.4429439990854007191956043243408203125000000000000000000000000000e-03
2.4431877970982895931228995323181152343750000000000000000000000000e-03
2.4434294441562087740749120712280273437500000000000000000000000000e-03
2.4436689623144047800451517105102539062500000000000000000000000000e-03
2.4439063711270136991515755653381347656250000000000000000000000000e-03
2.4441416910576663212850689888000488281250000000000000000000000000e-03
2.4443749439342354889959096908569335937500000000000000000000000000e-03
2.4446061493108572904020547866821289062500000000000000000000000000e-03
2.4448353253774257609620690345764160156250000000000000000000000000e-03
2.4450624955534294713288545608520507812500000000000000000000000000e-03
2.4452876787108834832906723022460937500000000000000000000000000000e-03
2.4455108941765502095222473144531250000000000000000000000000000000e-03
2.4457321628688077908009290695190429687500000000000000000000000000e-03
2.4459515052512870170176029205322265625000000000000000000000000000e-03
2.4461689408781239762902259826660156250000000000000000000000000000e-03
2.4463844888487074058502912521362304687500000000000000000000000000e-03
2.4465981709909101482480764389038085937500000000000000000000000000e-03
2.4468100057219999143853783607482910156250000000000000000000000000e-03
2.4470200128234864678233861923217773437500000000000000000000000000e-03
2.4472282107126375194638967514038085937500000000000000000000000000e-03
2.4474346214446995873004198074340820312500000000000000000000000000e-03
2.4476392645738087594509124755859375000000000000000000000000000000e-03
2.4478421569256170187145471572875976562500000000000000000000000000e-03
2.4480433226017339620739221572875976562500000000000000000000000000e-03
2.4482427770635695196688175201416015625000000000000000000000000000e-03
2.4484405391831387532874941825866699218750000000000000000000000000e-03
2.4486366321525565581396222114562988281250000000000000000000000000e-03
2.4488310732522222679108381271362304687500000000000000000000000000e-03
2.4490238804446562426164746284484863281250000000000000000000000000e-03
2.4492150755577313248068094253540039062500000000000000000000000000e-03
2.4494046763265941990539431571960449218750000000000000000000000000e-03
2.4495927011685125762596726417541503906250000000000000000000000000e-03
2.4497791703197435708716511726379394531250000000000000000000000000e-03
2.4499641024249285692349076271057128906250000000000000000000000000e-03
2.4501475159013352822512388229370117187500000000000000000000000000e-03
2.4503294312125944998115301132202148437500000000000000000000000000e-03
2.4505098670033476082608103752136230468750000000000000000000000000e-03
2.4506888391897518886253237724304199218750000000000000000000000000e-03
2.4508663695996801834553480148315429687500000000000000000000000000e-03
2.4510424775598949054256081581115722656250000000000000000000000000e-03
2.4512171783044323092326521873474121093750000000000000000000000000e-03
2.4513904938885389128699898719787597656250000000000000000000000000e-03
2.4515624427294824272394180297851562500000000000000000000000000000e-03
2.4517330398339254315942525863647460937500000000000000000000000000e-03
2.4519023081666091457009315490722656250000000000000000000000000000e-03
2.4520702629615698242560029029846191406250000000000000000000000000e-03
2.4522369240003172308206558227539062500000000000000000000000000000e-03
2.4524023106096137780696153640747070312500000000000000000000000000e-03
2.4525664405246061505749821662902832031250000000000000000000000000e-03
2.4527293301161989802494645118713378906250000000000000000000000000e-03
2.4528910018943861359730362892150878906250000000000000000000000000e-03
2.4530514692742144688963890075683593750000000000000000000000000000e-03
2.4532107545383041724562644958496093750000000000000000000000000000e-03
2.4533688717838231241330504417419433593750000000000000000000000000e-03
2.4535258448850072454661130905151367187500000000000000000000000000e-03
2.4536816833915509050711989402770996093750000000000000000000000000e-03
2.4538364170894055860117077827453613281250000000000000000000000000e-03
2.4539900500712974462658166885375976562500000000000000000000000000e-03
2.4541426171253988286480307579040527343750000000000000000000000000e-03
2.4542941139316098997369408607482910156250000000000000000000000000e-03
2.4544445861920394236221909523010253906250000000000000000000000000e-03
2.4545940207190142245963215827941894531250000000000000000000000000e-03
2.4547424695811059791594743728637695312500000000000000000000000000e-03
2.4548899093588261166587471961975097656250000000000000000000000000e-03
2.4550364121296297525987029075622558593750000000000000000000000000e-03
2.4551819237785821314901113510131835937500000000000000000000000000e-03
2.4553265538997948169708251953125000000000000000000000000000000000e-03
2.4554702044952136930078268051147460937500000000000000000000000000e-03
2.4556130372275219997391104698181152343750000000000000000000000000e-03
2.4557548913435311987996101379394531250000000000000000000000000000e-03
2.4558960055856005055829882621765136718750000000000000000000000000e-03
2.4560361239309713710099458694458007812500000000000000000000000000e-03
2.4561756029015668900683522224426269531250000000000000000000000000e-03
2.4563140389091131510213017463684082031250000000000000000000000000e-03
2.4564519706018472788855433464050292968750000000000000000000000000e-03
2.4565887715652934275567531585693359375000000000000000000000000000e-03
2.4567252553424623329192399978637695312500000000000000000000000000e-03
2.4568604537762439576908946037292480468750000000000000000000000000e-03
2.4569956024151906603947281837463378906250000000000000000000000000e-03
2.4571292167365754721686244010925292968750000000000000000000000000e-03
2.4572631625687790801748633384704589843750000000000000000000000000e-03
2.4573951830006990348920226097106933593750000000000000000000000000e-03
2.4575280920089426217600703239440917968750000000000000000000000000e-03
2.4576584701208048500120639801025390625000000000000000000000000000e-03
2.4577905530804855516180396080017089843750000000000000000000000000e-03
2.4579191863267624285072088241577148437500000000000000000000000000e-03
2.4580507156315434258431196212768554687500000000000000000000000000e-03
2.4581774255238997284322977066040039062500000000000000000000000000e-03
2.4583087704286299413070082664489746093750000000000000000000000000e-03
2.4584332629729033214971423149108886718750000000000000000000000000e-03
2.4585649250639107776805758476257324218750000000000000000000000000e-03
2.4586867532434553140774369239807128906250000000000000000000000000e-03
2.4588194098669191589578986167907714843750000000000000000000000000e-03
2.4589379195276706013828516006469726562500000000000000000000000000e-03
2.4590724951849551871418952941894531250000000000000000000000000000e-03
2.4591867399976763408631086349487304687500000000000000000000000000e-03
2.4593244952484383247792720794677734375000000000000000000000000000e-03
2.4594331466687435749918222427368164062500000000000000000000000000e-03
2.4595757786300964653491973876953125000000000000000000000000000000e-03
2.4596770088010089239105582237243652343750000000000000000000000000e-03
2.4598267682449659332633018493652343750000000000000000000000000000e-03
2.4599181444955320330336689949035644531250000000000000000000000000e-03
2.4600779818229057127609848976135253906250000000000000000000000000e-03
2.4601561644885805435478687286376953125000000000000000000000000000e-03
2.4603302745163091458380222320556640625000000000000000000000000000e-03
2.4603903314073249930515885353088378906250000000000000000000000000e-03
2.4605846354006644105538725852966308593750000000000000000000000000e-03
2.4606201091046386864036321640014648437500000000000000000000000000e-03
2.4608416763385321246460080146789550781250000000000000000000000000e-03
2.4608451080894155893474817276000976562500000000000000000000000000e-03
2.4611023798115638783201575279235839843750000000000000000000000000e-03
2.4610642808511329349130392074584960937500000000000000000000000000e-03
2.4613680438960727769881486892700195312500000000000000000000000000e-03
2.4612769354916963493451476097106933593750000000000000000000000000e-03
2.4616395144221314694732427597045898437500000000000000000000000000e-03
2.4614818967165774665772914886474609375000000000000000000000000000e-03
2.4619188545784709276631474494934082031250000000000000000000000000e-03
2.4616785697162413271144032478332519531250000000000000000000000000e-03
2.4622032287879846990108489990234375000000000000000000000000000000e-03
2.4618724257834401214495301246643066406250000000000000000000000000e-03
2.4624941138426947873085737228393554687500000000000000000000000000e-03
2.4620424844670196762308478355407714843750000000000000000000000000e-03
2.4628358030440722359344363212585449218750000000000000000000000000e-03
2.4621429067792632849887013435363769531250000000000000000000000000e-03
2.4632324248159420676529407501220703125000000000000000000000000000e-03
2.4622488056138536194339394569396972656250000000000000000000000000e-03
2.4635434297124447766691446304321289062500000000000000000000000000e-03
2.4624848322218895191326737403869628906250000000000000000000000000e-03
2.4637649798933125566691160202026367187500000000000000000000000000e-03
2.4627046659588813781738281250000000000000000000000000000000000000e-03
2.4640943877329846145585179328918457031250000000000000000000000000e-03
2.4628061921703192638233304023742675781250000000000000000000000000e-03
2.4645158514431386720389127731323242187500000000000000000000000000e-03
2.4627915811379352817311882972717285156250000000000000000000000000e-03
2.4651158403230510884895920753479003906250000000000000000000000000e-03
2.4626588781302416464313864707946777343750000000000000000000000000e-03
2.4655933652866224292665719985961914062500000000000000000000000000e-03
2.4628743854009371716529130935668945312500000000000000000000000000e-03
2.4657264532379485899582505226135253906250000000000000000000000000e-03
2.4633736713894904823973774909973144531250000000000000000000000000e-03
2.4654280289269081549718976020812988281250000000000000000000000000e-03
2.4643053250201774062588810920715332031250000000000000000000000000e-03
2.4656141806644882308319211006164550781250000000000000000000000000e-03
2.4633182863453839672729372978210449218750000000000000000000000000e-03
2.4675960999047674704343080520629882812500000000000000000000000000e-03
2.4632645604469871614128351211547851562500000000000000000000000000e-03
2.4658636220920016057789325714111328125000000000000000000000000000e-03
2.4660222920829255599528551101684570312500000000000000000000000000e-03
2.4650673337873740820214152336120605468750000000000000000000000000e-03
2.4651222574902931228280067443847656250000000000000000000000000000e-03
2.4678214872437820304185152053833007812500000000000000000000000000e-03
2.4625822629786853212863206863403320312500000000000000000000000000e-03
2.4640989440740668214857578277587890625000000000000000000000000000e-03
2.4738742126828583423048257827758789062500000000000000000000000000e-03
2.4582744442795956274494528770446777343750000000000000000000000000e-03
2.4495871975886984728276729583740234375000000000000000000000000000e-03
2.4788337416339345509186387062072753906250000000000000000000000000e-03
2.4738553252063866239041090011596679687500000000000000000000000000e-03
2.3935545625590748386457562446594238281250000000000000000000000000e-03
2.4479208605043822899460792541503906250000000000000000000000000000e-03
2.4891197722354263532906770706176757812500000000000000000000000000e-03
2.3052672422636533156037330627441406250000000000000000000000000000e-03
2.2316270446935959625989198684692382812500000000000000000000000000e-03
2.3851755727264389861375093460083007812500000000000000000000000000e-03
2.4436440771751222200691699981689453125000000000000000000000000000e-03
