1.9799998728487521251762082385994290234521031379699707031250000000e-03
1.9550181331393916457639381434319147956557571887969970703125000000e-03
1.9300360046773544150933155094662652118131518363952636718750000000e-03
1.9050534904640429451072591859883686993271112442016601562500000000e-03
1.8800705953754570133595880321308868587948381900787353515625000000e-03
1.8550873240509770795148014599362795706838369369506835937500000000e-03
1.8301036803967242298785134124727846938185393810272216796875000000e-03
1.8051196687112933646213175364891867502592504024505615234375000000e-03
1.7801352932216480979416006746873790689278393983840942382812500000e-03
1.7551505580602538500456510917047125985845923423767089843750000000e-03
1.7301654673503271460871522080537943111266940832138061523437500000e-03
1.7051800251825042359365980360053072217851877212524414062500000000e-03
1.6801942356107449783736429438363302324432879686355590820312500000e-03
1.6552081026564903227377145711329831101465970277786254882812500000e-03
1.6302216303085456487742543885133272851817309856414794921875000000e-03
1.6052348225230653709638684034644029452465474605560302734375000000e-03
1.5802476832239196156970617579418103559873998165130615234375000000e-03
1.5552602163029841369351613522553634538780897855758666992187500000e-03
1.5302724256204035604977953255456668557599186897277832031250000000e-03
1.5052843150048643861699249058005989354569464921951293945312500000e-03
1.4802958882538666887662692772664740914478898048400878906250000000e-03
1.4553071491339867118974815696219593519344925880432128906250000000e-03
1.4303181013811464006302287543803686276078224182128906250000000000e-03
1.4053287487008738268490226630547113018110394477844238281250000000e-03
1.3803390947685640482989199995245144236832857131958007812500000000e-03
1.3553491432297386665856153697973240923602133989334106445312500000e-03
1.3303588977003040841329273291648860322311520576477050781250000000e-03
1.3053683617668065085337669728460241458378732204437255859375000000e-03
1.2803775389866858726989340411250850593205541372299194335937500000e-03
1.2553864328885332244528649781045714917127043008804321289062500000e-03
1.2303950469723372741076561354134355497080832719802856445312500000e-03
1.2054033847097439524631568019685801118612289428710937500000000000e-03
1.1804114495443038257427303960866993293166160583496093750000000000e-03
1.1554192448917260157420505706227231712546199560165405273437500000e-03
1.1304267741401332041800698036126959777902811765670776367187500000e-03
1.1054340406503125170817325439998057845514267683029174804687500000e-03
1.0804410477559768175015442182029801188036799430847167968750000000e-03
1.0554477987640207940767123062641985598020255565643310546875000000e-03
1.0304542969547844221550603194259565498214215040206909179687500000e-03
1.0054605455823209785720662168273520364891737699508666992187500000e-03
9.8046654787467004375789425552056854940019547939300537109375000000e-04
9.5547230703413690063724450496351892070379108190536499023437500000e-04
9.3047782623758310081157896220815928245428949594497680664062500000e-04
9.0548310863672505383742405982161471911240369081497192382812500000e-04
8.8048815735844801217552246797026782587636262178421020507812500000e-04
8.5549297550513339182670646820838555868249386548995971679687500000e-04
8.3049756615500734333035204315365263028070330619812011718750000000e-04
8.0550193236251133206693442190271525760181248188018798828125000000e-04
7.8050607715869993203511301160801849619019776582717895507812500000e-04
7.5551000355167309725790136809564501163549721240997314453125000000e-04
7.3051371452704627184465691058790071110706776380538940429687500000e-04
7.0551721304847557752343290005114795349072664976119995117187500000e-04
6.8052050205823493445739247320602771651465445756912231445312500000e-04
6.5552358447786842569199317054540188109967857599258422851562500000e-04
6.3052646320893763771248119454071456857491284608840942382812500000e-04
6.0552914113387026548429581396248977398499846458435058593750000000e-04
5.8053162111694966377589688377724996826145797967910766601562500000e-04
5.5553390600547516032375883199279087421018630266189575195312500000e-04
5.3053599863113042739426461480434227269142866134643554687500000000e-04
5.0553790181161975970242083988637205038685351610183715820312500000e-04
4.8053961835263687713687419389430033334065228700637817382812500000e-04
4.5554115105025250057405039605384899914497509598731994628906250000e-04
4.3054250269382483840008291053891298361122608184814453125000000000e-04
4.0554367606956157011818819846382666582940146327018737792968750000e-04
3.8054467396488088695716278664349374594166874885559082031250000000e-04
3.5554549917372045043928441288016983889974653720855712890625000000e-04
3.3054615450292448158853275685942207928746938705444335937500000000e-04
3.0554664277968041205188476361342964082723483443260192871093750000e-04
2.8054696685965305668827851626190295064589008688926696777343750000e-04
2.5554712963463534040886582232587898033671081066131591796875000000e-04
2.3054713403677253957639592396589023337583057582378387451171875000e-04
2.0554698303288645652719957013232487952336668968200683593750000000e-04
1.8054667959570278100260576348290442183497361838817596435546875000e-04
1.5554622662679017390703617440550488026929087936878204345703125000e-04
1.3054562678522463824680455157789538134238682687282562255859375000e-04
1.0554488213342276352844917308715366743854247033596038818359375000e-04
8.0543993492872758698138124788812319820863194763660430908203125000e-05
5.5542959124764085059554330481290662646642886102199554443359375000e-05
3.0541770270840767767875356675233433634275570511817932128906250000e-05
5.5404208618913417731637049978843378994497470557689666748046875000e-06
-1.9461073521140749651575641010481376724783331155776977539062500000e-05
-4.4462688155922012165667533967194913202547468245029449462890625000e-05
-6.9464417012843552158389559547657654547947458922863006591796875000e-05
-9.4466268296358653919556069844531975832069292664527893066406250000e-05
-1.1946824681627206648625721951972877832304220646619796752929687500e-04
-1.4447035292114643995585454572250228011398576200008392333984375000e-04
-1.6947258538276401083205735531578284280840307474136352539062500000e-04
-1.9447494219538861222502934555933506999281235039234161376953125000e-04
-2.1947742100614556735871385484415441169403493404388427734375000000e-04
-2.4448001933820588584683752841897330654319375753402709960937500000e-04
-2.6948273469711643730850614275595944491215050220489501953125000000e-04
-2.9448556461980076670928441195940195029834285378456115722656250000e-04
-3.1948850669393056168204880762573338870424777269363403320312500000e-04
-3.4449155856285237561897893954210303490981459617614746093750000000e-04
-3.6949471792399086892202952903119239635998383164405822753906250000e-04
-3.9449798252468915894797252263970221974886953830718994140625000000e-04
-4.1950135015741594167459904696215744479559361934661865234375000000e-04
-4.4450481865517178130600695062923932709963992238044738769531250000e-04
-4.6950838588742356896621465978114429162815213203430175781250000000e-04
-4.9451204975664000886709237292393481766339391469955444335937500000e-04
-5.1951580819538639016696990324817306827753782272338867187500000000e-04
-5.4451965916391836287913097436330644995905458927154541015625000000e-04
-5.6952360064818218117477233164436256629414856433868408203125000000e-04
-5.9452763065816313821365657332762566511519253253936767578125000000e-04
-6.1953174722650537677853810336614515108522027730941772460937500000e-04
-6.4453594840735515397733834674909303430467844009399414062500000000e-04
-6.6954023227538646875073302666692143247928470373153686523437500000e-04
-6.9454459692497283983259048767422427772544324398040771484375000000e-04
-7.1954904046948149013568363230319846479687839746475219726562500000e-04
-7.4455356104065480941228694078404259926173835992813110351562500000e-04
-7.6955815678808148043443804198204816202633082866668701171875000000e-04
-7.9456282587872387526695128201481566065922379493713378906250000000e-04
-8.1956756649650399845774551010890718316659331321716308593750000000e-04
-8.4457237684193344883637477593651965435128659009933471679687500000e-04
-8.6957725513177341371273687542498009861446917057037353515625000000e-04
-8.9458219959873911536485380224803520832210779190063476562500000000e-04
-9.1958720849121618375054953986591499415226280689239501953125000000e-04
-9.4459228007300543531604697378156743070576339960098266601562500000e-04
-9.6959741262308803480540753128025244222953915596008300781250000000e-04
-9.9460260443540843798559958344185361056588590145111083984375000000e-04
-1.0196078538186601532972153094647183024790138006210327148437500000e-03
-1.0446131590960961148945029819401497661601752042770385742187500000e-03
-1.0696185186053470787814756448597108828835189342498779296875000000e-03
-1.0946239306982394768469335488703109149355441331863403320312500000e-03
-1.1196293937406392917516262386357084324117749929428100585937500000e-03
-1.1446349061122831382297793112456929520703852176666259765625000000e-03
-1.1696404662066310284340708847139467252418398857116699218750000000e-03
-1.1946460724307154509932216157608309003990143537521362304687500000e-03
-1.2196517232050056288999995146582477900665253400802612304687500000e-03
-1.2446574169632622364201068876354838721454143524169921875000000000e-03
-1.2696631521524077285123510705489024985581636428833007812500000000e-03
-1.2946689272323990554935946306613914202898740768432617187500000000e-03
-1.3196747406760949566928431408996402751654386520385742187500000000e-03
-1.3446805909691410350209617163841357978526502847671508789062500000e-03
-1.3696864766098431221569287075112697493750602006912231445312500000e-03
-1.3946923961090523531175522364833341271150857210159301757812500000e-03
-1.4196983479900491566250142483340823673643171787261962890625000000e-03
-1.4447043307884341843683184691826681955717504024505615234375000000e-03
-1.4697103430520110003282274746538860199507325887680053710937500000e-03
-1.4947163833406800458047936075445250025950372219085693359375000000e-03
-1.5197224502263371580940143346083459618967026472091674804687500000e-03
-1.5447285422927592955788522743887369870208203792572021484375000000e-03
-1.5697346581355076100550149931223131716251373291015625000000000000e-03
-1.5947407963618240138436998876159123028628528118133544921875000000e-03
-1.6197469555905305658299875304351189697626978158950805664062500000e-03
-1.6447531344519286406608005179919018701184540987014770507812500000e-03
-1.6697593315877039526345937403561947576235979795455932617187500000e-03
-1.6947655456508291943462651829577225726097822189331054687500000000e-03
-1.7197717753054688437364116992966955876909196376800537109375000000e-03
-1.7447780192268872237471022401678055757656693458557128906250000000e-03
-1.7697842761013496230837471756558443303219974040985107421875000000e-03
-1.7947905446260405473712928881013795034959912300109863281250000000e-03
-1.8197968235089641893947876027937127219047397375106811523437500000e-03
-1.8448031114688592108086240273223666008561849594116210937500000000e-03
-1.8698094072351094038775265460117225302383303642272949218750000000e-03
-1.8948157095476578226644903679698472842574119567871093750000000000e-03
-1.9198220171569206973782861780364328296855092048645019531250000000e-03
-1.9448283288236959277101023602085660968441516160964965820312500000e-03
-1.9698346433190856707984295326241408474743366241455078125000000000e-03
-1.9948409594244091713743927130053634755313396453857421875000000000e-03
-2.0198472759311212297583804087253156467340886592864990234375000000e-03
-2.0448535916407295856545012213700829306617379188537597656250000000e-03
-2.0698599053647140366685164281079778447747230529785156250000000000e-03
-2.0948662159244449063044690717561024939641356468200683593750000000e-03
-2.1198725221511075834934789696717416518367826938629150390625000000e-03
-2.1448788228856196895477648212136045913212001323699951171875000000e-03
-2.1698851169785525819233562572208029450848698616027832031250000000e-03
-2.1948914032900619652810547677290742285549640655517578125000000000e-03
-2.2198976806898002879508968732125140377320349216461181640625000000e-03
-2.2449039480568508224400670059139883960597217082977294921875000000e-03
-2.2699102042796465671103955941134699969552457332611083984375000000e-03
-2.2949164482558999898775820014407145208679139614105224609375000000e-03
-2.3199226788925293024634655125737481284886598587036132812500000000e-03
-2.3449288951055803978396063769196189241483807563781738281250000000e-03
-2.3699350958201648338630196377607717295177280902862548828125000000e-03
-2.3949412799703783012728042223216107231564819812774658203125000000e-03
-2.4199474464992381736450077767131006112322211265563964843750000000e-03
-2.4449535943586050111553387154117444879375398159027099609375000000e-03
-2.4699597225091231463001140156166002270765602588653564453125000000e-03
-2.4949658299201430550207092551318055484443902969360351562500000000e-03
-2.5199719155696589066584234473111791885457932949066162109375000000e-03
-2.5449779784442391750154399687744444236159324645996093750000000000e-03
-2.5699840175389581167775254755269997986033558845520019531250000000e-03
-2.5949900318573359235541087031151619157753884792327880859375000000e-03
-2.6199960204112623940453374871140113100409507751464843750000000000e-03
-2.6450019822209409892099785110985976643860340118408203125000000000e-03
-2.6700079163148229127733301879743521567434072494506835937500000000e-03
-2.6950138217295368549264455992897637770511209964752197265625000000e-03
-2.7200196975098356495792462084182261605747044086456298828125000000e-03
-2.7450255427085255843788758056689403019845485687255859375000000000e-03
-2.7700313563864065527497793084421573439612984657287597656250000000e-03
-2.7950371376122126396146505555861949687823653221130371093750000000e-03
-2.8200428854625470692640831771313969511538743972778320312500000000e-03
-2.8450485990218245258009943654542439617216587066650390625000000000e-03
-2.8700542773822082694146207160201811348088085651397705078125000000e-03
-2.8950599196435559262718939521619176957756280899047851562500000000e-03
-2.9200655249133535690253538064098393078893423080444335937500000000e-03
-2.9450710923066628077471307278756285086274147033691406250000000000e-03
-2.9700766209460583398838107171968658803962171077728271484375000000e-03
-2.9950821099615759085521560223241976927965879440307617187500000000e-03
-3.0200875584906485514513629908606162643991410732269287109375000000e-03
-3.0450929656780541254779137716468540020287036895751953125000000000e-03
-3.0700983306758584945317380743290414102375507354736328125000000000e-03
-3.0951036526433600183649819115316859097220003604888916015625000000e-03
-3.1201089307470357761542523178377450676634907722473144531250000000e-03
-3.1451141641604834532641721267509637982584536075592041015625000000e-03
-3.1701193520643671311387556954741739900782704353332519531250000000e-03
-3.1951244936463691487249505485124245751649141311645507812500000000e-03
-3.2201295881011293871509781894246771116741001605987548828125000000e-03
-3.2451346346302001669159587038393510738387703895568847656250000000e-03
-3.2701396324419850988873825770042458316311240196228027343750000000e-03
-3.2951445807516939814907352968020859407261013984680175781250000000e-03
-3.3201494787812877232391350901252735638990998268127441406250000000e-03
-3.3451543257594280357525295954701505252160131931304931640625000000e-03
-3.3701591209214271267768925355312603642232716083526611328125000000e-03
-3.3951638635091965258416824013920631841756403446197509765625000000e-03
-3.4201685527711993793642530903298393241129815578460693359375000000e-03
-3.4451731879623958068603606363922153832390904426574707031250000000e-03
-3.4701777683441990991763947960180303198285400867462158203125000000e-03
-3.4951822931844267125511827032369183143600821495056152343750000000e-03
-3.5201867617572464921882335886493819998577237129211425781250000000e-03
-3.5451911733431354725731843302583001786842942237854003906250000000e-03
-3.5701955272288265347269131666507746558636426925659179687500000000e-03
-3.5951998227072672065229852478296379558742046356201171875000000000e-03
-3.6202040590775663199407663483953001559711992740631103515625000000e-03
-3.6452082356449528113828684183772566029801964759826660156250000000e-03
-3.6702123517207297515030361978460859972983598709106445312500000000e-03
-3.6952164066222214361401299242970708291977643966674804687500000000e-03
-3.7202203996727365234442608254994411254301667213439941406250000000e-03
-3.7452243302015216300238087399065989302471280097961425781250000000e-03
-3.7702281975437114576454877834521539625711739063262939453125000000e-03
-3.7952320010402897619561368713902993476949632167816162109375000000e-03
-3.8202357400380438159914753271095833042636513710021972656250000000e-03
-3.8452394138895210420892034619555488461628556251525878906250000000e-03
-3.8702430219529834753977581840445054695010185241699218750000000000e-03
-3.8952465635923669978746275432968104723840951919555664062500000000e-03
-3.9202500381772453427742242126896599074825644493103027343750000000e-03
-3.9452534450827728487731782536229729885235428810119628906250000000e-03
-3.9702567836896541023095075217952398816123604774475097656250000000e-03
-3.9952600533841014368574562354297086130827665328979492187500000000e-03
-4.0202632535577906974788575666934775654226541519165039062500000000e-03
-4.0452663836078213421831861751343240030109882354736328125000000000e-03
-4.0702694429366730738406587875033437740057706832885742187500000000e-03
-4.0952724309521702783509766732095158658921718597412109375000000000e-03
-4.1202753470674464628120681197742669610306620597839355468750000000e-03
-4.1452781907008870096453811981973558431491255760192871093750000000e-03
-4.1702809612761092272759100296752876602113246917724609375000000000e-03
-4.1952836582219137778748674350026703905314207077026367187500000000e-03
-4.2202862809722482481666894216232321923598647117614746093750000000e-03
-4.2452888289661637813421357634524611057713627815246582031250000000e-03
-4.2702913016477881888444123603676416678354144096374511718750000000e-03
-4.2952936984662773781118438876092113787308335304260253906250000000e-03
-4.3202960188757806581083542596388724632561206817626953125000000000e-03
-4.3452982623354060448539470939977036323398351669311523437500000000e-03
-4.3703004283091820975082342215500830207020044326782226562500000000e-03
-4.3953025162660240912626541387453471543267369270324707031250000000e-03
-4.4203045256796880471683586222297890344634652137756347656250000000e-03
-4.4453064560287464460075490535473363706842064857482910156250000000e-03
-4.4703083067965457275683149873657384887337684631347656250000000000e-03
-4.4953100774711681267281626617204892681911587715148925781250000000e-03
-4.5203117675454099894105652879261469934135675430297851562500000000e-03
-4.5453133765167288635189457579599547898396849632263183593750000000e-03
-4.5703149038872226822549649227767076808959245681762695312500000000e-03
-4.5953163491635837939464082069207506719976663589477539062500000000e-03
-4.6203177118570764106419979100337513955309987068176269531250000000e-03
-4.6453189914834967094714457402915286365896463394165039062500000000e-03
-4.6703201875631346687289813246479752706363797187805175781250000000e-03
-4.6953212996207532511916404871499253204092383384704589843750000000e-03
-4.7203223271855389645001999099349632160738110542297363281250000000e-03
-4.7453232697910862486478933419675740879029035568237304687500000000e-03
-4.7703241269753489037230842484405002323910593986511230468750000000e-03
-4.7953248982806192732275540890896081691607832908630371093750000000e-03
-4.8203255832534909475217688168413587845861911773681640625000000000e-03
-4.8453261814448266714405733068815607111901044845581054687500000000e-03
-4.8703266924097288539940997509347653249278664588928222656250000000e-03
-4.8953271157075066086217240979294729186221957206726074218750000000e-03
-4.9203274509016436608077604830668860813602805137634277343750000000e-03
-4.9453276975597705925058455989073991077020764350891113281250000000e-03
-4.9703278552536318823928951360358041711151599884033203125000000000e-03
-4.9953279235590538134847982121300447033718228340148925781250000000e-03
-5.0203279020559184522842777198547992156818509101867675781250000000e-03
-5.0453277903281341584817987211408762959763407707214355468750000000e-03
-5.0703275879635922168686690270078543107956647872924804687500000000e-03
-5.0953272945541607658048732787392509635537862777709960937500000000e-03
-5.1203269096956405617704355393016157904639840126037597656250000000e-03
-5.1453264329877233460019958499742642743512988090515136718750000000e-03
-5.1703258640339979160249761491741082863882184028625488281250000000e-03
-5.1953252024418911450553970610144460806623101234436035156250000000e-03
-5.2203244478226471653181661736198293510824441909790039062500000000e-03
-5.2453235997913100208123182710551191121339797973632812500000000000e-03
-5.2703226579666802992241159131481254007667303085327148437500000000e-03
-5.2953216219712908457983857601902855094522237777709960937500000000e-03
-5.3203204914313937529124487468834558967500925064086914062500000000e-03
-5.3453192659769109204570547433377214474603533744812011718750000000e-03
-5.3703179452414253822190026710359234130010008811950683593750000000e-03
-5.3953165288621405398794550478669407311826944351196289062500000000e-03
-5.4203150164798593463322262664405570831149816513061523437500000000e-03
-5.4453134077389643563638088608058751560747623443603515625000000000e-03
-5.4703117022873752259282120746775035513564944267272949218750000000e-03
-5.4953098997765391711678439889965375186875462532043457031250000000e-03
-5.5203079998613971413057299741922179237008094787597656250000000000e-03
-5.5453060022003525936229451076542318332940340042114257812500000000e-03
-5.5703039064552558809473303824688628083094954490661621093750000000e-03
-5.5953017122913773634396150669090275187045335769653320312500000000e-03
-5.6202994193773735814856351566959347110241651535034179687500000000e-03
-5.6452970273852725105467875721387827070429921150207519531250000000e-03
-5.6702945359904449382226765408177016070112586021423339843750000000e-03
-5.6952919448715732392285460150560538750141859054565429687500000000e-03
-5.7202892537106418344161617994814150733873248100280761718750000000e-03
-5.7452864621928981594956020728659495944157242774963378906250000000e-03
-5.7702835700068301136300696896341833053156733512878417968750000000e-03
-5.7952805768441573858185122958275314886122941970825195312500000000e-03
-5.8202774823997906888939368741375801619142293930053710937500000000e-03
-5.8452742863718083407564840570103115169331431388854980468750000000e-03
-5.8702709884614527949264761730319150956347584724426269531250000000e-03
-5.8952675883730768641166619659088610205799341201782226562500000000e-03
-5.9202640858141471896791685480820888187736272811889648437500000000e-03
-5.9452604804952112818594578413922135950997471809387207031250000000e-03
-5.9702567721298671621354969829553738236427307128906250000000000000e-03
-5.9952529604347607611325443599525897298008203506469726562500000000e-03
-6.0202490451295356116423462822240253444761037826538085937500000000e-03
-6.0452450259368371854318269242867245338857173919677734375000000000e-03
-6.0702409025822773314118308007891755551099777221679687500000000000e-03
-6.0952366747944117242319350680190837010741233825683593750000000000e-03
-6.1202323423047225170456897558324271813035011291503906250000000000e-03
-6.1452279048475966574671680575647769728675484657287597656250000000e-03
-6.1702233621603068056127305851532582892104983329772949218750000000e-03
-6.1952187139829740375462918677840207237750291824340820312500000000e-03
-6.2202139600585730494497482823135214857757091522216796875000000000e-03
-6.2452091001328905242595546098982595140114426612854003906250000000e-03
-6.2702041339545069170702262795202841516584157943725585937500000000e-03
-6.2951990612747938530491254027765535283833742141723632812500000000e-03
-6.3201938818478638204556574464731966145336627960205078125000000000e-03
-6.3451885954305779768969131282574380747973918914794921875000000000e-03
-6.3701832017825062506877209500544267939403653144836425781250000000e-03
-6.3951777006659160651480533488211221992969512939453125000000000000e-03
-6.4201720918457541240065289400718029355630278587341308593750000000e-03
-6.4451663750896247273569628077893867157399654388427734375000000000e-03
-6.4701605501677611487210128871083725243806838989257812500000000000e-03
-6.4951546168530256350481799643148406175896525382995605468750000000e-03
-6.5201485749208721101610741754939226666465401649475097656250000000e-03
-6.5451424241493270927971792616517632268369197845458984375000000000e-03
-6.5701361643189922986940665339261613553389906883239746093750000000e-03
-6.5951297952129986704172814881985686952248215675354003906250000000e-03
-6.6201233166170089794455577703047310933470726013183593750000000000e-03
-6.6451167283191787948926076978750643320381641387939453125000000000e-03
-6.6701100301101538814219082951240125112235546112060546875000000000e-03
-6.6951032217830537193736795131826511351391673088073730468750000000e-03
-6.7200963031334350755718887171497044619172811508178710937500000000e-03
-6.7450892739592902686007747092844510916620492935180664062500000000e-03
-6.7700821340610306889318259493393270531669259071350097656250000000e-03
-6.7950748832414503697307850416109431535005569458007812500000000000e-03
-6.8200675213057285889428627001507265958935022354125976562500000000e-03
-6.8450600480614073178875500502726936247199773788452148437500000000e-03
-6.8700524633183582615125750692186556989327073097229003906250000000e-03
-6.8950447668887915320112824701936915516853332519531250000000000000e-03
-6.9200369585872183522679002010136173339560627937316894531250000000e-03
-6.9450290382304371780697316296482313191518187522888183593750000000e-03
-6.9700210056375319633836795674142194911837577819824218750000000000e-03
-6.9950128606298331290780367908155312761664390563964843750000000000e-03
-7.0200046030309097566668441459114546887576580047607421875000000000e-03
-7.0449962326665643841394626178953330963850021362304687500000000000e-03
-7.0699877493648052503849577021810546284541487693786621093750000000e-03
-7.0949791529558194069782217638930887915194034576416015625000000000e-03
-7.1199704432719839938825678871126001467928290367126464843750000000e-03
-7.1449616201478263408097824083142768358811736106872558593750000000e-03
-7.1699526834200152936027450323308585211634635925292968750000000000e-03
-7.1949436329273534079797869367212115321308374404907226562500000000e-03
-7.2199344685107509286825511196639126865193247795104980468750000000e-03
-7.2449251900132101769647086086933995829895138740539550781250000000e-03
-7.2699157972798177443363165650680457474663853645324707031250000000e-03
-7.2949062901577219411586305852779332781210541725158691406250000000e-03
-7.3198966684961275924736767706235696095973253250122070312500000000e-03
-7.3448869321462613435347321910739992745220661163330078125000000000e-03
-7.3698770809613768639767528156880871392786502838134765625000000000e-03
-7.3948671147967331637729238025258382549509406089782714843750000000e-03
-7.4198570335095755112764237537703593261539936065673828125000000000e-03
-7.4448468369591189533474029360604617977514863014221191406250000000e-03
-7.4698365250065483153529832804906618548557162284851074218750000000e-03
-7.4948260975149887108681667768905754201114177703857421875000000000e-03
-7.5198155543494890618028136941575212404131889343261718750000000000e-03
-7.5448048953770333741042364295026345644146203994750976562500000000e-03
-7.5697941204664886960529202042380347847938537597656250000000000000e-03
-7.5947832294886215981355448434442223515361547470092773437500000000e-03
-7.6197722223160678153841551818459265632554888725280761718750000000e-03
-7.6447610988233244411205191681801807135343551635742187500000000000e-03
-7.6697498588867360491683200507395667955279350280761718750000000000e-03
-7.6947385023844816834270865513190074125304818153381347656250000000e-03
-7.7197270291965540411904811435306328348815441131591796875000000000e-03
-7.7447154392047586057845620644002337940037250518798828125000000000e-03
-7.7697037322926867583539056738572980975732207298278808593750000000e-03
-7.7946919083457105736911785243137273937463760375976562500000000000e-03
-7.8196799672509680750875915578035346698015928268432617187500000000e-03
-7.8446679088973528259920442451402777805924415588378906250000000000e-03
-7.8696557331754939806911508526354737114161252975463867187500000000e-03
-7.8946434399777467433301225696595793124288320541381835937500000000e-03
-7.9196310291981836942953876246065192390233278274536132812500000000e-03
-7.9446185007325757082563555400156474206596612930297851562500000000e-03
-7.9696058544783850152715132253433694131672382354736328125000000000e-03
-7.9945930903347409146597613016638206318020820617675781250000000000e-03
-8.0195802082024467138943180088972439989447593688964843750000000000e-03
-8.0445672079839467688566756464751961175352334976196289062500000000e-03
-8.0695540895833351574539804573760193306952714920043945312500000000e-03
-8.0945408529063209851495130919829534832388162612915039062500000000e-03
-8.1195274978602353238565925153125135693699121475219726562500000000e-03
-8.1445140243539999869160084244867903180420398712158203125000000000e-03
-8.1695004322981483457777329704185831360518932342529296875000000000e-03
-8.1944867216047698188496894999843789264559745788574218750000000000e-03
-8.2194728921875272187325123240952962078154087066650390625000000000e-03
-8.2444589439616428744317389032403298188000917434692382812500000000e-03
-8.2694448768438830188465260562225012108683586120605468750000000000e-03
-8.2944306907525352373644622616666310932487249374389648437500000000e-03
-8.3194163856074154067554715652477170806378126144409179687500000000e-03
-8.3444019613298468784901018580058007501065731048583984375000000000e-03
-8.3693874178426466009517170618892123457044363021850585937500000000e-03
-8.3943727550701233847130211529474763665348291397094726562500000000e-03
-8.4193579729380553511308704628390842117369174957275390625000000000e-03
-8.4443430713736916670697496556385885924100875854492187500000000000e-03
-8.4693280503057247893261560989230929408222436904907226562500000000e-03
-8.4943129096642991382459797478077234700322151184082031250000000000e-03
-8.5192976493809798727019355624179297592490911483764648437500000000e-03
-8.5442822693887650331578953455391456373035907745361328125000000000e-03
-8.5692667696220508471993682064749009441584348678588867187500000000e-03
-8.5942511500166404031508804450822935905307531356811523437500000000e-03
-8.6192354105097210986707878532797622028738260269165039062500000000e-03
-8.6442195510398594365808477846258028876036405563354492187500000000e-03
-8.6692035715469940859723152470905915834009647369384765625000000000e-03
-8.6941874719724150655242311813708511181175708770751953125000000000e-03
-8.7191712522587620087799464840827567968517541885375976562500000000e-03
-8.7441549123500120210827901701122755184769630432128906250000000000e-03
-8.7691384521914727406821654653867881279438734054565429687500000000e-03
-8.7941218717297597873283621083828620612621307373046875000000000000e-03
-8.8191051709128054358899362341617234051227569580078125000000000000e-03
-8.8440883496898325955015707222628407180309295654296875000000000000e-03
-8.8690714080113600137345031271252082660794258117675781250000000000e-03
-8.8940543458291710515739580955596466083079576492309570312500000000e-03
-8.9190371630963240917600032275913690682500600814819335937500000000e-03
-8.9440198597671438651701691924245096743106842041015625000000000000e-03
-8.9690024357971936952438340995286125689744949340820312500000000000e-03
-8.9939848911432737632587475218315375968813896179199218750000000000e-03
-9.0189672257634263125014584261407435405999422073364257812500000000e-03
-9.0439494396169061579682235674226831179112195968627929687500000000e-03
-9.0689315326641754821945795583815197460353374481201171875000000000e-03
-9.0939135048669142435961987303016940131783485412597656250000000000e-03
-9.1188953561879785431054656896776577923446893692016601562500000000e-03
-9.1438770865914179714062370862848183605819940567016601562500000000e-03
-9.1688586960424565269756058683014998678117990493774414062500000000e-03
-9.1938401845074770035726174910450936295092105865478515625000000000e-03
-9.2188215519540313985791257778146245982497930526733398437500000000e-03
-9.2438027983508148921476532677843351848423480987548828125000000000e-03
-9.2687839236676554388605353551611187867820262908935546875000000000e-03
-9.2937649278755207066238241964128974359482526779174804687500000000e-03
-9.3187458109464989947090529653905832674354314804077148437500000000e-03
-9.3437265728537888254123799924855120480060577392578125000000000000e-03
-9.3687072135717006787780647414365375880151987075805664062500000000e-03
-9.3936877330756327064698041340307099744677543640136718750000000000e-03
-9.4186681313420846095585403645600308664143085479736328125000000000e-03
-9.4436484083486194746059894100653764326125383377075195312500000000e-03
-9.4686285640738828556228767752145358826965093612670898437500000000e-03
-9.4936085984975888962811296778454561717808246612548828125000000000e-03
-9.5185885116004925743382614200527314096689224243164062500000000000e-03
-9.5435683033644053141486551794514525681734085083007812500000000000e-03
-9.5685479737721776394288042411062633618712425231933593750000000000e-03
-9.5935275228076922343634080903029826004058122634887695312500000000e-03
-9.6185069504558500658175645980918488930910825729370117187500000000e-03
-9.6434862567025755875071979517088038846850395202636718750000000000e-03
-9.6684654415347907191469190024690760765224695205688476562500000000e-03
-9.6934445049404235200674051498026528861373662948608398437500000000e-03
-9.7184234469083960461510685036046197637915611267089843750000000000e-03
-9.7434022674286104720442480697784048970788717269897460937500000000e-03
-9.7683809664919525606041617038499680347740650177001953125000000000e-03
-9.7933595440902673767702424356684787198901176452636718750000000000e-03
-9.8183380002163679611815183534417883493006229400634765625000000000e-03
-9.8433163348640266565592327197009581141173839569091796875000000000e-03
-9.8682945480279508215781802960009372327476739883422851562500000000e-03
-9.8932726397037967086545151573773182462900876998901367187500000000e-03
-9.9182506098881538514344669010824873112142086029052734375000000000e-03
-9.9432284585785294522830568553217744920402765274047851562500000000e-03
-9.9682061857733518517310500328676425851881504058837890625000000000e-03
-9.9931837914719670590280031774454982951283454895019531250000000000e-03
-1.0018161275674616200737077065241464879363775253295898437500000000e-02
-1.0043138638382438990181988458516570972278714179992675781250000000e-02
-1.0068115879597466788553106198378372937440872192382812500000000000e-02
-1.0093092999322613931290071320745482807978987693786621093750000000e-02
-1.0118069997561670789187893149119190638884902000427246093750000000e-02
-1.0143046874319296829503045387355086859315633773803710937500000000e-02
-1.0168023629601003268718706351592118153348565101623535156250000000e-02
-1.0193000263413180828120374599166098050773143768310546875000000000e-02
-1.0217976775763047692091589624396874569356441497802734375000000000e-02
-1.0242953166658666855348691626659274334087967872619628906250000000e-02
-1.0267929436108949592387773463997291401028633117675781250000000000e-02
-1.0292905584123624232462113070596387842670083045959472656250000000e-02
-1.0317881610713244833199553340818965807557106018066406250000000000e-02
-1.0342857515889179037538170291554706636816263198852539062500000000e-02
-1.0367833299663615012620176969448948511853814125061035156250000000e-02
-1.0392808962049526755322403914760798215866088867187500000000000000e-02
-1.0417784503060701847831914790276641724631190299987792968750000000e-02
-1.0442759922711705028453010868361161556094884872436523437500000000e-02
-1.0467735221017895538841990799028280889615416526794433593750000000e-02
-1.0492710397995408042048914865063125034794211387634277343750000000e-02
-1.0517685453661138744729797167565266136080026626586914062500000000e-02
-1.0542660388032764479104841370826761703938245773315429687500000000e-02
-1.0567635201128721886276728980647021671757102012634277343750000000e-02
-1.0592609892968184864825431645840581040829420089721679687500000000e-02
-1.0617584463571088856936874833536421647295355796813964843750000000e-02
-1.0642558912958111766444702084299933630973100662231445312500000000e-02
-1.0667533241150654876872039267254876904189586639404296875000000000e-02
-1.0692507448170867137560158255382702918723225593566894531250000000e-02
-1.0717481534041605265028529458959383191540837287902832031250000000e-02
-1.0742455498786456294380009524047636659815907478332519531250000000e-02
-1.0767429342429711558448701680390513502061367034912109375000000000e-02
-1.0792403064996375361417335625446867197751998901367187500000000000e-02
-1.0817376666512149366305983733127504820004105567932128906250000000e-02
-1.0842350147003430860248585076988092623651027679443359375000000000e-02
-1.0867323506497307550322517499807872809469699859619140625000000000e-02
-1.0892296745021557563548597613589663524180650711059570312500000000e-02
-1.0917269862604630364932845054681820329278707504272460937500000000e-02
-1.0942242859275645022743006506971141789108514785766601562500000000e-02
-1.0967215735064402351572887539532530354335904121398925781250000000e-02
-1.0992188490001353687319785024101292947307229042053222656250000000e-02
-1.1017161124117619969142722879951179493218660354614257812500000000e-02
-1.1042133637444958779716408514559589093551039695739746093750000000e-02
-1.1067106030015781692465992591678514145314693450927734375000000000e-02
-1.1092078301863149067396641100913257105275988578796386718750000000e-02
-1.1117050453020740560794443752001825487241148948669433593750000000e-02
-1.1142022483522882880802029603728442452847957611083984375000000000e-02
-1.1166994393404523766566427411817130632698535919189453125000000000e-02
-1.1191966182701225049345161721703334478661417961120605468750000000e-02
-1.1216937851449169591400156775762297911569476127624511718750000000e-02
-1.1241909399685156081827308582887781085446476936340332031250000000e-02
-1.1266880827446578219874773196806927444413304328918457031250000000e-02
-1.1291852134771435123283822576922830194234848022460937500000000000e-02
-1.1316823321698331328288844588314532302320003509521484375000000000e-02
-1.1341794388266438625700871511980949435383081436157226562500000000e-02
-1.1366765334515541163717955441825324669480323791503906250000000000e-02
-1.1391736160485985140944364957249490544199943542480468750000000000e-02
-1.1416706866218701357795772821646096417680382728576660156250000000e-02
-1.1441677451755193073434924144748947583138942718505859375000000000e-02
-1.1466647917137529066877732475404627621173858642578125000000000000e-02
-1.1491618262408333228652423940729931928217411041259765625000000000e-02
-1.1516588487610800173310821037375717423856258392333984375000000000e-02
-1.1541558592788667483852727002613391960039734840393066406250000000e-02
-1.1566528577986222650619829721563291968777775764465332031250000000e-02
-1.1591498443248297867125273796773399226367473602294921875000000000e-02
-1.1616468188620264825883232617798057617619633674621582031250000000e-02
-1.1641437814148034718408908361197973135858774185180664062500000000e-02
-1.1666407319878033949089868315240892115980386734008789062500000000e-02
-1.1691376705857230156038184532008017413318157196044921875000000000e-02
-1.1716345972133106190238294175287592224776744842529296875000000000e-02
-1.1741315118753660115546999520574900088831782341003417968750000000e-02
-1.1766284145767405208693467955072264885529875755310058593750000000e-02
-1.1791253053223363020385328070460673188790678977966308593750000000e-02
-1.1816221841171058171138241732478491030633449554443359375000000000e-02
-1.1841190509660513147105476150500180665403604507446289062500000000e-02
-1.1866159058742248300077903877536300569772720336914062500000000000e-02
-1.1891127488467273173866622926198033383116126060485839843750000000e-02
-1.1916095798887086504302956768697185907512903213500976562500000000e-02
-1.1941063990053669280344550429617811460047960281372070312500000000e-02
-1.1966032062019479539904942555494926637038588523864746093750000000e-02
-1.1991000014837455839300517368428700137883424758911132812500000000e-02
-1.2015967848560996436568792944399319821968674659729003906250000000e-02
-1.2040935563243974903979705004530842415988445281982421875000000000e-02
-1.2065903158940726250247799100634438218548893928527832031250000000e-02
-1.2090870635706041716361802684787107864394783973693847656250000000e-02
-1.2115837993595168775584625109331682324409484863281250000000000000e-02
-1.2140805232663802459835977742841350845992565155029296875000000000e-02
-1.2165772352968092298586277877348038600757718086242675781250000000e-02
-1.2190739354564619767451461029850179329514503479003906250000000000e-02
-1.2215706237510417370151216687190753873437643051147460937500000000e-02
-1.2240673001862942617656848653950873995199799537658691406250000000e-02
-1.2265639647680083232361702982871065614745020866394042968750000000e-02
-1.2290606175020172760592451766115118516609072685241699218750000000e-02
-1.2315572583941947204522193715092726051807403564453125000000000000e-02
-1.2340538874504574512469545766180090140551328659057617187500000000e-02
-1.2365505046767633762216931359034788329154253005981445312500000000e-02
-1.2390471100791122099904484343824151437729597091674804687500000000e-02
-1.2415437036635442596965717143575602676719427108764648437500000000e-02
-1.2440402854361404250127520754176657646894454956054687500000000000e-02
-1.2465368554030216777239736813953641103580594062805175781250000000e-02
-1.2490334135703492351998633580478781368583440780639648437500000000e-02
-1.2515299599443238665053002023341832682490348815917968750000000000e-02
-1.2540264945311843311492872032886225497350096702575683593750000000e-02
-1.2565230173372099811701652072315482655540108680725097656250000000e-02
-1.2590195283687171182163133664744236739352345466613769531250000000e-02
-1.2615160276320610752143203114883363014087080955505371093750000000e-02
-1.2640125151336346551178557717776129720732569694519042968750000000e-02
-1.2665089908798669166012373921148537192493677139282226562500000000e-02
-1.2690054548772269904510778815165394917130470275878906250000000000e-02
-1.2715019071322176610894238990567828295752406120300292968750000000e-02
-1.2739983476513791829654032028429355705156922340393066406250000000e-02
-1.2764947764412891070828770523348794085904955863952636718750000000e-02
-1.2789911935085586380811406570501276291906833648681640625000000000e-02
-1.2814875988598359302095275324973044916987419128417968750000000000e-02
-1.2839839925018041791315859256883413763716816902160644531250000000e-02
-1.2864803744411805810909932290542201371863484382629394531250000000e-02
-1.2889767446847172002732939688485203078016638755798339843750000000e-02
-1.2914731032392006218612046097860002191737294197082519531250000000e-02
-1.2939694501114502173111375782355025876313447952270507812500000000e-02
-1.2964657853083203994937200320691772503778338432312011718750000000e-02
-1.2989621088366978471362322977711301064118742942810058593750000000e-02
-1.3014584207035016782949554681181325577199459075927734375000000000e-02
-1.3039547209156851850786473789867159212008118629455566406250000000e-02
-1.3064510094802327111462858511004014872014522552490234375000000000e-02
-1.3089472864041603455964590807525382842868566513061523437500000000e-02
-1.3114435516945174842184940189326880499720573425292968750000000000e-02
-1.3139398053583826661561140269895986421033740043640136718750000000e-02
-1.3164360474028675637714336232875211862847208976745605468750000000e-02
-1.3189322778351136866703541272727306932210922241210937500000000000e-02
-1.3214284966622934225366492455577827058732509613037109375000000000e-02
-1.3239247038916086493531842904758377699181437492370605468750000000e-02
-1.3264208995302921231806969615263369632884860038757324218750000000e-02
-1.3289170835856060903790165639293263666331768035888671875000000000e-02
-1.3314132560648415937176736179026192985475063323974609375000000000e-02
-1.3339094169753193397376378470653435215353965759277343750000000000e-02
-1.3364055663243886579172325923536845948547124862670898437500000000e-02
-1.3389017041194273271997872143401764333248138427734375000000000000e-02
-1.3413978303678414025212894955529918661341071128845214843750000000e-02
-1.3438939450770650413380380427952331956475973129272460937500000000e-02
-1.3463900482545605036266422871449321974068880081176757812500000000e-02
-1.3488861399078164171605465071479557082056999206542968750000000000e-02
-1.3513822200443491652888106102636811556294560432434082031250000000e-02
-1.3538782886717030604084577305457059992477297782897949218750000000e-02
-1.3563743457974472214622174703890777891501784324645996093750000000e-02
-1.3588703914291786964407826587830641074106097221374511718750000000e-02
-1.3613664255745195133529001907390920678153634071350097656250000000e-02
-1.3638624482411180680041518087364238454028964042663574218750000000e-02
-1.3663584594366487770522589073607377940788865089416503906250000000e-02
-1.3688544591688108637006493495391623582690954208374023437500000000e-02
-1.3713504474453280107537622711788571905344724655151367187500000000e-02
-1.3738464242739506157575668510162358870729804039001464843750000000e-02
-1.3763423896624524950249579546834866050630807876586914062500000000e-02
-1.3788383436186307101634085370278626214712858200073242187500000000e-02
-1.3813342861503092109942691934065805980935692787170410156250000000e-02
-1.3838302172653331109652974362234090222045779228210449218750000000e-02
-1.3863261369715723300699572462235664715990424156188964843750000000e-02
-1.3888220452769205540133334864094649674370884895324707031250000000e-02
-1.3913179421892936729610035229143250035122036933898925781250000000e-02
-1.3938138277166315162625132018092699581757187843322753906250000000e-02
-1.3963097018668952503661628838926844764500856399536132812500000000e-02
-1.3988055646480691135424834214973088819533586502075195312500000000e-02
-1.4013014160681602424118885608095297357067465782165527343750000000e-02
-1.4037972561351969372211989650622854242101311683654785156250000000e-02
-1.4062930848572290087883374098964850418269634246826171875000000000e-02
-1.4087889022423282989193715764031367143616080284118652343750000000e-02
-1.4112847082985879865191236604005098342895507812500000000000000000e-02
-1.4137805030341217202294323840305878547951579093933105468750000000e-02
-1.4162762864570644857908909841626154957339167594909667968750000000e-02
-1.4187720585755715652087616263088420964777469635009765625000000000e-02
-1.4212678193978192306423657953473593806847929954528808593750000000e-02
-1.4237635689320028362092607210342976031824946403503417968750000000e-02
-1.4262593071863385527087153548109199618920683860778808593750000000e-02
-1.4287550341690621533152771860386565094813704490661621093750000000e-02
-1.4312507498884288401064246443183947121724486351013183593750000000e-02
-1.4337464543527125501731767087676416849717497825622558593750000000e-02
-1.4362421475702069964541784941047808388248085975646972656250000000e-02
-1.4387378295492251473186584576069435570389032363891601562500000000e-02
-1.4412335002980976653153000199836242245510220527648925781250000000e-02
-1.4437291598251737745339795537802274338901042938232421875000000000e-02
-1.4462248081388219544951567741009057499468326568603515625000000000e-02
-1.4487204452474275115370083710786275332793593406677246093750000000e-02
-1.4512160711593943135389039866822713520377874374389648437500000000e-02
-1.4537116858831439225596682263130787760019302368164062500000000000e-02
-1.4562072894271149009481902680818166118115186691284179687500000000e-02
-1.4587028817997635052328142535316146677359938621520996093750000000e-02
-1.4611984630095626452872537015537091065198183059692382812500000000e-02
-1.4636940330650025782199818991102802101522684097290039062500000000e-02
-1.4661895919745895205954511197887768503278493881225585937500000000e-02
-1.4686851397468466892681782098861731356009840965270996093750000000e-02
-1.4711806763903136074933541976861306466162204742431640625000000000e-02
-1.4736762019135459314544966957782889949157834053039550781250000000e-02
-1.4761717163251140624846691196125902933999896049499511718750000000e-02
-1.4786672196336062695687374457520490977913141250610351562500000000e-02
-1.4811627118476243525346802698550163768231868743896484375000000000e-02
-1.4836581929757864176111503695665305713191628456115722656250000000e-02
-1.4861536630267260100657367161147703882306814193725585937500000000e-02
-1.4886491220090902060091408998232509475201368331909179687500000000e-02
-1.4911445699315429083697814860443031648173928260803222656250000000e-02
-1.4936400068027610305021468661834660451859235763549804687500000000e-02
-1.4961354326314360574379236368258716538548469543457031250000000000e-02
-1.4986308474262749132477345881397923221811652183532714843750000000e-02
-1.5011262511959975324282723363467084709554910659790039062500000000e-02
-1.5036216439493375537916897144441463751718401908874511718750000000e-02
-1.5061170256950435347720329559706442523747682571411132812500000000e-02
-1.5086123964418765228123753274758200859650969505310058593750000000e-02
-1.5111077561986110961989027146046282723546028137207031250000000000e-02
-1.5136031049740355375332612197780690621584653854370117187500000000e-02
-1.5160984427769507928984715761089319130405783653259277343750000000e-02
-1.5185937696161709922759719404439238132908940315246582031250000000e-02
-1.5210890855005224087115323072794126346707344055175781250000000000e-02
-1.5235843904388443256769924971649743383750319480895996093750000000e-02
-1.5260796844399885166532193636612646514549851417541503906250000000e-02
-1.5285749675128187247130640002978907432407140731811523437500000000e-02
-1.5310702396662101421043189475312829017639160156250000000000000000e-02
-1.5335655009090514919178893649132078280672430992126464843750000000e-02
-1.5360607512502412116961458821151609299704432487487792968750000000e-02
-1.5385559906986914432969193455846834694966673851013183593750000000e-02
-1.5410512192633233491401156811662076506763696670532226562500000000e-02
-1.5435464369530721429057962268416304141283035278320312500000000000e-02
-1.5460416437768806710573166185440641129389405250549316406250000000e-02
-1.5485368397437075660416638811511802487075328826904296875000000000e-02
-1.5510320248625154501698197861969674704596400260925292968750000000e-02
-1.5535271991422867216003922408162907231599092483520507812500000000e-02
-1.5560223625920030846025987614211771870031952857971191406250000000e-02
-1.5585175152206694887402349536387191619724035263061523437500000000e-02
-1.5610126570372855059343208949940162710845470428466796875000000000e-02
-1.5635077880508805453496634640941920224577188491821289062500000000e-02
-1.5660029082704692710015237366860674228519201278686523437500000000e-02
-1.5684980177051062455451102550796349532902240753173828125000000000e-02
-1.5709931163638193168941015187556331511586904525756835937500000000e-02
-1.5734882042556883746664553314076329115778207778930664062500000000e-02
-1.5759832813897527159507916394431958906352519989013671875000000000e-02
-1.5784783477751213737194646569150791037827730178833007812500000000e-02
-1.5809734034208381553421318699292896781116724014282226562500000000e-02
-1.5834684483360457474265814425962162204086780548095703125000000000e-02
-1.5859634825297869165083852749376092106103897094726562500000000000e-02
-1.5884585060112445947799741929884476121515035629272460937500000000e-02
-1.5909535187894521812701498220121720805764198303222656250000000000e-02
-1.5934485208736401395945847525581484660506248474121093750000000000e-02
-1.5959435122728217459897592789275222457945346832275390625000000000e-02
-1.5984384929962888732823955706408014521002769470214843750000000000e-02
-1.6009334630530155929584168461587978526949882507324218750000000000e-02
-1.6034284224523749629032209895740379579365253448486328125000000000e-02
-1.6059233712032792984469864450147724710404872894287109375000000000e-02
-1.6084183093152088633859264632519625592976808547973632812500000000e-02
-1.6109132367969836857612975222764362115412950515747070312500000000e-02
-1.6134081536582231541920862127881264314055442810058593750000000000e-02
-1.6159030599076164985694603615229425486177206039428710937500000000e-02
-1.6183979555549683759796408821785007603466510772705078125000000000e-02
-1.6208928406087806661783901063245139084756374359130859375000000000e-02
-1.6233877150791057447642984357116802129894495010375976562500000000e-02
-1.6258825789741890993633788298211584333330392837524414062500000000e-02
-1.6283774323044088866430101347759773489087820053100585937500000000e-02
-1.6308722750776612209211435811084811575710773468017578125000000000e-02
-1.6333671073047548172318954584625316783785820007324218750000000000e-02
-1.6358619289931205370569600177077518310397863388061523437500000000e-02
-1.6383567401541232477768517128424718976020812988281250000000000000e-02
-1.6408515407945849229331969354461762122809886932373046875000000000e-02
-1.6433463309265927687619068819913081824779510498046875000000000000e-02
-1.6458411105561721737844393942395981866866350173950195312500000000e-02
-1.6483358796963335640706205253991356585174798965454101562500000000e-02
-1.6508306383520854332402905129129067063331604003906250000000000000e-02
-1.6533253865376140029352924898375931661576032638549804687500000000e-02
-1.6558201242566138872147618599228735547512769699096679687500000000e-02
-1.6583148515247773946423848201447981409728527069091796875000000000e-02
-1.6608095683441497641963380260676785837858915328979492187500000000e-02
-1.6633042747322454579794737128395354375243186950683593750000000000e-02
-1.6657989706891473957739435718394815921783447265625000000000000000e-02
-1.6682936562345363623593996749150392133742570877075195312500000000e-02
-1.6707883313661422985951787723024608567357063293457031250000000000e-02
-1.6732829961062286455719672062514291610568761825561523437500000000e-02
-1.6757776504497553377026619614298397209495306015014648437500000000e-02
-1.6782722944219605198945544088928727433085441589355468750000000000e-02
-1.6807669280146968898703718764409131836146116256713867187500000000e-02
-1.6832615512564295251474177916861663106828927993774414062500000000e-02
-1.6857561641357165366228443303953099530190229415893554687500000000e-02
-1.6882507666844594890198649750345794018357992172241210937500000000e-02
-1.6907453588875541450331496662329300306737422943115234375000000000e-02
-1.6932399407810383440420309852925129234790802001953125000000000000e-02
-1.6957345123448895607420894293682067655026912689208984375000000000e-02
-1.6982290736211515941311844812844356056302785873413085937500000000e-02
-1.7007236245830073539941906801686855033040046691894531250000000000e-02
-1.7032181652789010750659315363009227439761161804199218750000000000e-02
-1.7057126956777343695925708288996247574687004089355468750000000000e-02
-1.7082072158293049035648891731398180127143859863281250000000000000e-02
-1.7107017257030943807594169925323512870818376541137695312500000000e-02
-1.7131962253485542163611299315562064293771982192993164062500000000e-02
-1.7156907147339122560181223775543912779539823532104492187500000000e-02
-1.7181851939113663291225364559977606404572725296020507812500000000e-02
-1.7206796628453674413705698498233687132596969604492187500000000000e-02
-1.7231741215932048355563566133241693023592233657836914062500000000e-02
-1.7256685701131480037417986750369891524314880371093750000000000000e-02
-1.7281630084677184616692713348129473160952329635620117187500000000e-02
-1.7306574366132483622227056230258313007652759552001953125000000000e-02
-1.7331518546110626088907480379930348135530948638916015625000000000e-02
-1.7356462624206037137497560252086259424686431884765625000000000000e-02
-1.7381406600961879505007345869671553373336791992187500000000000000e-02
-1.7406350476118073039577538452249427791684865951538085937500000000e-02
-1.7431294250036734327924392573549994267523288726806640625000000000e-02
-1.7456237922535998430273451731409295462071895599365234375000000000e-02
-1.7481181494083411487316936927527422085404396057128906250000000000e-02
-1.7506124964347787031915260058667627163231372833251953125000000000e-02
-1.7531068333748647120051700198928301688283681869506835937500000000e-02
-1.7556011602221706369153508831004728563129901885986328125000000000e-02
-1.7580954769963096084861575718605308793485164642333984375000000000e-02
-1.7605897836903101200123344938219815958291292190551757812500000000e-02
-1.7630840803305295599878732559773197863250970840454101562500000000e-02
-1.7655783669219594217425495230600063223391771316528320312500000000e-02
-1.7680726434681048875319220314850099384784698486328125000000000000e-02
-1.7705669099806795041551765734766377136111259460449218750000000000e-02
-1.7730611664733445659303257002648024354130029678344726562500000000e-02
-1.7755554129551612274617866660264553502202033996582031250000000000e-02
-1.7780496494275429414377853731821232941001653671264648437500000000e-02
-1.7805438759106704399437504093839379493147134780883789062500000000e-02
-1.7830380924029019806820173243977478705346584320068359375000000000e-02
-1.7855322989274481637611557971467846073210239410400390625000000000e-02
-1.7880264954803260640803230785422783810645341873168945312500000000e-02
-1.7905206820773896664311664039814786519855260848999023437500000000e-02
-1.7930148587290979655950451387980137951672077178955078125000000000e-02
-1.7955090254433744845208309470763197168707847595214843750000000000e-02
-1.7980031822286583059744557999692915473133325576782226562500000000e-02
