-6.9077552789821368151024216786026954650878906250000000000000000000e+00
-6.0972423379648530428198682784568518400192260742187500000000000000e+00
-5.6555288391592117847039844491519033908843994140625000000000000000e+00
-5.3502036830595125493914565595332533121109008789062500000000000000e+00
-5.1166217878652897610436411923728883266448974609375000000000000000e+00
-4.9274013806694068051683643716387450695037841796875000000000000000e+00
-4.7683519280446535759665493969805538654327392578125000000000000000e+00
-4.6311621404803133827954297885298728942871093750000000000000000000e+00
-4.5105429108312939945335529046133160591125488281250000000000000000e+00
-4.4029192174579190321992427925579249858856201171875000000000000000e+00
-4.3057611489667833026828702713828533887863159179687500000000000000e+00
-4.2172124689068635206012913840822875499725341796875000000000000000e+00
-4.1358708096765068873423842887859791517257690429687500000000000000e+00
-4.0606507918310796867444878444075584411621093750000000000000000000e+00
-3.9906951467078117801179359958041459321975708007812500000000000000e+00
-3.9253149583428248448058184294495731592178344726562500000000000000e+00
-3.8639482768106039323185996181564405560493469238281250000000000000e+00
-3.8061307162932842551583689783001318573951721191406250000000000000e+00
-3.7514741002610372255787751782918348908424377441406250000000000000e+00
-3.6996506474396091412870646308874711394309997558593750000000000000e+00
-3.6503810581856170891512647358467802405357360839843750000000000000e+00
-3.6034254009302091326105710322735831141471862792968750000000000000e+00
-3.5585760442976694939432036335347220301628112792968750000000000000e+00
-3.5156521074733184661909035639837384223937988281250000000000000000e+00
-3.4744950535273924074886053858790546655654907226562500000000000000e+00
-3.4349651543620822735647379886358976364135742187500000000000000000e+00
-3.3969386282461986326097758137620985507965087890625000000000000000e+00
-3.3603053019884101537684273353079333901405334472656250000000000000e+00
-3.3249666864294287194070420810021460056304931640625000000000000000e+00
-3.2908343805517503710689197760075330734252929687500000000000000000e+00
-3.2578287390893252428725190839031711220741271972656250000000000000e+00
-3.2258777530935272004342095897300168871879577636718750000000000000e+00
-3.1949161038732198925060856709023937582969665527343750000000000000e+00
-3.1648843590527655500466153171146288514137268066406250000000000000e+00
-3.1357282858745736398020653723506256937980651855468750000000000000e+00
-3.1073982618080373541147309879306703805923461914062500000000000000e+00
-3.0798487663736402453196205897256731986999511718750000000000000000e+00
-3.0530379411123620414514334697742015123367309570312500000000000000e+00
-3.0269272070204245039803936379030346870422363281250000000000000000e+00
-3.0014809306725833693008098634891211986541748046875000000000000000e+00
-2.9766661317823368548829421342816203832626342773437500000000000000e+00
-2.9524522261770180797668672312283888459205627441406250000000000000e+00
-2.9288107991626928239270455378573387861251831054687500000000000000e+00
-2.9057154050664473210474625375354662537574768066406250000000000000e+00
-2.8831413894095154759611432382371276617050170898437500000000000000e+00
-2.8610657307129012671964574110461398959159851074218750000000000000e+00
-2.8394668993906275744620870682410895824432373046875000000000000000e+00
-2.8183247315624653239751751243602484464645385742187500000000000000e+00
-2.7976203159323231872690485033672302961349487304687500000000000000e+00
-2.7773358921417647948715057282242923974990844726562500000000000000e+00
-2.7574547592295330922240736981621012091636657714843750000000000000e+00
-2.7379611930148310960930757573805749416351318359375000000000000000e+00
-2.7188403713803745986865578743163496255874633789062500000000000000e+00
-2.7000783065657576464957401185529306530952453613281250000000000000e+00
-2.6816617836963541066097604925744235515594482421875000000000000000e+00
-2.6635783048710788278867767076008021831512451171875000000000000000e+00
-2.6458160382164774837576715071918442845344543457031250000000000000e+00
-2.6283637713870215968370303016854450106620788574218750000000000000e+00
-2.6112108690539428401677923829993233084678649902343750000000000000e+00
-2.5943472339789783731589523085858672857284545898437500000000000000e+00
-2.5777632713162668132156341016525402665138244628906250000000000000e+00
-2.5614498558263685268343579082284122705459594726562500000000000000e+00
-2.5453983017219177220624715118901804089546203613281250000000000000e+00
-2.5296003348954170242279815283836796879768371582031250000000000000e+00
-2.5140480673068683614701512851752340793609619140625000000000000000e+00
-2.4987339733327540436391700495732948184013366699218750000000000000e+00
-2.4836508678988478138194295752327889204025268554687500000000000000e+00
-2.4687918862378057660578178911237046122550964355468750000000000000e+00
-2.4541504651287828764338883047457784414291381835937500000000000000e+00
-2.4397203254907458003231113252695649862289428710937500000000000000e+00
-2.4254954562139365847883709648158401250839233398437500000000000000e+00
-2.4114700991252790984731291246134787797927856445312500000000000000e+00
-2.3976387349936154613772032462293282151222229003906250000000000000e+00
-2.3839960704896534515739858761662617325782775878906250000000000000e+00
-2.3705370260235114621139018709072843194007873535156250000000000000e+00
-2.3572567243899329447742729826131835579872131347656250000000000000e+00
-2.3441504801576482641678467189194634556770324707031250000000000000e+00
-2.3312137897451221668632115324726328253746032714843750000000000000e+00
-2.3184423221300765050045811221934854984283447265625000000000000000e+00
-2.3058319101448421228894858359126374125480651855468750000000000000e+00
-2.2933785423137575953944633511127904057502746582031250000000000000e+00
-2.2810783551926046008873072423739358782768249511718750000000000000e+00
-2.2689276261734852013773888756986707448959350585937500000000000000e+00
-2.2569227667216047450438054511323571205139160156250000000000000000e+00
-2.2450603160132218683031624095747247338294982910156250000000000000e+00
-2.2333369349465450603986482747131958603858947753906250000000000000e+00
-2.2217494004996436451904173736693337559700012207031250000000000000e+00
-2.2102946004115207045970237231813371181488037109375000000000000000e+00
-2.1989695281643903967960795853286981582641601562500000000000000000e+00
-2.1877712782469194152668023889418691396713256835937500000000000000e+00
-2.1766970416797608578463041340000927448272705078125000000000000000e+00
-2.1657441017861440712977127986960113048553466796875000000000000000e+00
-2.1549098301915883268975449027493596076965332031250000000000000000e+00
-2.1441916830380081115947632497409358620643615722656250000000000000e+00
-2.1335871973985618410551978740841150283813476562500000000000000000e+00
-2.1230939878806092124818860611412674188613891601562500000000000000e+00
-2.1127097434050585711418079881696030497550964355468750000000000000e+00
-2.1024322241512174436195437010610476136207580566406250000000000000e+00
-2.0922592586570565309500580042367801070213317871093750000000000000e+00
-2.0821887410654817962551987875485792756080627441406250000000000000e+00
-2.0722186285078945111592929606558755040168762207031250000000000000e+00
-2.0623469386168951089643996965605765581130981445312500000000000000e+00
-2.0525717471605640085385857673827558755874633789062500000000000000e+00
-2.0428911857912503968748296756530180573463439941406250000000000000e+00
-2.0333034399022924532118850038386881351470947265625000000000000000e+00
-2.0238067465865041683059644128661602735519409179687500000000000000e+00
-2.0143993926906973435109193815151229500770568847656250000000000000e+00
-2.0050797129608604052464215783402323722839355468750000000000000000e+00
-1.9958460882729751606490253834635950624942779541015625000000000000e+00
-1.9866969439447699219414289473206736147403717041015625000000000000e+00
-1.9776307481240011920675669898628257215023040771484375000000000000e+00
-1.9686460102491480927966449598898179829120635986328125000000000000e+00
-1.9597412795786393058250496324035339057445526123046875000000000000e+00
-1.9509151437849916455036236584419384598731994628906250000000000000e+00
-1.9421662276104487698802358863758854568004608154296875000000000000e+00
-1.9334931915809183688992334282374940812587738037109375000000000000e+00
-1.9248947307752051205653742727008648216724395751953125000000000000e+00
-1.9163695736467052377349773450987413525581359863281250000000000000e+00
-1.9079164808949051757025472397799603641033172607421875000000000000e+00
-1.8995342443841773949486650963081046938896179199218750000000000000e+00
-1.8912216861075181739693107374478131532669067382812500000000000000e+00
-1.8829776571929979223085638295742683112621307373046875000000000000e+00
-1.8748010369508345540623395208967849612236022949218750000000000000e+00
-1.8666907319591092839772272782283835113048553466796875000000000000e+00
-1.8586456751862621139537168346578255295753479003906250000000000000e+00
-1.8506648251486026435230769493500702083110809326171875000000000000e+00
-1.8427471651011757547422575953532941639423370361328125000000000000e+00
-1.8348917022604092075255266536260023713111877441406250000000000000e+00
-1.8270974670570541142922138533322140574455261230468750000000000000e+00
-1.8193635124180174145180899358820170164108276367187500000000000000e+00
-1.8116889130757520831593865295872092247009277343750000000000000000e+00
-1.8040727649039458579949268823838792741298675537109375000000000000e+00
-1.7965141842783194370269939099671319127082824707031250000000000000e+00
-1.7890123074613986098313489492284134030342102050781250000000000000e+00
-1.7815662900101940646635512166540138423442840576171875000000000000e+00
-1.7741753062057685763619474528240971267223358154296875000000000000e+00
-1.7668385485037334525770802429178729653358459472656250000000000000e+00
-1.7595552270047529752616810583276674151420593261718750000000000000e+00
-1.7523245689441946382203241228125989437103271484375000000000000000e+00
-1.7451458182000985086546052116318605840206146240234375000000000000e+00
-1.7380182348186783425347812226391397416591644287109375000000000000e+00
-1.7309410945566192641109637406771071255207061767578125000000000000e+00
-1.7239136884394521409546996437711641192436218261718750000000000000e+00
-1.7169353223353418513852375326678156852722167968750000000000000000e+00
-1.7100053165436415181233087423606775701045989990234375000000000000e+00
-1.7031230053976074145793973002582788467407226562500000000000000000e+00
-1.6962877368806896782871262985281646251678466796875000000000000000e+00
-1.6894988722558499372183860032237134873867034912109375000000000000e+00
-1.6827557857073764946420624255551956593990325927734375000000000000e+00
-1.6760578639946939194516062343609519302845001220703125000000000000e+00
-1.6694045061176916444622975177480839192867279052734375000000000000e+00
-1.6627951229931106080783820289070717990398406982421875000000000000e+00
-1.6562291371415558405288948051747865974903106689453125000000000000e+00
-1.6497059823847164405918874763301573693752288818359375000000000000e+00
-1.6432251035523974813656877813627943396568298339843750000000000000e+00
-1.6367859561989850369911891903029754757881164550781250000000000000e+00
-1.6303880063289803992176985047990456223487854003906250000000000000e+00
-1.6240307301312604248977322640712372958660125732421875000000000000e+00
-1.6177136137217287270573251589667052030563354492187500000000000000e+00
-1.6114361528940484014071898855036124587059020996093750000000000000e+00
-1.6051978528781456478924383191042579710483551025390625000000000000e+00
-1.5989982281062036229002387699438259005546569824218750000000000000e+00
-1.5928368019858620829865003543091006577014923095703125000000000000e+00
-1.5867131066803625838446123452740721404552459716796875000000000000e+00
-1.5806266828953858816220190419699065387248992919921875000000000000e+00
-1.5745770796723344009393485976033844053745269775390625000000000000e+00
-1.5685638541878328400258624242269434034824371337890625000000000000e+00
-1.5625865715592186511173622420756146311759948730468750000000000000e+00
-1.5566448046558127860095055439160205423831939697265625000000000000e+00
-1.5507381339157639832393442702596075832843780517578125000000000000e+00
-1.5448661471682703094643329677637666463851928710937500000000000000e+00
-1.5390284394609903273476447793655097484588623046875000000000000000e+00
-1.5332246128924613692845468904124572873115539550781250000000000000e+00
-1.5274542764493559410254874819656834006309509277343750000000000000e+00
-1.5217170458484019501810280416975729167461395263671875000000000000e+00
-1.5160125433828175456341114113456569612026214599609375000000000000e+00
-1.5103403977730958107628111974918283522129058837890625000000000000e+00
-1.5047002440220007546400893261306919157505035400390625000000000000e+00
-1.4990917232736298281281506206141784787178039550781250000000000000e+00
-1.4935144826764039649447113333735615015029907226562500000000000000e+00
-1.4879681752498603586332137638237327337265014648437500000000000000e+00
-1.4824524597551163029862664188840426504611968994140625000000000000e+00
-1.4769670005688884106831437748041935265064239501953125000000000000e+00
-1.4715114675609455296978467231383547186851501464843750000000000000e+00
-1.4660855359748894422011744609335437417030334472656250000000000000e+00
-1.4606888863121496591190862091025337576866149902343750000000000000e+00
-1.4553212042190932784535561950178816914558410644531250000000000000e+00
-1.4499821803771488770706810100818984210491180419921875000000000000e+00
-1.4446715103958460701960575534030795097351074218750000000000000000e+00
-1.4393888947086828089538812491809949278831481933593750000000000000e+00
-1.4341340384717258249480664744623936712741851806640625000000000000e+00
-1.4289066514648645078722211110289208590984344482421875000000000000e+00
-1.4237064479956298423957150589558295905590057373046875000000000000e+00
-1.4185331468055022430263534261030144989490509033203125000000000000e+00
-1.4133864709786307933825355576118454337120056152343750000000000000e+00
-1.4082661478528879506200155447004362940788269042968750000000000000e+00
-1.4031719089331926575425768533023074269294738769531250000000000000e+00
-1.3981034898070259231417367118410766124725341796875000000000000000e+00
-1.3930606300620811399681997500010766088962554931640625000000000000e+00
-1.3880430732059765297492504032561555504798889160156250000000000000e+00
-1.3830505665879753163238774504861794412136077880859375000000000000e+00
-1.3780828613226459022911285501322709023952484130859375000000000000e+00
-1.3731397122154143097816358931595459580421447753906250000000000000e+00
-1.3682208776899422719708354634349234402179718017578125000000000000e+00
-1.3633261197172865664128948992583900690078735351562500000000000000e+00
-1.3584552037467814145088595978450030088424682617187500000000000000e+00
-1.3536078986385977618311926562455482780933380126953125000000000000e+00
-1.3487839765979270367779463413171470165252685546875000000000000000e+00
-1.3439832131107474211262342578265815973281860351562500000000000000e+00
-1.3392053868811217842704763825167901813983917236328125000000000000e+00
-1.3344502797699895335625797088141553103923797607421875000000000000e+00
-1.3297176767354039750301808453514240682125091552734375000000000000e+00
-1.3250073657741785471131379381404258310794830322265625000000000000e+00
-1.3203191378649012932555706356652081012725830078125000000000000000e+00
-1.3156527869122778273691665162914432585239410400390625000000000000e+00
-1.3110081096927681532093856731080450117588043212890625000000000000e+00
-1.3063849058014787019033065007533878087997436523437500000000000000e+00
-1.3017829776002776132060034797177650034427642822265625000000000000e+00
-1.2972021301670977333486689531127922236919403076171875000000000000e+00
-1.2926421712463957991445795414620079100131988525390625000000000000e+00
-1.2881029112007360559744029160356149077415466308593750000000000000e+00
-1.2835841629634674454507603513775393366813659667968750000000000000e+00
-1.2790857419924648308295900278608314692974090576171875000000000000e+00
-1.2746074662249078368603250055457465350627899169921875000000000000e+00
-1.2701491560330662178301963649573735892772674560546875000000000000e+00
-1.2657106341810653304946754360571503639221191406250000000000000000e+00
-1.2612917257826099515227724623400717973709106445312500000000000000e+00
-1.2568922582596364634355268208310008049011230468750000000000000000e+00
-1.2525120613018689841311470445361919701099395751953125000000000000e+00
-1.2481509668272603441607770946575328707695007324218750000000000000e+00
-1.2438088089432901561792732536559924483299255371093750000000000000e+00
-1.2394854239090997705119434613152407109737396240234375000000000000e+00
-1.2351806500984430225997812158311717212200164794921875000000000000e+00
-1.2308943279634285694612572115147486329078674316406250000000000000e+00
-1.2266262999990407145389781362609937787055969238281250000000000000e+00
-1.2223764107084083008203378994949162006378173828125000000000000000e+00
-1.2181445065688132345371741394046694040298461914062500000000000000e+00
-1.2139304359984124381810488557675853371620178222656250000000000000e+00
-1.2097340493236596881132527414592914283275604248046875000000000000e+00
-1.2055551987474073527550899598281830549240112304687500000000000000e+00
-1.2013937383176707118792592154932208359241485595703125000000000000e+00
-1.1972495238970437547720848669996485114097595214843750000000000000e+00
-1.1931224131327393678247972275130450725555419921875000000000000000e+00
-1.1890122654272519131524177282699383795261383056640625000000000000e+00
-1.1849189419096157749322628660593181848526000976562500000000000000e+00
-1.1808423054072525459901044087018817663192749023437500000000000000e+00
-1.1767822204183870926641475307405926287174224853515625000000000000e+00
-1.1727385530850231720734200280276127159595489501953125000000000000e+00
-1.1687111711664632807128327840473502874374389648437500000000000000e+00
-1.1646999440133594116986159860971383750438690185546875000000000000e+00
-1.1607047425422800657202060392592102289199829101562500000000000000e+00
-1.1567254392107870764050403522560372948646545410156250000000000000e+00
-1.1527619079930035983494462925591506063938140869140625000000000000e+00
-1.1488140243556645980760322345304302871227264404296875000000000000e+00
-1.1448816652346398559103590741869993507862091064453125000000000000e+00
-1.1409647090119148238329671585233882069587707519531250000000000000e+00
-1.1370630354930222338794010283891111612319946289062500000000000000e+00
-1.1331765258849104682781216979492455720901489257812500000000000000e+00
-1.1293050627742420299881587197887711226940155029296875000000000000e+00
-1.1254485301061099011832311589387245476245880126953125000000000000e+00
-1.1216068131631620197197207744466140866279602050781250000000000000e+00
-1.1177797985451265461165348824579268693923950195312500000000000000e+00
-1.1139673741487254865489830990554764866828918457031250000000000000e+00
-1.1101694291479726750537793122930452227592468261718750000000000000e+00
-1.1063858539748412379566389063256792724132537841796875000000000000e+00
-1.1026165403002974318980022871983237564563751220703125000000000000e+00
-1.0988613810156910854942680089152418076992034912109375000000000000e+00
-1.0951202702144910983150793981621973216533660888671875000000000000e+00
-1.0913931031743653310428499025874771177768707275390625000000000000e+00
-1.0876797763395895657367873354814946651458740234375000000000000000e+00
-1.0839801873037855362014170168549753725528717041015625000000000000e+00
-1.0802942347929731514710738338180817663669586181640625000000000000e+00
-1.0766218186489371344549681452917866408824920654296875000000000000e+00
-1.0729628398128958632895546543295495212078094482421875000000000000e+00
-1.0693172003094697508629451476735994219779968261718750000000000000e+00
-1.0656848032309387264149336260743439197540283203125000000000000000e+00
-1.0620655527217861546773747249972075223922729492187500000000000000e+00
-1.0584593539635211989491381245898082852363586425781250000000000000e+00
-1.0548661131597734108567010480328463017940521240234375000000000000e+00
-1.0512857375216537736406507974606938660144805908203125000000000000e+00
-1.0477181352533784242098136019194498658180236816406250000000000000e+00
-1.0441632155381468383126275512040592730045318603515625000000000000e+00
-1.0406208885242693717998463398544117808341979980468750000000000000e+00
-1.0370910653115410493541048708721064031124114990234375000000000000e+00
-1.0335736579378551613928038932499475777149200439453125000000000000e+00
-1.0300685793660495637169560723123140633106231689453125000000000000e+00
-1.0265757434709850137721787177724763751029968261718750000000000000e+00
-1.0230950650268462176484263181919232010841369628906250000000000000e+00
-1.0196264596946649216846481067477725446224212646484375000000000000e+00
-1.0161698440100579432510130573064088821411132812500000000000000000e+00
-1.0127251353711756998166038101771846413612365722656250000000000000e+00
-1.0092922520268592379011352022644132375717163085937500000000000000e+00
-1.0058711130649975462603151754592545330524444580078125000000000000e+00
-1.0024616384010862635278726884280331432819366455078125000000000000e+00
-9.9906374876697723319551869280985556542873382568359375000000000000e-01
-9.9567736569982290273372882438707165420055389404296875000000000000e-01
-9.9230241153120246622165723238140344619750976562500000000000000000e-01
-9.8893880937643485751209482259582728147506713867187500000000000000e-01
-9.8558648312406871294655275050899945199489593505859375000000000000e-01
-9.8224535742554852646435392671264708042144775390625000000000000000e-01
-9.7891535768505288928054142161272466182708740234375000000000000000e-01
-9.7559641004950137244122743140906095504760742187500000000000000000e-01
-9.7228844139872683260961139239952899515628814697265625000000000000e-01
-9.6899137933580881121287120549823157489299774169921875000000000000e-01
-9.6570515217756702774920540832681581377983093261718750000000000000e-01
-9.6242968894521063738523025676840916275978088378906250000000000000e-01
-9.5916491935513814581781844026409089565277099609375000000000000000e-01
-9.5591077380988931366800898103974759578704833984375000000000000000e-01
-9.5266718338924250009114302883972413837909698486328125000000000000e-01
-9.4943407984145689049171323858899995684623718261718750000000000000e-01
-9.4621139557465450131701345526380464434623718261718750000000000000e-01
-9.4299906364834162886268131842371076345443725585937500000000000000e-01
-9.3979701776506585630954759835731238126754760742187500000000000000e-01
-9.3660519226220639854574301352840848267078399658203125000000000000e-01
-9.3342352210389434308268619133741594851016998291015625000000000000e-01
-9.3025194287306101070811337194754742085933685302734375000000000000e-01
-9.2709039076361399178694000511313788592815399169921875000000000000e-01
-9.2393880257273319767108432642999105155467987060546875000000000000e-01
-9.2079711569329081299883910105563700199127197265625000000000000000e-01
-9.1766526810638815447873639641329646110534667968750000000000000000e-01
-9.1454319837401021331402262148912996053695678710937500000000000000e-01
-9.1143084563179355139794779461226426064968109130859375000000000000e-01
-9.0832814958190688514605426462367177009582519531250000000000000000e-01
-9.0523505048604213651941563512082211673259735107421875000000000000e-01
-9.0215148915851228750284462876152247190475463867187500000000000000e-01
-8.9907740695945703723879205426783300936222076416015625000000000000e-01
-8.9601274578815071070181375034735538065433502197265625000000000000e-01
-8.9295744807641463935965475684497505426406860351562500000000000000e-01
-8.8991145678212746350510542470146901905536651611328125000000000000e-01
-8.8687471538283535466007379000075161457061767578125000000000000000e-01
-8.8384716786945960453891757424571551382541656494140625000000000000e-01
-8.8082875874009691763433238520519807934761047363281250000000000000e-01
-8.7781943299391540502796260625473223626613616943359375000000000000e-01
-8.7481913612514050626600692339707165956497192382812500000000000000e-01
-8.7182781411713217156744804015033878386020660400390625000000000000e-01
-8.6884541343654897449511054219328798353672027587890625000000000000e-01
-8.6587188102759971020105922434595413506031036376953125000000000000e-01
-8.6290716430638059186719601711956784129142761230468750000000000000e-01
-8.5995121115529582489500626252265647053718566894531250000000000000e-01
-8.5700396991755944942070755132590420544147491455078125000000000000e-01
-8.5406538939177967240112820945796556770801544189453125000000000000e-01
-8.5113541882662147042282185793737880885601043701171875000000000000e-01
-8.4821400791554701914520819627796299755573272705078125000000000000e-01
-8.4530110679163361631083262182073667645454406738281250000000000000e-01
-8.4239666602246576765367080952273681759834289550781250000000000000e-01
-8.3950063660510232388389795232797041535377502441406250000000000000e-01
-8.3661296996111556012465371168218553066253662109375000000000000000e-01
-8.3373361793170119860008071555057540535926818847656250000000000000e-01
-8.3086253277286092888687107915757223963737487792968750000000000000e-01
-8.2799966715065032030196334744687192142009735107421875000000000000e-01
-8.2514497413649778856381544756004586815834045410156250000000000000e-01
-8.2229840720258851050061821297276765108108520507812500000000000000e-01
-8.1945992021731450805077656696084886789321899414062500000000000000e-01
-8.1662946744078801497579433998907916247844696044921875000000000000e-01
-8.1380700352042001366470458378898911178112030029296875000000000000e-01
-8.1099248348655961216024934401502832770347595214843750000000000000e-01
-8.0818586274819459447371627902612090110778808593750000000000000000e-01
-8.0538709708871325521073458730825223028659820556640625000000000000e-01
-8.0259614266172385477204898052150383591651916503906250000000000000e-01
-7.9981295598693380455301848996896296739578247070312500000000000000e-01
-7.9703749394608469636125391843961551785469055175781250000000000000e-01
-7.9426971377894450832002348761307075619697570800781250000000000000e-01
-7.9150957307935465578907496819738298654556274414062500000000000000e-01
-7.8875702979133144321366444273735396564006805419921875000000000000e-01
-7.8601204220522158383488431354635395109653472900390625000000000000e-01
-7.8327456895390912272603145538596436381340026855468750000000000000e-01
-7.8054456900907609462336722572217695415019989013671875000000000000e-01
-7.7782200167751158748075113180675543844699859619140625000000000000e-01
-7.7510682659747320855103680514730513095855712890625000000000000000e-01
-7.7239900373509662312443424525554291903972625732421875000000000000e-01
-7.6969849338085327694614079518942162394523620605468750000000000000e-01
-7.6700525614605730151396301152999512851238250732421875000000000000e-01
-7.6431925295941705034152846565120853483676910400390625000000000000e-01
-7.6164044506363581810148843942442908883094787597656250000000000000e-01
-7.5896879401205463722135391435585916042327880859375000000000000000e-01
-7.5630426166534259202478551742387935519218444824218750000000000000e-01
-7.5364681018822921032551676034927368164062500000000000000000000000e-01
-7.5099640204628170803147213518968783318996429443359375000000000000e-01
-7.4835300000272331200079634072608314454555511474609375000000000000e-01
-7.4571656711529465955123896492295898497104644775390625000000000000e-01
-7.4308706673315605417684537314926274120807647705078125000000000000e-01
-7.4046446249382991133813902706606313586235046386718750000000000000e-01
-7.3784871832018439352651739682187326252460479736328125000000000000e-01
-7.3523979841745468188918266605469398200511932373046875000000000000e-01
-7.3263766727030499303907618013909086585044860839843750000000000000e-01
-7.3004228963992667811311321202083490788936614990234375000000000000e-01
-7.2745363056117562372548945859307423233985900878906250000000000000e-01
-7.2487165533974551312468292962876148521900177001953125000000000000e-01
-7.2229632954937783573257092939456924796104431152343750000000000000e-01
-7.1972761902910775688724243082106113433837890625000000000000000000e-01
-7.1716548988054529267799352965084835886955261230468750000000000000e-01
-7.1460990846519156782790105353342369198799133300781250000000000000e-01
-7.1206084140178782515562261323793791234493255615234375000000000000e-01
-7.0951825556370040626319450893788598477840423583984375000000000000e-01
-7.0698211807633692949082160339457914233207702636718750000000000000e-01
-7.0445239631459610762931333738379180431365966796875000000000000000e-01
-7.0192905790034965107793141214642673730850219726562500000000000000e-01
-6.9941207069995547929153190125362016260623931884765625000000000000e-01
-6.9690140282180301767311902949586510658264160156250000000000000000e-01
-6.9439702261388780435424905590480193495750427246093750000000000000e-01
-6.9189889866141773833163597373641096055507659912109375000000000000e-01
-6.8940699978444863749160731458687223494052886962890625000000000000e-01
-6.8692129503554899550010759412543848156929016113281250000000000000e-01
-6.8444175369749438164745924950693733990192413330078125000000000000e-01
-6.8196834528098848604571458054124377667903900146484375000000000000e-01
-6.7950103952241569515990704530850052833557128906250000000000000000e-01
-6.7703980638161720406742460909299552440643310546875000000000000000e-01
-6.7458461603969821496207259770017117261886596679687500000000000000e-01
-6.7213543889685944954237584170186892151832580566406250000000000000e-01
-6.6969224557025519573016936192288994789123535156250000000000000000e-01
-6.6725500689188022018782930899760685861110687255859375000000000000e-01
-6.6482369390647888529599640605738386511802673339843750000000000000e-01
-6.6239827786948091148389039517496712505817413330078125000000000000e-01
-6.5997873024496356286761056253453716635704040527343750000000000000e-01
-6.5756502270363648143813861679518595337867736816406250000000000000e-01
-6.5515712712085105717818578341393731534481048583984375000000000000e-01
-6.5275501557463522228630381505354307591915130615234375000000000000e-01
-6.5035866034374933963846387996454723179340362548828125000000000000e-01
-6.4796803390576818149071414154605008661746978759765625000000000000e-01
-6.4558310893518344730779290330247022211551666259765625000000000000e-01
-6.4320385830152904116374656950938515365123748779296875000000000000e-01
-6.4083025506753099609369428435456939041614532470703125000000000000e-01
-6.3846227248727638325931366125587373971939086914062500000000000000e-01
-6.3609988400440464761942394034122116863727569580078125000000000000e-01
-6.3374306325032170317257396163768135011196136474609375000000000000e-01
-6.3139178404243401221407339107827283442020416259765625000000000000e-01
-6.2904602038240153838444257416995242238044738769531250000000000000e-01
-6.2670574645441523564670660562114790081977844238281250000000000000e-01
-6.2437093662349141265366370134870521724224090576171875000000000000e-01
-6.2204156543378585908499189827125519514083862304687500000000000000e-01
-6.1971760760693039848945318226469680666923522949218750000000000000e-01
-6.1739903804038565038325714340317063033580780029296875000000000000e-01
-6.1508583180581444249668265911168418824672698974609375000000000000e-01
-6.1277796414747442987902559252688661217689514160156250000000000000e-01
-6.1047541048062670121510109311202540993690490722656250000000000000e-01
-6.0817814638996625653533101285574957728385925292968750000000000000e-01
-6.0588614762806780600357114963117055594921112060546875000000000000e-01
-6.0359939011384988738484480563784018158912658691406250000000000000e-01
-6.0131784993105719117068019841099157929420471191406250000000000000e-01
-5.9904150332676020518363202427281066775321960449218750000000000000e-01
-5.9677032670986995821493792391265742480754852294921875000000000000e-01
-5.9450429664967296972122312581632286310195922851562500000000000000e-01
-5.9224338987437952219750059157377108931541442871093750000000000000e-01
-5.8998758326968991916317008872283622622489929199218750000000000000e-01
-5.8773685387737717444878171590971760451793670654296875000000000000e-01
-5.8549117889388402335981709256884641945362091064453125000000000000e-01
-5.8325053566893803047577193865436129271984100341796875000000000000e-01
-5.8101490170417990910323169373441487550735473632812500000000000000e-01
-5.7878425465180760589589681330835446715354919433593750000000000000e-01
-5.7655857231323748290918729253462515771389007568359375000000000000e-01
-5.7433783263777749006351314164930954575538635253906250000000000000e-01
-5.7212201372131665788600685118581168353557586669921875000000000000e-01
-5.6991109380502902315157598422956652939319610595703125000000000000e-01
-5.6770505127409187640097343319212086498737335205078125000000000000e-01
-5.6550386465641666600134840336977504193782806396484375000000000000e-01
-5.6330751262139666657446923636598512530326843261718750000000000000e-01
-5.6111597397866486147677278495393693447113037109375000000000000000e-01
-5.5892922767686925578090040289680473506450653076171875000000000000e-01
-5.5674725280245818126445556117687374353408813476562500000000000000e-01
-5.5457002857848036736498897880665026605129241943359375000000000000e-01
-5.5239753436339855685588418054976500570774078369140625000000000000e-01
-5.5022974964991477886400161878555081784725189208984375000000000000e-01
-5.4806665406380850047440844718948937952518463134765625000000000000e-01
-5.4590822736278865612291610887041315436363220214843750000000000000e-01
-5.4375444943535655717425925104180350899696350097656250000000000000e-01
-5.4160530029968090293124305389937944710254669189453125000000000000e-01
-5.3946076010248666943169837395544163882732391357421875000000000000e-01
-5.3732080911795399025265851378208026289939880371093750000000000000e-01
-5.3518542774662924976780686847632750868797302246093750000000000000e-01
-5.3305459651434883294740529890987090766429901123046875000000000000e-01
-5.3092829607117242307623428132501430809497833251953125000000000000e-01
-5.2880650719032984419243348384043201804161071777343750000000000000e-01
-5.2668921076717745144435411930317059159278869628906250000000000000e-01
-5.2457638781816517958844769964343868196010589599609375000000000000e-01
-5.2246801947981680314114782959222793579101562500000000000000000000e-01
-5.2036408700771852320343668907298706471920013427734375000000000000e-01
-5.1826457177551876753796022967435419559478759765625000000000000000e-01
-5.1616945527393975901020439778221771121025085449218750000000000000e-01
-5.1407871910979774376926343393279239535331726074218750000000000000e-01
-5.1199234500503387756964457366848364472389221191406250000000000000e-01
-5.0991031479575654739022638750611804425716400146484375000000000000e-01
-5.0783261043129157563669195951661095023155212402343750000000000000e-01
-5.0575921397324297146269600489176809787750244140625000000000000000e-01
-5.0369010759456522841048808913910761475563049316406250000000000000e-01
-5.0162527357864172827817128563765436410903930664062500000000000000e-01
-4.9956469431837580152944155997829511761665344238281250000000000000e-01
-4.9750835231528983682025568668905179947614669799804687500000000000e-01
-4.9545623017863271719818385463440790772438049316406250000000000000e-01
-4.9340831062449852506546221775352023541927337646484375000000000000e-01
-4.9136457647495263012515920308942440897226333618164062500000000000e-01
-4.8932501065716654808923635755490977317094802856445312500000000000e-01
-4.8728959620256323548304067116987425833940505981445312500000000000e-01
-4.8525831624596960089945696381619200110435485839843750000000000000e-01
-4.8323115402477739843689619192446116358041763305664062500000000000e-01
-4.8120809287811466825601769414788577705621719360351562500000000000e-01
-4.7918911624602245069581840652972459793090820312500000000000000000e-01
-4.7717420766864282466457325426745228469371795654296875000000000000e-01
-4.7516335078541327430201590686920098960399627685546875000000000000e-01
-4.7315652933426904924729683443729300051927566528320312500000000000e-01
-4.7115372715085518384725560281367506831884384155273437500000000000e-01
-4.6915492816774445605787491331284400075674057006835937500000000000e-01
-4.6716011641366395057417548741796053946018218994140625000000000000e-01
-4.6516927601273005965509810266667045652866363525390625000000000000e-01
-4.6318239118368986773077722318703308701515197753906250000000000000e-01
-4.6119944623917014103753331255575176328420639038085937500000000000e-01
-4.5922042558493519903706214790872763842344284057617187500000000000e-01
-4.5724531371915044797304972234996967017650604248046875000000000000e-01
-4.5527409523165340843320336716715246438980102539062500000000000000e-01
-4.5330675480323351367317741278384346514940261840820312500000000000e-01
-4.5134327720491640434374858159571886062622070312500000000000000000e-01
-4.4938364729725766011370069463737308979034423828125000000000000000e-01
-4.4742785002964213791898373528965748846530914306640625000000000000e-01
-4.4547587043958969399426450763712637126445770263671875000000000000e-01
-4.4352769365206939911061567727301735430955886840820312500000000000e-01
-4.4158330487881897186142055033997166901826858520507812500000000000e-01
-4.3964268941767070675297190973651595413684844970703125000000000000e-01
-4.3770583265188545141199938370846211910247802734375000000000000000e-01
-4.3577272004949163530795885890256613492965698242187500000000000000e-01
-4.3384333716263029367965486926550511270761489868164062500000000000e-01
-4.3191766962690858466800136739038862287998199462890625000000000000e-01
-4.2999570316075685916246129636419937014579772949218750000000000000e-01
-4.2807742356479405732017085028928704559803009033203125000000000000e-01
-4.2616281672119782353291839172015897929668426513671875000000000000e-01
-4.2425186859308083864306126997689716517925262451171875000000000000e-01
-4.2234456522387398003104408417129889130592346191406250000000000000e-01
-4.2044089273671453321767899069527629762887954711914062500000000000e-01
-4.1854083733383973253694421146064996719360351562500000000000000000e-01
-4.1664438529598774030304753068776335567235946655273437500000000000e-01
-4.1475152298180284482498336728895083069801330566406250000000000000e-01
-4.1286223682724626504736420429253485053777694702148437500000000000e-01
-4.1097651334501367204055100046389270573854446411132812500000000000e-01
-4.0909433912395731791633579632616601884365081787109375000000000000e-01
-4.0721570082851304972493267086974810808897018432617187500000000000e-01
-4.0534058519813470633508245555276516824960708618164062500000000000e-01
-4.0346897904673095780481162364594638347625732421875000000000000000e-01
-4.0160086926211030489142217447806615382432937622070312500000000000e-01
-3.9973624280542929820825293063535355031490325927734375000000000000e-01
-3.9787508671064614196311026717012282460927963256835937500000000000e-01
-3.9601738808398045943448551042820326983928680419921875000000000000e-01
-3.9416313410337694422835852492426056414842605590820312500000000000e-01
-3.9231231201797406304976334467937704175710678100585937500000000000e-01
-3.9046490914757853163408185537264216691255569458007812500000000000e-01
-3.8862091288214406503698228334542363882064819335937500000000000000e-01
-3.8678031068125395819379264139570295810699462890625000000000000000e-01
-3.8494309007361093843968546934775076806545257568359375000000000000e-01
-3.8310923865652851683094581858313176780939102172851562500000000000e-01
-3.8127874409542994449395791889401152729988098144531250000000000000e-01
-3.7945159412334994453175340822781436145305633544921875000000000000e-01
-3.7762777654044082931150683180021587759256362915039062500000000000e-01
-3.7580727921348500153442273585824295878410339355468750000000000000e-01
-3.7399009007540973126282324301428161561489105224609375000000000000e-01
-3.7217619712480720650660259707365185022354125976562500000000000000e-01
-3.7036558842545952430214128980878740549087524414062500000000000000e-01
-3.6855825210586734552720145074999891221523284912109375000000000000e-01
-3.6675417635878193589604734370368532836437225341796875000000000000e-01
-3.6495334944074359073695745792065281420946121215820312500000000000e-01
-3.6315575967162255777154200586664956063032150268554687500000000000e-01
-3.6136139543416362363004168400948401540517807006835937500000000000e-01
-3.5957024517353730619362295328755863010883331298828125000000000000e-01
-3.5778229739689154653703440089884679764509201049804687500000000000e-01
-3.5599754067291089487667932189651764929294586181640625000000000000e-01
-3.5421596363137708429746908223023638129234313964843750000000000000e-01
-3.5243755496273421190522867618710733950138092041015625000000000000e-01
-3.5066230341765874944925940326356794685125350952148437500000000000e-01
-3.4889019780663216296900941415515262633562088012695312500000000000e-01
-3.4712122699951736271017921353632118552923202514648437500000000000e-01
-3.4535537992514009353328674478689208626747131347656250000000000000e-01
-3.4359264557087282332403788132069166749715805053710937500000000000e-01
-3.4183301298222201758392202464165166020393371582031250000000000000e-01
-3.4007647126242085411362836566695477813482284545898437500000000000e-01
-3.3832300957202360303099908378499094396829605102539062500000000000e-01
-3.3657261712850411461417365899251308292150497436523437500000000000e-01
-3.3482528320585885905913414717360865324735641479492187500000000000e-01
-3.3308099713421129850488000556651968508958816528320312500000000000e-01
-3.3133974829942230977408712533360812813043594360351562500000000000e-01
-3.2960152614270188387024518306134268641471862792968750000000000000e-01
-3.2786632016022460023307871779252309352159500122070312500000000000e-01
-3.2613411990274976393067163371597416698932647705078125000000000000e-01
-3.2440491497524343023073356562235858291387557983398437500000000000e-01
-3.2267869503650348228518396354047581553459167480468750000000000000e-01
-3.2095544979878964930719575932016596198081970214843750000000000000e-01
-3.1923516902745502354932227717654313892126083374023437500000000000e-01
-3.1751784254058101897300048221950419247150421142578125000000000000e-01
-3.1580346020861682632130396086722612380981445312500000000000000000e-01
-3.1409201195401964534781313886924181133508682250976562500000000000e-01
-3.1238348775090030162715493133873678743839263916015625000000000000e-01
-3.1067787762467052870007933051965665072202682495117187500000000000e-01
-3.0897517165169297026494632518733851611614227294921875000000000000e-01
-3.0727535995893567877246255193313118070363998413085937500000000000e-01
-3.0557843272362816833265242166817188262939453125000000000000000000e-01
-3.0388438017292052073514696530764922499656677246093750000000000000e-01
-3.0219319258354637725005886750295758247375488281250000000000000000e-01
-3.0050486028148776229684813188214320689439773559570312500000000000e-01
-2.9881937364164251613729561540822032839059829711914062500000000000e-01
-2.9713672308749616846057506336364895105361938476562500000000000000e-01
-2.9545689909079458912444238194439094513654708862304687500000000000e-01
-2.9377989217122035814355740512837655842304229736328125000000000000e-01
-2.9210569289607235532457707449793815612792968750000000000000000000e-01
-2.9043429187994640461312201296095736324787139892578125000000000000e-01
-2.8876567978442063688859775538730900734663009643554687500000000000e-01
-2.8709984731774185195973814188619144260883331298828125000000000000e-01
-2.8543678523451487816231519900611601769924163818359375000000000000e-01
-2.8377648433539531813707412766234483569860458374023437500000000000e-01
-2.8211893546678390443105399754131212830543518066406250000000000000e-01
-2.8046412952052329758956261684943456202745437622070312500000000000e-01
-2.7881205743359865900643512759415898472070693969726562500000000000e-01
-2.7716271018783927848616599476372357457876205444335937500000000000e-01
-2.7551607880962281083014886462478898465633392333984375000000000000e-01
-2.7387215436958334269235137981013394892215728759765625000000000000e-01
-2.7223092798232034761340969453158322721719741821289062500000000000e-01
-2.7059239080610997252307470262167043983936309814453125000000000000e-01
-2.6895653404262037655669814739667344838380813598632812500000000000e-01
-2.6732334893662712538286996277747675776481628417968750000000000000e-01
-2.6569282677573291540085165252094157040119171142578125000000000000e-01
-2.6406495889008857469448798838129732757806777954101562500000000000e-01
-2.6243973665211556278720195223286282271146774291992187500000000000e-01
-2.6081715147623296680023941007675603032112121582031250000000000000e-01
-2.5919719481858449761091378604760393500328063964843750000000000000e-01
-2.5757985817676848361301722434291150420904159545898437500000000000e-01
-2.5596513308957086207939823907508980482816696166992187500000000000e-01
-2.5435301113669894768065660173306241631507873535156250000000000000e-01
-2.5274348393851792105024856027739588171243667602539062500000000000e-01
-2.5113654315579014841830485238460823893547058105468750000000000000e-01
-2.4953218048941497309023418438300723209977149963378906250000000000e-01
-2.4793038768017261475051782326772809028625488281250000000000000000e-01
-2.4633115650846834632226034500490641221404075622558593750000000000e-01
-2.4473447879407930760642386758263455703854560852050781250000000000e-01
-2.4314034639590412223419946258218260481953620910644531250000000000e-01
-2.4154875121171343055337388250336516648530960083007812500000000000e-01
-2.3995968517790239316056499774276744574308395385742187500000000000e-01
-2.3837314026924652510253110904159257188439369201660156250000000000e-01
-2.3678910849865786314438764748047105967998504638671875000000000000e-01
-2.3520758191694354777290243418974569067358970642089843750000000000e-01
-2.3362855261256709749062565606436692178249359130859375000000000000e-01
-2.3205201271141065455516638849076116457581520080566406250000000000e-01
-2.3047795437653895156415728706633672118186950683593750000000000000e-01
-2.2890636980796644217583946101512992754578590393066406250000000000e-01
-2.2733725124242443182964734660345129668712615966796875000000000000e-01
-2.2577059095313184444719922794320154935121536254882812500000000000e-01
-2.2420638124956654424480007037345785647630691528320312500000000000e-01
-2.2264461447723840614720813846361124888062477111816406250000000000e-01
-2.2108528301746541155914371756807668134570121765136718750000000000e-01
-2.1952837928715024373715891670144628733396530151367187500000000000e-01
-2.1797389573855854849604440914845326915383338928222656250000000000e-01
-2.1642182485910030353970512351224897429347038269042968750000000000e-01
-2.1487215917111149310336770668072858825325965881347656250000000000e-01
-2.1332489123163758670820300267223501577973365783691406250000000000e-01
-2.1178001363221993225138817251718137413263320922851562500000000000e-01
-2.1023751899868192705156388910836540162563323974609375000000000000e-01
-2.0869739999091874160797033255221322178840637207031250000000000000e-01
-2.0715964930268720989303687929350417107343673706054687500000000000e-01
-2.0562425966139769029084050089295487850904464721679687500000000000e-01
-2.0409122382790836902621833814919227734208106994628906250000000000e-01
-2.0256053459631997992751450965442927554249763488769531250000000000e-01
-2.0103218479377241156846878311625914648175239562988281250000000000e-01
-1.9950616728024364587845695950818480923771858215332031250000000000e-01
-1.9798247494834922410866795416950481012463569641113281250000000000e-01
-1.9646110072314337813281781564000993967056274414062500000000000000e-01
-1.9494203756192252097179107295232824981212615966796875000000000000e-01
-1.9342527845402948671882370490493485704064369201660156250000000000e-01
-1.9191081642065865864310580946039408445358276367187500000000000000e-01
-1.9039864451466459449591184238670393824577331542968750000000000000e-01
-1.8888875582036951383813061511318664997816085815429687500000000000e-01
-1.8738114345337456012607901811861665919423103332519531250000000000e-01
-1.8587580056037097953058889743260806426405906677246093750000000000e-01
-1.8437272031895293733505525324289919808506965637207031250000000000e-01
-1.8287189593743269355741176696028560400009155273437500000000000000e-01
-1.8137332065465602837228686894377460703253746032714843750000000000e-01
-1.7987698773981924960096989707380998879671096801757812500000000000e-01
-1.7838289049228842064742650563857750967144966125488281250000000000e-01
-1.7689102224141906027909953991184011101722717285156250000000000000e-01
-1.7540137634637698038631015151622705161571502685546875000000000000e-01
-1.7391394619596189929922047667787410318851470947265625000000000000e-01
-1.7242872520843027794867907687148544937372207641601562500000000000e-01
-1.7094570683132151445171587056393036618828773498535156250000000000e-01
-1.6946488454128416645261268058675341308116912841796875000000000000e-01
-1.6798625184390322817584717540739802643656730651855468750000000000e-01
-1.6650980227353029405890083580743521451950073242187500000000000000e-01
-1.6503552939311319502913022461143555119633674621582031250000000000e-01
-1.6356342679402749440420450355304637923836708068847656250000000000e-01
-1.6209348809591000994956289105175528675317764282226562500000000000e-01
-1.6062570694649247471375019813422113656997680664062500000000000000e-01
-1.5916007702143647462023068328562658280134201049804687500000000000e-01
-1.5769659202417071752755362012976547703146934509277343750000000000e-01
-1.5623524568572835780067009636695729568600654602050781250000000000e-01
-1.5477603176458548661642566912632901221513748168945312500000000000e-01
-1.5331894404650203700413158003357239067554473876953125000000000000e-01
-1.5186397634436196724116996392695000395178794860839843750000000000e-01
-1.5041112249801663613979485489835496991872787475585937500000000000e-01
-1.4896037637412781751145018915849504992365837097167968750000000000e-01
-1.4751173186601196363199051120318472385406494140625000000000000000e-01
-1.4606518289348680017525339280837215483188629150390625000000000000e-01
-1.4462072340271783787990500513842562213540077209472656250000000000e-01
-1.4317834736606588341700785349530633538961410522460937500000000000e-01
-1.4173804878193696499266707178321667015552520751953125000000000000e-01
-1.4029982167463203590607179194194031879305839538574218750000000000e-01
-1.3886366009419798261959044793911743909120559692382812500000000000e-01
-1.3742955811628052020800794252863852307200431823730468750000000000e-01
-1.3599750984197730985236773904034635052084922790527343750000000000e-01
-1.3456750939769193675665803766605677083134651184082031250000000000e-01
-1.3313955093499027504400089583214139565825462341308593750000000000e-01
-1.3171362863045585345211918593122391030192375183105468750000000000e-01
-1.3028973668554846843115058163675712421536445617675781250000000000e-01
-1.2886786932646213110764676912367576733231544494628906250000000000e-01
-1.2744802080398426324947536159015726298093795776367187500000000000e-01
-1.2603018539335700265446860157680930569767951965332031250000000000e-01
-1.2461435739413832812783056169791962020099163055419921875000000000e-01
-1.2320053113006414202690308457022183574736118316650390625000000000e-01
-1.2178870094891251774082974179691518656909465789794921875000000000e-01
-1.2037886122236769737003925229146261699497699737548828125000000000e-01
-1.1897100634588513023981448668564553372561931610107421875000000000e-01
-1.1756513073855864859318387516395887359976768493652343750000000000e-01
-1.1616122884298672734981749954386032186448574066162109375000000000e-01
-1.1475929512514157493363597950519761070609092712402343750000000000e-01
-1.1335932407423782164457293220038991421461105346679687500000000000e-01
-1.1196131020260219335327178669103886932134628295898437500000000000e-01
-1.1056524804554523910837815492413938045501708984375000000000000000e-01
-1.0917113216123272567692481516132829710841178894042968750000000000e-01
-1.0777895713055798965207543460564920678734779357910156250000000000e-01
-1.0638871755701635735125165638237376697361469268798828125000000000e-01
-1.0500040806657923164735279897286090999841690063476562500000000000e-01
-1.0361402330756901146724402451582136563956737518310546875000000000e-01
-1.0222955795053617622514252616383600980043411254882812500000000000e-01
-1.0084700668813588453343044193388777785003185272216796875000000000e-01
-9.9466364235005613747553354642150225117802619934082031250000000000e-02
-9.8087625327644686890060654604894807562232017517089843750000000000e-02
-9.6710784724293022418528664729819865897297859191894531250000000000e-02
-9.5335837204812298728562325322855031117796897888183593750000000000e-02
-9.3962777570566924367767569492571055889129638671875000000000000000e-02
-9.2591600644305646627962858019600389525294303894042968750000000000e-02
-9.1222301270045283438925309837941313162446022033691406250000000000e-02
-8.9854874312953886272836712123535107821226119995117187500000000000e-02
-8.8489314659234943882815116467099869623780250549316406250000000000e-02
-8.7125617216013348520498027482972247526049613952636718750000000000e-02
-8.5763776911220987453354780427616788074374198913574218750000000000e-02
-8.4403788693483333682721081459021661430597305297851562500000000000e-02
-8.3045647532007604851855830929707735776901245117187500000000000000e-02
-8.1689348416470838887271099792997119948267936706542968750000000000e-02
-8.0334886356908594140513457659835694357752799987792968750000000000e-02
-7.8982256383605647931389626137388404458761215209960937500000000000e-02
-7.7631453546985626501530930454464396461844444274902343750000000000e-02
-7.6282472917503160725338773318071616813540458679199218750000000000e-02
-7.4935309585535583853932450892898486927151679992675781250000000000e-02
-7.3589958661275434170789822019287385046482086181640625000000000000e-02
-7.2246415274624553592985876093734987080097198486328125000000000000e-02
-7.0904674575088061372341030619281809777021408081054687500000000000e-02
-6.9564731731668882908081741334171965718269348144531250000000000000e-02
-6.8226581932764082671916128219891106709837913513183593750000000000e-02
-6.6890220386060864066202213962242240086197853088378906250000000000e-02
-6.5555642318433263171506553135259309783577919006347656250000000000e-02
-6.4222842975840591095426646006671944633126258850097656250000000000e-02
-6.2891817623225002020781460032594623044133186340332031250000000000e-02
-6.1562561544411295577639009479753440245985984802246093750000000000e-02
-6.0235070042006330637285316242923727259039878845214843750000000000e-02
-5.8909338437299063606644722312921658158302307128906250000000000000e-02
-5.7585362070162335323963986866147024556994438171386718750000000000e-02
-5.6263136298954206926392629384281462989747524261474609375000000000e-02
-5.4942656500419975729165855682367691770195960998535156250000000000e-02
-5.3623918069595898072687845115069649182260036468505859375000000000e-02
-5.2306916419712461141511283813088084571063518524169921875000000000e-02
-5.0991646982098334794919480827957158908247947692871093750000000000e-02
-4.9678105206085967915363710289966547861695289611816406250000000000e-02
-4.8366286558916747606584607410695753060281276702880859375000000000e-02
-4.7056186525646852281123955208386178128421306610107421875000000000e-02
-4.5747800609054777021267312875352217815816402435302734375000000000e-02
-4.4441124329547811167007154153907322324812412261962890625000000000e-02
-4.3136153225070812677888199004883063025772571563720703125000000000e-02
-4.1832882851014427383340432697877986356616020202636718750000000000e-02
-4.0531308780123946611251284366517211310565471649169921875000000000e-02
-3.9231426602409739945453992504553752951323986053466796875000000000e-02
-3.7933231925057236955112216492125298827886581420898437500000000000e-02
-3.6636720372337568119025519308706861920654773712158203125000000000e-02
-3.5341887585519704551018094207393005490303039550781250000000000000e-02
-3.4048729222782216086162776491619297303259372711181640625000000000e-02
-3.2757240959125570600729560055697220377624034881591796875000000000e-02
-3.1467418486286147238928379010758362710475921630859375000000000000e-02
-3.0179257512649097783263840710787917487323284149169921875000000000e-02
-2.8892753763163435409833112998967408202588558197021484375000000000e-02
-2.7607902979256606496027970365503279026597738265991210937500000000e-02
-2.6324700918749537742469257750599354039877653121948242187500000000e-02
-2.5043143355773303526667916685255477204918861389160156250000000000e-02
-2.3763226080685269370196266436323639936745166778564453125000000000e-02
-2.2484944899985783578477693822605942841619253158569335937500000000e-02
-2.1208295636236433601151674110951717011630535125732421875000000000e-02
-1.9933274127977778505949046916612132918089628219604492187500000000e-02
-1.8659876229647629625185700774636643473058938980102539062500000000e-02
-1.7388097811500850820021213394284131936728954315185546875000000000e-02
-1.6117934759528659144356410592990869190543889999389648437500000000e-02
-1.4849382975378444191050242295659700175747275352478027343750000000e-02
-1.3582438376275207669863220871775411069393157958984375000000000000e-02
-1.2317096894941819903990243290081707527860999107360839843750000000e-02
-1.1053354479521469017067047957425529602915048599243164062500000000e-02
-9.7912070934994682724905601389764342457056045532226562500000000000e-03
-8.5306507156255647478237946756962628569453954696655273437500000000e-03
-7.2716813398377398713900987559100030921399593353271484375000000000e-03
-6.0142949751854834702924357259234966477379202842712402343750000000e-03
-4.7584876457535535410059424066275823861360549926757812500000000000e-03
-3.5042553905872092338824597135271687875501811504364013671875000000e-03
-2.2515942636169190838035802926242467947304248809814453125000000000e-03
-1.0005003335835343635656924377030918549280613660812377929687500000e-03
