1.9315559962668864268930946082036825828254222869873046875000000000e-02
1.9315559962668864268930946082036825828254222869873046875000000000e-02
1.9315559962668864268930946082036825828254222869873046875000000000e-02
1.9315559962668864268930946082036825828254222869873046875000000000e-02
1.9315559962668867738377898035651014652103185653686523437500000000e-02
1.9315559962668867738377898035651014652103185653686523437500000000e-02
1.9315559962668867738377898035651014652103185653686523437500000000e-02
1.9315559962668867738377898035651014652103185653686523437500000000e-02
1.9315559962668860799483994128422637004405260086059570312500000000e-02
1.9315559962668867738377898035651014652103185653686523437500000000e-02
1.9315559962668864268930946082036825828254222869873046875000000000e-02
1.9315559962668867738377898035651014652103185653686523437500000000e-02
1.9315559962668864268930946082036825828254222869873046875000000000e-02
1.9315559962668867738377898035651014652103185653686523437500000000e-02
1.9315559962668867738377898035651014652103185653686523437500000000e-02
1.9315559962668867738377898035651014652103185653686523437500000000e-02
1.9315559962668860799483994128422637004405260086059570312500000000e-02
1.9315559962668867738377898035651014652103185653686523437500000000e-02
1.9315559962668867738377898035651014652103185653686523437500000000e-02
1.9315559962668864268930946082036825828254222869873046875000000000e-02
1.9315559962668867738377898035651014652103185653686523437500000000e-02
1.9315559962668867738377898035651014652103185653686523437500000000e-02
1.9315559962668864268930946082036825828254222869873046875000000000e-02
1.9315559962668864268930946082036825828254222869873046875000000000e-02
1.9315559962668867738377898035651014652103185653686523437500000000e-02
1.9315559962668864268930946082036825828254222869873046875000000000e-02
1.9315559962668864268930946082036825828254222869873046875000000000e-02
1.9315559962668867738377898035651014652103185653686523437500000000e-02
1.9315559962668867738377898035651014652103185653686523437500000000e-02
1.9315559962668867738377898035651014652103185653686523437500000000e-02
1.9315559962668860799483994128422637004405260086059570312500000000e-02
1.9315559962668864268930946082036825828254222869873046875000000000e-02
1.9315559962668860799483994128422637004405260086059570312500000000e-02
1.9315559962668860799483994128422637004405260086059570312500000000e-02
1.9315559962668864268930946082036825828254222869873046875000000000e-02
1.9315559962668864268930946082036825828254222869873046875000000000e-02
1.9315559962668864268930946082036825828254222869873046875000000000e-02
1.9315559962668860799483994128422637004405260086059570312500000000e-02
1.9315559962668867738377898035651014652103185653686523437500000000e-02
1.9315559962668864268930946082036825828254222869873046875000000000e-02
1.9315559962668864268930946082036825828254222869873046875000000000e-02
1.9315559962668867738377898035651014652103185653686523437500000000e-02
1.9315559962668864268930946082036825828254222869873046875000000000e-02
1.9315559962668867738377898035651014652103185653686523437500000000e-02
1.9315559962668864268930946082036825828254222869873046875000000000e-02
1.9315559962668864268930946082036825828254222869873046875000000000e-02
1.9315559962668867738377898035651014652103185653686523437500000000e-02
1.9315559962668860799483994128422637004405260086059570312500000000e-02
1.9315559962668864268930946082036825828254222869873046875000000000e-02
1.9315559962668864268930946082036825828254222869873046875000000000e-02
1.9315559962668867738377898035651014652103185653686523437500000000e-02
1.9315559962668864268930946082036825828254222869873046875000000000e-02
1.9315559962668867738377898035651014652103185653686523437500000000e-02
1.9315559962668867738377898035651014652103185653686523437500000000e-02
1.9315559962668860799483994128422637004405260086059570312500000000e-02
1.9315559962668864268930946082036825828254222869873046875000000000e-02
1.9315559962668864268930946082036825828254222869873046875000000000e-02
1.9315559962668867738377898035651014652103185653686523437500000000e-02
1.9315559962668864268930946082036825828254222869873046875000000000e-02
1.9315559962668864268930946082036825828254222869873046875000000000e-02
1.9315559962668860799483994128422637004405260086059570312500000000e-02
1.9315559962668867738377898035651014652103185653686523437500000000e-02
1.9315559962668864268930946082036825828254222869873046875000000000e-02
1.9315559962668867738377898035651014652103185653686523437500000000e-02
1.9315559962668864268930946082036825828254222869873046875000000000e-02
1.9315559962668871207824849989265203475952148437500000000000000000e-02
1.9315559962668864268930946082036825828254222869873046875000000000e-02
1.9315559962668871207824849989265203475952148437500000000000000000e-02
1.9315559962668864268930946082036825828254222869873046875000000000e-02
1.9315559962668867738377898035651014652103185653686523437500000000e-02
1.9315559962668864268930946082036825828254222869873046875000000000e-02
1.9315559962668864268930946082036825828254222869873046875000000000e-02
1.9315559962668867738377898035651014652103185653686523437500000000e-02
1.9315559962668860799483994128422637004405260086059570312500000000e-02
1.9315559962668864268930946082036825828254222869873046875000000000e-02
1.9315559962668864268930946082036825828254222869873046875000000000e-02
1.9315559962668860799483994128422637004405260086059570312500000000e-02
1.9315559962668867738377898035651014652103185653686523437500000000e-02
1.9315559962668860799483994128422637004405260086059570312500000000e-02
1.9315559962668864268930946082036825828254222869873046875000000000e-02
1.9315559962668867738377898035651014652103185653686523437500000000e-02
1.9315559962668864268930946082036825828254222869873046875000000000e-02
1.9315559962668867738377898035651014652103185653686523437500000000e-02
1.9315559962668867738377898035651014652103185653686523437500000000e-02
1.9315559962668860799483994128422637004405260086059570312500000000e-02
1.9315559962668867738377898035651014652103185653686523437500000000e-02
1.9315559962668864268930946082036825828254222869873046875000000000e-02
1.9315559962668860799483994128422637004405260086059570312500000000e-02
1.9315559962668864268930946082036825828254222869873046875000000000e-02
1.9315559962668864268930946082036825828254222869873046875000000000e-02
1.9315559962668867738377898035651014652103185653686523437500000000e-02
1.9315559962668867738377898035651014652103185653686523437500000000e-02
1.9315559962668867738377898035651014652103185653686523437500000000e-02
1.9315559962668867738377898035651014652103185653686523437500000000e-02
1.9315559962668867738377898035651014652103185653686523437500000000e-02
1.9315559962668867738377898035651014652103185653686523437500000000e-02
1.9315559962668871207824849989265203475952148437500000000000000000e-02
1.9315559962668864268930946082036825828254222869873046875000000000e-02
1.9315559962668860799483994128422637004405260086059570312500000000e-02
1.9315559962668867738377898035651014652103185653686523437500000000e-02
1.9315559962668864268930946082036825828254222869873046875000000000e-02
1.9315559962668867738377898035651014652103185653686523437500000000e-02
1.9315559962668867738377898035651014652103185653686523437500000000e-02
1.9315559962668864268930946082036825828254222869873046875000000000e-02
1.9315559962668871207824849989265203475952148437500000000000000000e-02
1.9315559962668867738377898035651014652103185653686523437500000000e-02
1.9315559962668867738377898035651014652103185653686523437500000000e-02
1.9315559962668860799483994128422637004405260086059570312500000000e-02
1.9315559962668864268930946082036825828254222869873046875000000000e-02
1.9315559962668864268930946082036825828254222869873046875000000000e-02
1.9315559962668867738377898035651014652103185653686523437500000000e-02
1.9315559962668867738377898035651014652103185653686523437500000000e-02
1.9315559962668867738377898035651014652103185653686523437500000000e-02
1.9315559962668864268930946082036825828254222869873046875000000000e-02
1.9315559962668867738377898035651014652103185653686523437500000000e-02
1.9315559962668867738377898035651014652103185653686523437500000000e-02
1.9315559962668864268930946082036825828254222869873046875000000000e-02
1.9315559962668867738377898035651014652103185653686523437500000000e-02
1.9315559962668864268930946082036825828254222869873046875000000000e-02
1.9315559962668871207824849989265203475952148437500000000000000000e-02
1.9315559962668867738377898035651014652103185653686523437500000000e-02
1.9315559962668867738377898035651014652103185653686523437500000000e-02
1.9315559962668867738377898035651014652103185653686523437500000000e-02
1.9315559962668867738377898035651014652103185653686523437500000000e-02
1.9315559962668864268930946082036825828254222869873046875000000000e-02
1.9315559962668867738377898035651014652103185653686523437500000000e-02
1.9315559962668864268930946082036825828254222869873046875000000000e-02
1.9315559962668867738377898035651014652103185653686523437500000000e-02
1.9315559962668864268930946082036825828254222869873046875000000000e-02
1.9315559962668867738377898035651014652103185653686523437500000000e-02
1.9315559962668864268930946082036825828254222869873046875000000000e-02
1.9315559962668864268930946082036825828254222869873046875000000000e-02
1.9315559962668864268930946082036825828254222869873046875000000000e-02
1.9315559962668867738377898035651014652103185653686523437500000000e-02
1.9315559962668864268930946082036825828254222869873046875000000000e-02
1.9315559962668860799483994128422637004405260086059570312500000000e-02
1.9315559962668864268930946082036825828254222869873046875000000000e-02
1.9315559962668864268930946082036825828254222869873046875000000000e-02
1.9315559962668864268930946082036825828254222869873046875000000000e-02
1.9315559962668867738377898035651014652103185653686523437500000000e-02
1.9315559962668867738377898035651014652103185653686523437500000000e-02
1.9315559962668864268930946082036825828254222869873046875000000000e-02
1.9315559962668864268930946082036825828254222869873046875000000000e-02
1.9315559962668867738377898035651014652103185653686523437500000000e-02
1.9315559962668860799483994128422637004405260086059570312500000000e-02
1.9315559962668864268930946082036825828254222869873046875000000000e-02
1.9315559962668867738377898035651014652103185653686523437500000000e-02
1.9315559962668864268930946082036825828254222869873046875000000000e-02
1.9315559962668867738377898035651014652103185653686523437500000000e-02
1.9315559962668867738377898035651014652103185653686523437500000000e-02
1.9315559962668867738377898035651014652103185653686523437500000000e-02
1.9315559962668867738377898035651014652103185653686523437500000000e-02
1.9315559962668867738377898035651014652103185653686523437500000000e-02
1.9315559962668864268930946082036825828254222869873046875000000000e-02
1.9315559962668864268930946082036825828254222869873046875000000000e-02
1.9315559962668864268930946082036825828254222869873046875000000000e-02
1.9315559962668864268930946082036825828254222869873046875000000000e-02
1.9315559962668867738377898035651014652103185653686523437500000000e-02
1.9315559962668867738377898035651014652103185653686523437500000000e-02
1.9315559962668864268930946082036825828254222869873046875000000000e-02
1.9315559962668864268930946082036825828254222869873046875000000000e-02
1.9315559962668867738377898035651014652103185653686523437500000000e-02
1.9315559962668864268930946082036825828254222869873046875000000000e-02
1.9315559962668867738377898035651014652103185653686523437500000000e-02
1.9315559962668864268930946082036825828254222869873046875000000000e-02
1.9315559962668864268930946082036825828254222869873046875000000000e-02
1.9315559962668864268930946082036825828254222869873046875000000000e-02
1.9315559962668871207824849989265203475952148437500000000000000000e-02
1.9315559962668867738377898035651014652103185653686523437500000000e-02
1.9315559962668867738377898035651014652103185653686523437500000000e-02
1.9315559962668864268930946082036825828254222869873046875000000000e-02
1.9315559962668867738377898035651014652103185653686523437500000000e-02
1.9315559962668864268930946082036825828254222869873046875000000000e-02
1.9315559962668871207824849989265203475952148437500000000000000000e-02
1.9315559962668867738377898035651014652103185653686523437500000000e-02
1.9315559962668860799483994128422637004405260086059570312500000000e-02
1.9315559962668860799483994128422637004405260086059570312500000000e-02
1.9315559962668871207824849989265203475952148437500000000000000000e-02
1.9315559962668864268930946082036825828254222869873046875000000000e-02
1.9315559962668864268930946082036825828254222869873046875000000000e-02
1.9315559962668867738377898035651014652103185653686523437500000000e-02
1.9315559962668864268930946082036825828254222869873046875000000000e-02
1.9315559962668864268930946082036825828254222869873046875000000000e-02
1.9315559962668867738377898035651014652103185653686523437500000000e-02
1.9315559962668864268930946082036825828254222869873046875000000000e-02
1.9315559962668864268930946082036825828254222869873046875000000000e-02
1.9315559962668864268930946082036825828254222869873046875000000000e-02
1.9315559962668867738377898035651014652103185653686523437500000000e-02
1.9315559962668867738377898035651014652103185653686523437500000000e-02
1.9315559962668864268930946082036825828254222869873046875000000000e-02
1.9315559962668864268930946082036825828254222869873046875000000000e-02
1.9315559962668864268930946082036825828254222869873046875000000000e-02
1.9315559962668864268930946082036825828254222869873046875000000000e-02
1.9315559962668867738377898035651014652103185653686523437500000000e-02
1.9315559962668867738377898035651014652103185653686523437500000000e-02
1.9315559962668864268930946082036825828254222869873046875000000000e-02
1.9315559962668864268930946082036825828254222869873046875000000000e-02
1.9315559962668864268930946082036825828254222869873046875000000000e-02
1.9315559962668864268930946082036825828254222869873046875000000000e-02
1.9315559962668867738377898035651014652103185653686523437500000000e-02
1.9315559962668867738377898035651014652103185653686523437500000000e-02
1.9315559962668864268930946082036825828254222869873046875000000000e-02
1.9315559962668864268930946082036825828254222869873046875000000000e-02
1.9315559962668864268930946082036825828254222869873046875000000000e-02
1.9315559962668864268930946082036825828254222869873046875000000000e-02
1.9315559962668871207824849989265203475952148437500000000000000000e-02
1.9315559962668864268930946082036825828254222869873046875000000000e-02
1.9315559962668867738377898035651014652103185653686523437500000000e-02
1.9315559962668867738377898035651014652103185653686523437500000000e-02
1.9315559962668864268930946082036825828254222869873046875000000000e-02
1.9315559962668867738377898035651014652103185653686523437500000000e-02
1.9315559962668864268930946082036825828254222869873046875000000000e-02
1.9315559962668867738377898035651014652103185653686523437500000000e-02
1.9315559962668864268930946082036825828254222869873046875000000000e-02
1.9315559962668867738377898035651014652103185653686523437500000000e-02
1.9315559962668864268930946082036825828254222869873046875000000000e-02
1.9315559962668860799483994128422637004405260086059570312500000000e-02
1.9315559962668867738377898035651014652103185653686523437500000000e-02
1.9315559962668864268930946082036825828254222869873046875000000000e-02
1.9315559962668864268930946082036825828254222869873046875000000000e-02
1.9315559962668864268930946082036825828254222869873046875000000000e-02
1.9315559962668867738377898035651014652103185653686523437500000000e-02
1.9315559962668867738377898035651014652103185653686523437500000000e-02
1.9315559962668864268930946082036825828254222869873046875000000000e-02
1.9315559962668864268930946082036825828254222869873046875000000000e-02
1.9315559962668864268930946082036825828254222869873046875000000000e-02
1.9315559962668860799483994128422637004405260086059570312500000000e-02
1.9315559962668867738377898035651014652103185653686523437500000000e-02
1.9315559962668867738377898035651014652103185653686523437500000000e-02
1.9315559962668864268930946082036825828254222869873046875000000000e-02
1.9315559962668864268930946082036825828254222869873046875000000000e-02
1.9315559962668864268930946082036825828254222869873046875000000000e-02
1.9315559962668864268930946082036825828254222869873046875000000000e-02
1.9315559962668867738377898035651014652103185653686523437500000000e-02
1.9315559962668864268930946082036825828254222869873046875000000000e-02
1.9315559962668867738377898035651014652103185653686523437500000000e-02
1.9315559962668871207824849989265203475952148437500000000000000000e-02
1.9315559962668867738377898035651014652103185653686523437500000000e-02
1.9315559962668867738377898035651014652103185653686523437500000000e-02
1.9315559962668864268930946082036825828254222869873046875000000000e-02
1.9315559962668864268930946082036825828254222869873046875000000000e-02
1.9315559962668860799483994128422637004405260086059570312500000000e-02
1.9315559962668867738377898035651014652103185653686523437500000000e-02
1.9315559962668867738377898035651014652103185653686523437500000000e-02
1.9315559962668864268930946082036825828254222869873046875000000000e-02
1.9315559962668867738377898035651014652103185653686523437500000000e-02
1.9315559962668864268930946082036825828254222869873046875000000000e-02
1.9315559962668864268930946082036825828254222869873046875000000000e-02
1.9315559962668867738377898035651014652103185653686523437500000000e-02
1.9315559962668864268930946082036825828254222869873046875000000000e-02
1.9315559962668867738377898035651014652103185653686523437500000000e-02
1.9315559962668864268930946082036825828254222869873046875000000000e-02
1.9315559962668867738377898035651014652103185653686523437500000000e-02
1.9315559962668867738377898035651014652103185653686523437500000000e-02
1.9315559962668864268930946082036825828254222869873046875000000000e-02
1.9315559962668867738377898035651014652103185653686523437500000000e-02
1.9315559962668867738377898035651014652103185653686523437500000000e-02
1.9315559962668864268930946082036825828254222869873046875000000000e-02
1.9315559962668864268930946082036825828254222869873046875000000000e-02
1.9315559962668864268930946082036825828254222869873046875000000000e-02
1.9315559962668864268930946082036825828254222869873046875000000000e-02
1.9315559962668864268930946082036825828254222869873046875000000000e-02
1.9315559962668864268930946082036825828254222869873046875000000000e-02
1.9315559962668864268930946082036825828254222869873046875000000000e-02
1.9315559962668864268930946082036825828254222869873046875000000000e-02
1.9315559962668867738377898035651014652103185653686523437500000000e-02
1.9315559962668864268930946082036825828254222869873046875000000000e-02
1.9315559962668864268930946082036825828254222869873046875000000000e-02
1.9315559962668864268930946082036825828254222869873046875000000000e-02
1.9315559962668860799483994128422637004405260086059570312500000000e-02
1.9315559962668867738377898035651014652103185653686523437500000000e-02
1.9315559962668864268930946082036825828254222869873046875000000000e-02
1.9315559962668864268930946082036825828254222869873046875000000000e-02
1.9315559962668867738377898035651014652103185653686523437500000000e-02
1.9315559962668864268930946082036825828254222869873046875000000000e-02
1.9315559962668867738377898035651014652103185653686523437500000000e-02
1.9315559962668864268930946082036825828254222869873046875000000000e-02
1.9315559962668864268930946082036825828254222869873046875000000000e-02
1.9315559962668867738377898035651014652103185653686523437500000000e-02
1.9315559962668864268930946082036825828254222869873046875000000000e-02
1.9315559962668864268930946082036825828254222869873046875000000000e-02
1.9315559962668864268930946082036825828254222869873046875000000000e-02
1.9315559962668860799483994128422637004405260086059570312500000000e-02
1.9315559962668871207824849989265203475952148437500000000000000000e-02
1.9315559962668864268930946082036825828254222869873046875000000000e-02
1.9315559962668867738377898035651014652103185653686523437500000000e-02
1.9315559962668864268930946082036825828254222869873046875000000000e-02
1.9315559962668860799483994128422637004405260086059570312500000000e-02
1.9315559962668864268930946082036825828254222869873046875000000000e-02
1.9315559962668867738377898035651014652103185653686523437500000000e-02
1.9315559962668871207824849989265203475952148437500000000000000000e-02
1.9315559962668860799483994128422637004405260086059570312500000000e-02
1.9315559962668867738377898035651014652103185653686523437500000000e-02
1.9315559962668864268930946082036825828254222869873046875000000000e-02
1.9315559962668860799483994128422637004405260086059570312500000000e-02
1.9315559962668867738377898035651014652103185653686523437500000000e-02
1.9315559962668867738377898035651014652103185653686523437500000000e-02
1.9315559962668867738377898035651014652103185653686523437500000000e-02
1.9315559962668867738377898035651014652103185653686523437500000000e-02
1.9315559962668864268930946082036825828254222869873046875000000000e-02
1.9315559962668864268930946082036825828254222869873046875000000000e-02
1.9315559962668867738377898035651014652103185653686523437500000000e-02
1.9315559962668864268930946082036825828254222869873046875000000000e-02
1.9315559962668864268930946082036825828254222869873046875000000000e-02
1.9315559962668871207824849989265203475952148437500000000000000000e-02
1.9315559962668871207824849989265203475952148437500000000000000000e-02
1.9315559962668864268930946082036825828254222869873046875000000000e-02
1.9315559962668860799483994128422637004405260086059570312500000000e-02
1.9315559962668867738377898035651014652103185653686523437500000000e-02
1.9315559962668867738377898035651014652103185653686523437500000000e-02
1.9315559962668860799483994128422637004405260086059570312500000000e-02
1.9315559962668867738377898035651014652103185653686523437500000000e-02
1.9315559962668864268930946082036825828254222869873046875000000000e-02
1.9315559962668867738377898035651014652103185653686523437500000000e-02
1.9315559962668864268930946082036825828254222869873046875000000000e-02
1.9315559962668860799483994128422637004405260086059570312500000000e-02
1.9315559962668864268930946082036825828254222869873046875000000000e-02
1.9315559962668864268930946082036825828254222869873046875000000000e-02
1.9315559962668867738377898035651014652103185653686523437500000000e-02
1.9315559962668864268930946082036825828254222869873046875000000000e-02
1.9315559962668864268930946082036825828254222869873046875000000000e-02
1.9315559962668864268930946082036825828254222869873046875000000000e-02
1.9315559962668867738377898035651014652103185653686523437500000000e-02
1.9315559962668867738377898035651014652103185653686523437500000000e-02
1.9315559962668867738377898035651014652103185653686523437500000000e-02
1.9315559962668867738377898035651014652103185653686523437500000000e-02
1.9315559962668867738377898035651014652103185653686523437500000000e-02
1.9315559962668864268930946082036825828254222869873046875000000000e-02
1.9315559962668867738377898035651014652103185653686523437500000000e-02
1.9315559962668867738377898035651014652103185653686523437500000000e-02
1.9315559962668864268930946082036825828254222869873046875000000000e-02
1.9315559962668864268930946082036825828254222869873046875000000000e-02
1.9315559962668864268930946082036825828254222869873046875000000000e-02
1.9315559962668864268930946082036825828254222869873046875000000000e-02
1.9315559962668860799483994128422637004405260086059570312500000000e-02
1.9315559962668864268930946082036825828254222869873046875000000000e-02
1.9315559962668864268930946082036825828254222869873046875000000000e-02
1.9315559962668864268930946082036825828254222869873046875000000000e-02
1.9315559962668864268930946082036825828254222869873046875000000000e-02
1.9315559962668867738377898035651014652103185653686523437500000000e-02
1.9315559962668864268930946082036825828254222869873046875000000000e-02
1.9315559962668860799483994128422637004405260086059570312500000000e-02
1.9315559962668864268930946082036825828254222869873046875000000000e-02
1.9315559962668864268930946082036825828254222869873046875000000000e-02
1.9315559962668864268930946082036825828254222869873046875000000000e-02
1.9315559962668864268930946082036825828254222869873046875000000000e-02
1.9315559962668867738377898035651014652103185653686523437500000000e-02
1.9315559962668871207824849989265203475952148437500000000000000000e-02
1.9315559962668867738377898035651014652103185653686523437500000000e-02
1.9315559962668867738377898035651014652103185653686523437500000000e-02
1.9315559962668860799483994128422637004405260086059570312500000000e-02
1.9315559962668867738377898035651014652103185653686523437500000000e-02
1.9315559962668860799483994128422637004405260086059570312500000000e-02
1.9315559962668860799483994128422637004405260086059570312500000000e-02
1.9315559962668871207824849989265203475952148437500000000000000000e-02
1.9315559962668867738377898035651014652103185653686523437500000000e-02
1.9315559962668867738377898035651014652103185653686523437500000000e-02
1.9315559962668864268930946082036825828254222869873046875000000000e-02
1.9315559962668860799483994128422637004405260086059570312500000000e-02
1.9315559962668867738377898035651014652103185653686523437500000000e-02
1.9315559962668867738377898035651014652103185653686523437500000000e-02
1.9315559962668871207824849989265203475952148437500000000000000000e-02
1.9315559962668867738377898035651014652103185653686523437500000000e-02
1.9315559962668864268930946082036825828254222869873046875000000000e-02
1.9315559962668871207824849989265203475952148437500000000000000000e-02
1.9315559962668860799483994128422637004405260086059570312500000000e-02
1.9315559962668867738377898035651014652103185653686523437500000000e-02
1.9315559962668864268930946082036825828254222869873046875000000000e-02
1.9315559962668867738377898035651014652103185653686523437500000000e-02
1.9315559962668860799483994128422637004405260086059570312500000000e-02
1.9315559962668867738377898035651014652103185653686523437500000000e-02
1.9315559962668867738377898035651014652103185653686523437500000000e-02
1.9315559962668864268930946082036825828254222869873046875000000000e-02
1.9315559962668864268930946082036825828254222869873046875000000000e-02
1.9315559962668864268930946082036825828254222869873046875000000000e-02
1.9315559962668860799483994128422637004405260086059570312500000000e-02
1.9315559962668864268930946082036825828254222869873046875000000000e-02
1.9315559962668864268930946082036825828254222869873046875000000000e-02
1.9315559962668867738377898035651014652103185653686523437500000000e-02
1.9315559962668871207824849989265203475952148437500000000000000000e-02
1.9315559962668864268930946082036825828254222869873046875000000000e-02
1.9315559962668867738377898035651014652103185653686523437500000000e-02
1.9315559962668867738377898035651014652103185653686523437500000000e-02
1.9315559962668867738377898035651014652103185653686523437500000000e-02
1.9315559962668864268930946082036825828254222869873046875000000000e-02
1.9315559962668867738377898035651014652103185653686523437500000000e-02
1.9315559962668867738377898035651014652103185653686523437500000000e-02
1.9315559962668864268930946082036825828254222869873046875000000000e-02
1.9315559962668867738377898035651014652103185653686523437500000000e-02
1.9315559962668864268930946082036825828254222869873046875000000000e-02
1.9315559962668864268930946082036825828254222869873046875000000000e-02
1.9315559962668867738377898035651014652103185653686523437500000000e-02
1.9315559962668867738377898035651014652103185653686523437500000000e-02
1.9315559962668867738377898035651014652103185653686523437500000000e-02
1.9315559962668864268930946082036825828254222869873046875000000000e-02
1.9315559962668864268930946082036825828254222869873046875000000000e-02
1.9315559962668867738377898035651014652103185653686523437500000000e-02
1.9315559962668864268930946082036825828254222869873046875000000000e-02
1.9315559962668864268930946082036825828254222869873046875000000000e-02
1.9315559962668864268930946082036825828254222869873046875000000000e-02
1.9315559962668860799483994128422637004405260086059570312500000000e-02
1.9315559962668871207824849989265203475952148437500000000000000000e-02
1.9315559962668860799483994128422637004405260086059570312500000000e-02
1.9315559962668864268930946082036825828254222869873046875000000000e-02
1.9315559962668867738377898035651014652103185653686523437500000000e-02
1.9315559962668860799483994128422637004405260086059570312500000000e-02
1.9315559962668867738377898035651014652103185653686523437500000000e-02
1.9315559962668860799483994128422637004405260086059570312500000000e-02
1.9315559962668867738377898035651014652103185653686523437500000000e-02
1.9315559962668864268930946082036825828254222869873046875000000000e-02
1.9315559962668867738377898035651014652103185653686523437500000000e-02
1.9315559962668864268930946082036825828254222869873046875000000000e-02
1.9315559962668867738377898035651014652103185653686523437500000000e-02
1.9315559962668864268930946082036825828254222869873046875000000000e-02
1.9315559962668864268930946082036825828254222869873046875000000000e-02
1.9315559962668864268930946082036825828254222869873046875000000000e-02
1.9315559962668867738377898035651014652103185653686523437500000000e-02
1.9315559962668867738377898035651014652103185653686523437500000000e-02
1.9315559962668867738377898035651014652103185653686523437500000000e-02
1.9315559962668867738377898035651014652103185653686523437500000000e-02
1.9315559962668867738377898035651014652103185653686523437500000000e-02
1.9315559962668864268930946082036825828254222869873046875000000000e-02
1.9315559962668864268930946082036825828254222869873046875000000000e-02
1.9315559962668864268930946082036825828254222869873046875000000000e-02
1.9315559962668864268930946082036825828254222869873046875000000000e-02
1.9315559962668867738377898035651014652103185653686523437500000000e-02
1.9315559962668867738377898035651014652103185653686523437500000000e-02
1.9315559962668864268930946082036825828254222869873046875000000000e-02
1.9315559962668864268930946082036825828254222869873046875000000000e-02
1.9315559962668867738377898035651014652103185653686523437500000000e-02
1.9315559962668864268930946082036825828254222869873046875000000000e-02
1.9315559962668864268930946082036825828254222869873046875000000000e-02
1.9315559962668867738377898035651014652103185653686523437500000000e-02
1.9315559962668864268930946082036825828254222869873046875000000000e-02
1.9315559962668864268930946082036825828254222869873046875000000000e-02
1.9315559962668864268930946082036825828254222869873046875000000000e-02
1.9315559962668864268930946082036825828254222869873046875000000000e-02
1.9315559962668867738377898035651014652103185653686523437500000000e-02
1.9315559962668864268930946082036825828254222869873046875000000000e-02
1.9315559962668864268930946082036825828254222869873046875000000000e-02
1.9315559962668864268930946082036825828254222869873046875000000000e-02
1.9315559962668867738377898035651014652103185653686523437500000000e-02
1.9315559962668860799483994128422637004405260086059570312500000000e-02
1.9315559962668864268930946082036825828254222869873046875000000000e-02
1.9315559962668860799483994128422637004405260086059570312500000000e-02
1.9315559962668864268930946082036825828254222869873046875000000000e-02
1.9315559962668860799483994128422637004405260086059570312500000000e-02
1.9315559962668864268930946082036825828254222869873046875000000000e-02
1.9315559962668864268930946082036825828254222869873046875000000000e-02
1.9315559962668864268930946082036825828254222869873046875000000000e-02
1.9315559962668864268930946082036825828254222869873046875000000000e-02
1.9315559962668871207824849989265203475952148437500000000000000000e-02
1.9315559962668864268930946082036825828254222869873046875000000000e-02
1.9315559962668864268930946082036825828254222869873046875000000000e-02
1.9315559962668864268930946082036825828254222869873046875000000000e-02
1.9315559962668864268930946082036825828254222869873046875000000000e-02
1.9315559962668864268930946082036825828254222869873046875000000000e-02
1.9315559962668864268930946082036825828254222869873046875000000000e-02
1.9315559962668867738377898035651014652103185653686523437500000000e-02
1.9315559962668864268930946082036825828254222869873046875000000000e-02
1.9315559962668864268930946082036825828254222869873046875000000000e-02
1.9315559962668871207824849989265203475952148437500000000000000000e-02
1.9315559962668867738377898035651014652103185653686523437500000000e-02
1.9315559962668864268930946082036825828254222869873046875000000000e-02
1.9315559962668864268930946082036825828254222869873046875000000000e-02
1.9315559962668864268930946082036825828254222869873046875000000000e-02
1.9315559962668867738377898035651014652103185653686523437500000000e-02
1.9315559962668867738377898035651014652103185653686523437500000000e-02
1.9315559962668867738377898035651014652103185653686523437500000000e-02
1.9315559962668864268930946082036825828254222869873046875000000000e-02
1.9315559962668864268930946082036825828254222869873046875000000000e-02
1.9315559962668864268930946082036825828254222869873046875000000000e-02
1.9315559962668864268930946082036825828254222869873046875000000000e-02
1.9315559962668860799483994128422637004405260086059570312500000000e-02
1.9315559962668867738377898035651014652103185653686523437500000000e-02
1.9315559962668864268930946082036825828254222869873046875000000000e-02
1.9315559962668867738377898035651014652103185653686523437500000000e-02
1.9315559962668864268930946082036825828254222869873046875000000000e-02
1.9315559962668864268930946082036825828254222869873046875000000000e-02
1.9315559962668864268930946082036825828254222869873046875000000000e-02
1.9315559962668864268930946082036825828254222869873046875000000000e-02
1.9315559962668864268930946082036825828254222869873046875000000000e-02
1.9315559962668864268930946082036825828254222869873046875000000000e-02
1.9315559962668860799483994128422637004405260086059570312500000000e-02
1.9315559962668864268930946082036825828254222869873046875000000000e-02
1.9315559962668867738377898035651014652103185653686523437500000000e-02
1.9315559962668864268930946082036825828254222869873046875000000000e-02
1.9315559962668860799483994128422637004405260086059570312500000000e-02
1.9315559962668864268930946082036825828254222869873046875000000000e-02
1.9315559962668867738377898035651014652103185653686523437500000000e-02
1.9315559962668864268930946082036825828254222869873046875000000000e-02
1.9315559962668864268930946082036825828254222869873046875000000000e-02
1.9315559962668864268930946082036825828254222869873046875000000000e-02
1.9315559962668864268930946082036825828254222869873046875000000000e-02
1.9315559962668864268930946082036825828254222869873046875000000000e-02
1.9315559962668871207824849989265203475952148437500000000000000000e-02
1.9315559962668860799483994128422637004405260086059570312500000000e-02
1.9315559962668867738377898035651014652103185653686523437500000000e-02
1.9315559962668867738377898035651014652103185653686523437500000000e-02
1.9315559962668867738377898035651014652103185653686523437500000000e-02
1.9315559962668867738377898035651014652103185653686523437500000000e-02
1.9315559962668867738377898035651014652103185653686523437500000000e-02
1.9315559962668867738377898035651014652103185653686523437500000000e-02
1.9315559962668864268930946082036825828254222869873046875000000000e-02
1.9315559962668864268930946082036825828254222869873046875000000000e-02
1.9315559962668864268930946082036825828254222869873046875000000000e-02
1.9315559962668867738377898035651014652103185653686523437500000000e-02
1.9315559962668867738377898035651014652103185653686523437500000000e-02
1.9315559962668867738377898035651014652103185653686523437500000000e-02
1.9315559962668867738377898035651014652103185653686523437500000000e-02
1.9315559962668867738377898035651014652103185653686523437500000000e-02
1.9315559962668864268930946082036825828254222869873046875000000000e-02
1.9315559962668864268930946082036825828254222869873046875000000000e-02
1.9315559962668864268930946082036825828254222869873046875000000000e-02
1.9315559962668864268930946082036825828254222869873046875000000000e-02
1.9315559962668864268930946082036825828254222869873046875000000000e-02
1.9315559962668867738377898035651014652103185653686523437500000000e-02
1.9315559962668867738377898035651014652103185653686523437500000000e-02
1.9315559962668864268930946082036825828254222869873046875000000000e-02
1.9315559962668867738377898035651014652103185653686523437500000000e-02
1.9315559962668864268930946082036825828254222869873046875000000000e-02
1.9315559962668864268930946082036825828254222869873046875000000000e-02
1.9315559962668867738377898035651014652103185653686523437500000000e-02
1.9315559962668864268930946082036825828254222869873046875000000000e-02
1.9315559962668864268930946082036825828254222869873046875000000000e-02
1.9315559962668864268930946082036825828254222869873046875000000000e-02
1.9315559962668864268930946082036825828254222869873046875000000000e-02
1.9315559962668860799483994128422637004405260086059570312500000000e-02
1.9315559962668867738377898035651014652103185653686523437500000000e-02
1.9315559962668867738377898035651014652103185653686523437500000000e-02
1.9315559962668867738377898035651014652103185653686523437500000000e-02
1.9315559962668864268930946082036825828254222869873046875000000000e-02
1.9315559962668871207824849989265203475952148437500000000000000000e-02
1.9315559962668864268930946082036825828254222869873046875000000000e-02
1.9315559962668871207824849989265203475952148437500000000000000000e-02
1.9315559962668867738377898035651014652103185653686523437500000000e-02
1.9315559962668864268930946082036825828254222869873046875000000000e-02
1.9315559962668867738377898035651014652103185653686523437500000000e-02
1.9315559962668867738377898035651014652103185653686523437500000000e-02
1.9315559962668860799483994128422637004405260086059570312500000000e-02
1.9315559962668864268930946082036825828254222869873046875000000000e-02
1.9315559962668867738377898035651014652103185653686523437500000000e-02
1.9315559962668867738377898035651014652103185653686523437500000000e-02
1.9315559962668864268930946082036825828254222869873046875000000000e-02
1.9315559962668864268930946082036825828254222869873046875000000000e-02
1.9315559962668867738377898035651014652103185653686523437500000000e-02
1.9315559962668864268930946082036825828254222869873046875000000000e-02
1.9315559962668864268930946082036825828254222869873046875000000000e-02
1.9315559962668864268930946082036825828254222869873046875000000000e-02
1.9315559962668867738377898035651014652103185653686523437500000000e-02
1.9315559962668867738377898035651014652103185653686523437500000000e-02
1.9315559962668864268930946082036825828254222869873046875000000000e-02
1.9315559962668867738377898035651014652103185653686523437500000000e-02
1.9315559962668864268930946082036825828254222869873046875000000000e-02
1.9315559962668864268930946082036825828254222869873046875000000000e-02
1.9315559962668864268930946082036825828254222869873046875000000000e-02
1.9315559962668867738377898035651014652103185653686523437500000000e-02
1.9315559962668867738377898035651014652103185653686523437500000000e-02
1.9315559962668867738377898035651014652103185653686523437500000000e-02
1.9315559962668864268930946082036825828254222869873046875000000000e-02
1.9315559962668867738377898035651014652103185653686523437500000000e-02
1.9315559962668864268930946082036825828254222869873046875000000000e-02
1.9315559962668864268930946082036825828254222869873046875000000000e-02
1.9315559962668867738377898035651014652103185653686523437500000000e-02
1.9315559962668864268930946082036825828254222869873046875000000000e-02
1.9315559962668867738377898035651014652103185653686523437500000000e-02
1.9315559962668867738377898035651014652103185653686523437500000000e-02
1.9315559962668867738377898035651014652103185653686523437500000000e-02
1.9315559962668864268930946082036825828254222869873046875000000000e-02
1.9315559962668864268930946082036825828254222869873046875000000000e-02
1.9315559962668867738377898035651014652103185653686523437500000000e-02
1.9315559962668864268930946082036825828254222869873046875000000000e-02
1.9315559962668867738377898035651014652103185653686523437500000000e-02
1.9315559962668867738377898035651014652103185653686523437500000000e-02
1.9315559962668867738377898035651014652103185653686523437500000000e-02
1.9315559962668867738377898035651014652103185653686523437500000000e-02
1.9315559962668864268930946082036825828254222869873046875000000000e-02
1.9315559962668867738377898035651014652103185653686523437500000000e-02
1.9315559962668864268930946082036825828254222869873046875000000000e-02
1.9315559962668864268930946082036825828254222869873046875000000000e-02
1.9315559962668867738377898035651014652103185653686523437500000000e-02
1.9315559962668864268930946082036825828254222869873046875000000000e-02
1.9315559962668867738377898035651014652103185653686523437500000000e-02
1.9315559962668864268930946082036825828254222869873046875000000000e-02
1.9315559962668864268930946082036825828254222869873046875000000000e-02
1.9315559962668864268930946082036825828254222869873046875000000000e-02
1.9315559962668860799483994128422637004405260086059570312500000000e-02
1.9315559962668864268930946082036825828254222869873046875000000000e-02
1.9315559962668864268930946082036825828254222869873046875000000000e-02
1.9315559962668860799483994128422637004405260086059570312500000000e-02
1.9315559962668860799483994128422637004405260086059570312500000000e-02
1.9315559962668867738377898035651014652103185653686523437500000000e-02
1.9315559962668867738377898035651014652103185653686523437500000000e-02
1.9315559962668860799483994128422637004405260086059570312500000000e-02
1.9315559962668867738377898035651014652103185653686523437500000000e-02
1.9315559962668860799483994128422637004405260086059570312500000000e-02
1.9315559962668871207824849989265203475952148437500000000000000000e-02
1.9315559962668860799483994128422637004405260086059570312500000000e-02
1.9315559962668867738377898035651014652103185653686523437500000000e-02
1.9315559962668867738377898035651014652103185653686523437500000000e-02
1.9315559962668864268930946082036825828254222869873046875000000000e-02
1.9315559962668871207824849989265203475952148437500000000000000000e-02
1.9315559962668867738377898035651014652103185653686523437500000000e-02
1.9315559962668867738377898035651014652103185653686523437500000000e-02
1.9315559962668864268930946082036825828254222869873046875000000000e-02
1.9315559962668864268930946082036825828254222869873046875000000000e-02
1.9315559962668867738377898035651014652103185653686523437500000000e-02
1.9315559962668864268930946082036825828254222869873046875000000000e-02
1.9315559962668864268930946082036825828254222869873046875000000000e-02
1.9315559962668867738377898035651014652103185653686523437500000000e-02
1.9315559962668867738377898035651014652103185653686523437500000000e-02
1.9315559962668864268930946082036825828254222869873046875000000000e-02
1.9315559962668864268930946082036825828254222869873046875000000000e-02
1.9315559962668867738377898035651014652103185653686523437500000000e-02
1.9315559962668864268930946082036825828254222869873046875000000000e-02
1.9315559962668864268930946082036825828254222869873046875000000000e-02
1.9315559962668864268930946082036825828254222869873046875000000000e-02
1.9315559962668860799483994128422637004405260086059570312500000000e-02
1.9315559962668864268930946082036825828254222869873046875000000000e-02
1.9315559962668867738377898035651014652103185653686523437500000000e-02
1.9315559962668864268930946082036825828254222869873046875000000000e-02
1.9315559962668867738377898035651014652103185653686523437500000000e-02
1.9315559962668864268930946082036825828254222869873046875000000000e-02
1.9315559962668867738377898035651014652103185653686523437500000000e-02
1.9315559962668864268930946082036825828254222869873046875000000000e-02
1.9315559962668871207824849989265203475952148437500000000000000000e-02
1.9315559962668864268930946082036825828254222869873046875000000000e-02
1.9315559962668864268930946082036825828254222869873046875000000000e-02
1.9315559962668850391143138267580070532858371734619140625000000000e-02
1.9315559962668867738377898035651014652103185653686523437500000000e-02
1.9315559962668867738377898035651014652103185653686523437500000000e-02
1.9315559962668871207824849989265203475952148437500000000000000000e-02
1.9315559962668871207824849989265203475952148437500000000000000000e-02
1.9315559962668857330037042174808448180556297302246093750000000000e-02
1.9315559962668867738377898035651014652103185653686523437500000000e-02
1.9315559962668874677271801942879392299801111221313476562500000000e-02
1.9315559962668860799483994128422637004405260086059570312500000000e-02
1.9315559962668867738377898035651014652103185653686523437500000000e-02
1.9315559962668864268930946082036825828254222869873046875000000000e-02
1.9315559962668860799483994128422637004405260086059570312500000000e-02
1.9315559962668864268930946082036825828254222869873046875000000000e-02
1.9315559962668860799483994128422637004405260086059570312500000000e-02
1.9315559962668867738377898035651014652103185653686523437500000000e-02
1.9315559962668864268930946082036825828254222869873046875000000000e-02
1.9315559962668867738377898035651014652103185653686523437500000000e-02
1.9315559962668867738377898035651014652103185653686523437500000000e-02
1.9315559962668860799483994128422637004405260086059570312500000000e-02
1.9315559962668853860590090221194259356707334518432617187500000000e-02
1.9315559962668878146718753896493581123650074005126953125000000000e-02
1.9315559962668864268930946082036825828254222869873046875000000000e-02
1.9315559962668850391143138267580070532858371734619140625000000000e-02
1.9315559962668867738377898035651014652103185653686523437500000000e-02
1.9315559962668878146718753896493581123650074005126953125000000000e-02
1.9315559962668864268930946082036825828254222869873046875000000000e-02
1.9315559962668853860590090221194259356707334518432617187500000000e-02
1.9315559962668874677271801942879392299801111221313476562500000000e-02
1.9315559962668867738377898035651014652103185653686523437500000000e-02
1.9315559962668867738377898035651014652103185653686523437500000000e-02
1.9315559962668853860590090221194259356707334518432617187500000000e-02
1.9315559962668864268930946082036825828254222869873046875000000000e-02
1.9315559962668867738377898035651014652103185653686523437500000000e-02
1.9315559962668860799483994128422637004405260086059570312500000000e-02
1.9315559962668864268930946082036825828254222869873046875000000000e-02
1.9315559962668864268930946082036825828254222869873046875000000000e-02
1.9315559962668867738377898035651014652103185653686523437500000000e-02
1.9315559962668867738377898035651014652103185653686523437500000000e-02
1.9315559962668867738377898035651014652103185653686523437500000000e-02
1.9315559962668878146718753896493581123650074005126953125000000000e-02
1.9315559962668864268930946082036825828254222869873046875000000000e-02
1.9315559962668867738377898035651014652103185653686523437500000000e-02
1.9315559962668874677271801942879392299801111221313476562500000000e-02
1.9315559962668885085612657803721958771347999572753906250000000000e-02
1.9315559962668860799483994128422637004405260086059570312500000000e-02
1.9315559962668853860590090221194259356707334518432617187500000000e-02
1.9315559962668881616165705850107769947499036788940429687500000000e-02
1.9315559962668864268930946082036825828254222869873046875000000000e-02
1.9315559962668864268930946082036825828254222869873046875000000000e-02
1.9315559962668857330037042174808448180556297302246093750000000000e-02
1.9315559962668867738377898035651014652103185653686523437500000000e-02
1.9315559962668864268930946082036825828254222869873046875000000000e-02
1.9315559962668867738377898035651014652103185653686523437500000000e-02
1.9315559962668864268930946082036825828254222869873046875000000000e-02
1.9315559962668867738377898035651014652103185653686523437500000000e-02
1.9315559962668867738377898035651014652103185653686523437500000000e-02
1.9315559962668864268930946082036825828254222869873046875000000000e-02
1.9315559962668864268930946082036825828254222869873046875000000000e-02
1.9315559962668878146718753896493581123650074005126953125000000000e-02
1.9315559962668864268930946082036825828254222869873046875000000000e-02
1.9315559962668864268930946082036825828254222869873046875000000000e-02
1.9315559962668878146718753896493581123650074005126953125000000000e-02
1.9315559962668881616165705850107769947499036788940429687500000000e-02
1.9315559962668881616165705850107769947499036788940429687500000000e-02
1.9315559962668846921696186313965881709009408950805664062500000000e-02
1.9315559962668881616165705850107769947499036788940429687500000000e-02
1.9315559962668857330037042174808448180556297302246093750000000000e-02
1.9315559962668867738377898035651014652103185653686523437500000000e-02
1.9315559962668850391143138267580070532858371734619140625000000000e-02
1.9315559962668850391143138267580070532858371734619140625000000000e-02
1.9315559962668871207824849989265203475952148437500000000000000000e-02
1.9315559962668860799483994128422637004405260086059570312500000000e-02
1.9315559962668867738377898035651014652103185653686523437500000000e-02
1.9315559962668867738377898035651014652103185653686523437500000000e-02
1.9315559962668867738377898035651014652103185653686523437500000000e-02
1.9315559962668867738377898035651014652103185653686523437500000000e-02
1.9315559962668867738377898035651014652103185653686523437500000000e-02
1.9315559962668864268930946082036825828254222869873046875000000000e-02
1.9315559962668864268930946082036825828254222869873046875000000000e-02
1.9315559962668867738377898035651014652103185653686523437500000000e-02
1.9315559962668867738377898035651014652103185653686523437500000000e-02
1.9315559962668881616165705850107769947499036788940429687500000000e-02
1.9315559962668885085612657803721958771347999572753906250000000000e-02
1.9315559962668850391143138267580070532858371734619140625000000000e-02
1.9315559962668881616165705850107769947499036788940429687500000000e-02
1.9315559962668850391143138267580070532858371734619140625000000000e-02
1.9315559962668864268930946082036825828254222869873046875000000000e-02
1.9315559962668846921696186313965881709009408950805664062500000000e-02
1.9315559962668846921696186313965881709009408950805664062500000000e-02
1.9315559962668867738377898035651014652103185653686523437500000000e-02
1.9315559962668864268930946082036825828254222869873046875000000000e-02
1.9315559962668867738377898035651014652103185653686523437500000000e-02
1.9315559962668871207824849989265203475952148437500000000000000000e-02
1.9315559962668864268930946082036825828254222869873046875000000000e-02
1.9315559962668867738377898035651014652103185653686523437500000000e-02
1.9315559962668864268930946082036825828254222869873046875000000000e-02
1.9315559962668864268930946082036825828254222869873046875000000000e-02
1.9315559962668864268930946082036825828254222869873046875000000000e-02
1.9315559962668864268930946082036825828254222869873046875000000000e-02
1.9315559962668867738377898035651014652103185653686523437500000000e-02
1.9315559962668885085612657803721958771347999572753906250000000000e-02
1.9315559962668885085612657803721958771347999572753906250000000000e-02
1.9315559962668864268930946082036825828254222869873046875000000000e-02
1.9315559962668846921696186313965881709009408950805664062500000000e-02
1.9315559962668839982802282406737504061311483383178710937500000000e-02
1.9315559962668888555059609757336147595196962356567382812500000000e-02
1.9315559962668843452249234360351692885160446166992187500000000000e-02
1.9315559962668843452249234360351692885160446166992187500000000000e-02
1.9315559962668888555059609757336147595196962356567382812500000000e-02
1.9315559962668867738377898035651014652103185653686523437500000000e-02
1.9315559962668864268930946082036825828254222869873046875000000000e-02
1.9315559962668867738377898035651014652103185653686523437500000000e-02
1.9315559962668867738377898035651014652103185653686523437500000000e-02
1.9315559962668864268930946082036825828254222869873046875000000000e-02
1.9315559962668867738377898035651014652103185653686523437500000000e-02
1.9315559962668860799483994128422637004405260086059570312500000000e-02
1.9315559962668867738377898035651014652103185653686523437500000000e-02
1.9315559962668864268930946082036825828254222869873046875000000000e-02
1.9315559962668864268930946082036825828254222869873046875000000000e-02
1.9315559962668864268930946082036825828254222869873046875000000000e-02
1.9315559962668895493953513664564525242894887924194335937500000000e-02
1.9315559962668864268930946082036825828254222869873046875000000000e-02
1.9315559962668833043908378499509126413613557815551757812500000000e-02
1.9315559962668829574461426545894937589764595031738281250000000000e-02
1.9315559962668895493953513664564525242894887924194335937500000000e-02
1.9315559962668829574461426545894937589764595031738281250000000000e-02
1.9315559962668833043908378499509126413613557815551757812500000000e-02
1.9315559962668898963400465618178714066743850708007812500000000000e-02
1.9315559962668864268930946082036825828254222869873046875000000000e-02
1.9315559962668860799483994128422637004405260086059570312500000000e-02
1.9315559962668826105014474592280748765915632247924804687500000000e-02
1.9315559962668867738377898035651014652103185653686523437500000000e-02
1.9315559962668864268930946082036825828254222869873046875000000000e-02
1.9315559962668867738377898035651014652103185653686523437500000000e-02
1.9315559962668864268930946082036825828254222869873046875000000000e-02
1.9315559962668864268930946082036825828254222869873046875000000000e-02
1.9315559962668864268930946082036825828254222869873046875000000000e-02
1.9315559962668864268930946082036825828254222869873046875000000000e-02
1.9315559962668867738377898035651014652103185653686523437500000000e-02
1.9315559962668909371741321479021280538290739059448242187500000000e-02
1.9315559962668864268930946082036825828254222869873046875000000000e-02
1.9315559962668867738377898035651014652103185653686523437500000000e-02
1.9315559962668923249529129293478035833686590194702148437500000000e-02
1.9315559962668919780082177339863847009837627410888671875000000000e-02
1.9315559962668864268930946082036825828254222869873046875000000000e-02
1.9315559962668808757779714824209804646670818328857421875000000000e-02
1.9315559962668801818885810916981426998972892761230468750000000000e-02
1.9315559962668864268930946082036825828254222869873046875000000000e-02
1.9315559962668867738377898035651014652103185653686523437500000000e-02
1.9315559962668798349438858963367238175123929977416992187500000000e-02
1.9315559962668867738377898035651014652103185653686523437500000000e-02
1.9315559962668867738377898035651014652103185653686523437500000000e-02
1.9315559962668864268930946082036825828254222869873046875000000000e-02
1.9315559962668864268930946082036825828254222869873046875000000000e-02
1.9315559962668864268930946082036825828254222869873046875000000000e-02
1.9315559962668864268930946082036825828254222869873046875000000000e-02
1.9315559962668871207824849989265203475952148437500000000000000000e-02
1.9315559962668864268930946082036825828254222869873046875000000000e-02
1.9315559962668867738377898035651014652103185653686523437500000000e-02
1.9315559962668864268930946082036825828254222869873046875000000000e-02
1.9315559962668864268930946082036825828254222869873046875000000000e-02
1.9315559962669016924596832041061134077608585357666015625000000000e-02
1.9315559962669030802384639855517889373004436492919921875000000000e-02
1.9315559962668864268930946082036825828254222869873046875000000000e-02
1.9315559962668659571560780818799685221165418624877929687500000000e-02
1.9315559962668631815985165189886174630373716354370117187500000000e-02
1.9315559962669134885793198463943554088473320007324218750000000000e-02
1.9315559962668864268930946082036825828254222869873046875000000000e-02
1.9315559962668444465849759694719978142529726028442382812500000000e-02
1.9315559962668295279630825689309858717024326324462890625000000000e-02
1.9315559962668864268930946082036825828254222869873046875000000000e-02
1.9315559962668860799483994128422637004405260086059570312500000000e-02
