1.7333196556744704525110378767749352846294641494750976562500000000e-02
1.7355278781247537173149098066460283007472753524780273437500000000e-02
1.7377420094741080625055928976507857441902160644531250000000000000e-02
1.7399620703892029055515067170745169278234243392944335937500000000e-02
1.7421880807270879315540312859411642421036958694458007812500000000e-02
1.7444200601469096734152941508000367321074008941650390625000000000e-02
1.7466580290679267761788651114329695701599121093750000000000000000e-02
1.7489020078345296482780213409569114446640014648437500000000000000e-02
1.7511520168177144990417914982572256121784448623657226562500000000e-02
1.7534080765821635772283570986473932862281799316406250000000000000e-02
1.7556702078069856554076721977253328077495098114013671875000000000e-02
1.7579384312810746038291398463115910999476909637451171875000000000e-02
1.7602127679188991904446481839840998873114585876464843750000000000e-02
1.7624932387574458042545089142549841199070215225219726562500000000e-02
1.7647798649559034295242199164022167678922414779663085937500000000e-02
1.7670726677969941786905394565110327675938606262207031250000000000e-02
1.7693716686875790577992972885112976655364036560058593750000000000e-02
1.7716768891592779566757087650330504402518272399902343750000000000e-02
1.7739883508691545177526904808473773300647735595703125000000000000e-02
1.7763060756004034335120422838372178375720977783203125000000000000e-02
1.7786300852630328866998965509083063807338476181030273437500000000e-02
1.7809604018945591336064993015497748274356126785278320312500000000e-02
1.7832970476607073323505048279002949129790067672729492187500000000e-02
1.7856400448561154936655270830669905990362167358398437500000000000e-02
1.7879894159050464114146805627569847274571657180786132812500000000e-02
1.7903451833621068789437202894987422041594982147216796875000000000e-02
1.7927073699129703748811337504776020068675279617309570312500000000e-02
1.7950759983751063408874415472382679581642150878906250000000000000e-02
1.7974510916985181330218779294227715581655502319335937500000000000e-02
1.7998326729664799322749857424241781700402498245239257812500000000e-02
1.8022207653962885737231047755813051480799913406372070312500000000e-02
1.8046153923400119062359081567592511419206857681274414062500000000e-02
1.8070165772852461727460138263268163427710533142089843750000000000e-02
1.8094243438558796355231095276394626125693321228027343750000000000e-02
1.8118387158128568953374681882451113779097795486450195312500000000e-02
1.8142597170549501495173672083183191716670989990234375000000000000e-02
1.8166873716195314908405933351787098217755556106567382812500000000e-02
1.8191217036833497167069850775078521110117435455322265625000000000e-02
1.8215627375633088730344510963732318487018346786499023437500000000e-02
1.8240104977172467981549885962522239424288272857666015625000000000e-02
1.8264650087447150544894824975017399992793798446655273437500000000e-02
1.8289262953877564316096382412979437503963708877563476562500000000e-02
1.8313943825316793267976578363231965340673923492431640625000000000e-02
1.8338692952058300439377447332844894845038652420043945312500000000e-02
1.8363510585843529493432768617822148371487855911254882812500000000e-02
1.8388396979869468111923325182033295277506113052368164062500000000e-02
1.8413352388796037917284564855435746721923351287841796875000000000e-02
1.8438377068753328269501423619658453390002250671386718750000000000e-02
1.8463471277348614957292127769505896139889955520629882812500000000e-02
1.8488635273673094394641935878098593093454837799072265625000000000e-02
1.8513869318308284750429493215051479637622833251953125000000000000e-02
1.8539173673331927477692104844209097791463136672973632812500000000e-02
1.8564548602323444753681158658764616120606660842895507812500000000e-02
1.8589994370368595477671647131501231342554092407226562500000000000e-02
1.8615511244063302070950172151242441032081842422485351562500000000e-02
1.8641099491516405217694796192517969757318496704101562500000000000e-02
1.8666759382351003071498496410640655085444450378417968750000000000e-02
1.8692491187704073085651401697759865783154964447021484375000000000e-02
1.8718295180223849111245115750534750986844301223754882812500000000e-02
1.8744171634064450693291092875369940884411334991455078125000000000e-02
1.8770120824876838222516894916225282941013574600219726562500000000e-02
1.8796143029795292500594428020121995359659194946289062500000000000e-02
1.8822238527418003184443762165756197646260261535644531250000000000e-02
1.8848407597780350575256136380630778148770332336425781250000000000e-02
1.8874650522318910106367439993846346624195575714111328125000000000e-02
1.8900967583824188067431748550006886944174766540527343750000000000e-02
1.8927359066379979141148126586813305038958787918090820312500000000e-02
1.8953825255288842682732664002287492621690034866333007812500000000e-02
1.8980366436986133293896017448787461034953594207763671875000000000e-02
1.9006982898954062621843519309550174511969089508056640625000000000e-02
1.9033674929666441477671412485506152734160423278808593750000000000e-02
1.9060442818634528577836917406784777995198965072631835937500000000e-02
1.9087286856701485976417487222533964086323976516723632812500000000e-02
1.9114207336869946246560303393380308989435434341430664062500000000e-02
1.9141204556191778601847985896711179520934820175170898437500000000e-02
1.9168278819716388916560845245840027928352355957031250000000000000e-02
1.9195430447500768517121727541052678134292364120483398437500000000e-02
1.9222659790103614058098813188735221046954393386840820312500000000e-02
1.9249967276291236190077782453045074362307786941528320312500000000e-02
1.9277353279061409940808857754745986312627792358398437500000000000e-02
1.9304817936304712738815325678842782508581876754760742187500000000e-02
1.9332361350865086280226279313865234144032001495361328125000000000e-02
1.9359983847430553560720056793797994032502174377441406250000000000e-02
1.9387685851374420603621118175396986771374940872192382812500000000e-02
1.9415467734025235180261859113670652732253074645996093750000000000e-02
1.9443329839959586774478239590280281845480203628540039062500000000e-02
1.9471272500616015194152552680861845146864652633666992187500000000e-02
1.9499296041892523467797815328594879247248172760009765625000000000e-02
1.9527400787951506438977489210628846194595098495483398437500000000e-02
1.9555587063342975973068149642131174914538860321044921875000000000e-02
1.9583855194110513092686787217644450720399618148803710937500000000e-02
1.9612205508327928971112896761042065918445587158203125000000000000e-02
1.9640638336335471819671383286731725092977285385131835937500000000e-02
1.9669154010822111761092045867371780332177877426147460937500000000e-02
1.9697752866835161605907345006016839761286973953247070312500000000e-02
1.9726435241759494865210200487126712687313556671142578125000000000e-02
1.9755201475287680751291574665629013907164335250854492187500000000e-02
1.9784051909390549389700098004141182173043489456176757812500000000e-02
1.9812986888292302006808753844779857899993658065795898437500000000e-02
1.9842006758451335296511430783539253752678632736206054687500000000e-02
1.9871111868546478124164522682804090436547994613647460937500000000e-02
1.9900302569468297092525332914192404132336378097534179687500000000e-02
1.9929579214314586260714534660110075492411851882934570312500000000e-02
1.9958942158389336718471440690336748957633972167968750000000000000e-02
1.9988391759204700293128809107656707055866718292236328125000000000e-02
2.0017928376485173702636899406570591963827610015869140625000000000e-02
2.0047552372173843560076988978835288435220718383789062500000000000e-02
2.0077264110440213445984980467073910403996706008911132812500000000e-02
2.0107063957689366717751511259848484769463539123535156250000000000e-02
2.0136952282572149336425937349304149392992258071899414062500000000e-02
2.0166929455996400466499807180298375897109508514404296875000000000e-02
2.0196995851138901251209389897667279001325368881225585937500000000e-02
2.0227151843457979313312122826573613565415143966674804687500000000e-02
2.0257397810706807145253449675692536402493715286254882812500000000e-02
2.0287734132947019688453238472902739886194467544555664062500000000e-02
2.0318161192562963351937455058759951498359441757202148437500000000e-02
2.0348679374276298914558935848617693409323692321777343750000000000e-02
2.0379289065160816063482229765213560312986373901367187500000000000e-02
2.0409990654657823860862464471210842020809650421142578125000000000e-02
2.0440784534591756316235233725819853134453296661376953125000000000e-02
2.0471671099185899389549803117915871553122997283935546875000000000e-02
2.0502650745078638411245108841285400558263063430786132812500000000e-02
2.0533723871339819994075170939140662085264921188354492187500000000e-02
2.0564890879487360275668095255241496488451957702636718750000000000e-02
2.0596152173504130716841231674152368213981389999389648437500000000e-02
2.0627508159855038188945641763893945608288049697875976562500000000e-02
2.0658959247504327105815491449902765452861785888671875000000000000e-02
2.0690505847933089722534560905842226929962635040283203125000000000e-02
2.0722148375157029703830247058249369729310274124145507812500000000e-02
2.0753887245744364470345644235749205108731985092163085937500000000e-02
2.0785722878833949589516549849577131681144237518310546875000000000e-02
2.0817655696153673783310722456008079461753368377685546875000000000e-02
2.0849686122038895569330563262155919801443815231323242187500000000e-02
2.0881814583451271949421368390176212415099143981933593750000000000e-02
2.0914041509997614853855196770382463000714778900146484375000000000e-02
2.0946367333949063305187365813253563828766345977783203125000000000e-02
2.0978792490260394359991025226008787285536527633666992187500000000e-02
2.1011317416589507522939328509892220608890056610107421875000000000e-02
2.1043942553317183247196808792978117708116769790649414062500000000e-02
2.1076668343566907354302841781645838636904954910278320312500000000e-02
2.1109495233225115257136295099371636752039194107055664062500000000e-02
2.1142423670961359855047234646008291747421026229858398437500000000e-02
2.1175454108248864537600297808239702135324478149414062500000000000e-02
2.1208586999385312110710799515800317749381065368652343750000000000e-02
2.1241822801513605967205222668781061656773090362548828125000000000e-02
2.1275161974643071877144606673937232699245214462280273437500000000e-02
2.1308604981670753453215638728579506278038024902343750000000000000e-02
2.1342152288402901905151054506859509274363517761230468750000000000e-02
2.1375804363576771105481810764104011468589305877685546875000000000e-02
2.1409561678882488983122200920661271084100008010864257812500000000e-02
2.1443424708985241167180646471024374477565288543701171875000000000e-02
2.1477393931547617694777230212821450550109148025512695312500000000e-02
2.1511469827252206049594818182413291651755571365356445312500000000e-02
2.1545652879824420122822914436255814507603645324707031250000000000e-02
2.1579943576055332643548467785876709967851638793945312500000000000e-02
2.1614342405825222315218780977374990470707416534423828125000000000e-02
2.1648849862126815640772647952871921006590127944946289062500000000e-02
2.1683466441088958959193533360121364239603281021118164062500000000e-02
2.1718192642000627018417091562696441542357206344604492187500000000e-02
2.1753028967335049509435052073058614041656255722045898437500000000e-02
2.1787975922774018011640606573564582504332065582275390625000000000e-02
2.1823034017232612741254982324790034908801317214965820312500000000e-02
2.1858203762883963994223535109995282255113124847412109375000000000e-02
2.1893485675184280736527142607883433811366558074951171875000000000e-02
2.1928880272898389203195534946644329465925693511962890625000000000e-02
2.1964388078125094555526075623674842063337564468383789062500000000e-02
2.2000009616323087241473999142726825084537267684936523437500000000e-02
2.2035745416337085278435381496819900348782539367675781250000000000e-02
2.2071596010424004291605726280067756306380033493041992187500000000e-02
2.2107561934279634091593536027176014613360166549682617187500000000e-02
2.2143643727065544235532712491476559080183506011962890625000000000e-02
2.2179841931436017343770572551875375211238861083984375000000000000e-02
2.2216157093565551405855984512527356855571269989013671875000000000e-02
2.2252589763176414128231783706723945215344429016113281250000000000e-02
2.2289140493566565043304095183884783182293176651000976562500000000e-02
2.2325809841637869052055620500141230877488851547241210937500000000e-02
2.2362598367924427927855290931802301201969385147094726562500000000e-02
2.2399506636621449584545473499019863083958625793457031250000000000e-02
2.2436535215614138161210888711138977669179439544677734375000000000e-02
2.2473684676507049012839090096349536906927824020385742187500000000e-02
2.2510955594653693501161484391559497453272342681884765625000000000e-02
2.2548348549186261746690718155150534585118293762207031250000000000e-02
2.2585864123045990697891127751972817350178956985473632812500000000e-02
2.2623502903013514853114429570268839597702026367187500000000000000e-02
2.2661265479739560457783653646401944570243358612060546875000000000e-02
2.2699152447776177465854630099784117192029953002929687500000000000e-02
2.2737164405607947215148811892504454590380191802978515625000000000e-02
2.2775301955683821542031353146740002557635307312011718750000000000e-02
2.2813565704449000060005658951922669075429439544677734375000000000e-02
2.2851956262377268874752545002593251410871744155883789062500000000e-02
2.2890474244003741755015823855501366779208183288574218750000000000e-02
2.2929120267957663753533026351760781835764646530151367187500000000e-02
2.2967894956995801164501003199802653398364782333374023437500000000e-02
2.3006798938036067403434259404093609191477298736572265625000000000e-02
2.3045832842191426442779444982988934498280286788940429687500000000e-02
2.3084997304804254214527503563658683560788631439208984375000000000e-02
2.3124292965481015732498448755904973950237035751342773437500000000e-02
2.3163720468127101809185930392231966834515333175659179687500000000e-02
2.3203280460982300681394008279312402009963989257812500000000000000e-02
2.3242973596656568008311793960274371784180402755737304687500000000e-02
2.3282800532165887075208843270957004278898239135742187500000000000e-02
2.3322761928968836764308747433460666798055171966552734375000000000e-02
2.3362858453003409325843264809918764512985944747924804687500000000e-02
2.3403090774724064071499185502034379169344902038574218750000000000e-02
2.3443459569139339648824460482501308433711528778076171875000000000e-02
2.3483965515849834077011237809529120568186044692993164062500000000e-02
2.3524609299086361724473448475691839121282100677490234375000000000e-02
2.3565391607748842339731254469370469450950622558593750000000000000e-02
2.3606313135445287226810151537392812315374612808227539062500000000e-02
2.3647374580531288490448105221730656921863555908203125000000000000e-02
2.3688576646149997473322912355797598138451576232910156250000000000e-02
2.3729920040272429321293046200480603147298097610473632812500000000e-02
2.3771405475738069390523321544606005772948265075683593750000000000e-02
2.3813033670296218646811325925227720290422439575195312500000000000e-02
2.3854805346647366820489466476828965824097394943237304687500000000e-02
2.3896721232485318431315590714802965521812438964843750000000000000e-02
2.3938782060539662288611850726738339290022850036621093750000000000e-02
2.3980988568618414463751165044413937721401453018188476562500000000e-02
2.4023341499651660463365843156680057290941476821899414062500000000e-02
2.4065841601735051685784227970543724950402975082397460937500000000e-02
2.4108489628174158830864470814958622213453054428100585937500000000e-02
2.4151286337529238174015588924703479278832674026489257812500000000e-02
2.4194232493660119270861841300757077988237142562866210937500000000e-02
2.4237328865772095332076219165173824876546859741210937500000000000e-02
2.4280576228461893395493831349085667170584201812744140625000000000e-02
2.4323975361764272468123593284872185904532670974731445312500000000e-02
2.4367527051199155962990516854915767908096313476562500000000000000e-02
2.4411232087819104141779291694547282531857490539550781250000000000e-02
2.4455091268257473507974353310601145494729280471801757812500000000e-02
2.4499105394776926614142098515003453940153121948242187500000000000e-02
2.4543275275318611472474827905898564495146274566650390625000000000e-02
2.4587601723551698318370739571037120185792446136474609375000000000e-02
2.4632085558923526996677466627261310350149869918823242187500000000e-02
2.4676727606710299051107071477417775895446538925170898437500000000e-02
2.4721528698068328394610304599154915194958448410034179687500000000e-02
2.4766489670085770763430232932478247676044702529907226562500000000e-02
2.4811611365834807668706574190764513332396745681762695312500000000e-02
2.4856894634424801793226578183748642913997173309326171875000000000e-02
2.4902340331055466265963715954967483412474393844604492187500000000e-02
2.4947949317070932523376924905278428923338651657104492187500000000e-02
2.4993722460014560632357571989814459811896085739135742187500000000e-02
2.5039660633683794715986792311923636589199304580688476562500000000e-02
2.5085764718186156357893068502562528010457754135131835937500000000e-02
2.5132035599995574542964149600265955086797475814819335937500000000e-02
2.5178474172009374792979841117812611628323793411254882812500000000e-02
2.5225081333605865047120531130531162489205598831176757812500000000e-02
2.5271857990702559920714875829617085400968790054321289062500000000e-02
2.5318805055815123139506539473586599342525005340576171875000000000e-02
2.5365923448116833860410679335473105311393737792968750000000000000e-02
2.5413214093498753820554725280089769512414932250976562500000000000e-02
2.5460677924630529395111366852688661310821771621704101562500000000e-02
2.5508315881021880605628027183229278307408094406127929687500000000e-02
2.5556128909084839528897958871311857365071773529052734375000000000e-02
2.5604117962196495245086325098782253917306661605834960937500000000e-02
2.5652284000762543697549133980828628409653902053833007812500000000e-02
2.5700627992281632056004170294727373402565717697143554687500000000e-02
2.5749150911410220027297768297103175427764654159545898437500000000e-02
2.5797853740028221791735774104381562210619449615478515625000000000e-02
2.5846737467305549995622016012930544093251228332519531250000000000e-02
2.5895803089769124649688336603503557853400707244873046875000000000e-02
2.5945051611370749389262613249229616485536098480224609375000000000e-02
2.5994484043555886321197334609678364358842372894287109375000000000e-02
2.6044101405332989451757441656809533014893531799316406250000000000e-02
2.6093904723343611801178454356886504683643579483032226562500000000e-02
2.6143895031933588046779703972788411192595958709716796875000000000e-02
2.6194073373224675133075223243395157624036073684692382812500000000e-02
2.6244440797187087999198240595433162525296211242675781250000000000e-02
2.6294998361713055323729548717892612330615520477294921875000000000e-02
2.6345747132690885278227810317730472888797521591186523437500000000e-02
2.6396688184080217831617432011626078747212886810302734375000000000e-02
2.6447822597987877268899126192991388961672782897949218750000000000e-02
2.6499151464744564316022845673614938277751207351684570312500000000e-02
2.6550675882982710529489622786059044301509857177734375000000000000e-02
2.6602396959714873919677913249870471190661191940307617187500000000e-02
2.6654315810413196224937237843732873443514108657836914062500000000e-02
2.6706433559089953061471689466088719200342893600463867187500000000e-02
2.6758751338378575918008905887290893588215112686157226562500000000e-02
2.6811270289616037643121160272130509838461875915527343750000000000e-02
2.6863991562925949169171602193273429293185472488403320312500000000e-02
2.6916916317302700539793036682567617390304803848266601562500000000e-02
2.6970045720696576851960202247937559150159358978271484375000000000e-02
2.7023380950099797070951268551652901805937290191650390625000000000e-02
2.7076923191633670007227863152365898713469505310058593750000000000e-02
2.7130673640636589899477471021782548632472753524780273437500000000e-02
2.7184633501753166506809122893173480406403541564941406250000000000e-02
2.7238803989024545221253603699551604222506284713745117187500000000e-02
2.7293186325979362089055868523246317636221647262573242187500000000e-02
2.7347781745726256613648885718248493503779172897338867187500000000e-02
2.7402591491047158245297765688519575633108615875244140625000000000e-02
2.7457616814491620643723379657785699237138032913208007812500000000e-02
2.7512858978472644333468366539818816818296909332275390625000000000e-02
2.7568319255363238351463905928540043532848358154296875000000000000e-02
2.7623998927594210078817482667545846197754144668579101562500000000e-02
2.7679899287753353259722288726152328308671712875366210937500000000e-02
2.7736021638685503382104613478986721020191907882690429687500000000e-02
2.7792367293593970428711159570411837194114923477172851562500000000e-02
2.7848937576143102667902695657176082022488117218017578125000000000e-02
2.7905733820562050873093085101572796702384948730468750000000000000e-02
2.7962757371750013996036798857858229894191026687622070312500000000e-02
2.8020009585382300160150137458003882784396409988403320312500000000e-02
2.8077491828018098091179766129243944305926561355590820312500000000e-02
2.8135205477209376118130634836234094109386205673217773437500000000e-02
2.8193151921610922622241091062278428580611944198608398437500000000e-02
2.8251332561092044881601026418138644658029079437255859375000000000e-02
2.8309748806849405894370264036297157872468233108520507812500000000e-02
2.8368402081521235102989919596438994631171226501464843750000000000e-02
2.8427293819303044858370910219491634052246809005737304687500000000e-02
2.8486425466064703437840677224812679924070835113525390625000000000e-02
2.8545798479468836861272507121611852198839187622070312500000000000e-02
2.8605414329090760733320664144230249803513288497924804687500000000e-02
2.8665274496540035786829037078859983012080192565917968750000000000e-02
2.8725380475583168343733930782946117687970399856567382812500000000e-02
2.8785733772268198155108720470707339700311422348022460937500000000e-02
2.8846335905050542181005113206992973573505878448486328125000000000e-02
2.8907188404920472479808779553422937169671058654785156250000000000e-02
2.8968292815532380862775241325834940653294324874877929687500000000e-02
2.9029650693335139893802576693815353792160749435424804687500000000e-02
2.9091263607704753724192414665594696998596191406250000000000000000e-02
2.9153133141078192008821545755381521303206682205200195312500000000e-02
2.9215260889088854462380950849365035537630319595336914062500000000e-02
2.9277648460704179533831137405286426655948162078857421875000000000e-02
2.9340297478364495142866275045889778994023799896240234375000000000e-02
2.9403209578123916390079983784744399599730968475341796875000000000e-02
2.9466386409792877376645492404350079596042633056640625000000000000e-02
2.9529829637082546933690707646746886894106864929199218750000000000e-02
2.9593540937750947850126692628691671416163444519042968750000000000e-02
2.9657522003751084910261326399449899327009916305541992187500000000e-02
2.9721774541380811124335892259296088013797998428344726562500000000e-02
2.9786300271434775627232838246527535375207662582397460937500000000e-02
2.9851100929358002217250955823146796319633722305297851562500000000e-02
2.9916178265401820179913983110964181832969188690185546875000000000e-02
2.9981534044781567999171656424550747033208608627319335937500000000e-02
3.0047170047836208733871288245609321165829896926879882812500000000e-02
3.0113088070190335843179241237521637231111526489257812500000000000e-02
3.0179289922917896388243619298918929416686296463012695312500000000e-02
3.0245777432708335907829422239956329576671123504638671875000000000e-02
3.0312552442034759042632785508430970367044210433959960937500000000e-02
3.0379616809324154480531632316342438571155071258544921875000000000e-02
3.0446972409130083209172212832527293357998132705688476562500000000e-02
3.0514621132307406803363392100436612963676452636718750000000000000e-02
3.0582564886189423508655593764160585124045610427856445312500000000e-02
3.0650805594767259465438513643675833009183406829833984375000000000e-02
3.0719345198871657320882633257497218437492847442626953125000000000e-02
3.0788185656357009573058647333709814120084047317504882812500000000e-02
3.0857328942288118900361126861753291450440883636474609375000000000e-02
3.0926777049129092200807633616932434961199760437011718750000000000e-02
3.0996531986934909574937790921467239968478679656982421875000000000e-02
3.1066595783545529474434232497515040449798107147216796875000000000e-02
3.1136970484782519608124573551322100684046745300292968750000000000e-02
3.1207658154648390547158953722828300669789314270019531250000000000e-02
3.1278660875528302431902716307376977056264877319335937500000000000e-02
3.1349980748395067653433443410904146730899810791015625000000000000e-02
3.1421619893016228264315259366412647068500518798828125000000000000e-02
3.1493580448164304463887219753814861178398132324218750000000000000e-02
3.1565864571829811702219359403898124583065509796142578125000000000e-02
3.1638474441437129669463246273153345100581645965576171875000000000e-02
3.1711412254063264803960464632837101817131042480468750000000000000e-02
3.1784680226659589585835874459007754921913146972656250000000000000e-02
3.1858280596276655760590301724732853472232818603515625000000000000e-02
3.1932215620291942714814581449900288134813308715820312500000000000e-02
3.2006487576640853254250629333910183049738407135009765625000000000e-02
3.2081098764050762495170232568852952681481838226318359375000000000e-02
3.2156051502278348852570388771709986031055450439453125000000000000e-02
3.2231348132350172430715673499435069970786571502685546875000000000e-02
3.2306991016806493877133732439688174054026603698730468750000000000e-02
3.2382982539948555744668823308529681526124477386474609375000000000e-02
3.2459325108089215339290944939421024173498153686523437500000000000e-02
3.2536021149807137220477670780383050441741943359375000000000000000e-02
3.2613073116204378820714993025831063278019428253173828125000000000e-02
3.2690483481167702251024564930048654787242412567138671875000000000e-02
3.2768254741633542903578302230016561225056648254394531250000000000e-02
3.2846389417856447501264938182430341839790344238281250000000000000e-02
3.2924890053681661605811115123287891037762165069580078125000000000e-02
3.3003759216821179633960525734437396749854087829589843750000000000e-02
3.3082999499133999843358822090522153303027153015136718750000000000e-02
3.3162613516910063871101499444193905219435691833496093750000000000e-02
3.3242603911158373486411932162809534929692745208740234375000000000e-02
3.3322973347899180474041003208185429684817790985107421875000000000e-02
3.3403724518460416181842020932890591211616992950439453125000000000e-02
3.3484860139778062360083055182258249260485172271728515625000000000e-02
3.3566382954701122487417563888811855576932430267333984375000000000e-02
3.3648295732300860516605922612143331207334995269775390625000000000e-02
3.3730601268184383367820800003755721263587474822998046875000000000e-02
3.3813302384812914114231574558289139531552791595458984375000000000e-02
3.3896401931824547693050675434278673492372035980224609375000000000e-02
3.3979902786361641797707733303468558005988597869873046875000000000e-02
3.4063807853403030301286946723848814144730567932128906250000000000e-02
3.4148120066101080027909375758099486120045185089111328125000000000e-02
3.4232842386123625566529682373584364540874958038330078125000000000e-02
3.4317977804000837638298548881721217185258865356445312500000000000e-02
3.4403529339477330328822546334777143783867359161376953125000000000e-02
3.4489500041869236568459200498182326555252075195312500000000000000e-02
3.4575892990426689010963201553749968297779560089111328125000000000e-02
3.4662711294701643860438622368747019208967685699462890625000000000e-02
3.4749958094920985196552010165760293602943420410156250000000000000e-02
3.4837636562365381642791817284887656569480895996093750000000000000e-02
3.4925749899753652516487534285261062905192375183105468750000000000e-02
3.5014301341632830810723930881067644804716110229492187500000000000e-02
3.5103294154774075663816290671093156561255455017089843750000000000e-02
3.5192731638574642483163756878639105707406997680664062500000000000e-02
3.5282617125465681739981960163277108222246170043945312500000000000e-02
3.5372953981326282768549162938143126666545867919921875000000000000e-02
3.5463745605903755631072016285543213598430156707763671875000000000e-02
3.5554995433240269009367295893753180280327796936035156250000000000e-02
3.5646706932106017595707214695721631869673728942871093750000000000e-02
3.5738883606438745510480714528966927900910377502441406250000000000e-02
3.5831528995790236369334280652765301056206226348876953125000000000e-02
3.5924646675779541016293450184093671850860118865966796875000000000e-02
3.6018240258553081700743092596894712187349796295166015625000000000e-02
3.6112313393251840865083579501515487208962440490722656250000000000e-02
3.6206869766485710870895786683831829577684402465820312500000000000e-02
3.6301913102815407119461355023304349742829799652099609375000000000e-02
3.6397447165241451905171032876751269213855266571044921875000000000e-02
3.6493475755701006157938337537416373379528522491455078125000000000e-02
3.6590002715572424174528265439221286214888095855712890625000000000e-02
3.6687031926187455010968108126689912751317024230957031250000000000e-02
3.6784567309351832997688092063981457613408565521240234375000000000e-02
3.6882612827873605121364875003564520739018917083740234375000000000e-02
3.6981172486100062635205887318079476244747638702392578125000000000e-02
3.7080250330463034036387881542395916767418384552001953125000000000e-02
3.7179850450032733699678999528259737417101860046386718750000000000e-02
3.7279976977080533928621264294633874669671058654785156250000000000e-02
3.7380634087650493890819802800251636654138565063476562500000000000e-02
3.7481826002140151976593784866054193116724491119384765625000000000e-02
3.7583556985890456680898807917401427403092384338378906250000000000e-02
3.7685831349785300914412289330357452854514122009277343750000000000e-02
3.7788653450860500149222076515798107720911502838134765625000000000e-02
3.7892027692922630732752509175043087452650070190429687500000000000e-02
3.7995958527178033681259705645061330869793891906738281250000000000e-02
3.8100450452871678641564301415201043710112571716308593750000000000e-02
3.8205508017936665177138877425022656098008155822753906250000000000e-02
3.8311135819654201783990288276982028037309646606445312500000000000e-02
3.8417338505324201414214968508531455881893634796142578125000000000e-02
3.8524120772947152702148088110334356315433979034423828125000000000e-02
3.8631487371916913009517458021946367807686328887939453125000000000e-02
3.8739443103725033912265729441060102544724941253662109375000000000e-02
3.8847992822676598312359175224628415890038013458251953125000000000e-02
3.8957141436618041019368519073395873419940471649169921875000000000e-02
3.9066893907676925046246196870924904942512512207031250000000000000e-02
3.9177255253014034441783053352992283180356025695800781250000000000e-02
3.9288230545588061215500630396491033025085926055908203125000000000e-02
3.9399824914933039010644932886862079612910747528076171875000000000e-02
3.9512043547948828836613444082104251720011234283447265625000000000e-02
3.9624891689704844210950795968528836965560913085937500000000000000e-02
3.9738374644257473677910752485331613570451736450195312500000000000e-02
3.9852497775481200703584505617982358671724796295166015625000000000e-02
3.9967266507913781770078287536307470872998237609863281250000000000e-02
4.0082686327615947574631860561567009426653385162353515625000000000e-02
4.0198762783045731417086443570951814763247966766357421875000000000e-02
4.0315501485947542736898441262383130379021167755126953125000000000e-02
4.0432908112256832344755252961476799100637435913085937500000000000e-02
4.0550988403020050976355292959851794876158237457275390625000000000e-02
4.0669748165330671385575556087133008986711502075195312500000000000e-02
4.0789193273281128260254746464852360077202320098876953125000000000e-02
4.0909329668931640466844612546992721036076545715332031250000000000e-02
4.1030163363295651945961139972496312111616134643554687500000000000e-02
4.1151700437342501881499146065834793262183666229248046875000000000e-02
4.1273947043017664149111567439831560477614402770996093750000000000e-02
4.1396909404280930744324251691068639047443866729736328125000000000e-02
4.1520593818162886134981448549297056160867214202880859375000000000e-02
4.1645006655839894582626925512158777564764022827148437500000000000e-02
4.1770154363728315138892810409743105992674827575683593750000000000e-02
4.1896043464598048400304719507403206080198287963867187500000000000e-02
4.2022680558705963194121579817874589934945106506347656250000000000e-02
4.2150072324949439117602878468460403382778167724609375000000000000e-02
4.2278225522040857597971807990688830614089965820312500000000000000e-02
4.2407146989702916572984037202331819571554660797119140625000000000e-02
4.2536843649885677787203519528702599927783012390136718750000000000e-02
4.2667322508005575687484167701768456026911735534667968750000000000e-02
4.2798590654206894456912380064750323072075843811035156250000000000e-02
4.2930655264646143398632460730368620716035366058349609375000000000e-02
4.3063523602799906597748957892690668813884258270263671875000000000e-02
4.3197203020796812178438983664818806573748588562011718750000000000e-02
4.3331700960773503195078149019536795094609260559082031250000000000e-02
4.3467024956256164469614589052071096375584602355957031250000000000e-02
4.3603182633567105774829997244523838162422180175781250000000000000e-02
4.3740181713257580975451332960801664739847183227539062500000000000e-02
4.3878030011567273338535244420199887827038764953613281250000000000e-02
4.4016735441910960491274096284541883505880832672119140625000000000e-02
4.4156306016392997404462761323884478770196437835693359375000000000e-02
4.4296749847350144757562873110146028921008110046386718750000000000e-02
4.4438075148923478208118353904865216463804244995117187500000000000e-02
4.4580290238660134904957743628983735106885433197021484375000000000e-02
4.4723403539145015206379696337535278871655464172363281250000000000e-02
4.4867423579663959221086599882255541160702705383300781250000000000e-02
4.5012358997898162249473585916348383761942386627197265625000000000e-02
4.5158218541651355681931789831651258282363414764404296875000000000e-02
4.5305011070610010093240305195649852976202964782714843750000000000e-02
4.5452745558137129522346953081068932078778743743896484375000000000e-02
4.5601431093101260638711380579479737207293510437011718750000000000e-02
4.5751076881740265767106734529079403728246688842773437500000000000e-02
4.5901692249561851233430331831186776980757713317871093750000000000e-02
4.6053286643280816337053806819312740117311477661132812500000000000e-02
4.6205869632794334400660574146968428976833820343017578125000000000e-02
4.6359450913195876520234151030308566987514495849609375000000000000e-02
4.6514040306829013138312234332261141389608383178710937500000000000e-02
4.6669647765381419568520016127877170220017433166503906250000000000e-02
4.6826283372020653661405020784513908438384532928466796875000000000e-02
4.6983957343572427256539469908602768555283546447753906250000000000e-02
4.7142680032742023676917142438469454646110534667968750000000000000e-02
4.7302461930380505783499955896331812255084514617919921875000000000e-02
4.7463313667796255823638773563288850709795951843261718750000000000e-02
4.7625246019113005868650390084440005011856555938720703125000000000e-02
4.7788269903675885397209555094377719797194004058837890625000000000e-02
4.7952396388505860724826845853385748341679573059082031250000000000e-02
4.8117636690804321819570077423122711479663848876953125000000000000e-02
4.8284002180508885093690452094961074180901050567626953125000000000e-02
4.8451504382901522394178073227521963417530059814453125000000000000e-02
4.8620154981270077843014121299347607418894767761230468750000000000e-02
4.8789965819625157050776209644027403555810451507568359375000000000e-02
4.8960948905472950754003136353276204317808151245117187500000000000e-02
4.9133116412645554127447411474349792115390300750732421875000000000e-02
4.9306480684190780172659884783570305444300174713134765625000000000e-02
4.9481054235321952905479747641948051750659942626953125000000000000e-02
4.9656849756429664866086426400215714238584041595458984375000000000e-02
4.9833880116157441841906461377220693975687026977539062500000000000e-02
5.0012158364541856037099876175489043816924095153808593750000000000e-02
5.0191697736219585690431443936176947318017482757568359375000000000e-02
5.0372511653702760348050304628486628644168376922607421875000000000e-02
5.0554613730724069775579465613191132433712482452392578125000000000e-02
5.0738017775653933283397378772860975004732608795166015625000000000e-02
5.0922737794990909077075258437616867013275623321533203125000000000e-02
5.1108787996927633467958429491773131303489208221435546875000000000e-02
5.1296182794994038545155490282922983169555664062500000000000000000e-02
5.1484936811779978549363789852577610872685909271240234375000000000e-02
5.1675064882738666605099808748491341248154640197753906250000000000e-02
5.1866582060074079008060721207584720104932785034179687500000000000e-02
5.2059503616713451168429571680462686344981193542480468750000000000e-02
5.2253845050367467295338030908169457688927650451660156250000000000e-02
5.2449622087680725091018985040136612951755523681640625000000000000e-02
5.2646850688474154666973703342591761611402034759521484375000000000e-02
5.2845547050082285200911513811661279760301113128662109375000000000e-02
5.3045727611787725497283219056043890304863452911376953125000000000e-02
5.3247409059355294003168523886415641754865646362304687500000000000e-02
5.3450608329668566898185133595688967034220695495605468750000000000e-02
5.3655342615471335321331025625113397836685180664062500000000000000e-02
5.3861629370217128931486172405129764229059219360351562500000000000e-02
5.4069486313029373192318161045477609150111675262451171875000000000e-02
5.4278931433775046144774023559875786304473876953125000000000000000e-02
5.4489982998255241664065096074409666471183300018310546875000000000e-02
5.4702659553515844970128512159135425463318824768066406250000000000e-02
5.4916979933280665737704850926093058660626411437988281250000000000e-02
5.5132963263511622353796326478914124891161918640136718750000000000e-02
5.5350628968098718185597562069233390502631664276123046875000000000e-02
5.5569996774683230733593575223494553938508033752441406250000000000e-02
5.5791086720618256189485606455491506494581699371337890625000000000e-02
5.6013919159070092723684552993290708400309085845947265625000000000e-02
5.6238514765264466244154561991308582946658134460449218750000000000e-02
5.6464894542881574612813722069404320791363716125488281250000000000e-02
5.6693079830604078961364677979872794821858406066894531250000000000e-02
5.6923092308822413609714629956215503625571727752685546875000000000e-02
5.7154954006501855479083218369851238094270229339599609375000000000e-02
5.7388687308215780014108986506471410393714904785156250000000000000e-02
5.7624314961349863695172501820707111619412899017333984375000000000e-02
5.7861860083482340166849411389193846844136714935302734375000000000e-02
5.8101346169944979858090761126732104457914829254150390625000000000e-02
5.8342797101570052775709740444654016755521297454833984375000000000e-02
5.8586237152629082325372422701548202894628047943115234375000000000e-02
5.8831690998968198813567909155608504079282283782958984375000000000e-02
5.9079183726346448657373855439800536260008811950683593750000000000e-02
5.9328740838982721439442968858202220872044563293457031250000000000e-02
5.9580388268317137356877566389812272973358631134033203125000000000e-02
5.9834152381994028246925410030598868615925312042236328125000000000e-02
6.0090059993072042487938233534805476665496826171875000000000000000e-02
6.0348138369468722064237198310365783981978893280029296875000000000e-02
6.0608415243646740488969726357026956975460052490234375000000000000e-02
6.0870918822548109039516361917776521295309066772460937500000000000e-02
6.1135677797785087372872681044100318104028701782226562500000000000e-02
6.1402721356094397409108864849258679896593093872070312500000000000e-02
6.1672079190063400222499012670596130192279815673828125000000000000e-02
6.1943781509136347507293862690858077257871627807617187500000000000e-02
6.2217859050909138374230167300993343815207481384277343750000000000e-02
6.2494343092721747756623784653129405342042446136474609375000000000e-02
6.2773265463557215149137391563272103667259216308593750000000000000e-02
6.3054658556256665269401651130465324968099594116210937500000000000e-02
6.3338555340060748166663984193291980773210525512695312500000000000e-02
6.3624989373486942612068162361538270488381385803222656250000000000e-02
6.3913994817553831939704878095653839409351348876953125000000000000e-02
6.4205606449362989662787981615110766142606735229492187500000000000e-02
6.4499859676050180778972276129934471100568771362304687500000000000e-02
6.4796790549117022628422546404181048274040222167968750000000000000e-02
6.5096435779155886747204817766032647341489791870117187500000000000e-02
6.5398832750980698258480572349071735516190528869628906250000000000e-02
6.5704019539175748110260144585481612011790275573730468750000000000e-02
6.6012034924077644948425813709036447107791900634765625000000000000e-02
6.6322918408203132556444359124725451692938804626464843750000000000e-02
6.6636710233138038428357674547442002221941947937011718750000000000e-02
6.6953451396902785575093730585649609565734863281250000000000000000e-02
6.7273183671809205774749784723098855465650558471679687500000000000e-02
6.7595949622826098646122261470736702904105186462402343750000000000e-02
6.7921792626469981724035562820063205435872077941894531250000000000e-02
6.8250756890238364893441769254422979429364204406738281250000000000e-02
6.8582887472604339706983012092678109183907508850097656250000000000e-02
6.8918230303591551666464454228844260796904563903808593750000000000e-02
6.9256832205948470893019930372247472405433654785156250000000000000e-02
6.9598740916943332979194281051604775711894035339355468750000000000e-02
6.9944005110800858138198066171753453090786933898925781250000000000e-02
7.0292674421802342488163617417740169912576675415039062500000000000e-02
7.0644799468073171677673371959826909005641937255859375000000000000e-02
7.1000431876080336013323801580554572865366935729980468750000000000e-02
7.1359624305866412030674439392896601930260658264160156250000000000e-02
7.1722430477044754604243337325897300615906715393066406250000000000e-02
7.2088905195582794749320498794986633583903312683105468750000000000e-02
7.2459104381402947292478700092033250257372856140136718750000000000e-02
7.2833085096828287241521593387005850672721862792968750000000000000e-02
7.3210905575904830500100217705039540305733680725097656250000000000e-02
7.3592625254631588438414269148779567331075668334960937500000000000e-02
7.3978304802131536477283191288734087720513343811035156250000000000e-02
7.4368006152797233587747882666008081287145614624023437500000000000e-02
7.4761792539447757821591267202165909111499786376953125000000000000e-02
7.5159728527533720132680628012167289853096008300781250000000000000e-02
7.5561880050428936739237428810156416147947311401367187500000000000e-02
7.5968314445850324001519027206086320802569389343261718750000000000e-02
7.6379100493446774877703830952668795362114906311035156250000000000e-02
7.6794308453602425079687066045153187587857246398925781250000000000e-02
7.7214010107499869706160211535461712628602981567382812500000000000e-02
7.7638278798490542587096285842562792822718620300292968750000000000e-02
7.8067189474823620032317705863533774390816688537597656250000000000e-02
7.8500818733785088232579596478899475187063217163085937500000000000e-02
7.8939244867300958907740948689024662598967552185058593750000000000e-02
7.9382547909063017055331101801129989326000213623046875000000000000e-02
7.9830809683235734452999565746722510084509849548339843750000000000e-02
8.0284113854806507526440384481247747316956520080566406250000000000e-02
8.0742545981645111319302543506637448444962501525878906250000000000e-02
8.1206193568339496424712820044078398495912551879882812500000000000e-02
8.1675146121879843574831170371908228844404220581054687500000000000e-02
8.2149495209264650208424995980749372392892837524414062500000000000e-02
8.2629334517107258517576440226548584178090095520019531250000000000e-02
8.3114759913323871254320351908972952514886856079101562500000000000e-02
8.3605869510988931048167671633564168587327003479003906250000000000e-02
8.4102763734446445154091520635120104998350143432617187500000000000e-02
8.4605545387771388665676397522474871948361396789550781250000000000e-02
8.5114319725679579708987887443072395399212837219238281250000000000e-02
8.5629194526987043034615965098055312409996986389160156250000000000e-02
8.6150280170729107154237169652333250269293785095214843750000000000e-02
8.6677689715049896501675164017797214910387992858886718750000000000e-02
8.7211538978981845149363039126910734921693801879882812500000000000e-02
8.7751946627239382769936071326810633763670921325683593750000000000e-02
8.8299034258156314236565265218814602121710777282714843750000000000e-02
8.8852926494905337673202438963926397264003753662109375000000000000e-02
8.9413751080142087057645028380648000165820121765136718750000000000e-02
8.9981638974224897875586748341447673738002777099609375000000000000e-02
9.0556724457169640585263437060348223894834518432617187500000000000e-02
9.1139145234505725134965814504539594054222106933593750000000000000e-02
9.1729042547208372582190349930897355079650878906250000000000000000e-02
9.2326561285892269625996675586065975949168205261230468750000000000e-02
9.2931850109459979147885633210535161197185516357421875000000000000e-02
9.3545061568408915952943516458617523312568664550781250000000000000e-02
9.4166352233012784456178678738069720566272735595703125000000000000e-02
9.4795882826602284598749292854336090385913848876953125000000000000e-02
9.5433818364184769267311025942035485059022903442382812500000000000e-02
9.6080328296653236264113218112470349296927452087402343750000000000e-02
9.6735586660849109952309277105086948722600936889648437500000000000e-02
9.7399772235758880212230792494665365666151046752929687500000000000e-02
9.8073068705138460865455840576032642275094985961914062500000000000e-02
9.8755664826875685924356673695001518353819847106933593750000000000e-02
9.9447754609419791727020765392808243632316589355468750000000000000e-02
1.0014953749562398310768429610106977634131908416748046875000000000e-01
1.0086121855436623595547729337340570054948329925537109375000000000e-01
1.0158300868033649788646499700917047448456287384033203125000000000e-01
1.0231512480239816909044492376779089681804180145263671875000000000e-01
1.0305779010095589276474470352695789188146591186523437500000000000e-01
1.0381123423478907930039838447555666789412498474121093750000000000e-01
1.0457569357783290386887387057868181727826595306396484375000000000e-01
1.0535141146642161558144579203144530765712261199951171875000000000e-01
1.0613863845753676584671154614625265821814537048339843750000000000e-01
1.0693763259863539594185510850365972146391868591308593750000000000e-01
1.0774865970966979178413680529047269374132156372070312500000000000e-01
1.0857199367794569122569470209782593883574008941650390625000000000e-01
1.0940791676650542252335895909709506668150424957275390625000000000e-01
1.1025671993676659787819716029844130389392375946044921875000000000e-01
1.1111870318619067321552762450664886273443698883056640625000000000e-01
1.1199417590180327231053070136113092303276062011718750000000000000e-01
1.1288345723044410084945354810770368203520774841308593750000000000e-01
1.1378687646667436095260228512415778823196887969970703125000000000e-01
1.1470477345933420554313642014676588587462902069091796875000000000e-01
1.1563749903780419503451781793046393431723117828369140625000000000e-01
1.1658541545909299752548093920268001966178417205810546875000000000e-01
1.1754889687694951294627543347814935259521007537841796875000000000e-01
1.1852832983427542823395839377553784288465976715087890625000000000e-01
1.1952411378019862919774851661713910289108753204345703125000000000e-01
1.2053666161326166694767181297720526345074176788330078125000000000e-01
1.2156640025227737067492483902242383919656276702880859375000000000e-01
1.2261377123650767095863756139806355349719524383544921875000000000e-01
1.2367923135694085245983586673901299946010112762451171875000000000e-01
1.2476325332056192873864119974314235150814056396484375000000000000e-01
1.2586632644964526606123911278700688853859901428222656250000000000e-01
1.2698895741824434146849398530321195721626281738281250000000000000e-01
1.2813167102820588461042916605947539210319519042968750000000000000e-01
1.2929501102720658556322064214327838271856307983398437500000000000e-01
1.3047954097149153107615404678654158487915992736816406250000000000e-01
1.3168584513618844522575557220989139750599861145019531250000000000e-01
1.3291452947628992764528277348290430381894111633300781250000000000e-01
1.3416622264162270106169216887792572379112243652343750000000000000e-01
1.3544157704937578867721015285496832802891731262207031250000000000e-01
1.3674127001803268455226714195305248722434043884277343750000000000e-01
1.3806600496684984236139825952704995870590209960937500000000000000e-01
1.3941651268534036023361011302768019959330558776855468750000000000e-01
1.4079355267758250636056516214011935517191886901855468750000000000e-01
1.4219791458654362781288682526792399585247039794921875000000000000e-01
1.4363041970403658820210068824962945654988288879394531250000000000e-01
1.4509192257237041312478709187416825443506240844726562500000000000e-01
1.4658331268426524895964746519894106313586235046386718750000000000e-01
1.4810551628812734792361993640952277928590774536132812500000000000e-01
1.4965949830639732609505188065668335184454917907714843750000000000e-01
1.5124626437530025446775994169001933187246322631835937500000000000e-01
1.5286686301508356500278296152828261256217956542968750000000000000e-01
1.5452238794055514481406987670197850093245506286621093750000000000e-01
1.5621398052265458855636381940712453797459602355957031250000000000e-01
1.5794283241265874573322491869475925341248512268066406250000000000e-01
1.5971018834175371159389555941743310540914535522460937500000000000e-01
1.6151734910972631587000591935066040605306625366210937500000000000e-01
1.6336567477794122771328488852304872125387191772460937500000000000e-01
1.6525658808297086221905658476316602900624275207519531250000000000e-01
1.6719157808900886319491974063566885888576507568359375000000000000e-01
1.6917220409862412933144071303104283288121223449707031250000000000e-01
1.7120009984361864163737720900826388970017433166503906250000000000e-01
1.7327697797944682789328396665951004251837730407714843750000000000e-01
1.7540463490944693814022059541457565501332283020019531250000000000e-01
1.7758495596711962316582855692104203626513481140136718750000000000e-01
1.7981992098827329074062220115592936053872108459472656250000000000e-01
1.8211161030717093467501399572938680648803710937500000000000000000e-01
1.8446221121542649701297023057122714817523956298828125000000000000e-01
1.8687402492510551965665399620775133371353149414062500000000000000e-01
1.8934947408346580743909726152196526527404785156250000000000000000e-01
1.9189111088990581932556267474865308031439781188964843750000000000e-01
1.9450162587351338405738943038159050047397613525390625000000000000e-01
1.9718385739320312688427350167330587282776832580566406250000000000e-01
1.9994080193272290024708581768209114670753479003906250000000000000e-01
2.0277562526692805011663267578114755451679229736328125000000000000e-01
2.0569167458930731617883225226250942796468734741210937500000000000e-01
2.0869249169545625588462200994399609044194221496582031250000000000e-01
2.1178182733521302982815370796743081882596015930175781250000000000e-01
2.1496365685153157043529859038244467228651046752929687500000000000e-01
2.1824219724817450760667725262464955449104309082031250000000000000e-01
2.2162192583443918181274057133123278617858886718750000000000000000e-01
2.2510760062716164697782517123414436355233192443847656250000000000e-01
2.2870428269739684346006924897665157914161682128906250000000000000e-01
2.3241736069197108105477411754691274836659431457519531250000000000e-01
2.3625257776870101089627951296279206871986389160156250000000000000e-01
2.4021606124133718096480549775151303038001060485839843750000000000e-01
2.4431435524106617784845241203584009781479835510253906250000000000e-01
2.4855445677822032846115973825362743809819221496582031250000000000e-01
2.5294385560193027862041503794898744672536849975585937500000000000e-01
2.5749057835886318690299390254949685186147689819335937500000000000e-01
2.6220323757163299660533084534108638763427734375000000000000000000e-01
2.6709108609687043367486580791592132300138473510742187500000000000e-01
2.7216407775165996074662189130322076380252838134765625000000000000e-01
2.7743293498505766647710402139637153595685958862304687500000000000e-01
2.8290922451630973188940743057173676788806915283203125000000000000e-01
2.8860544211531524716463081858819350600242614746093750000000000000e-01
2.9453510777373798079636912916612345725297927856445312500000000000e-01
3.0071287285926717736117552703944966197013854980468750000000000000e-01
3.0715464096585126663185860707017127424478530883789062500000000000e-01
3.1387770464192965569338866771431639790534973144531250000000000000e-01
3.2090090037909313469555172559921629726886749267578125000000000000e-01
3.2824478488784769592001566707040183246135711669921875000000000000e-01
3.3593183602309473201330547453835606575012207031250000000000000000e-01
3.4398668261857945349646570321056060492992401123046875000000000000e-01
3.5243636804203909429489272042701486498117446899414062500000000000e-01
3.6131065357227676315687858732417225837707519531250000000000000000e-01
3.7064236858465987589639212274050805717706680297851562500000000000e-01
3.8046781643831784069931245539919473230838775634765625000000000000e-01
3.9082724641396959786021625404828228056430816650390625000000000000e-01
4.0176540487358858300126485119108110666275024414062500000000000000e-01
4.1333218132073590300734622360323555767536163330078125000000000000e-01
4.2558336926715939485532658181909937411546707153320312500000000000e-01
4.3858156615515009324468564955168403685092926025390625000000000000e-01
4.5239724320476709662486314300622325390577316284179687500000000000e-01
4.6711002352531538761581941798795014619827270507812500000000000000e-01
4.8281021772053528406942746187269221991300582885742187500000000000e-01
4.9960067922111889293645958787237759679555892944335937500000000000e-01
5.1759906024800672597052653145510703325271606445312500000000000000e-01
5.3694057260465766212575999816181138157844543457031250000000000000e-01
5.5778139073006860471082291041966527700424194335937500000000000000e-01
5.8030287783091738518237434618640691041946411132812500000000000000e-01
6.0471687759333381251281025470234453678131103515625000000000000000e-01
6.3127239825488634661354581112391315400600433349609375000000000000e-01
6.6026413639997794113867257692618295550346374511718750000000000000e-01
6.9204345936666034067030750520643778145313262939453125000000000000e-01
7.2703271568406147018492902134312316775321960449218750000000000000e-01
7.6574411233897365924860878294566646218299865722656250000000000000e-01
8.0880495517379269454494306046399287879467010498046875000000000000e-01
8.5699190319893381317939429209218360483646392822265625000000000000e-01
9.1127823047154177249495887735974974930286407470703125000000000000e-01
9.7290024741739600244727625977247953414916992187500000000000000000e-01
1.0434525997123378360242895723786205053329467773437500000000000000e+00
1.1250282363579569011591274829697795212268829345703125000000000000e+00
1.2204295444805861592385554104112088680267333984375000000000000000e+00
1.3334967746304735580764599944814108312129974365234375000000000000e+00
1.4696375303104891596461811786866746842861175537109375000000000000e+00
1.6367172487299677108296691585564985871315002441406250000000000000e+00
1.8466346138892764106032018389669246971607208251953125000000000000e+00
2.1182869168044509144976927927928045392036437988281250000000000000e+00
2.4836027120575683291292534704552963376045227050781250000000000000e+00
3.0011143512792273213563021272420883178710937500000000000000000000e+00
3.7909574413571842654846477671526372432708740234375000000000000000e+00
5.1448530423685268075928433972876518964767456054687500000000000000e+00
8.0025747869075622986656526336446404457092285156250000000000000000e+00
1.7999235908745507828143672668375074863433837890625000000000000000e+01
