1.1265404350992574029075368735597351133037591353058815002441406250e-05
2.5273613672492257630104728338693576006335206329822540283203125000e-05
3.9212190973374141825334021627114111652190331369638442993164062500e-05
5.3081310742624064765663588483235457715636584907770156860351562500e-05
6.6881193697476310779624630864503842531121335923671722412109375000e-05
8.0612175074822498238406864867755530212889425456523895263671875000e-05
9.4274482819031837953563379706167779659153893589973449707031250000e-05
1.0786835004232645527158518383714636001968756318092346191406250000e-04
1.2139403997052380869588195100305938467499800026416778564453125000e-04
1.3485180008374080982622156277273006708128377795219421386718750000e-04
1.4824187546783824443764887579533251482644118368625640869140625000e-04
1.6156451311854819370694702485025118221528828144073486328125000000e-04
1.7481995805682408115511172752576385391876101493835449218750000000e-04
1.8800845395978475435051768815952755176112987101078033447265625000e-04
2.0113024349364028338371657156358196516521275043487548828125000000e-04
2.1418556816079289159375498297066542363609187304973602294921875000e-04
2.2717466831294954058770296789759868261171504855155944824218750000e-04
2.4009778317158218048817108769554806713131256401538848876953125000e-04
2.5295515083184047294348473222669326787581667304039001464843750000e-04
2.6574700826911780079941927112940902588889002799987792968750000000e-04
2.7847359134638955497839662989179032592801377177238464355468750000e-04
2.9113513482116642116723226330066154332598671317100524902343750000e-04
3.0373187235242506088958580612313653546152636408805847167968750000e-04
3.1626403650759069875741946731295684003271162509918212890625000000e-04
3.2873185876951661974626484052919295208994299173355102539062500000e-04
3.4113556954342371362043362381655242643319070339202880859375000000e-04
3.5347539816401544326973649390311038587242364883422851562500000000e-04
3.6575157290254272290583315019318888516863808035850524902343750000e-04
3.7796432097384288382665995520426349685294553637504577636718750000e-04
3.9011386854378532441575688771706609259126707911491394042968750000e-04
4.0220044073655756558180462967300172749673947691917419433593750000e-04
4.1422426164226160485992700444057845743373036384582519531250000000e-04
4.2618555432476793115928459521057902747998014092445373535156250000e-04
4.3808454082964998731186678782023591338656842708587646484375000000e-04
4.4992144219265997476600582594130628422135487198829650878906250000e-04
4.6169647844836772228663268613502168591367080807685852050781250000e-04
4.7340986863949610034124626523066581285092979669570922851562500000e-04
4.8506183082677685252867560983247585681965574622154235839843750000e-04
4.9665258209930234108153701555465886485762894153594970703125000000e-04
5.0818233858596973447768752052411400654818862676620483398437500000e-04
5.1965131546775455550352118549994884233456104993820190429687500000e-04
5.3105972699121577456499165847958465747069567441940307617187500000e-04
5.4240778648347530953299777678466853103600442409515380859375000000e-04
5.5369570636880686108349802765360436751507222652435302734375000000e-04
5.6492369818733482230571629756354923301842063665390014648437500000e-04
5.7609197261614412868130363776231206429656594991683959960937500000e-04
5.8720073949330184141792710050822279299609363079071044921875000000e-04
5.9825020784535153876154689456257074198219925165176391601562500000e-04
6.0924058591936721112486408102881796367000788450241088867187500000e-04
6.2017208121957218946301848561120095837395638227462768554687500000e-04
6.3104490055043563952880125711430991941597312688827514648437500000e-04
6.4185925006800031902137737560565255989786237478256225585937500000e-04
6.5261533533893364891070865141387002950068563222885131835937500000e-04
6.6331336141192372753833117471344849036540836095809936523437500000e-04
6.7395353290343234988618581482455738296266645193099975585937500000e-04
6.8453605409976863056809026630844527971930801868438720703125000000e-04
6.9506112908110525248905897655049557215534150600433349609375000000e-04
7.0552896187339980259983773791532257746439427137374877929687500000e-04
7.1593975663355774625984384584853614796884357929229736328125000000e-04
7.2629371787865358318231345791105013631749898195266723632812500000e-04
7.3659105077072105100671750577134844206739217042922973632812500000e-04
7.4683196147154755264313541474052726698573678731918334960937500000e-04
7.5701665758899356999112040256250111269764602184295654296875000000e-04
7.6714534873733859592082051648276319610886275768280029296875000000e-04
7.7721824724420404423980146546568903431762009859085083007812500000e-04
7.8723556903713583221549043855702620930969715118408203125000000000e-04
7.9719753474586459076473010654240169969853013753890991210937500000e-04
8.0710437103637990008397906649406650103628635406494140625000000000e-04
8.1695631214430744753557389614684325351845473051071166992187500000e-04
8.2675360144348990481394379159496565989684313535690307617187500000e-04
8.3649649258171808550305081908504689636174589395523071289062500000e-04
8.4618524909531062528494915753185523499269038438796997070312500000e-04
8.5582014019595432138126644971976020315196365118026733398437500000e-04
8.6540142827576946663037382734273705864325165748596191406250000000e-04
8.7492933979629069866923440912387377466075122356414794921875000000e-04
8.8440400414125427269729229351469257380813360214233398437500000000e-04
8.9382534731579689219610473926991289772558957338333129882812500000e-04
9.0319284513552128019348019805079275101888924837112426757812500000e-04
9.1250480751903565151267327948403362825047224760055541992187500000e-04
9.2176073887824578906996508820270719297695904970169067382812500000e-04
9.3096377331009319035237670192373116151429712772369384765625000000e-04
9.4011691438916904651340589182950679969508200883865356445312500000e-04
9.4921962163481009462639992335653005284257233142852783203125000000e-04
9.5827045092742473876568087831628872663713991641998291015625000000e-04
9.6726901510905103926535320013613272749353200197219848632812500000e-04
9.7621515335473169495267287132378442038316279649734497070312500000e-04
9.8510890883747939672510085529211210086941719055175781250000000000e-04
9.9395042407103757244046793317693300195969641208648681640625000000e-04
1.0027398922790257268511382449105440173298120498657226562500000000e-03
1.0114775286534556392875616737114796706009656190872192382812500000e-03
1.0201635545322650881067128025847523531410843133926391601562500000e-03
1.0287981896882926729358542772274631715845316648483276367187500000e-03
1.0373816489458874585960490577463133377023041248321533203125000000e-03
1.0459141410835556471048413129665277665480971336364746093750000000e-03
1.0543958688393239089831077137660031439736485481262207031250000000e-03
1.0628270293886192716936722746368104708380997180938720703125000000e-03
1.0712078149721522817711116815075911290477961301803588867187500000e-03
1.0795384135284201692489558510601455054711550474166870117187500000e-03
1.0878190092654326740634340708879790327046066522598266601562500000e-03
1.0960497831512378517915262676751808612607419490814208984375000000e-03
1.1042309133292144401189416313968649774324148893356323242187500000e-03
1.1123625754601250675140944323970870755147188901901245117187500000e-03
1.1204449430044065034312028572571762197185307741165161132812500000e-03
1.1284781874558330073965439765970586449839174747467041015625000000e-03
1.1364624785322851707042302038530579011421650648117065429687500000e-03
1.1443979843358082978954648467606602935120463371276855468750000000e-03
1.1522848714851411603549147244507366849575191736221313476562500000e-03
1.1601233052252468702647547615924850106239318847656250000000000000e-03
1.1679134495203090209070051486150987329892814159393310546875000000e-03
1.1756554671332019711832428399134187202434986829757690429687500000e-03
1.1833495196915855447727938809521219809539616107940673828125000000e-03
1.1909957677449995502166890659623277315404266119003295898437500000e-03
1.1985943708153305731212157070331159047782421112060546875000000000e-03
1.2061454874375172625217134125819029577542096376419067382812500000e-03
1.2136492751990135552375704719452187418937683105468750000000000000e-03
1.2211058907715696773138569497518801654223352670669555664062500000e-03
1.2285154899390731547681454571829817723482847213745117187500000000e-03
1.2358782276258718606232189785032460349611937999725341796875000000e-03
1.2431942579175130677432425940764915139880031347274780273437500000e-03
1.2504637340810110905653385060531945782713592052459716796875000000e-03
1.2576868085852244312505821000058858771808445453643798828125000000e-03
1.2648636331165628333972339447655031108297407627105712890625000000e-03
1.2719943585939670529366685158834116009529680013656616210937500000e-03
1.2790791351832944862387808626635887776501476764678955078125000000e-03
1.2861181123104391006012336973185483657289296388626098632812500000e-03
1.2931114386725279900847151992593353497795760631561279296875000000e-03
1.3000592622490279425678805225174983206670731306076049804687500000e-03
1.3069617303124818601806067519532916776370257139205932617187500000e-03
1.3138189894368733790647185699640431266743689775466918945312500000e-03
1.3206311855074055056080695180753536988049745559692382812500000000e-03
1.3273984637285946193430152817427369882352650165557861328125000000e-03
1.3341209686315652020033306612845080962870270013809204101562500000e-03
1.3407988440827436210645018377363157924264669418334960937500000000e-03
1.3474322332892897657874442529646330513060092926025390625000000000e-03
1.3540212788072385381721307595626058173365890979766845703125000000e-03
1.3605661225467324294824411623494597733952105045318603515625000000e-03
1.3670669057783259390387309295533668773714452981948852539062500000e-03
1.3735237691395872812460954293101167422719299793243408203125000000e-03
1.3799368526394536257212442009745245741214603185653686523437500000e-03
1.3863062956657313910813211776940079289488494396209716796875000000e-03
1.3926322369871692394976969708864089625421911478042602539062500000e-03
1.3989148147614397562493726567822704964783042669296264648437500000e-03
1.4051541665391141348873116356799073400907218456268310546875000000e-03
1.4113504292664689598185701058241647842805832624435424804687500000e-03
1.4175037392931554187935905275708137196488678455352783203125000000e-03
1.4236142323748185185144921049982258409727364778518676757812500000e-03
1.4296820436778383007353498967972882383037358522415161132812500000e-03
1.4357073077841031507467794980925646086689084768295288085937500000e-03
1.4416901586940468645015034354628369328565895557403564453125000000e-03
1.4476307298319759844090759415280444954987615346908569335937500000e-03
1.4535291540491159737596982282070712244603782892227172851562500000e-03
1.4593855636284764655530299393149107345379889011383056640625000000e-03
1.4652000902876526240714571969192547840066254138946533203125000000e-03
1.4709728651822958928746531981346379325259476900100708007812500000e-03
1.4767040189136112528223154782835990772582590579986572265625000000e-03
1.4823936815254431034749593720789562212303280830383300781250000000e-03
1.4880419825125227890200152458533011667896062135696411132812500000e-03
1.4936490508239712218102601681835039926227182149887084960937500000e-03
1.4992150148646944674002412511981674470007419586181640625000000000e-03
1.5047400024997756307065799319389043375849723815917968750000000000e-03
1.5102241410586518532976896267427946440875530242919921875000000000e-03
1.5156675573363756742012453671009097888600081205368041992187500000e-03
1.5210703775985913010354577679095200437586754560470581054687500000e-03
1.5264327275858568903899037394467086414806544780731201171875000000e-03
1.5317547325125941727608225306767053552903234958648681640625000000e-03
1.5370365170748316076265727048166809254325926303863525390625000000e-03
1.5422782054511864537754695092530710098799318075180053710937500000e-03
1.5474799213051463643575633710725014680065214633941650390625000000e-03
1.5526417877902703047060528618317221116740256547927856445312500000e-03
1.5577639275522997108075484717915060173254460096359252929687500000e-03
1.5628464627302188390267634332531088148243725299835205078125000000e-03
1.5678895149622933385263889860539165965747088193893432617187500000e-03
1.5728932053867062442614743744684346893336623907089233398437500000e-03
1.5778576546457423468439174030208960175514221191406250000000000000e-03
1.5827829828877967854872110819997033104300498962402343750000000000e-03
1.5876693097698873612805270383319111715536564588546752929687500000e-03
1.5925167544625648888279023651648458326235413551330566406250000000e-03
1.5973254356493103798403376814007970097009092569351196289062500000e-03
1.6020954715322741589156319008679929538629949092864990234375000000e-03
1.6068269798332971819848635774974354717414826154708862304687500000e-03
1.6115200777959185450549650653329081251285970211029052734375000000e-03
1.6161748821912700745800917090377879503648728132247924804687500000e-03
1.6207915093164539273307145350599967059679329395294189453125000000e-03
1.6253700749995520381113722763188889075536280870437622070312500000e-03
1.6299106946028132404669097610394601360894739627838134765625000000e-03
1.6344134830226172711703513940051379904616624116897583007812500000e-03
1.6388785546952440268231310227520225453190505504608154296875000000e-03
1.6433060235955666665563779105241337674669921398162841796875000000e-03
1.6476960032426794886678544926894574018660932779312133789062500000e-03
1.6520486067017020430369722561181333730928599834442138671875000000e-03
1.6563639465837548449961280638831340183969587087631225585937500000e-03
1.6606421350522193418342009607613363186828792095184326171875000000e-03
1.6648832838222439502867677774133881030138581991195678710937500000e-03
1.6690875041642245623502160967177587735932320356369018554687500000e-03
1.6732549069058146561095323789913891232572495937347412109375000000e-03
1.6773856024346204054986664289117470616474747657775878906250000000e-03
1.6814797006987076532363856173901695001404732465744018554687500000e-03
1.6855373112125188357623972734700146247632801532745361328125000000e-03
1.6895585430565164975630354504687602457124739885330200195312500000e-03
1.6935435048779444010963457500906770292203873395919799804687500000e-03
1.6974923048973390281995987649565904575865715742111206054687500000e-03
1.7014050509073211283478377353617361222859472036361694335937500000e-03
1.7052818502751440274400884788974508410319685935974121093750000000e-03
1.7091228099466251617172263266297704831231385469436645507812500000e-03
1.7129280364470427129586216352663541329093277454376220703125000000e-03
1.7166976358821532406412346816182434849906712770462036132812500000e-03
1.7204317139433186571728651159673972870223224163055419921875000000e-03
1.7241303759067405643179426988353952765464782714843750000000000000e-03
1.7277937266363093196663847095351229654625058174133300781250000000e-03
1.7314218705874041652481576392119677620939910411834716796875000000e-03
1.7350149118064630161112349426844048139173537492752075195312500000e-03
1.7385729539334184457627374698063249525148421525955200195312500000e-03
1.7420961002062285670477503884967518388293683528900146484375000000e-03
1.7455844534590534040952025662818414275534451007843017578125000000e-03
1.7490381161279213665521448106687785184476524591445922851562500000e-03
1.7524571902501565739962430257037340197712182998657226562500000000e-03
1.7558417774660064602371134512281969364266842603683471679687500000e-03
1.7591919790248145699651516338235524017363786697387695312500000000e-03
1.7625078957806785458911624786537686304654926061630249023437500000e-03
1.7657896281997498451332706537186822970397770404815673828125000000e-03
1.7690372763596699540872281275483146600890904664993286132812500000e-03
1.7722509399497239114540381166307270177640020847320556640625000000e-03
1.7754307182777982841020980586677069368306547403335571289062500000e-03
1.7785767102673024665782097741839606896974146366119384765625000000e-03
1.7816890144614827215518992886700289091095328330993652343750000000e-03
1.7847677290250777565328021978530159685760736465454101562500000000e-03
1.7878129517448968204690329386608027562033385038375854492187500000e-03
1.7908247800336107250634976040259971341583877801895141601562500000e-03
1.7938033109294974909442288435457157902419567108154296875000000000e-03
1.7967486411004810007568943674982619995716959238052368164062500000e-03
1.7996608668433390978980135344045265810564160346984863281250000000e-03
1.8025400840874675027769580282210881705395877361297607421875000000e-03
1.8053863883963371973762068734004060388542711734771728515625000000e-03
1.8081998749685894694455567943691676191519945859909057617187500000e-03
1.8109806386396901881769005981936970783863216638565063476562500000e-03
1.8137287738835511201329619979105700622312724590301513671875000000e-03
1.8164443748175614946893663415039554820396006107330322265625000000e-03
1.8191275351974436815666313904671369527932256460189819335937500000e-03
1.8217783484257687315333029687280941288918256759643554687500000000e-03
1.8243969075514661001835570175444445339962840080261230468750000000e-03
1.8269833052674000224008254988916633010376244783401489257812500000e-03
1.8295376339193584157294392156245521618984639644622802734375000000e-03
1.8320599855016289018300179591847154370043426752090454101562500000e-03
1.8345504516615184116556935833841635030694305896759033203125000000e-03
1.8370091237004347855393815436286786280106753110885620117187500000e-03
1.8394360925748820707881225899882338126190006732940673828125000000e-03
1.8418314489000290647136015564910849207080900669097900390625000000e-03
1.8441952829488493254689318590067159675527364015579223632812500000e-03
1.8465276846549114747597641894572007004171609878540039062500000000e-03
1.8488287436136366555239352038597644423134624958038330078125000000e-03
1.8510985490846002931436542482401819142978638410568237304687500000e-03
1.8533371899929406909079965259934397181496024131774902343750000000e-03
1.8555447549293002662551543835434131324291229248046875000000000000e-03
1.8577213321534045021438119604795247141737490892410278320312500000e-03
1.8598670095957574224104780213906451535876840353012084960937500000e-03
1.8619818748569117068669687142801194568164646625518798828125000000e-03
1.8640660152105085773516224278978370421100407838821411132812500000e-03
1.8661195176058460558354834546435085940174758434295654296875000000e-03
1.8681424686663693213173331741927540861070156097412109375000000000e-03
1.8701349546938097600373707152243696327786892652511596679687500000e-03
1.8720970616701404325155078112175033311359584331512451171875000000e-03
1.8740288752555880804478993795214591955300420522689819335937500000e-03
1.8759304807932915097612447397068535792641341686248779296875000000e-03
1.8778019633106603127753464477223133144434541463851928710937500000e-03
1.8796434075179773316027764806790401053149253129959106445312500000e-03
1.8814548978127974832030844254404655657708644866943359375000000000e-03
1.8832365182806661517422863738602245575748383998870849609375000000e-03
1.8849883526958956941887990410577913280576467514038085937500000000e-03
1.8867104845241343489409269196244167687837034463882446289062500000e-03
1.8884029969222677902696005958205205388367176055908203125000000000e-03
1.8900659727396822238493223622413097473327070474624633789062500000e-03
1.8916994945224424682500563577036700735334306955337524414062500000e-03
1.8933036445112436801929689522694388870149850845336914062500000000e-03
1.8948785046450026658265697321326115343254059553146362304687500000e-03
1.8964241565627758343698383569631005229894071817398071289062500000e-03
1.8979406816010979154596416407230208278633654117584228515625000000e-03
1.8994281608004032549374962002275424310937523841857910156250000000e-03
1.9008866749035226769576345517975823895540088415145874023437500000e-03
1.9023163043578017981916072898229685961268842220306396484375000000e-03
1.9037171293162613409932770736077145556919276714324951171875000000e-03
1.9050892296386624704535028840268751082476228475570678710937500000e-03
1.9064326848940839429641380675661821442190557718276977539062500000e-03
1.9077475743593480615040158809847525844816118478775024414062500000e-03
1.9090339770240164624093281986461079213768243789672851562500000000e-03
1.9102919715905349647838695759105576144065707921981811523437500000e-03
1.9115216364721005111448892677117328275926411151885986328125000000e-03
1.9127230497999036379352943981757562141865491867065429687500000000e-03
1.9138962894196906872751329231618910853285342454910278320312500000e-03
1.9150414328939218029657087782879898441024124622344970703125000000e-03
1.9161585575065726450710856809678261925000697374343872070312500000e-03
1.9172477402589966407470134512891490885522216558456420898437500000e-03
1.9183090578737938512732252860359949409030377864837646484375000000e-03
1.9193425867983064398575310249839276366401463747024536132812500000e-03
1.9203484032013766902996509955414694559294730424880981445312500000e-03
1.9213265829778592395926661851035532890819013118743896484375000000e-03
1.9222772017481728687449127335185039555653929710388183593750000000e-03
1.9232003348602520666904558410692516190465539693832397460937500000e-03
1.9240960573922022414095067688322160392999649047851562500000000000e-03
1.9249644441490644606457260934462283330503851175308227539062500000e-03
1.9258055696696654412319871241265900607686489820480346679687500000e-03
1.9266195082239976829607819297507376177236437797546386718750000000e-03
1.9274063338141980694651067551603773608803749084472656250000000000e-03
1.9281661201791665694732502700503573578316718339920043945312500000e-03
1.9288989407925769426627171654331505123991519212722778320312500000e-03
1.9296048688647018855973902518030627106782048940658569335937500000e-03
1.9302839773449181892672754656814504414796829223632812500000000000e-03
1.9309363389212637340808242925049853511154651641845703125000000000e-03
1.9315620260214982732704935841638871352188289165496826171875000000e-03
1.9321611108158484159530443591279436077456921339035034179687500000e-03
1.9327336652178984076344558928894912241958081722259521484375000000e-03
1.9332797608832253365152009649818865000270307064056396484375000000e-03
1.9337994692143823435154237344590910652186721563339233398437500000e-03
1.9342928613586875003643728021529568650294095277786254882812500000e-03
1.9347600082106712875845699883825545839499682188034057617187500000e-03
1.9352009804146775955036030580913575249724090099334716796875000000e-03
1.9356158483613071074475042721019235614221543073654174804687500000e-03
1.9360046821962581010956316873716787085868418216705322265625000000e-03
1.9363675518133365970746551099068710755091160535812377929687500000e-03
1.9367045268589748799326066830417403252795338630676269531250000000e-03
1.9370156767363594894904021970205576508305966854095458984375000000e-03
1.9373010706002912351825218095768832426983863115310668945312500000e-03
1.9375607773637378971470779376318205322604626417160034179687500000e-03
1.9377948656956270074430692673672638193238526582717895507812500000e-03
1.9380034040230253132575111152391400537453591823577880859375000000e-03
1.9381864605321505543727989007152245903853327035903930664062500000e-03
1.9383441031693665439206153422446732292883098125457763671875000000e-03
1.9384763996430711980450967146794027939904481172561645507812500000e-03
1.9385834174226969014998012141859362600371241569519042968750000000e-03
1.9386652237409307368565247742253632168285548686981201171875000000e-03
1.9387218855964948125564228931239085795823484659194946289062500000e-03
1.9387534697516168192416019522283932019490748643875122070312500000e-03
1.9387600427351395215858076426229672506451606750488281250000000000e-03
1.9387416708443784302967616284263385750818997621536254882812500000e-03
1.9386984201432968730194339457284513628110289573669433593750000000e-03
1.9386303564672582692984814656256276066415011882781982421875000000e-03
1.9385375454204834596433348892219328263308852910995483398437500000e-03
1.9384200523783301321756322721512333373539149761199951171875000000e-03
1.9382779424898422156176014397033213754184544086456298828125000000e-03
1.9381112806760121200500002203170879511162638664245605468750000000e-03
1.9379201316332983224405284161662166297901421785354614257812500000e-03
1.9377045598327955183010073980653942271601408720016479492187500000e-03
1.9374646295216540591715981278753133665304630994796752929687500000e-03
1.9372004047241281592811601441894708841573446989059448242187500000e-03
1.9369119492439344689532765286799076420720666646957397460937500000e-03
1.9365993266624583705320938875615865981671959161758422851562500000e-03
1.9362626003410206114441205471621287870220839977264404296875000000e-03
1.9359018334230420222558111120747526001650840044021606445312500000e-03
1.9355170888333197033032151423981304105836898088455200195312500000e-03
1.9351084292789702805820395425939750566612929105758666992187500000e-03
1.9346759172506962538851116306659605470485985279083251953125000000e-03
1.9342196150263270010977167956411904015112668275833129882812500000e-03
1.9337395846661491194407034299729275517165660858154296875000000000e-03
1.9332358880182884050547009735510073369368910789489746093750000000e-03
1.9327085867194577356587004146604158449918031692504882812500000000e-03
1.9321577421927149404573542668117624998558312654495239257812500000e-03
1.9315834156515957788224913116437164717353880405426025390625000000e-03
1.9309856680993285442393680995110116782598197460174560546875000000e-03
1.9303645603301390100414725026212181546725332736968994140625000000e-03
1.9297201529299918068560693029667163500562310218811035156250000000e-03
1.9290525062787143746600992955109177273698151111602783203125000000e-03
1.9283616805478773475329701270197801932226866483688354492187500000e-03
1.9276477357054629113708443810537573881447315216064453125000000000e-03
1.9269107315144403790724281222423996950965374708175659179687500000e-03
1.9261507275327494938255146195160705246962606906890869140625000000e-03
1.9253677831168878372553043831771901750471442937850952148437500000e-03
1.9245619574206360245099967087867298687342554330825805664062500000e-03
1.9237333093970786571103026574292016448453068733215332031250000000e-03
1.9228818977981064573118397120765621366444975137710571289062500000e-03
1.9220077811773115215865370686287860735319554805755615234375000000e-03
1.9211110178890076355395777341072971466928720474243164062500000000e-03
1.9201916660891407868938518532786474679596722126007080078125000000e-03
1.9192497837378290174992212513416234287433326244354248046875000000e-03
1.9182854285983046756930425758014280290808528661727905273437500000e-03
1.9172986582388440793267569972613273421302437782287597656250000000e-03
1.9162895300324465919228345001101843081414699554443359375000000000e-03
1.9152581011588655501842737294282414950430393218994140625000000000e-03
1.9142044286058743952916305630651550018228590488433837890625000000e-03
1.9131285691677693897028156300166301662102341651916503906250000000e-03
1.9120305794478851830336951778122056566644459962844848632812500000e-03
1.9109105158593910501335644269715885457117110490798950195312500000e-03
1.9097684346254218627075838199402824102435261011123657226562500000e-03
1.9086043917807538321945726167427892505656927824020385742187500000e-03
1.9074184431718545999073777252874606347177177667617797851562500000e-03
1.9062106444572711645701890148529855650849640369415283203125000000e-03
1.9049810511093162503776232696850456704851239919662475585937500000e-03
1.9037297184145679073558055094395058404188603162765502929687500000e-03
1.9024567014746611957887179045201264671050012111663818359375000000e-03
1.9011620552069146382334619005405329517088830471038818359375000000e-03
1.8998458343451798003426178595987039443571120500564575195312500000e-03
1.8985080934405824514693561511080588388722389936447143554687500000e-03
1.8971488868616452963533625108993874164298176765441894531250000000e-03
1.8957682687968061430866528738192755554337054491043090820312500000e-03
1.8943662932525990455490116914916143286973237991333007812500000000e-03
1.8929430140570103428127035627426266728434711694717407226562500000e-03
1.8914984848588732406493573279249176266603171825408935546875000000e-03
1.8900327591281804954365108883962420804891735315322875976562500000e-03
1.8885458901579698417355634987302437366452068090438842773437500000e-03
1.8870379310634763630333265993499480828177183866500854492187500000e-03
1.8855089347854041802177160747078232816420495510101318359375000000e-03
1.8839589540878586611943878992292411567177623510360717773437500000e-03
1.8823880415605265346151719896283793787006288766860961914062500000e-03
1.8807962496195159297213139737436904397327452898025512695312500000e-03
1.8791836305075161877436995538914743519853800535202026367187500000e-03
1.8775502362951930132584088539715594379231333732604980468750000000e-03
1.8758961188801539284737307511363724188413470983505249023437500000e-03
1.8742213299897802093046950133725658815819770097732543945312500000e-03
1.8725259211820662746950105770338268484920263290405273437500000000e-03
1.8708099438432667510623375051181938033550977706909179687500000000e-03
1.8690734491914292366571137549158265755977481603622436523437500000e-03
1.8673164882761982778097697988073377928230911493301391601562500000e-03
1.8655391119809662092005053679599768656771630048751831054687500000e-03
1.8637413710197387253786338590089144418016076087951660156250000000e-03
1.8619233159417761334225582814383415097836405038833618164062500000e-03
1.8600849971309682019671161157248207018710672855377197265625000000e-03
1.8582264648047308770728580640252403100021183490753173828125000000e-03
1.8563477690180876528841524830681919411290436983108520507812500000e-03
1.8544489596608588859172339624592495965771377086639404296875000000e-03
1.8525300864609660096010701479940507852006703615188598632812500000e-03
1.8505911989834535839177798166588218009565025568008422851562500000e-03
1.8486323466318842299177527266351717116776853799819946289062500000e-03
1.8466535786489149915945429114572107209824025630950927734375000000e-03
1.8446549441169120785166679610256323940120637416839599609375000000e-03
1.8426364919586024713332728097725521365646272897720336914062500000e-03
1.8405982709370966900197519322546213516034185886383056640625000000e-03
1.8385403296582098538886063110453505942132323980331420898437500000e-03
1.8364627165688394982989706250009476207196712493896484375000000000e-03
1.8343654799589049955027553195918699202593415975570678710937500000e-03
1.8322486679630237312033091967578002368099987506866455078125000000e-03
1.8301123285582910921870380960285729088354855775833129882812500000e-03
1.8279565095677893782344369810743955895304679870605468750000000000e-03
1.8257812586594459203920282064359525975305587053298950195312500000e-03
1.8235866233465903608890190668034847476519644260406494140625000000e-03
1.8213726509904574254322673354522521549370139837265014648437500000e-03
1.8191393887984745342950576585394628637004643678665161132812500000e-03
1.8168868838266216767657335040553334692958742380142211914062500000e-03
1.8146151829780677016551448943459945439826697111129760742187500000e-03
1.8123243330066091897473379290772754757199436426162719726562500000e-03
1.8100143805150315737956256967322588025126606225967407226562500000e-03
1.8076853719556952582170339383083046413958072662353515625000000000e-03
1.8053373536324431643945720438182434008922427892684936523437500000e-03
1.8029703717008652760073195153722735994961112737655639648437500000e-03
1.8005844721678374194262506335917350952513515949249267578125000000e-03
1.7981797008924716753386352507959600188769400119781494140625000000e-03
1.7957561035891545300757776715272484580054879188537597656250000000e-03
1.7933137258236829959107128118489526968915015459060668945312500000e-03
1.7908526130170159505750060446871430031023919582366943359375000000e-03
1.7883728104457743881411380115764586662407964468002319335937500000e-03
1.7858743632408438824221708074446723912842571735382080078125000000e-03
1.7833573163897908399333491757943193078972399234771728515625000000e-03
1.7808217147371331167543528906094252306502312421798706054687500000e-03
1.7782676029839830991741145282958314055576920509338378906250000000e-03
1.7756950256896210978835304317158261255826801061630249023437500000e-03
1.7731040272708996873018971740521010360680520534515380859375000000e-03
1.7704946520049123608042673794216170790605247020721435546875000000e-03
1.7678669440272620598519903722944945911876857280731201171875000000e-03
1.7652209473332674573298195497272899956442415714263916015625000000e-03
1.7625567057795690946442324076315344427712261676788330078125000000e-03
1.7598742630830469142744210131468207691796123981475830078125000000e-03
1.7571736628230920970045181306318227143492549657821655273437500000e-03
1.7544549484405759856575635069475538330152630805969238281250000000e-03
1.7517181632394024457660686167059793660882860422134399414062500000e-03
1.7489633503868448356072251570481057569850236177444458007812500000e-03
1.7461905529135306105320557534810177457984536886215209960937500000e-03
1.7433998137140107459464033468066190835088491439819335937500000000e-03
1.7405911755493099976610515966513048624619841575622558593750000000e-03
1.7377646810442929411338885969939838105347007513046264648437500000e-03
1.7349203726901238093588419886259544000495225191116333007812500000e-03
1.7320582928448487094325036750319668499287217855453491210937500000e-03
1.7291784837326648702898745924017021025065332651138305664062500000e-03
1.7262809874455061799614075113140643225051462650299072265625000000e-03
1.7233658459436121748731274294641480082646012306213378906250000000e-03
1.7204331010554421710345707197120646014809608459472656250000000000e-03
1.7174827944779463145819065061914443504065275192260742187500000000e-03
1.7145149677791325388415133446073923551011830568313598632812500000e-03
1.7115296623952320261702331194442194828297942876815795898437500000e-03
1.7085269196334784518043203860315770725719630718231201171875000000e-03
1.7055067806727084150225648429000102623831480741500854492187500000e-03
1.7024692865627469133549265478677625651471316814422607421875000000e-03
1.6994144782256342257609205148582987021654844284057617187500000000e-03
1.6963423964557746651676817251086504256818443536758422851562500000e-03
1.6932530819203117124216451117035830975510179996490478515625000000e-03
1.6901465751605990617961738919916570011992007493972778320312500000e-03
1.6870229165911339828942683283230508095584809780120849609375000000e-03
1.6838821465013306417218830191018241748679429292678833007812500000e-03
1.6807243050553811059694142571174779732245951890945434570312500000e-03
1.6775494322932135628917427183637300913687795400619506835937500000e-03
1.6743575681297793479596069943227121257223188877105712890625000000e-03
1.6711487523570942807099592997133186145219951868057250976562500000e-03
1.6679230246446439395180405540486390236765146255493164062500000000e-03
1.6646804245370511090434950673966341128107160329818725585937500000e-03
1.6614209914593410996608291441134497290477156639099121093750000000e-03
1.6581447647132372454764626112933001422788947820663452148437500000e-03
1.6548517834793058899067741407407083897851407527923583984375000000e-03
1.6515420868173640456949557986376930784899741411209106445312500000e-03
1.6482157136676253966073302237305142625700682401657104492187500000e-03
1.6448727028488805725070509566876353346742689609527587890625000000e-03
1.6415130930617274213068057520104048307985067367553710937500000000e-03
1.6381369228878385219810853712374409951735287904739379882812500000e-03
1.6347442307892252281315004225348275213036686182022094726562500000e-03
1.6313350551112103335033021167532751860562711954116821289062500000e-03
1.6279094340797223370437274425626128504518419504165649414062500000e-03
1.6244674058049400969250264381571469129994511604309082031250000000e-03
1.6210090082808374656320182793933781795203685760498046875000000000e-03
1.6175342793828722046112211785384715767577290534973144531250000000e-03
1.6140432568721189629523671271726925624534487724304199218750000000e-03
1.6105359783945595586462928849869058467447757720947265625000000000e-03
1.6070124814801043777040545634804402652662247419357299804687500000e-03
1.6034728035445729946856241454611335939262062311172485351562500000e-03
1.5999169818899513454552030466970791167113929986953735351562500000e-03
1.5963450537045454670492805604453678824938833713531494140625000000e-03
1.5927570560624446007608190356563682144042104482650756835937500000e-03
1.5891530259265426467535364807304176792968064546585083007812500000e-03
1.5855330001458571489297844081534094584640115499496459960937500000e-03
1.5818970154574255645302249817518713825847953557968139648437500000e-03
1.5782451084880573348445675918583219754509627819061279296875000000e-03
1.5745773157523979338123787385939067462459206581115722656250000000e-03
1.5708936736546633746586243418619233125355094671249389648437500000e-03
1.5671942184882603054524308205941451888065785169601440429687500000e-03
1.5634789864374120955253788523009461641777306795120239257812500000e-03
1.5597480135766076270870117426170509133953601121902465820312500000e-03
1.5560013358712515996878922308610526670236140489578247070312500000e-03
1.5522389891778390867693726562492884113453328609466552734375000000e-03
1.5484610092446528945009376343477924820035696029663085937500000000e-03
1.5446674317132254999895835112511122133582830429077148437500000000e-03
1.5408582921151293791683922762558722752146422863006591796875000000e-03
1.5370336258776022813482553530661789409350603818893432617187500000e-03
1.5331934683199530990160841525948853814043104648590087890625000000e-03
1.5293378546546681877316142816880528698675334453582763671875000000e-03
1.5254668199897257040847931008897830906789749860763549804687500000e-03
1.5215803993269474015531672606016400095541030168533325195312500000e-03
1.5176786275626656316783957834104512585327029228210449218750000000e-03
1.5137615394893251443558801483391107467468827962875366210937500000e-03
1.5098291697949524792915498849765754130203276872634887695312500000e-03
1.5058815530627320429524207412441683118231594562530517578125000000e-03
1.5019187237738397793646027977843004919122904539108276367187500000e-03
1.4979407163050785251751095827899007417727261781692504882812500000e-03
1.4939475649310468476776980750742040982004255056381225585937500000e-03
1.4899393038238801373340791656119108665734529495239257812500000000e-03
1.4859159670535173215083490916299524542409926652908325195312500000e-03
1.4818775885891265903238078749382111709564924240112304687500000000e-03
1.4778242022971674936998587313041753077413886785507202148437500000e-03
1.4737558419443230577072778686442688922397792339324951171875000000e-03
1.4696725411971222653717550343799302936531603336334228515625000000e-03
1.4655743336204655417193132294073620869312435388565063476562500000e-03
1.4614612526807437865861150072532836929894983768463134765625000000e-03
1.4573333317449508467200658401452528778463602066040039062500000000e-03
1.4531906040801149601615627204864722443744540214538574218750000000e-03
1.4490331028557876507506518848344967409502714872360229492187500000e-03
1.4448608611424302184539358862025437701959162950515747070312500000e-03
1.4406739119124511040032077247019515198189765214920043945312500000e-03
1.4364722880415444448976014513164045638404786586761474609375000000e-03
1.4322560223075759492511460635455478040967136621475219726562500000e-03
1.4280251473913099617696342846784318680875003337860107421875000000e-03
1.4237796958776430689824765707385267887730151414871215820312500000e-03
1.4195197002552734175800930316313497314695268869400024414062500000e-03
1.4152451929161453860611663557733663765247911214828491210937500000e-03
1.4109562061578940269507276283889041224028915166854858398437500000e-03
1.4066527721826808505073413968489148828666657209396362304687500000e-03
1.4023349230976778125729031998503160139080137014389038085937500000e-03
1.3980026909161035950091012125540146371349692344665527343750000000e-03
1.3936561075561276941414678987030129064805805683135986328125000000e-03
1.3892952048437919119333594508702844905201345682144165039062500000e-03
1.3849200145104772260301606578991595597472041845321655273437500000e-03
1.3805305681946907717799755133114558702800422906875610351562500000e-03
1.3761268974429657300367901839877049496863037347793579101562500000e-03
1.3717090337081714896544371029563080810476094484329223632812500000e-03
1.3672770083528204641126757579172590340021997690200805664062500000e-03
1.3628308526463090138286515795584818988572806119918823242187500000e-03
1.3583705977675160619239091985832601494621485471725463867187500000e-03
1.3538962748039496102742118566197859763633459806442260742187500000e-03
1.3494079147518692543550322682222031289711594581604003906250000000e-03
1.3449055485187909071004286332140509330201894044876098632812500000e-03
1.3403892069203673324123693433307380473706871271133422851562500000e-03
1.3358589206833959388276422686203659395687282085418701171875000000e-03
1.3313147204454481992152992120281851384788751602172851562500000000e-03
1.3267566367544119006194325294245572877116501331329345703125000000e-03
1.3221847000699960168745850097593574901111423969268798828125000000e-03
1.3175989407631662729547539214536300278268754482269287109375000000e-03
1.3129993891169359620380019393337533983867615461349487304687500000e-03
1.3083860753262397443735798319153218471910804510116577148437500000e-03
1.3037590294987379084534762085922920960001647472381591796875000000e-03
1.2991182816551320906850452985281663131900131702423095703125000000e-03
1.2944638617289007300609204875740942952688783407211303710937500000e-03
1.2897957995670569254775816858682446763850748538970947265625000000e-03
1.2851141249306597454798994917268828430678695440292358398437500000e-03
1.2804188674941502628507050687289847701322287321090698242187500000e-03
1.2757100568471840731227251453105964174028486013412475585937500000e-03
1.2709877224939833753603046773150708759203553199768066406250000000e-03
1.2662518938530030378902813126273940724786370992660522460937500000e-03
1.2615026002587971607621364356077720003668218851089477539062500000e-03
1.2567398709613735417744972977516226819716393947601318359375000000e-03
1.2519637351260696437466046759823257161770015954971313476562500000e-03
1.2471742218353996413393591780049973749555647373199462890625000000e-03
1.2423713600879444148711305828669537731911987066268920898437500000e-03
1.2375551787984335160019977450929218321107327938079833984375000000e-03
1.2327257067996488099081986433702695649117231369018554687500000000e-03
1.2278829728414760152216400612701363570522516965866088867187500000e-03
1.2230270055910476018762311767318351485300809144973754882812500000e-03
1.2181578336338898770063732257540323189459741115570068359375000000e-03
1.2132754854740474513563608383037717430852353572845458984375000000e-03
1.2083799895333676658465416053900298720691353082656860351562500000e-03
1.2034713741532144983675811644729947147425264120101928710937500000e-03
1.1985496675941558798739183799852980882860720157623291015625000000e-03
1.1936148980353832125406166042580480279866605997085571289062500000e-03
1.1886670935766247697573660957459651399403810501098632812500000000e-03
1.1837062822371085483302843854858110717032104730606079101562500000e-03
1.1787324919564027420060270401336310897022485733032226562500000000e-03
1.1737457505949827792079975807837399770505726337432861328125000000e-03
1.1687460859339188559702371605908410856500267982482910156250000000e-03
1.1637335256750439872741598179572974913753569126129150390625000000e-03
1.1587080974423420026697684193095483351498842239379882812500000000e-03
1.1536698287810012546195093108281071181409060955047607421875000000e-03
1.1486187471579998708309799937410389247816056013107299804687500000e-03
1.1435548799627851153382085414023094926960766315460205078125000000e-03
1.1384782545075867229295019100732133665587753057479858398437500000e-03
1.1333888980267080477670749161234198254533112049102783203125000000e-03
1.1282868376780560894928617798882442002650350332260131835937500000e-03
1.1231721005428448555141240916555034345947206020355224609375000000e-03
1.1180447136253334177585783137942598841618746519088745117187500000e-03
1.1129047038542616131912010857263339858036488294601440429687500000e-03
1.1077520980819501560110662552460780716501176357269287109375000000e-03
1.1025869230857905482767744587135894107632339000701904296875000000e-03
1.0974092055669299426712282041762591688893735408782958984375000000e-03
1.0922189721521884456234552374098711879923939704895019531250000000e-03
1.0870162493933450617578095886983646778389811515808105468750000000e-03
1.0818010637670641849866770556332085106987506151199340820312500000e-03
1.0765734416765487899830811002743757853750139474868774414062500000e-03
1.0713334094505130422020355851486783649306744337081909179687500000e-03
1.0660809933435184005540152796243091870564967393875122070312500000e-03
1.0608162195375465779167978297437002765946090221405029296875000000e-03
1.0555391141407939083196598772929064580239355564117431640625000000e-03
1.0502497031879981254781641908380152017343789339065551757812500000e-03
1.0449480126418272257771135969051101710647344589233398437500000000e-03
1.0396340683919663532008836881459501455537974834442138671875000000e-03
1.0343078962561150484916749903163690760266035795211791992187500000e-03
1.0289695219800011269373207767330313799902796745300292968750000000e-03
1.0236189712372358289610430048810485459398478269577026367187500000e-03
1.0182562696301328264425478664634283632040023803710937500000000000e-03
1.0128814426899382904190272114419713034294545650482177734375000000e-03
1.0074945158764967399755985155707094236277043819427490234375000000e-03
1.0020955145790251625964595305617876874748617410659790039062500000e-03
9.9668446411659483361034084225593687733635306358337402343750000000e-04
9.9126138973745585823704740136008695117197930812835693359375000000e-04
9.8582631661971653266873794052571611246094107627868652343750000000e-04
9.8037926987246072282888853521853889105841517448425292968750000000e-04
9.7492027453453550950301931266039900947362184524536132812500000000e-04
9.6944935557551168304329936020735658530611544847488403320312500000e-04
9.6396653789626563467451969557941993116401135921478271484375000000e-04
9.5847184632853797778967441800546112062875181436538696289062500000e-04
9.5296530563554417061350454432044898567255586385726928710937500000e-04
9.4744694051199934443224792701698788732755929231643676757812500000e-04
9.4191677558477749851451044094119424698874354362487792968750000000e-04
9.3637483541263719696162715067089266085531562566757202148437500000e-04
9.3082114448662250667104745005531185597646981477737426757812500000e-04
9.2525572723021305091700705602875132171902805566787719726562500000e-04
9.1967860800032494479616662630405699019320309162139892578125000000e-04
9.1408981108636233516712144009375151654239743947982788085937500000e-04
9.0848936071075841753447166482260399789083749055862426757812500000e-04
9.0287728103037069582459395178375416435301303863525390625000000000e-04
8.9725359613470592658884816827935537730809301137924194335937500000e-04
8.9161833004753503813949455647502873034682124853134155273437500000e-04
8.8597150672736313219146619957200528006069362163543701171875000000e-04
8.8031315006649360054707953437969081278424710035324096679687500000e-04
8.7464328389178489821242923341060304665006697177886962890625000000e-04
8.6896193196540981017877980363550705078523606061935424804687500000e-04
8.6326911798423160149251742723208735696971416473388671875000000000e-04
8.5756486558039425691785107019882161694113165140151977539062500000e-04
8.5184919832169577174479924153160936839412897825241088867187500000e-04
8.4612213971161330527959165692664100788533687591552734375000000000e-04
8.4038371318948380892660532381910343247000128030776977539062500000e-04
8.3463394213088468957112420198996005638036876916885375976562500000e-04
8.2887284984782343653930691829145871452055871486663818359375000000e-04
8.2310045958853530947280097151974587177392095327377319335937500000e-04
8.1731679453849630841849593920755978615488857030868530273437500000e-04
8.1152187782016274846669245945918191864620894193649291992187500000e-04
8.0571573249275506983790862136629584711045026779174804687500000000e-04
7.9989838155346997591171875896520759852137416601181030273437500000e-04
7.9406984793705857016143934146157334907911717891693115234375000000e-04
7.8823015451566882157846682943613814131822437047958374023437500000e-04
7.8237932410019854056332233582793378445785492658615112304687500000e-04
7.7651737943932360851845286831007797445636242628097534179687500000e-04
7.7064434322045326838240830724657826067414134740829467773437500000e-04
7.6476023806969868276683932606374582974240183830261230468750000000e-04
7.5886508655203198641520101475066439888905733823776245117187500000e-04
7.5295891117126666214343089222893468104302883148193359375000000000e-04
7.4704173437121590244103241928996794740669429302215576171875000000e-04
7.4111357853432749051569849996212724363431334495544433593750000000e-04
7.3517446598359709186709665118542034178972244262695312500000000000e-04
7.2922441898122210886951100050623608694877475500106811523437500000e-04
7.2326345973038671122862242057749426749069243669509887695312500000e-04
7.1729161037333401609861205372453696327283978462219238281250000000e-04
7.1130889299468591513431192652205936610698699951171875000000000000e-04
7.0531532961738772468524016900914830330293625593185424804687500000e-04
6.9931094220817744365470414180663283332251012325286865234375000000e-04
6.9329575267148321315174852585982989694457501173019409179687500000e-04
6.8726978285721168279720494354023685446009039878845214843750000000e-04
6.8123305455197334570133227416022236866410821676254272460937500000e-04
6.7518558948954021051852558699124529084656387567520141601562500000e-04
6.6912740933916742616660577880338678369298577308654785156250000000e-04
6.6305853572022665012863917866070551099255681037902832031250000000e-04
6.5697899018422585646487243948854484187904745340347290039062500000e-04
6.5088879423790717889536372453562762530054897069931030273437500000e-04
6.4478796931482032245980251516925818577874451875686645507812500000e-04
6.3867653681102696736071600014383875532075762748718261718750000000e-04
6.3255451804158230322272515877557452768087387084960937500000000000e-04
6.2642193429407401657205145539819568512029945850372314453125000000e-04
6.2027880676406325563543298073909681988880038261413574218750000000e-04
6.1412515663368137316946437920250900788232684135437011718750000000e-04
6.0796100497666140556607405898148499545641243457794189453125000000e-04
6.0178637287433577908457582594792256713844835758209228515625000000e-04
5.9560128127486881236679616691276351048145443201065063476562500000e-04
5.8940575116472123003152905340584766236133873462677001953125000000e-04
5.8319980336105721376721566784340211597736924886703491210937500000e-04
5.7698345876351045825175534176310065959114581346511840820312500000e-04
5.7075673805035223324494397800776823714841157197952270507812500000e-04
5.6451966204549609579937952119621513702441006898880004882812500000e-04
5.5827225127641889965840471532487754302565008401870727539062500000e-04
5.5201452650717865253821026172431629674974828958511352539062500000e-04
5.4574650809745630947872330196446455374825745820999145507812500000e-04
5.3946821677279413811967323510998539859429001808166503906250000000e-04
5.3317967270156345176157497434132892522029578685760498046875000000e-04
5.2688089660011053205757036721479380503296852111816406250000000000e-04
5.2057190841266448144003531339762957941275089979171752929687500000e-04
5.1425272888624864835172001420460219378583133220672607421875000000e-04
5.0792337769599521599822589124073601851705461740493774414062500000e-04
5.0158387567351124004810802858855822705663740634918212890625000000e-04
4.9523424216364861274314312922228964453097432851791381835937500000e-04
4.8887449815463801874870775066028727451339364051818847656250000000e-04
4.8250466258053403183561624878450402320595458149909973144531250000e-04
4.7612475667897899336139522219468744879122823476791381835937500000e-04
4.6973479886851476862094645348122412542579695582389831542968750000e-04
4.6333481075870532224503239859814129886217415332794189453125000000e-04
4.5692481011349277272501345770194802753394469618797302246093750000e-04
4.5050481907156486724094768270276745170122012495994567871093750000e-04
4.4407485457117855517580884416872777364915236830711364746093750000e-04
4.3763493947017787204928351840749201073776930570602416992187500000e-04
4.3118508966837531745652789538780780276283621788024902343750000000e-04
4.2472532898618278870625508680802795424824580550193786621093750000e-04
4.1825567201412530878024131908432536874897778034210205078125000000e-04
4.1177614383467136920102813490984772215597331523895263671875000000e-04
4.0528675739572196786916769006836602784460410475730895996093750000e-04
3.9878753942820452643019946137314946099650114774703979492187500000e-04
3.9227850079385996780179102216834507999010384082794189453125000000e-04
3.8575967035454287578505327971356564376037567853927612304687500000e-04
3.7923105640489594659811589671960518899140879511833190917968750000e-04
3.7269269040107538219080973718178029230330139398574829101562500000e-04
3.6614457760639158639612289469766892580082640051841735839843750000e-04
3.5958675257485189259709645881457618088461458683013916015625000000e-04
3.5301921698994000262811221446668241696897894144058227539062500000e-04
3.4644200907311170200414407460698384966235607862472534179687500000e-04
3.3985512636821902125380812087485082884086295962333679199218750000e-04
3.3325861130424313302084149412962688074912875890731811523437500000e-04
3.2665245679458477200129973283537765382789075374603271484375000000e-04
3.2003670984987283481063014001222200022311881184577941894531250000e-04
3.1341135856127608693907915515808326745172962546348571777343750000e-04
3.0677645460689816504090687843131490808445960283279418945312500000e-04
3.0013198094342195343733892265447593672433868050575256347656250000e-04
2.9347799504560981471990022129148201202042400836944580078125000000e-04
2.8681447224528712784327733054112741228891536593437194824218750000e-04
2.8014147950618717083925979238756553968414664268493652343750000000e-04
2.7345898121549977108357687427542259683832526206970214843750000000e-04
2.6676705401363704417069810936880003282567486166954040527343750000e-04
2.6006565635655821315877500587987469771178439259529113769531250000e-04
2.5335486549835420626991533410432566597592085599899291992187500000e-04
2.4663464238030066971035791922872704162728041410446166992187500000e-04
2.3990506194059696681158966313773817091714590787887573242187500000e-04
2.3316608437783719275614158217280191820464096963405609130859375000e-04
2.2641778810199604120463601208967929778737016022205352783203125000e-04
2.1966012748864517743069280086842809396330267190933227539062500000e-04
2.1289318899380833805499990685206057605682872235774993896484375000e-04
2.0611691650106113600504631477861039456911385059356689453125000000e-04
1.9933140605677145172983100174235460144700482487678527832031250000e-04
1.9253659687061875391105025823179630606318823993206024169921875000e-04
1.8573258287044163978955768623535504957544617354869842529296875000e-04
1.7891931052648149427612700446132976139779202640056610107421875000e-04
1.7209685991351504207209910379816619752091355621814727783203125000e-04
1.6526520066295746617425488356190044214599765837192535400390625000e-04
1.5842438553852374039099260016882908530533313751220703125000000000e-04
1.5157439686413161426641049711605546690407209098339080810546875000e-04
1.4471530162280373194363947142448978411266580224037170410156250000e-04
1.3784705705494797525756389688922354253008961677551269531250000000e-04
1.3096973106803733752183382943456990687991492450237274169921875000e-04
1.2408331459815336614109504420611074237967841327190399169921875000e-04
1.1718783625402810300106942742459636974672321230173110961914062500e-04
1.1028330076001174517557473775397625104233156889677047729492187500e-04
1.0336974141874239211877362087932397116674110293388366699218750000e-04
9.6447164150279611721620909303709368032286874949932098388671875000e-05
8.9515590869021041567181462550450987691874615848064422607421875000e-05
8.2575039727338838064021886431476104917237535119056701660156250000e-05
7.5625516943169689208607830988029263608041219413280487060546875000e-05
6.8667054748687800062867392369980734656564891338348388671875000000e-05
6.1699669342016444091407467720244994779932312667369842529296875000e-05
5.4723366499852091370589141083868867099226918071508407592773437500e-05
4.7738152532111808288867865757154618222557473927736282348632812500e-05
4.0744089096610699247871106853935430081037338823080062866210937500e-05
3.3741154247750044636172672696261543023865669965744018554687500000e-05
2.6729362611103305247478925665838289660314330831170082092285156250e-05
1.9708756013230376529085305370436742578021949157118797302246093750e-05
1.2679342454776704583892764366392924557658261619508266448974609375e-05
5.6411297543594911762469129579145032948872540146112442016601562500e-06
