-2.6918275819016739269784466159762814640998840332031250000000000000e+00
-2.6918290877925006299165033851750195026397705078125000000000000000e+00
-2.6918282695305419949249881028663367033004760742187500000000000000e+00
-2.6918274920190095045313682931009680032730102539062500000000000000e+00
-2.6918269360126330091986801562597975134849548339843750000000000000e+00
-2.6918263116337199924998913047602400183677673339843750000000000000e+00
-2.6918256726230374020758517872309312224388122558593750000000000000e+00
-2.6918250317181851016812288435176014900207519531250000000000000000e+00
-2.6918243815704636645591563137713819742202758789062500000000000000e+00
-2.6918237226775114656618370645446702837944030761718750000000000000e+00
-2.6918230555956403904360740853007882833480834960937500000000000000e+00
-2.6918223802507403874528790765907615423202514648437500000000000000e+00
-2.6918216966700514447552450292278081178665161132812500000000000000e+00
-2.6918210049071613632065691490424796938896179199218750000000000000e+00
-2.6918203050017224242651536769699305295944213867187500000000000000e+00
-2.6918195969904901154734488955000415444374084472656250000000000000e+00
-2.6918188809084551138539609382860362529754638671875000000000000000e+00
-2.6918181567880035132134253217373043298721313476562500000000000000e+00
-2.6918174246588999487528326426399871706962585449218750000000000000e+00
-2.6918166845483217919365870329784229397773742675781250000000000000e+00
-2.6918159364808111888578423531726002693176269531250000000000000000e+00
-2.6918151804782191049980610841885209083557128906250000000000000000e+00
-2.6918144165596546990570914203999564051628112792968750000000000000e+00
-2.6918136447414142686795912595698609948158264160156250000000000000e+00
-2.6918128650368924326130581903271377086639404296875000000000000000e+00
-2.6918120774564853192600821785163134336471557617187500000000000000e+00
-2.6918112820074719948593156004790216684341430664062500000000000000e+00
-2.6918104786938608086188651213888078927993774414062500000000000000e+00
-2.6918096675162344055820540233980864286422729492187500000000000000e+00
-2.6918088484715538832858783280244097113609313964843750000000000000e+00
-2.6918080215529220922121567127760499715805053710937500000000000000e+00
-2.6918071867493296167594962753355503082275390625000000000000000000e+00
-2.6918063440453305901201019878499209880828857421875000000000000000e+00
-2.6918054934206945283392542478395625948905944824218750000000000000e+00
-2.6918046348499791164954331179615110158920288085937500000000000000e+00
-2.6918037683020519246213098085718229413032531738281250000000000000e+00
-2.6918028937395312993885454488918185234069824218750000000000000000e+00
-2.6918020111181291120772129943361505866050720214843750000000000000e+00
-2.6918011203859042446140392712550237774848937988281250000000000000e+00
-2.6918002214823943951671481045195832848548889160156250000000000000e+00
-2.6917993143376102160857499256962910294532775878906250000000000000e+00
-2.6917983988708740206163838593056425452232360839843750000000000000e+00
-2.6917974749894804098460099339717999100685119628906250000000000000e+00
-2.6917965425871455131812126637669280171394348144531250000000000000e+00
-2.6917956015422097593159378448035567998886108398437500000000000000e+00
-2.6917946517155684205135912634432315826416015625000000000000000000e+00
-2.6917936929482682018033301574178040027618408203125000000000000000e+00
-2.6917927250587267984371919737895950675010681152343750000000000000e+00
-2.6917917478395190222784094657981768250465393066406250000000000000e+00
-2.6917907610536206952644988632528111338615417480468750000000000000e+00
-2.6917897644300810000572710123378783464431762695312500000000000000e+00
-2.6917887576589571985152815614128485321998596191406250000000000000e+00
-2.6917877403853962547941591765265911817550659179687500000000000000e+00
-2.6917867122027674398054841731209307909011840820312500000000000000e+00
-2.6917856726445590354046544234734028577804565429687500000000000000e+00
-2.6917846211748774898353531170869246125221252441406250000000000000e+00
-2.6917835571772323888239952793810516595840454101562500000000000000e+00
-2.6917824799412799485764935525367036461830139160156250000000000000e+00
-2.6917813886470218776025831175502389669418334960937500000000000000e+00
-2.6917802823459986427678813925012946128845214843750000000000000000e+00
-2.6917791599386897694046183460159227252006530761718750000000000000e+00
-2.6917780201473400225609111657831817865371704101562500000000000000e+00
-2.6917768614830661633163799706380814313888549804687500000000000000e+00
-2.6917756822059573096339590847492218017578125000000000000000000000e+00
-2.6917744802764986822296577884117141366004943847656250000000000000e+00
-2.6917732532963785097024356218753382563591003417968750000000000000e+00
-2.6917719984364638641238798300037160515785217285156250000000000000e+00
-2.6917707123496312782151562714716419577598571777343750000000000000e+00
-2.6917693910668787360407350206514820456504821777343750000000000000e+00
-2.6917680298770196856139591545797884464263916015625000000000000000e+00
-2.6917666231956802747049550816882401704788208007812500000000000000e+00
-2.6917651644410880429347798781236633658409118652343750000000000000e+00
-2.6917636459585070340949641831684857606887817382812500000000000000e+00
-2.6917620590823205795061312528559938073158264160156250000000000000e+00
-2.6917603945096750805987539933994412422180175781250000000000000000e+00
-2.6917586433099600640161952469497919082641601562500000000000000000e+00
-2.6917567991849495889766785694519057869911193847656250000000000000e+00
-2.6917548627401739480546893901191651821136474609375000000000000000e+00
-2.6917528505570182950634716689819470047950744628906250000000000000e+00
-2.6917508219127062041309272899525240063667297363281250000000000000e+00
-2.6917488278753269881349297065753489732742309570312500000000000000e+00
-2.6917468476832020485289831412956118583679199218750000000000000000e+00
-2.6917448239935710674330948677379637956619262695312500000000000000e+00
-2.6917427315469324433649944694479927420616149902343750000000000000e+00
-2.6917405676337766706751608580816537141799926757812500000000000000e+00
-2.6917383378922576930847299081506207585334777832031250000000000000e+00
-2.6917360510736152434674295363947749137878417968750000000000000000e+00
-2.6917337165360817330395093449624255299568176269531250000000000000e+00
-2.6917313430898333059815286105731502175331115722656250000000000000e+00
-2.6917289385584100003256935451645404100418090820312500000000000000e+00
-2.6917265096812514890700640535214915871620178222656250000000000000e+00
-2.6917240621702402947335031058173626661300659179687500000000000000e+00
-2.6917216008253386227977443923009559512138366699218750000000000000e+00
-2.6917191296633466990328997781034559011459350585937500000000000000e+00
-2.6917166520395254813990959519287571310997009277343750000000000000e+00
-2.6917141707545702011827870592242106795310974121093750000000000000e+00
-2.6917116881454106191995379049330949783325195312500000000000000000e+00
-2.6917092061609806386002219369402155280113220214843750000000000000e+00
-2.6917067264248526470282740774564445018768310546875000000000000000e+00
-2.6917042502869596987125078157987445592880249023437500000000000000e+00
-2.6917017788662707111768668255535885691642761230468750000000000000e+00
-2.6916993130861111005458496947539970278739929199218750000000000000e+00
-2.6916968537035175224048089148709550499916076660156250000000000000e+00
-2.6916944013337062990842696308391168713569641113281250000000000000e+00
-2.6916919564705912293334222340490669012069702148437500000000000000e+00
-2.6916895195040666521890670992434024810791015625000000000000000000e+00
-2.6916870907345908925378807907691225409507751464843750000000000000e+00
-2.6916846703856198708137981157051399350166320800781250000000000000e+00
-2.6916822586141733175679746636888012290000915527343750000000000000e+00
-2.6916798555199248355052077386062592267990112304687500000000000000e+00
-2.6916774611529707961210533539997413754463195800781250000000000000e+00
-2.6916750755205893774757441860856488347053527832031250000000000000e+00
-2.6916726985930337079366836405824869871139526367187500000000000000e+00
-2.6916703303086046972225631179753690958023071289062500000000000000e+00
-2.6916679705780501841161367337917909026145935058593750000000000000e+00
-2.6916656192883881004718205076642334461212158203125000000000000000e+00
-2.6916632763062882105487005901522934436798095703125000000000000000e+00
-2.6916609414809951061897663748823106288909912109375000000000000000e+00
-2.6916586146469119178448181628482416272163391113281250000000000000e+00
-2.6916562956258789363062078336952254176139831542968750000000000000e+00
-2.6916539842291671291718557768035680055618286132812500000000000000e+00
-2.6916516802592331814025783387478440999984741210937500000000000000e+00
-2.6916493835112818011623403435805812478065490722656250000000000000e+00
-2.6916470937746281855140750849386677145957946777343750000000000000e+00
-2.6916448108339143807654636475490406155586242675781250000000000000e+00
-2.6916425344701799815538834081962704658508300781250000000000000000e+00
-2.6916402644618031558820803184062242507934570312500000000000000000e+00
-2.6916380005853399737247855227906256914138793945312500000000000000e+00
-2.6916357426162607069386467628646641969680786132812500000000000000e+00
-2.6916334903296084135604360199067741632461547851562500000000000000e+00
-2.6916312435005669279064477450447157025337219238281250000000000000e+00
-2.6916290019049751158775052317650988698005676269531250000000000000e+00
-2.6916267653197749609716993290930986404418945312500000000000000000e+00
-2.6916245335233952573616988956928253173828125000000000000000000000e+00
-2.6916223062961166512252475513378158211708068847656250000000000000e+00
-2.6916200834203478642336904158582910895347595214843750000000000000e+00
-2.6916178646809179042520554503425955772399902343750000000000000000e+00
-2.6916156498652852313568928366294130682945251464843750000000000000e+00
-2.6916134387637509206570030073635280132293701171875000000000000000e+00
-2.6916112311696194225874023686628788709640502929687500000000000000e+00
-2.6916090268793499973298821714706718921661376953125000000000000000e+00
-2.6916068256926881652191241300897672772407531738281250000000000000e+00
-2.6916046274127558568522999848937615752220153808593750000000000000e+00
-2.6916024318461513331612877664156258106231689453125000000000000000e+00
-2.6916002388030180192401985550532117486000061035156250000000000000e+00
-2.6915980480970973509613486385205760598182678222656250000000000000e+00
-2.6915958595457754043422937684226781129837036132812500000000000000e+00
-2.6915936729701144258797285147011280059814453125000000000000000000e+00
-2.6915914881948728165639295184519141912460327148437500000000000000e+00
-2.6915893050485220072687297943048179149627685546875000000000000000e+00
-2.6915871233632451264838891802355647087097167968750000000000000000e+00
-2.6915849429749387766719337378162890672683715820312500000000000000e+00
-2.6915827637231966029673912998987361788749694824218750000000000000e+00
-2.6915805854513008554818043194245547056198120117187500000000000000e+00
-2.6915784080061952998619290156057104468345642089843750000000000000e+00
-2.6915762312384492460637375188525766134262084960937500000000000000e+00
-2.6915740550022593247092572710243985056877136230468750000000000000e+00
-2.6915718791553708832964275643462315201759338378906250000000000000e+00
-2.6915697035590824270911980420351028442382812500000000000000000000e+00
-2.6915675280781656830697556870291009545326232910156250000000000000e+00
-2.6915653525808616031156361714238300919532775878906250000000000000e+00
-2.6915631769387915461777538439491763710975646972656250000000000000e+00
-2.6915610010269594987164509802823886275291442871093750000000000000e+00
-2.6915588247236548191665406193351373076438903808593750000000000000e+00
-2.6915566479104340302797027106862515211105346679687500000000000000e+00
-2.6915544704720577584566854056902229785919189453125000000000000000e+00
-2.6915522922964343344176540995249524712562561035156250000000000000e+00
-2.6915501132745727197459473245544359087944030761718750000000000000e+00
-2.6915479333005301043613144429400563240051269531250000000000000000e+00
-2.6915457522713430726923888869350776076316833496093750000000000000e+00
-2.6915435700869920765399001538753509521484375000000000000000000000e+00
-2.6915413866503312689815174962859600782394409179687500000000000000e+00
-2.6915392018670396545587664149934425950050354003906250000000000000e+00
-2.6915370156455664663042171014240011572837829589843750000000000000e+00
-2.6915348278970698814305251289624720811843872070312500000000000000e+00
-2.6915326385353695037849774962523952126502990722656250000000000000e+00
-2.6915304474768890763414219691185280680656433105468750000000000000e+00
-2.6915282546405960850677274720510467886924743652343750000000000000e+00
-2.6915260599479577940940089320065453648567199707031250000000000000e+00
-2.6915238633228790732232482696417719125747680664062500000000000000e+00
-2.6915216646916544362966305925510823726654052734375000000000000000e+00
-2.6915194639829174150236212881281971931457519531250000000000000000e+00
-2.6915172611275757219573279144242405891418457031250000000000000000e+00
-2.6915150560587814965174402459524571895599365234375000000000000000e+00
-2.6915128487118615829842838138574734330177307128906250000000000000e+00
-2.6915106390242748979346742999041453003883361816406250000000000000e+00
-2.6915084269355689094993522303411737084388732910156250000000000000e+00
-2.6915062123873134680707153165712952613830566406250000000000000000e+00
-2.6915039953230803781991653522709384560585021972656250000000000000e+00
-2.6915017756883679034274337027454748749732971191406250000000000000e+00
-2.6914995534305758972948297014227136969566345214843750000000000000e+00
-2.6914973284989511803644290921511128544807434082031250000000000000e+00
-2.6914951008445426872128791728755459189414978027343750000000000000e+00
-2.6914928704201592779554630396887660026550292968750000000000000000e+00
-2.6914906371803297702172130811959505081176757812500000000000000000e+00
-2.6914884010812509806953585211886093020439147949218750000000000000e+00
-2.6914861620807597475391048646997660398483276367187500000000000000e+00
-2.6914839201382880773394390416797250509262084960937500000000000000e+00
-2.6914816752148116307807867997325956821441650390625000000000000000e+00
-2.6914794272728266300021005008602514863014221191406250000000000000e+00
-2.6914771762763081142111332155764102935791015625000000000000000000e+00
-2.6914749221906633103174044663319364190101623535156250000000000000e+00
-2.6914726649827045434903993736952543258666992187500000000000000000e+00
-2.6914704046206154863796200515935197472572326660156250000000000000e+00
-2.6914681410739023093015021004248410463333129882812500000000000000e+00
-2.6914658743133763607602304546162486076354980468750000000000000000e+00
-2.6914636043111084262591248261742293834686279296875000000000000000e+00
-2.6914613310403998625019994506146758794784545898437500000000000000e+00
-2.6914590544757550638621523830806836485862731933593750000000000000e+00
-2.6914567745928423825318986928323283791542053222656250000000000000e+00
-2.6914544913684665949915597593644633889198303222656250000000000000e+00
-2.6914522047805427007460821187123656272888183593750000000000000000e+00
-2.6914499148080639479019282589433714747428894042968750000000000000e+00
-2.6914476214310654178518689150223508477210998535156250000000000000e+00
-2.6914453246306178080260451679350808262825012207031250000000000000e+00
-2.6914430243887674798486386862350627779960632324218750000000000000e+00
-2.6914407206885466727896982774836942553520202636718750000000000000e+00
-2.6914384135139193254815381806110963225364685058593750000000000000e+00
-2.6914361028497637562395539134740829467773437500000000000000000000e+00
-2.6914337886818611167427661712281405925750732421875000000000000000e+00
-2.6914314709968447658638979191891849040985107421875000000000000000e+00
-2.6914291497822047105614728934597223997116088867187500000000000000e+00
-2.6914268250262489701185586454812437295913696289062500000000000000e+00
-2.6914244967180769307901755382772535085678100585937500000000000000e+00
-2.6914221648475753490004080958897247910499572753906250000000000000e+00
-2.6914198294053779392243086476810276508331298828125000000000000000e+00
-2.6914174903828578244713298772694543004035949707031250000000000000e+00
-2.6914151477721008909327338187722489237785339355468750000000000000e+00
-2.6914128015658875803239880042383447289466857910156250000000000000e+00
-2.6914104517576724617811123607680201530456542968750000000000000000e+00
-2.6914080983415686887383344583213329315185546875000000000000000000e+00
-2.6914057413123244621999674563994631171226501464843750000000000000e+00
-2.6914033806653119285101638524793088436126708984375000000000000000e+00
-2.6914010163965014221787441783817484974861145019531250000000000000e+00
-2.6913986485024521400077901489567011594772338867187500000000000000e+00
-2.6913962769802912688987817091401666402816772460937500000000000000e+00
-2.6913939018277015513547212322009727358818054199218750000000000000e+00
-2.6913915230428941960383326659211888909339904785156250000000000000e+00
-2.6913891406246182036454683839110657572746276855468750000000000000e+00
-2.6913867545721128493596552289091050624847412109375000000000000000e+00
-2.6913843648851165646362915140343829989433288574218750000000000000e+00
-2.6913819715638505059018825704697519540786743164062500000000000000e+00
-2.6913795746089927973798694438301026821136474609375000000000000000e+00
-2.6913771740216749783769500936614349484443664550781250000000000000e+00
-2.6913747698034669042499444913119077682495117187500000000000000000e+00
-2.6913723619563634237294991180533543229103088378906250000000000000e+00
-2.6913699504827719444222111633280292153358459472656250000000000000e+00
-2.6913675353854973337774936226196587085723876953125000000000000000e+00
-2.6913651166677352577494275465141981840133666992187500000000000000e+00
-2.6913626943330566376744172885082662105560302734375000000000000000e+00
-2.6913602683854018771114624541951343417167663574218750000000000000e+00
-2.6913578388290604337385047983843833208084106445312500000000000000e+00
-2.6913554056686694870847986749140545725822448730468750000000000000e+00
-2.6913529689092006158546155347721651196479797363281250000000000000e+00
-2.6913505285559455870725287240929901599884033203125000000000000000e+00
-2.6913480846145101388344755832804366946220397949218750000000000000e+00
-2.6913456370908068748803998460061848163604736328125000000000000000e+00
-2.6913431859910410537395364372059702873229980468750000000000000000e+00
-2.6913407313217012628570046217646449804306030273437500000000000000e+00
-2.6913382730895580863261784543283283710479736328125000000000000000e+00
-2.6913358113016463413202927767997607588768005371093750000000000000e+00
-2.6913333459652601931111348676495254039764404296875000000000000000e+00
-2.6913308770879464937308966909768059849739074707031250000000000000e+00
-2.6913284046774963442771877453196793794631958007812500000000000000e+00
-2.6913259287419322163259494118392467498779296875000000000000000000e+00
-2.6913234492895110605559239047579467296600341796875000000000000000e+00
-2.6913209663287056550018405687296763062477111816406250000000000000e+00
-2.6913184798682050491436257289024069905281066894531250000000000000e+00
-2.6913159899169034616761564393527805805206298828125000000000000000e+00
-2.6913134964838918428142733318964019417762756347656250000000000000e+00
-2.6913109995784569861143609159626066684722900390625000000000000000e+00
-2.6913084992100748671361998276552185416221618652343750000000000000e+00
-2.6913059953883946562314122274983674287796020507812500000000000000e+00
-2.6913034881232498207737080520018935203552246093750000000000000000e+00
-2.6913009774246310357170841598417609930038452148437500000000000000e+00
-2.6912984633026986180937001336133107542991638183593750000000000000e+00
-2.6912959457677665398023236775770783424377441406250000000000000000e+00
-2.6912934248303002071622813673457130789756774902343750000000000000e+00
-2.6912909005009129081997798493830487132072448730468750000000000000e+00
-2.6912883727903547104176595894386991858482360839843750000000000000e+00
-2.6912858417095151253306539729237556457519531250000000000000000000e+00
-2.6912833072694093416998839529696851968765258789062500000000000000e+00
-2.6912807694811822223357467009918764233589172363281250000000000000e+00
-2.6912782283560994223137186054373160004615783691406250000000000000e+00
-2.6912756839055402835469976707827299833297729492187500000000000000e+00
-2.6912731361409965025188739673467352986335754394531250000000000000e+00
-2.6912705850740721302827296312898397445678710937500000000000000000e+00
-2.6912680307164649207152251619845628738403320312500000000000000000e+00
-2.6912654730799827618170638743322342634201049804687500000000000000e+00
-2.6912629121765210271632895455695688724517822265625000000000000000e+00
-2.6912603480180683490630144660826772451400756835937500000000000000e+00
-2.6912577806167021776673209387809038162231445312500000000000000000e+00
-2.6912552099845847841663726285332813858985900878906250000000000000e+00
-2.6912526361339517144699584605405107140541076660156250000000000000e+00
-2.6912500590771255559729979722760617733001708984375000000000000000e+00
-2.6912474788264901803813700098544359207153320312500000000000000000e+00
-2.6912448953945133922616150812245905399322509765625000000000000000e+00
-2.6912423087937162868854557018494233489036560058593750000000000000e+00
-2.6912397190366919019766100973356515169143676757812500000000000000e+00
-2.6912371261360914509452868514927104115486145019531250000000000000e+00
-2.6912345301046207701745061058318242430686950683593750000000000000e+00
-2.6912319309550429835553586599417030811309814453125000000000000000e+00
-2.6912293287001758379517468711128458380699157714843750000000000000e+00
-2.6912267233528783805240891524590551853179931640625000000000000000e+00
-2.6912241149260629491379859246080741286277770996093750000000000000e+00
-2.6912215034326814055987142637604847550392150878906250000000000000e+00
-2.6912188888857269120080673019401729106903076171875000000000000000e+00
-2.6912162712982325984967246768064796924591064453125000000000000000e+00
-2.6912136506832688986889934312785044312477111816406250000000000000e+00
-2.6912110270539377765430799627210944890975952148437500000000000000e+00
-2.6912084004233727263510900229448452591896057128906250000000000000e+00
-2.6912057708047387727390287182061001658439636230468750000000000000e+00
-2.6912031382112235888826035079546272754669189453125000000000000000e+00
-2.6912005026560459342022113560233265161514282226562500000000000000e+00
-2.6911978641524427757758530788123607635498046875000000000000000000e+00
-2.6911952227136719528743924456648528575897216796875000000000000000e+00
-2.6911925783530188382997039298061281442642211914062500000000000000e+00
-2.6911899310837683607644521543988958001136779785156250000000000000e+00
-2.6911872809192396438504601974273100495338439941406250000000000000e+00
-2.6911846278727540315856003871886059641838073730468750000000000000e+00
-2.6911819719576475229416701040463522076606750488281250000000000000e+00
-2.6911793131872667750315031298669055104255676269531250000000000000e+00
-2.6911766515749659944845006975810974836349487304687500000000000000e+00
-2.6911739871341042729113723908085376024246215820312500000000000000e+00
-2.6911713198780509159746543446090072393417358398437500000000000000e+00
-2.6911686498201734529800432937918230891227722167968750000000000000e+00
-2.6911659769738460745713837241055443882942199707031250000000000000e+00
-2.6911633013524398627680511708604171872138977050781250000000000000e+00
-2.6911606229693281200354704196797683835029602050781250000000000000e+00
-2.6911579418378828165714367059990763664245605468750000000000000000e+00
-2.6911552579714665967003384139388799667358398437500000000000000000e+00
-2.6911525713834438811034033278701826930046081542968750000000000000e+00
-2.6911498820871706527668720809742808341979980468750000000000000000e+00
-2.6911471900959953451604178553679957985877990722656250000000000000e+00
-2.6911444954232610626831956324167549610137939453125000000000000000e+00
-2.6911417980822935902551762410439550876617431640625000000000000000e+00
-2.6911390980864173805287009599851444363594055175781250000000000000e+00
-2.6911363954489404548553466156590729951858520507812500000000000000e+00
-2.6911336901831588441780240827938541769981384277343750000000000000e+00
-2.6911309823023548126741388841765001416206359863281250000000000000e+00
-2.6911282718197950813987517904024571180343627929687500000000000000e+00
-2.6911255587487317164629985200008377432823181152343750000000000000e+00
-2.6911228431023990204096207889961078763008117675781250000000000000e+00
-2.6911201248940161967482254112837836146354675292968750000000000000e+00
-2.6911174041367771359034577471902593970298767089843750000000000000e+00
-2.6911146808438650701589267555391415953636169433593750000000000000e+00
-2.6911119550284352541780208412092179059982299804687500000000000000e+00
-2.6911092267036287317694132070755586028099060058593750000000000000e+00
-2.6911064958825559045862974016927182674407958984375000000000000000e+00
-2.6911037625783151838732010219246149063110351562500000000000000000e+00
-2.6911010268039752268975917104398831725120544433593750000000000000e+00
-2.6910982885725767133067165559623390436172485351562500000000000000e+00
-2.6910955478971456678038975951494649052619934082031250000000000000e+00
-2.6910928047906739202232984098372980952262878417968750000000000000e+00
-2.6910900592661302077601703786058351397514343261718750000000000000e+00
-2.6910873113364557340787541761528700590133666992187500000000000000e+00
-2.6910845610145650574906994734192267060279846191406250000000000000e+00
-2.6910818083133420941521762870252132415771484375000000000000000000e+00
-2.6910790532456450030451833299593999981880187988281250000000000000e+00
-2.6910762958243030773530790611403062939643859863281250000000000000e+00
-2.6910735360621091949440142343519255518913269042968750000000000000e+00
-2.6910707739718366937609062006231397390365600585937500000000000000e+00
-2.6910680095662167232717365550342947244644165039062500000000000000e+00
-2.6910652428579568962163648393470793962478637695312500000000000000e+00
-2.6910624738597261895733936398755759000778198242187500000000000000e+00
-2.6910597025841691554148837894899770617485046386718750000000000000e+00
-2.6910569290438899336947997653624042868614196777343750000000000000e+00
-2.6910541532514620222116263903444632887840270996093750000000000000e+00
-2.6910513752194287206975786830298602581024169921875000000000000000e+00
-2.6910485949602911404099359060637652873992919921875000000000000000e+00
-2.6910458124865233031641764682717621326446533203125000000000000000e+00
-2.6910430278105597068361021229065954685211181640625000000000000000e+00
-2.6910402409448010985215660184621810913085937500000000000000000000e+00
-2.6910374519016122540904234483605250716209411621093750000000000000e+00
-2.6910346606933197577404826006386429071426391601562500000000000000e+00
-2.6910318673322177751572326087625697255134582519531250000000000000e+00
-2.6910290718305600599080662505002692341804504394531250000000000000e+00
-2.6910262742005643943343784485477954149246215820312500000000000000e+00
-2.6910234744544081486594677699031308293342590332031250000000000000e+00
-2.6910206726042380509511531272437423467636108398437500000000000000e+00
-2.6910178686621559762670585769228637218475341796875000000000000000e+00
-2.6910150626402287166172300203470513224601745605468750000000000000e+00
-2.6910122545504826518936170032247900962829589843750000000000000000e+00
-2.6910094444049050821377022657543420791625976562500000000000000000e+00
-2.6910066322154455598081312928115949034690856933593750000000000000e+00
-2.6910038179940150016022926138248294591903686523437500000000000000e+00
-2.6910010017524816916534291522111743688583374023437500000000000000e+00
-2.6909981835026766106011564261280000209808349609375000000000000000e+00
-2.6909953632563872183425246475962921977043151855468750000000000000e+00
-2.6909925410253667799054255738155916333198547363281250000000000000e+00
-2.6909897168213188223262477549724280834197998046875000000000000000e+00
-2.6909868906559180068427394871832802891731262207031250000000000000e+00
-2.6909840625407857039874670590506866574287414550781250000000000000e+00
-2.6909812324875126421375171048566699028015136718750000000000000000e+00
-2.6909784005076411439461026020580902695655822753906250000000000000e+00
-2.6909755666126766726620189729146659374237060546875000000000000000e+00
-2.6909727308140780621670273831114172935485839843750000000000000000e+00
-2.6909698931232695073845206934493035078048706054687500000000000000e+00
-2.6909670535516263534248082578415051102638244628906250000000000000e+00
-2.6909642121104857537261523248162120580673217773437500000000000000e+00
-2.6909613688111444496087187872035428881645202636718750000000000000e+00
-2.6909585236648507766687998810084536671638488769531250000000000000e+00
-2.6909556766828170992766899871639907360076904296875000000000000000e+00
-2.6909528278762095965248590800911188125610351562500000000000000000e+00
-2.6909499772561509267632118280744180083274841308593750000000000000e+00
-2.6909471248337286652940747444517910480499267578125000000000000000e+00
-2.6909442706199766526253824849845841526985168457031250000000000000e+00
-2.6909414146258918698606521502370014786720275878906250000000000000e+00
-2.6909385568624286655392552347620949149131774902343750000000000000e+00
-2.6909356973404978674579979269765317440032958984375000000000000000e+00
-2.6909328360709676708495408092858269810676574707031250000000000000e+00
-2.6909299730646574211334609572077170014381408691406250000000000000e+00
-2.6909271083323549333954360918141901493072509765625000000000000000e+00
-2.6909242418847911793022831261623650789260864257812500000000000000e+00
-2.6909213737326656001869196188636124134063720703125000000000000000e+00
-2.6909185038866256789447106712032109498977661132812500000000000000e+00
-2.6909156323572784863529250287683680653572082519531250000000000000e+00
-2.6909127591551915692491547815734520554542541503906250000000000000e+00
-2.6909098842908809601226494123693555593490600585937500000000000000e+00
-2.6909070077748271643258703988976776599884033203125000000000000000e+00
-2.6909041296174618373981957120122388005256652832031250000000000000e+00
-2.6909012498291748904932774166809394955635070800781250000000000000e+00
-2.6908983684203122699329924216726794838905334472656250000000000000e+00
-2.6908954854011772894750720297452062368392944335937500000000000000e+00
-2.6908926007820284098670526873320341110229492187500000000000000000e+00
-2.6908897145730796829354858346050605177879333496093750000000000000e+00
-2.6908868267845051924780364061007276177406311035156250000000000000e+00
-2.6908839374264301724792858294676989316940307617187500000000000000e+00
-2.6908810465089398888949290267191827297210693359375000000000000000e+00
-2.6908781540420765310273054637946188449859619140625000000000000000e+00
-2.6908752600358334383656710997456684708595275878906250000000000000e+00
-2.6908723645001666469056544883642345666885375976562500000000000000e+00
-2.6908694674449855632758499268675222992897033691406250000000000000e+00
-2.6908665688801542970054470060858875513076782226562500000000000000e+00
-2.6908636688154983218623783614020794630050659179687500000000000000e+00
-2.6908607672607924854446537210606038570404052734375000000000000000e+00
-2.6908578642257769963919145084219053387641906738281250000000000000e+00
-2.6908549597201378844602004392072558403015136718750000000000000000e+00
-2.6908520537535287608932321745669469237327575683593750000000000000e+00
-2.6908491463355495021403385180747136473655700683593750000000000000e+00
-2.6908462374757657897816898184828460216522216796875000000000000000e+00
-2.6908433271836904587814842670923098921775817871093750000000000000e+00
-2.6908404154688034815023911505704745650291442871093750000000000000e+00
-2.6908375023405342041371568484464660286903381347656250000000000000e+00
-2.6908345878082680080467525840504094958305358886718750000000000000e+00
-2.6908316718813520829201024753274396061897277832031250000000000000e+00
-2.6908287545690874331683062337106093764305114746093750000000000000e+00
-2.6908258358807310983706884144339710474014282226562500000000000000e+00
-2.6908229158255001500776870670961216092109680175781250000000000000e+00
-2.6908199944125645863834961346583440899848937988281250000000000000e+00
-2.6908170716510557696210526046343147754669189453125000000000000000e+00
-2.6908141475500588768454690580256283283233642578125000000000000000e+00
-2.6908112221186155643692927696974948048591613769531250000000000000e+00
-2.6908082953657306291006534593179821968078613281250000000000000000e+00
-2.6908053673003569095101283892290666699409484863281250000000000000e+00
-2.6908024379314126051099265168886631727218627929687500000000000000e+00
-2.6907995072677675096883831429295241832733154296875000000000000000e+00
-2.6907965753182541135402061627246439456939697265625000000000000000e+00
-2.6907936420916573894146495149470865726470947265625000000000000000e+00
-2.6907907075967232302105003327596932649612426757812500000000000000e+00
-2.6907877718421544521731902932515367865562438964843750000000000000e+00
-2.6907848348366090185379562171874567866325378417968750000000000000e+00
-2.6907818965887071449571976700099185109138488769531250000000000000e+00
-2.6907789571070233058946996607119217514991760253906250000000000000e+00
-2.6907760164000928959637803927762433886528015136718750000000000000e+00
-2.6907730744764051244999336631735786795616149902343750000000000000e+00
-2.6907701313444123414342357136774808168411254882812500000000000000e+00
-2.6907671870125189350630989792989566922187805175781250000000000000e+00
-2.6907642414890955429029872902901843190193176269531250000000000000e+00
-2.6907612947824595117651824693894013762474060058593750000000000000e+00
-2.6907583469009024312867950357031077146530151367187500000000000000e+00
-2.6907553978526572713292353000724688172340393066406250000000000000e+00
-2.6907524476459303564013225695816799998283386230468750000000000000e+00
-2.6907494962888778289311630942393094301223754882812500000000000000e+00
-2.6907465437896145310503470682306215167045593261718750000000000000e+00
-2.6907435901562180013968372804811224341392517089843750000000000000e+00
-2.6907406353967244783120804640930145978927612304687500000000000000e+00
-2.6907376795191249030381186457816511392593383789062500000000000000e+00
-2.6907347225313746896802058472530916333198547363281250000000000000e+00
-2.6907317644413843993334012338891625404357910156250000000000000000e+00
-2.6907288052570264014207168656866997480392456054687500000000000000e+00
-2.6907258449861291005333896464435383677482604980468750000000000000e+00
-2.6907228836364862623042881750734522938728332519531250000000000000e+00
-2.6907199212158436907316172437276691198348999023437500000000000000e+00
-2.6907169577319116626767936395481228828430175781250000000000000000e+00
-2.6907139931923609310615574941039085388183593750000000000000000000e+00
-2.6907110276048156194406146823894232511520385742187500000000000000e+00
-2.6907080609768705414808209752663969993591308593750000000000000000e+00
-2.6907050933160703287683190865209326148033142089843750000000000000e+00
-2.6907021246299223093956243246793746948242187500000000000000000000e+00
-2.6906991549259013929429329436970874667167663574218750000000000000e+00
-2.6906961842114287541960493399528786540031433105468750000000000000e+00
-2.6906932124939006989450263063190504908561706542968750000000000000e+00
-2.6906902397806615745423641783418133854866027832031250000000000000e+00
-2.6906872660790281948095525876851752400398254394531250000000000000e+00
-2.6906842913962631946844794583739712834358215332031250000000000000e+00
-2.6906813157396096691797993116779252886772155761718750000000000000e+00
-2.6906783391162489849079975101631134748458862304687500000000000000e+00
-2.6906753615333451890023752639535814523696899414062500000000000000e+00
-2.6906723829980045969989532750332728028297424316406250000000000000e+00
-2.6906694035173082113487907918170094490051269531250000000000000000e+00
-2.6906664230982917374035423563327640295028686523437500000000000000e+00
-2.6906634417479557974672843556618317961692810058593750000000000000e+00
-2.6906604594732557167446884704986587166786193847656250000000000000e+00
-2.6906574762811201750878353777807205915451049804687500000000000000e+00
-2.6906544921784267820896729972446337342262268066406250000000000000e+00
-2.6906515071720247256337188446195796132087707519531250000000000000e+00
-2.6906485212687165642364561790600419044494628906250000000000000000e+00
-2.6906455344752790992401969560887664556503295898437500000000000000e+00
-2.6906425467984353971928612736519426107406616210937500000000000000e+00
-2.6906395582448832115574077761266380548477172851562500000000000000e+00
-2.6906365688212789955002790520666167140007019042968750000000000000e+00
-2.6906335785342352373561425338266417384147644042968750000000000000e+00
-2.6906305873903391123747042001923546195030212402343750000000000000e+00
-2.6906275953961311664386357733746990561485290527343750000000000000e+00
-2.6906246025581164182938209705753251910209655761718750000000000000e+00
-2.6906216088827656918169850541744381189346313476562500000000000000e+00
-2.6906186143765071783207076805410906672477722167968750000000000000e+00
-2.6906156190457402033189282519742846488952636718750000000000000000e+00
-2.6906126228968192393153913144487887620925903320312500000000000000e+00
-2.6906096259360672284799420594936236739158630371093750000000000000e+00
-2.6906066281697667008643293229397386312484741210937500000000000000e+00
-2.6906036296041673239187730359844863414764404296875000000000000000e+00
-2.6906006302454796852430263243149966001510620117187500000000000000e+00
-2.6905976300998761807647952082334086298942565917968750000000000000e+00
-2.6905946291735021169699848542222753167152404785156250000000000000e+00
-2.6905916274724530623529972217511385679244995117187500000000000000e+00
-2.6905886250028006045909023669082671403884887695312500000000000000e+00
-2.6905856217705728106182050396455451846122741699218750000000000000e+00
-2.6905826177817679933923500357195734977722167968750000000000000000e+00
-2.6905796130423400569497971446253359317779541015625000000000000000e+00
-2.6905766075582180363312545523513108491897583007812500000000000000e+00
-2.6905736013352865576564454386243596673011779785156250000000000000e+00
-2.6905705943793987167111936287255957722663879394531250000000000000e+00
-2.6905675866963743025905841932399198412895202636718750000000000000e+00
-2.6905645782919922481823959969915449619293212890625000000000000000e+00
-2.6905615691720017323973479506094008684158325195312500000000000000e+00
-2.6905585593421128542956921592121943831443786621093750000000000000e+00
-2.6905555488080072912282503239111974835395812988281250000000000000e+00
-2.6905525375753231998032788396812975406646728515625000000000000000e+00
-2.6905495256496685385627642972394824028015136718750000000000000000e+00
-2.6905465130366192916255840827943757176399230957031250000000000000e+00
-2.6905434997417123632601487770443782210350036621093750000000000000e+00
-2.6905404857704526833117597561795264482498168945312500000000000000e+00
-2.6905374711283092103997205413179472088813781738281250000000000000e+00
-2.6905344558207215932554845494451001286506652832031250000000000000e+00
-2.6905314398530872921355694415979087352752685546875000000000000000e+00
-2.6905284232307775660331117251189425587654113769531250000000000000e+00
-2.6905254059591245940907811018405482172966003417968750000000000000e+00
-2.6905223880434299132957676192745566368103027343750000000000000000e+00
-2.6905193694889599775876831699861213564872741699218750000000000000e+00
-2.6905163503009501546614501421572640538215637207031250000000000000e+00
-2.6905133304845940678262650180840864777565002441406250000000000000e+00
-2.6905103100450680209121401276206597685813903808593750000000000000e+00
-2.6905072889874968034007451933575794100761413574218750000000000000e+00
-2.6905042673169830003132574347546324133872985839843750000000000000e+00
-2.6905012450385967781585350167006254196166992187500000000000000000e+00
-2.6904982221573692235949692985741421580314636230468750000000000000e+00
-2.6904951986783043338391507859341800212860107421875000000000000000e+00
-2.6904921746063679144356228789547458291053771972656250000000000000e+00
-2.6904891499464960169518690236145630478858947753906250000000000000e+00
-2.6904861247035989357812013622606173157691955566406250000000000000e+00
-2.6904830988825363391470091301016509532928466796875000000000000000e+00
-2.6904800724881572371316451608436182141304016113281250000000000000e+00
-2.6904770455252622340935886313673108816146850585937500000000000000e+00
-2.6904740179986279535739868151722475886344909667968750000000000000e+00
-2.6904709899129986006016679311869665980339050292968750000000000000e+00
-2.6904679612730806326226229430176317691802978515625000000000000000e+00
-2.6904649320835591908007700112648308277130126953125000000000000000e+00
-2.6904619023490732310222028900170698761940002441406250000000000000e+00
-2.6904588720742452778722508810460567474365234375000000000000000000e+00
-2.6904558412636565556397272303001955151557922363281250000000000000e+00
-2.6904528099218563141903359792195260524749755859375000000000000000e+00
-2.6904497780533715989292886661132797598838806152343750000000000000e+00
-2.6904467456626872667868610733421519398689270019531250000000000000e+00
-2.6904437127542650820544167800107970833778381347656250000000000000e+00
-2.6904406793325321700649510603398084640502929687500000000000000000e+00
-2.6904376454018845699067696841666474938392639160156250000000000000e+00
-2.6904346109666890107803283171961084008216857910156250000000000000e+00
-2.6904315760312798033737635705620050430297851562500000000000000000e+00
-2.6904285405999628366657816513907164335250854492187500000000000000e+00
-2.6904255046770111370335598621750250458717346191406250000000000000e+00
-2.6904224682666670886987958510871976613998413085937500000000000000e+00
-2.6904194313731459864413864124799147248268127441406250000000000000e+00
-2.6904163940006284860828600358217954635620117187500000000000000000e+00
-2.6904133561532672658245246566366404294967651367187500000000000000e+00
-2.6904103178351892466935169068165123462677001953125000000000000000e+00
-2.6904072790504791612420376623049378395080566406250000000000000000e+00
-2.6904042398032070870783627469791099429130554199218750000000000000e+00
-2.6904012000974009133358322287676855921745300292968750000000000000e+00
-2.6903981599370667687765035225311294198036193847656250000000000000e+00
-2.6903951193261752550256460381206125020980834960937500000000000000e+00
-2.6903920782686756574264563823817297816276550292968750000000000000e+00
-2.6903890367684746287579855561489239335060119628906250000000000000e+00
-2.6903859948294637227661496581276878714561462402343750000000000000e+00
-2.6903829524554945251679782813880592584609985351562500000000000000e+00
-2.6903799096503968613092183659318834543228149414062500000000000000e+00
-2.6903768664179645853096189966890960931777954101562500000000000000e+00
-2.6903738227619697909176466055214405059814453125000000000000000000e+00
-2.6903707786861521533694485697196796536445617675781250000000000000e+00
-2.6903677341942175971212236618157476186752319335937500000000000000e+00
-2.6903646892898565035068259021500125527381896972656250000000000000e+00
-2.6903616439767152890283341548638418316841125488281250000000000000e+00
-2.6903585982584194979949643311556428670883178710937500000000000000e+00
-2.6903555521385680293633413384668529033660888671875000000000000000e+00
-2.6903525056207264753993513295426964759826660156250000000000000000e+00
-2.6903494587084346711947091534966602921485900878906250000000000000e+00
-2.6903464114052062505777485057478770613670349121093750000000000000e+00
-2.6903433637145228729536938772071152925491333007812500000000000000e+00
-2.6903403156398382201075492048403248190879821777343750000000000000e+00
-2.6903372671845846575422456226078793406486511230468750000000000000e+00
-2.6903342183521541386426179087720811367034912109375000000000000000e+00
-2.6903311691459248500279954896541312336921691894531250000000000000e+00
-2.6903281195692350102888212859397754073143005371093750000000000000e+00
-2.6903250696254081830716131662484258413314819335937500000000000000e+00
-2.6903220193177226349234842928126454353332519531250000000000000000e+00
-2.6903189686494513033210296271136030554771423339843750000000000000e+00
-2.6903159176238173877493409236194565892219543457031250000000000000e+00
-2.6903128662440347618201030854834243655204772949218750000000000000e+00
-2.6903098145132777752053243602858856320381164550781250000000000000e+00
-2.6903067624347025699194091430399566888809204101562500000000000000e+00
-2.6903037100114324253752329241251572966575622558593750000000000000e+00
-2.6903006572465635315438703401014208793640136718750000000000000000e+00
-2.6902976041431712062035330745857208967208862304687500000000000000e+00
-2.6902945507042943518172251060605049133300781250000000000000000000e+00
-2.6902914969329541072795564105035737156867980957031250000000000000e+00
-2.6902884428321409693296573095722123980522155761718750000000000000e+00
-2.6902853884048165689080178708536550402641296386718750000000000000e+00
-2.6902823336539221088514750590547919273376464843750000000000000000e+00
-2.6902792785823694821090157347498461604118347167968750000000000000e+00
-2.6902762231930394953849372541299089789390563964843750000000000000e+00
-2.6902731674887938595475134206935763359069824218750000000000000000e+00
-2.6902701114724640873987482336815446615219116210937500000000000000e+00
-2.6902670551468554904772645386401563882827758789062500000000000000e+00
-2.6902639985147493995043532777344807982444763183593750000000000000e+00
-2.6902609415789000557595045393100008368492126464843750000000000000e+00
-2.6902578843420332788127780077047646045684814453125000000000000000e+00
-2.6902548268068544601305802643764764070510864257812500000000000000e+00
-2.6902517689760387931130480865249410271644592285156250000000000000e+00
-2.6902487108522374903429863479686900973320007324218750000000000000e+00
-2.6902456524380755631398187688319012522697448730468750000000000000e+00
-2.6902425937361540420056371658574789762496948242187500000000000000e+00
-2.6902395347490442034654734015930444002151489257812500000000000000e+00
-2.6902364754792960077622865355806425213813781738281250000000000000e+00
-2.6902334159294358784109135740436613559722900390625000000000000000e+00
-2.6902303561019560440570330683840438723564147949218750000000000000e+00
-2.6902272959993349665808182180626317858695983886718750000000000000e+00
-2.6902242356240173570824936177814379334449768066406250000000000000e+00
-2.6902211749784283867370504594873636960983276367187500000000000000e+00
-2.6902181140649612522963707306189462542533874511718750000000000000e+00
-2.6902150528859940514792015164857730269432067871093750000000000000e+00
-2.6902119914438706871351314475759863853454589843750000000000000000e+00
-2.6902089297409150780993059015600010752677917480468750000000000000e+00
-2.6902058677794249419434891024138778448104858398437500000000000000e+00
-2.6902028055616749036005330708576366305351257324218750000000000000e+00
-2.6901997430899164953643776243552565574645996093750000000000000000e+00
-2.6901966803663688310166435257997363805770874023437500000000000000e+00
-2.6901936173932350371273969358298927545547485351562500000000000000e+00
-2.6901905541726915949141130113275721669197082519531250000000000000e+00
-2.6901874907068825670819478546036407351493835449218750000000000000e+00
-2.6901844269979449109086999669671058654785156250000000000000000000e+00
-2.6901813630479751715540714940289035439491271972656250000000000000e+00
-2.6901782988590525746985804289579391479492187500000000000000000000e+00
-2.6901752344332301447593636112287640571594238281250000000000000000e+00
-2.6901721697725426984959540277486667037010192871093750000000000000e+00
-2.6901691048789881932634671102277934551239013671875000000000000000e+00
-2.6901660397545583691680803894996643066406250000000000000000000000e+00
-2.6901629744012041101086651906371116638183593750000000000000000000e+00
-2.6901599088208656418430564372101798653602600097656250000000000000e+00
-2.6901568430154485511707207479048520326614379882812500000000000000e+00
-2.6901537769868459903932489396538585424423217773437500000000000000e+00
-2.6901507107369138083186044241301715373992919921875000000000000000e+00
-2.6901476442674976397029240615665912628173828125000000000000000000e+00
-2.6901445775804133653252847580006346106529235839843750000000000000e+00
-2.6901415106774519969690118159633129835128784179687500000000000000e+00
-2.6901384435603814537785183347295969724655151367187500000000000000e+00
-2.6901353762309545558650825114455074071884155273437500000000000000e+00
-2.6901323086908832671326763374963775277137756347656250000000000000e+00
-2.6901292409418759987715930037666112184524536132812500000000000000e+00
-2.6901261729856069671029672463191673159599304199218750000000000000e+00
-2.6901231048237255194521821977104991674423217773437500000000000000e+00
-2.6901200364578676804683254886185750365257263183593750000000000000e+00
-2.6901169678896352799313262948999181389808654785156250000000000000e+00
-2.6901138991206154926771887403447180986404418945312500000000000000e+00
-2.6901108301523652954756471444852650165557861328125000000000000000e+00
-2.6901077609864305628661895752884447574615478515625000000000000000e+00
-2.6901046916243127604673190944595262408256530761718750000000000000e+00
-2.6901016220675231238601554650813341140747070312500000000000000000e+00
-2.6900985523175089397796000412199646234512329101562500000000000000e+00
-2.6900954823757454725807747308863326907157897949218750000000000000e+00
-2.6900924122436191687768314295681193470954895019531250000000000000e+00
-2.6900893419225839764408192422706633806228637695312500000000000000e+00
-2.6900862714139499587417958537116646766662597656250000000000000000e+00
-2.6900832007191604056117739673936739563941955566406250000000000000e+00
-2.6900801298394392269131003558868542313575744628906250000000000000e+00
-2.6900770587762408148080339742591604590415954589843750000000000000e+00
-2.6900739875306749482319901289884001016616821289062500000000000000e+00
-2.6900709161042279937703369796508923172950744628906250000000000000e+00
-2.6900678444978800563092136144405230879783630371093750000000000000e+00
-2.6900647727131765662988982512615621089935302734375000000000000000e+00
-2.6900617007509164402279111527604982256889343261718750000000000000e+00
-2.6900586286127805557555348059395328164100646972656250000000000000e+00
-2.6900555562992947145062316849362105131149291992187500000000000000e+00
-2.6900524838123840432047018111916258931159973144531250000000000000e+00
-2.6900494111521702222944441018626093864440917968750000000000000000e+00
-2.6900463383209802792350728850578889250755310058593750000000000000e+00
-2.6900432653183399267504682939033955335617065429687500000000000000e+00
-2.6900401921472139044055893464246764779090881347656250000000000000e+00
-2.6900371188062388583261963503900915384292602539062500000000000000e+00
-2.6900340452993876105836079659638926386833190917968750000000000000e+00
-2.6900309716239521051761585113126784563064575195312500000000000000e+00
-2.6900278977854670259262093168217688798904418945312500000000000000e+00
-2.6900248237791943850538700644392520189285278320312500000000000000e+00
-2.6900217496130860439507159753702580928802490234375000000000000000e+00
-2.6900186752793193711852381966309621930122375488281250000000000000e+00
-2.6900156007895508203375811717705801129341125488281250000000000000e+00
-2.6900125261313037050570073915878310799598693847656250000000000000e+00
-2.6900094513218633096585108432918787002563476562500000000000000000e+00
-2.6900063763417318973836245277198031544685363769531250000000000000e+00
-2.6900033012167292589822409354383125901222229003906250000000000000e+00
-2.6900002259167852258769926265813410282135009765625000000000000000e+00
-2.6899971504805835209594988555181771516799926757812500000000000000e+00
-2.6899940748622181985183487995527684688568115234375000000000000000e+00
-2.6899909991196273573166308779036626219749450683593750000000000000e+00
-2.6899879231833101478343905910151079297065734863281250000000000000e+00
-2.6899848471398728477765871502924710512161254882812500000000000000e+00
-2.6899817708848217101547106722136959433555603027343750000000000000e+00
-2.6899786945471948484964741510339081287384033203125000000000000000e+00
-2.6899756179709366499253064830554649233818054199218750000000000000e+00
-2.6899725413474104840361178503371775150299072265625000000000000000e+00
-2.6899694644451641600824132183333858847618103027343750000000000000e+00
-2.6899663875463915019281557761132717132568359375000000000000000000e+00
-2.6899633103102300601960905623855069279670715332031250000000000000e+00
-2.6899602331501766272481290798168629407882690429687500000000000000e+00
-2.6899571555679382406367494695587083697319030761718750000000000000e+00
-2.6899540781651314347300285589881241321563720703125000000000000000e+00
-2.6899510002190369917229872953612357378005981445312500000000000000e+00
-2.6899479225980758023695216252235695719718933105468750000000000000e+00
-2.6899448442629809719051081629004329442977905273437500000000000000e+00
-2.6899417664567981667289586766855791211128234863281250000000000000e+00
-2.6899386876970927673369260446634143590927124023437500000000000000e+00
-2.6899356097509290464131481712684035301208496093750000000000000000e+00
-2.6899325305162236077194393146783113479614257812500000000000000000e+00
-2.6899294524914347803701275552157312631607055664062500000000000000e+00
-2.6899263727136979440501818316988646984100341796875000000000000000e+00
-2.6899232946902542629175059119006618857383728027343750000000000000e+00
-2.6899202142803884107991052587749436497688293457031250000000000000e+00
-2.6899171363619389651944402430672198534011840820312500000000000000e+00
-2.6899140552039271234718853520462289452552795410156250000000000000e+00
-2.6899109775227665330987747438484802842140197753906250000000000000e+00
-2.6899078954698354415597805200377479195594787597656250000000000000e+00
-2.6899048181919491540270428231451660394668579101562500000000000000e+00
-2.6899017350584824015413687448017299175262451171875000000000000000e+00
-2.6898986583901804969798376987455412745475769042968750000000000000e+00
-2.6898955739573184864354971068678423762321472167968750000000000000e+00
-2.6898924981245002641117025632411241531372070312500000000000000000e+00
-2.6898894121501024656595291162375360727310180664062500000000000000e+00
-2.6898863374543102722213916422333568334579467773437500000000000000e+00
-2.6898832495100539752286294969962909817695617675781250000000000000e+00
-2.6898801765534017249592579901218414306640625000000000000000000000e+00
-2.6898770859000973310060089715989306569099426269531250000000000000e+00
-2.6898740154081162145871530810836702585220336914062500000000000000e+00
-2.6898709215339002831512971170013770461082458496093750000000000000e+00
-2.6898678536937161709374777274206280708312988281250000000000000000e+00
-2.6898647566347215764892553124809637665748596191406250000000000000e+00
-2.6898616914506154884634270274545997381210327148437500000000000000e+00
-2.6898585909333907473239833052502945065498352050781250000000000000e+00
-2.6898555289740793128316909132990986108779907226562500000000000000e+00
-2.6898524242001831119353028043406084179878234863281250000000000000e+00
-2.6898493665539437991185423015849664807319641113281250000000000000e+00
-2.6898462559895532919540528382640331983566284179687500000000000000e+00
-2.6898432044849522881690973008517175912857055664062500000000000000e+00
-2.6898400866071652259847724053543061017990112304687500000000000000e+00
-2.6898370418980337426262394728837534785270690917968750000000000000e+00
-2.6898339169125957681671934551559388637542724609375000000000000000e+00
-2.6898308780851376553755471832118928432464599609375000000000000000e+00
-2.6898277479826560032449833670398220419883728027343750000000000000e+00
-2.6898247119670490867804346635239198803901672363281250000000000000e+00
-2.6898215786083095046876678679836913943290710449218750000000000000e+00
-2.6898185483322385458393455337500199675559997558593750000000000000e+00
-2.6898154043074415930902887339470908045768737792968750000000000000e+00
-2.6898123848516970468836007057689130306243896484375000000000000000e+00
-2.6898092343505610735121535981306806206703186035156250000000000000e+00
-2.6898062145082213270086413103854283690452575683593750000000000000e+00
-2.6898030664007235301937726035248488187789916992187500000000000000e+00
-2.6898000464320017677266605460317805409431457519531250000000000000e+00
-2.6897968915968970549101868527941405773162841796875000000000000000e+00
-2.6897938847133668893718549952609464526176452636718750000000000000e+00
-2.6897907261049587290813178697135299444198608398437500000000000000e+00
-2.6897876948347287928697824099799618124961853027343750000000000000e+00
-2.6897845751656022095232856372604146599769592285156250000000000000e+00
-2.6897815655886749830472126632230356335639953613281250000000000000e+00
-2.6897783729413324849133459792938083410263061523437500000000000000e+00
-2.6897753757941584851209881890099495649337768554687500000000000000e+00
-2.6897723835594300467732864490244537591934204101562500000000000000e+00
-2.6897692507486077317935269093140959739685058593750000000000000000e+00
-2.6897661557017520372880881041055545210838317871093750000000000000e+00
-2.6897634817255902106580833788029849529266357421875000000000000000e+00
-2.6897605704733384968108111934270709753036499023437500000000000000e+00
-2.6897575133086490950518054887652397155761718750000000000000000000e+00
