-2.6694024634498196846266182546969503164291381835937500000000000000e+00
-2.6694240710628256429970406315987929701805114746093750000000000000e+00
-2.6694412711484574174392037093639373779296875000000000000000000000e+00
-2.6694594629318801892736701120156794786453247070312500000000000000e+00
-2.6694777879974949108543569309404119849205017089843750000000000000e+00
-2.6694958449012857748527949297567829489707946777343750000000000000e+00
-2.6695139099260449810913087276276201009750366210937500000000000000e+00
-2.6695319291187433741185941471485421061515808105468750000000000000e+00
-2.6695498895991693899532037903554737567901611328125000000000000000e+00
-2.6695678012819481494943829602561891078948974609375000000000000000e+00
-2.6695856628687248957021438400261104106903076171875000000000000000e+00
-2.6696034741107603771581580076599493622779846191406250000000000000e+00
-2.6696212354320953963338070025201886892318725585937500000000000000e+00
-2.6696389470111832054044498363509774208068847656250000000000000000e+00
-2.6696566090279847394128864834783598780632019042968750000000000000e+00
-2.6696742216733770902692413073964416980743408203125000000000000000e+00
-2.6696917851316888103951896482612937688827514648437500000000000000e+00
-2.6697092995832676365353108849376440048217773437500000000000000000e+00
-2.6697267652049245789669384976150467991828918457031250000000000000e+00
-2.6697441821696847874534341826802119612693786621093750000000000000e+00
-2.6697615506467275992008580942638218402862548828125000000000000000e+00
-2.6697788708012977210159988317172974348068237304687500000000000000e+00
-2.6697961427946297341406989289680495858192443847656250000000000000e+00
-2.6698133667838264138083559373626485466957092285156250000000000000e+00
-2.6698305429217343842651644081342965364456176757812500000000000000e+00
-2.6698476713567891316358782205497846007347106933593750000000000000e+00
-2.6698647522328409209535493573639541864395141601562500000000000000e+00
-2.6698817856889518473906264262041077017784118652343750000000000000e+00
-2.6698987718591560280856356257572770118713378906250000000000000000e+00
-2.6699157108721878195467525074491277337074279785156250000000000000e+00
-2.6699326028511691788480675313621759414672851562500000000000000000e+00
-2.6699494479132370727825218637008219957351684570312500000000000000e+00
-2.6699662461691300308075369684956967830657958984375000000000000000e+00
-2.6699829977226978705573401384754106402397155761718750000000000000e+00
-2.6699997026703408131709238659823313355445861816406250000000000000e+00
-2.6700163611003824293277375545585528016090393066406250000000000000e+00
-2.6700329730923080262527946615591645240783691406250000000000000000e+00
-2.6700495387159381976971417316235601902008056640625000000000000000e+00
-2.6700660580304460545164602081058546900749206542968750000000000000e+00
-2.6700825310832363435054048750316724181175231933593750000000000000e+00
-2.6700989579086771286142720782663673162460327148437500000000000000e+00
-2.6701153385266054307578542648116126656532287597656250000000000000e+00
-2.6701316729406663341706007486209273338317871093750000000000000000e+00
-2.6701479611363625465969562355894595384597778320312500000000000000e+00
-2.6701642030788392823126287112245336174964904785156250000000000000e+00
-2.6701803987103365223276796314166858792304992675781250000000000000e+00
-2.6701965479472704600993893109261989593505859375000000000000000000e+00
-2.6702126506768655289647540485020726919174194335937500000000000000e+00
-2.6702287067533205799918505363166332244873046875000000000000000000e+00
-2.6702447159933551112942495819879695773124694824218750000000000000e+00
-2.6702606781711137884371964901220053434371948242187500000000000000e+00
-2.6702765930122818183178878825856372714042663574218750000000000000e+00
-2.6702924601872761734000505384756252169609069824218750000000000000e+00
-2.6703082793033785513614475348731502890586853027343750000000000000e+00
-2.6703240498956146709019776608329266309738159179687500000000000000e+00
-2.6703397714161245524167043186025694012641906738281250000000000000e+00
-2.6703554432217844194497047283221036195755004882812500000000000000e+00
-2.6703710645596960837622191320406273007392883300781250000000000000e+00
-2.6703866345501712231680357945151627063751220703125000000000000000e+00
-2.6704021521666421179475037206429988145828247070312500000000000000e+00
-2.6704176162119463988631196116330102086067199707031250000000000000e+00
-2.6704330252901380404750852903816848993301391601562500000000000000e+00
-2.6704483777729883797746879281476140022277832031250000000000000000e+00
-2.6704636717600656048432483657961711287498474121093750000000000000e+00
-2.6704789050311021902928132476517930626869201660156250000000000000e+00
-2.6704940749893992801844433415681123733520507812500000000000000000e+00
-2.6705091785947550064861388818826526403427124023437500000000000000e+00
-2.6705242122849730534994705521967262029647827148437500000000000000e+00
-2.6705391718857995897451473865658044815063476562500000000000000000e+00
-2.6705540525115409877798811066895723342895507812500000000000000000e+00
-2.6705688484636014301543127658078446984291076660156250000000000000e+00
-2.6705835531444894748176466237055137753486633300781250000000000000e+00
-2.6705981590246472556771095696603879332542419433593750000000000000e+00
-2.6706126577365756347148817440029233694076538085937500000000000000e+00
-2.6706270404389358397168052761116996407508850097656250000000000000e+00
-2.6706412987066192599172609334345906972885131835937500000000000000e+00
-2.6706554264706841017584793007699772715568542480468750000000000000e+00
-2.6706694239524484402181769837625324726104736328125000000000000000e+00
-2.6706833045315585550838477502111345529556274414062500000000000000e+00
-2.6706971204929148555606843729037791490554809570312500000000000000e+00
-2.6707109534793760374782323196996003389358520507812500000000000000e+00
-2.6707248187529692984298890223726630210876464843750000000000000000e+00
-2.6707386517457787356022436142666265368461608886718750000000000000e+00
-2.6707523982722451982851907814620062708854675292968750000000000000e+00
-2.6707660508200570248504845949355512857437133789062500000000000000e+00
-2.6707796129735221768441988388076424598693847656250000000000000000e+00
-2.6707930927004324139772961643757298588752746582031250000000000000e+00
-2.6708064989125768207145483756903558969497680664062500000000000000e+00
-2.6708198400128324578872707206755876541137695312500000000000000000e+00
-2.6708331234186069025327014969661831855773925781250000000000000000e+00
-2.6708463554650418991798233037116006016731262207031250000000000000e+00
-2.6708595414733138362350928218802437186241149902343750000000000000e+00
-2.6708726858754348043589743610937148332595825195312500000000000000e+00
-2.6708857923481983398517058958532288670539855957031250000000000000e+00
-2.6708988639369897200026571226771920919418334960937500000000000000e+00
-2.6709119031630832452606227889191359281539916992187500000000000000e+00
-2.6709249121136795501740834879456087946891784667968750000000000000e+00
-2.6709378925163345108728663035435602068901062011718750000000000000e+00
-2.6709508458000064123893935175146907567977905273437500000000000000e+00
-2.6709637731450439623870352079393342137336730957031250000000000000e+00
-2.6709766755241082236693728191312402486801147460937500000000000000e+00
-2.6709895537358097072910823044367134571075439453125000000000000000e+00
-2.6710024084323920057215673296013846993446350097656250000000000000e+00
-2.6710152401426334733969270018860697746276855468750000000000000000e+00
-2.6710280492908853311462280544219538569450378417968750000000000000e+00
-2.6710408362129429704623362340498715639114379882812500000000000000e+00
-2.6710536011693375435527286754222586750984191894531250000000000000e+00
-2.6710663443565652030997625843156129121780395507812500000000000000e+00
-2.6710790659165106752936935663456097245216369628906250000000000000e+00
-2.6710917659445163607756512647029012441635131835937500000000000000e+00
-2.6711044444961906663138506701216101646423339843750000000000000000e+00
-2.6711171015932855254959576996043324470520019531250000000000000000e+00
-2.6711297372286786355743970489129424095153808593750000000000000000e+00
-2.6711423513707228671876237058313563466072082519531250000000000000e+00
-2.6711549439669330929802981700049713253974914550781250000000000000e+00
-2.6711675149472271506567722099134698510169982910156250000000000000e+00
-2.6711800642267062855239601049106568098068237304687500000000000000e+00
-2.6711925917080709957929229858564212918281555175781250000000000000e+00
-2.6712050972837380058422240836080163717269897460937500000000000000e+00
-2.6712175808376703578517208370612934231758117675781250000000000000e+00
-2.6712300422469761329580251185689121484756469726562500000000000000e+00
-2.6712424813833117731576294318074360489845275878906250000000000000e+00
-2.6712548981141055470800438342848792672157287597656250000000000000e+00
-2.6712672923036171468424981867428869009017944335937500000000000000e+00
-2.6712796638138800453532439860282465815544128417968750000000000000e+00
-2.6712920125055283904202951816841959953308105468750000000000000000e+00
-2.6713043382384920043648435239447280764579772949218750000000000000e+00
-2.6713166408726407574647510045906528830528259277343750000000000000e+00
-2.6713289202683210277200487325899302959442138671875000000000000000e+00
-2.6713411762868424226269326027249917387962341308593750000000000000e+00
-2.6713534087908814562695170025108382105827331542968750000000000000e+00
-2.6713656176448532519884793146047741174697875976562500000000000000e+00
-2.6713778027152192962034860101994127035140991210937500000000000000e+00
-2.6713899638707632178125095379073172807693481445312500000000000000e+00
-2.6714021009828163855104321555700153112411499023437500000000000000e+00
-2.6714142139254715146989838103763759136199951171875000000000000000e+00
-2.6714263025757349900857207103399559855461120605468750000000000000e+00
-2.6714383668136849614427319465903565287590026855468750000000000000e+00
-2.6714504065225859186227808095281943678855895996093750000000000000e+00
-2.6714624215889810621149536018492653965950012207031250000000000000e+00
-2.6714744119027922231168759026331827044486999511718750000000000000e+00
-2.6714863773573545024930808722274377942085266113281250000000000000e+00
-2.6714983178494966509219921135809272527694702148437500000000000000e+00
-2.6715102332795508388585403736215084791183471679687500000000000000e+00
-2.6715221235513944009198894491419196128845214843750000000000000000e+00
-2.6715339885724525004206952871754765510559082031250000000000000000e+00
-2.6715458282537065670680931361857801675796508789062500000000000000e+00
-2.6715576425096925206048581458162516355514526367187500000000000000e+00
-2.6715694312584807867949621140724048018455505371093750000000000000e+00
-2.6715811944216674156393764860695227980613708496093750000000000000e+00
-2.6715929319243474360234813502756878733634948730468750000000000000e+00
-2.6716046436950771081342281831894069910049438476562500000000000000e+00
-2.6716163296658606007838443474611267447471618652343750000000000000e+00
-2.6716279897720873748312442330643534660339355468750000000000000000e+00
-2.6716396239525042055618087033508345484733581542968750000000000000e+00
-2.6716512321491783232829675398534163832664489746093750000000000000e+00
-2.6716628143074321322103514830814674496650695800781250000000000000e+00
-2.6716743703758107919554731779498979449272155761718750000000000000e+00
-2.6716859003060213773039777152007445693016052246093750000000000000e+00
-2.6716974040528835843133492744527757167816162109375000000000000000e+00
-2.6717088815742719987156306160613894462585449218750000000000000000e+00
-2.6717203328310699106395986746065318584442138671875000000000000000e+00
-2.6717317577870995926048180990619584918022155761718750000000000000e+00
-2.6717431564090801110467054968466982245445251464843750000000000000e+00
-2.6717545286665571602213731239316985011100769042968750000000000000e+00
-2.6717658745318559887493847782025113701820373535156250000000000000e+00
-2.6717771939800103453421797894407063722610473632812500000000000000e+00
-2.6717884869887185139702978631248697638511657714843750000000000000e+00
-2.6717997535382744800358523207250982522964477539062500000000000000e+00
-2.6718109936115150837565579422516748309135437011718750000000000000e+00
-2.6718222071937649531037095584906637668609619140625000000000000000e+00
-2.6718333942727676699746552912984043359756469726562500000000000000e+00
-2.6718445548386435817178607976529747247695922851562500000000000000e+00
-2.6718556888838214113945923600113019347190856933593750000000000000e+00
-2.6718667964029885197874136792961508035659790039062500000000000000e+00
-2.6718778773930313974460659665055572986602783203125000000000000000e+00
-2.6718889318529859266959647356998175382614135742187500000000000000e+00
-2.6718999597839800941301291459240019321441650390625000000000000000e+00
-2.6719109611891718181198029924416914582252502441406250000000000000e+00
-2.6719219360737245239079129532910883426666259765625000000000000000e+00
-2.6719328844447134407857902260730043053627014160156250000000000000e+00
-2.6719438063111122794168750260723754763603210449218750000000000000e+00
-2.6719547016837204012063011759892106056213378906250000000000000000e+00
-2.6719655705751206298259603499900549650192260742187500000000000000e+00
-2.6719764129996352863827269175089895725250244140625000000000000000e+00
-2.6719872289732653491967084846692159771919250488281250000000000000e+00
-2.6719980185136598116457662399625405669212341308593750000000000000e+00
-2.6720087816400597269250738463597372174263000488281250000000000000e+00
-2.6720195183732453614311452838592231273651123046875000000000000000e+00
-2.6720302287355162107473915966693311929702758789062500000000000000e+00
-2.6720409127506226099058039835654199123382568359375000000000000000e+00
-2.6720515704437381998559430940076708793640136718750000000000000000e+00
-2.6720622018414128540086949215037748217582702636718750000000000000e+00
-2.6720728069715304897613350476603955030441284179687500000000000000e+00
-2.6720833858632784263420489878626540303230285644531250000000000000e+00
-2.6720939385470887650342319830087944865226745605468750000000000000e+00
-2.6721044650546299514815018483204767107963562011718750000000000000e+00
-2.6721149654187335009680737130111083388328552246093750000000000000e+00
-2.6721254396733948865971797204110771417617797851562500000000000000e+00
-2.6721358878537064818203816685127094388008117675781250000000000000e+00
-2.6721463099958442377612755080917850136756896972656250000000000000e+00
-2.6721567061370206097592472360702231526374816894531250000000000000e+00
-2.6721670763154592442845114419469609856605529785156250000000000000e+00
-2.6721774205703585636229036026634275913238525390625000000000000000e+00
-2.6721877389418602355419807281577959656715393066406250000000000000e+00
-2.6721980314710243042952697578584775328636169433593750000000000000e+00
-2.6722082981997847817012825544225051999092102050781250000000000000e+00
-2.6722185391709412094485287525458261370658874511718750000000000000e+00
-2.6722287544281058124795436015119776129722595214843750000000000000e+00
-2.6722389440156990580987894645659253001213073730468750000000000000e+00
-2.6722491079789065793193003628402948379516601562500000000000000000e+00
-2.6722592463636600790266584226628765463829040527343750000000000000e+00
-2.6722693592166062437343043711734935641288757324218750000000000000e+00
-2.6722794465850849832122548832558095455169677734375000000000000000e+00
-2.6722895085171063378481903782812878489494323730468750000000000000e+00
-2.6722995450613229451164443162269890308380126953125000000000000000e+00
-2.6723095562670056146714614442316815257072448730468750000000000000e+00
-2.6723195421840282293146628944668918848037719726562500000000000000e+00
-2.6723295028628357705713369796285405755043029785156250000000000000e+00
-2.6723394383544314401035535411210730671882629394531250000000000000e+00
-2.6723493487103469057331039948621764779090881347656250000000000000e+00
-2.6723592339826360841925634304061532020568847656250000000000000000e+00
-2.6723690942238333967395647050580009818077087402343750000000000000e+00
-2.6723789294869564336920575442491099238395690917968750000000000000e+00
-2.6723887398254708713807303865905851125717163085937500000000000000e+00
-2.6723985252932873635245414334349334239959716796875000000000000000e+00
-2.6724082859447224613802518433658406138420104980468750000000000000e+00
-2.6724180218345070514374128833878785371780395507812500000000000000e+00
-2.6724277330177490519247385236667469143867492675781250000000000000e+00
-2.6724374195499205342230197857134044170379638671875000000000000000e+00
-2.6724470814868586110435444425093010067939758300781250000000000000e+00
-2.6724567188847205834179021621821448206901550292968750000000000000e+00
-2.6724663317999985956419095600722357630729675292968750000000000000e+00
-2.6724759202894809995143532432848587632179260253906250000000000000e+00
-2.6724854844102554629614587611285969614982604980468750000000000000e+00
-2.6724950242196823246842996013583615422248840332031250000000000000e+00
-2.6725045397753866005530198890483006834983825683593750000000000000e+00
-2.6725140311352522104471063357777893543243408203125000000000000000e+00
-2.6725234983573882274754396348726004362106323242187500000000000000e+00
-2.6725329415001457533662687637843191623687744140625000000000000000e+00
-2.6725423606220752859030653780791908502578735351562500000000000000e+00
-2.6725517557819378211547700630035251379013061523437500000000000000e+00
-2.6725611270386879780858180311042815446853637695312500000000000000e+00
-2.6725704744514469091143382684094831347465515136718750000000000000e+00
-2.6725797980795209518589672370580956339836120605468750000000000000e+00
-2.6725890979823638815560116199776530265808105468750000000000000000e+00
-2.6725983742195800196839172713225707411766052246093750000000000000e+00
-2.6726076268509131317330229649087414145469665527343750000000000000e+00
-2.6726168559362348808861042925855144858360290527343750000000000000e+00
-2.6726260615355363903233865130459889769554138183593750000000000000e+00
-2.6726352437089180291707180003868415951728820800781250000000000000e+00
-2.6726444025165840834290520433569326996803283691406250000000000000e+00
-2.6726535380188294332981513434788212180137634277343750000000000000e+00
-2.6726626502760342241060698142973706126213073730468750000000000000e+00
-2.6726717393486523199896964797517284750938415527343750000000000000e+00
-2.6726808052972130802515948744257912039756774902343750000000000000e+00
-2.6726898481822982667210908402921631932258605957031250000000000000e+00
-2.6726988680645491491816301277140155434608459472656250000000000000e+00
-2.6727078650046522945160631934413686394691467285156250000000000000e+00
-2.6727168390633266881195595487952232360839843750000000000000000000e+00
-2.6727257903013348361298540112329646944999694824218750000000000000e+00
-2.6727347187794592286991246510297060012817382812500000000000000000e+00
-2.6727436245584992313695238408399745821952819824218750000000000000e+00
-2.6727525076992746377868570561986416578292846679687500000000000000e+00
-2.6727613682626079061321888730162754654884338378906250000000000000e+00
-2.6727702063093223827650035673286765813827514648437500000000000000e+00
-2.6727790219002409699555755651090294122695922851562500000000000000e+00
-2.6727878150961732472978837904520332813262939453125000000000000000e+00
-2.6727965859579159157988215156365185976028442382812500000000000000e+00
-2.6728053345462443601832092099357396364212036132812500000000000000e+00
-2.6728140609219108725369551393669098615646362304687500000000000000e+00
-2.6728227651456348823444386653136461973190307617187500000000000000e+00
-2.6728314472781042887561397947138175368309020996093750000000000000e+00
-2.6728401073799648024476027785567566752433776855468750000000000000e+00
-2.6728487455118195015302262618206441402435302734375000000000000000e+00
-2.6728573617342257229267943330341950058937072753906250000000000000e+00
-2.6728659561076852924088598228991031646728515625000000000000000000e+00
-2.6728745286926431923291147541021928191184997558593750000000000000e+00
-2.6728830795494902261566494416911154985427856445312500000000000000e+00
-2.6728916087385470312653978908201679587364196777343750000000000000e+00
-2.6729001163200698520938658475643023848533630371093750000000000000e+00
-2.6729086023542403260933042474789544939994812011718750000000000000e+00
-2.6729170669011725891550668166019022464752197265625000000000000000e+00
-2.6729255100208941797745865187607705593109130859375000000000000000e+00
-2.6729339317733598058168809075141325592994689941406250000000000000e+00
-2.6729423322184349132157876738347113132476806640625000000000000000e+00
-2.6729507114158961300631744961719959974288940429687500000000000000e+00
-2.6729590694254352634118276910157874226570129394531250000000000000e+00
-2.6729674063066473088667862612055614590644836425781250000000000000e+00
-2.6729757221190313387637615960557013750076293945312500000000000000e+00
-2.6729840169219944989720261219190433621406555175781250000000000000e+00
-2.6729922907748320248799700493691489100456237792968750000000000000e+00
-2.6730005437367454490527052257675677537918090820312500000000000000e+00
-2.6730087758668243935744612826965749263763427734375000000000000000e+00
-2.6730169872240532313867333868984133005142211914062500000000000000e+00
-2.6730251778673057572177640395238995552062988281250000000000000000e+00
-2.6730333478553429671364938258193433284759521484375000000000000000e+00
-2.6730414972468095058388826146256178617477416992187500000000000000e+00
-2.6730496261002358870939588086912408471107482910156250000000000000e+00
-2.6730577344740322764948814437957480549812316894531250000000000000e+00
-2.6730658224264916000834091391880065202713012695312500000000000000e+00
-2.6730738900157784421196538460208103060722351074218750000000000000e+00
-2.6730819372999397032231172488536685705184936523437500000000000000e+00
-2.6730899643368939422316543641500174999237060546875000000000000000e+00
-2.6730979711844295998446341400267556309700012207031250000000000000e+00
-2.6731059579002116599610872071934863924980163574218750000000000000e+00
-2.6731139245417727678955088777001947164535522460937500000000000000e+00
-2.6731218711665110099318098946241661906242370605468750000000000000e+00
-2.6731297978316930219477853825083002448081970214843750000000000000e+00
-2.6731377045944548775935345474863424897193908691406250000000000000e+00
-2.6731455915117909860612144257174804806709289550781250000000000000e+00
-2.6731534586405598652447679342003539204597473144531250000000000000e+00
-2.6731613060374828094722943205852061510086059570312500000000000000e+00
-2.6731691337591434454168393131112679839134216308593750000000000000e+00
-2.6731769418619828471150867699179798364639282226562500000000000000e+00
-2.6731847304022990918781488289823755621910095214843750000000000000e+00
-2.6731924994362494807376151584321632981300354003906250000000000000e+00
-2.6732002490198496502671332564204931259155273437500000000000000000e+00
-2.6732079792089664671550508501240983605384826660156250000000000000e+00
-2.6732156900593264658994030469330027699470520019531250000000000000e+00
-2.6732233816265038583992463827598839998245239257812500000000000000e+00
-2.6732310539659325243633247737307101488113403320312500000000000000e+00
-2.6732387071328926886337740143062546849250793457031250000000000000e+00
-2.6732463411825202470595286285970360040664672851562500000000000000e+00
-2.6732539561697996610689642693614587187767028808593750000000000000e+00
-2.6732615521495661781159469683188945055007934570312500000000000000e+00
-2.6732691291765018348769444855861365795135498046875000000000000000e+00
-2.6732766873051456713028528611175715923309326171875000000000000000e+00
-2.6732842265898750788721827120753005146980285644531250000000000000e+00
-2.6732917470849217878026138350833207368850708007812500000000000000e+00
-2.6732992488443625411775883549125865101814270019531250000000000000e+00
-2.6733067319221182067678910243557766079902648925781250000000000000e+00
-2.6733141963719626588158462254796177148818969726562500000000000000e+00
-2.6733216422475094553590224677463993430137634277343750000000000000e+00
-2.6733290696022202759252195392036810517311096191406250000000000000e+00
-2.6733364784894027010864192561712116003036499023437500000000000000e+00
-2.6733438689622053274774771125521510839462280273437500000000000000e+00
-2.6733512410736248732234798808349296450614929199218750000000000000e+00
-2.6733585948765030693152766616549342870712280273437500000000000000e+00
-2.6733659304235186660037015826674178242683410644531250000000000000e+00
-2.6733732477672029759219185507390648126602172851562500000000000000e+00
-2.6733805469599261073199159000068902969360351562500000000000000000e+00
-2.6733878280539000726889753423165529966354370117187500000000000000e+00
-2.6733950911011818973861409176606684923171997070312500000000000000e+00
-2.6734023361536705110097500437404960393905639648437500000000000000e+00
-2.6734095632631080796670630661537870764732360839843750000000000000e+00
-2.6734167724810795618850534083321690559387207031250000000000000000e+00
-2.6734239638590109322535681712906807661056518554687500000000000000e+00
-2.6734311374481705136929576838156208395957946777343750000000000000e+00
-2.6734382932996698656324952025897800922393798828125000000000000000e+00
-2.6734454314644651162780064623802900314331054687500000000000000000e+00
-2.6734525519933463044708332745358347892761230468750000000000000000e+00
-2.6734596549369515905425487289903685450553894042968750000000000000e+00
-2.6734667403457619272444389935117214918136596679687500000000000000e+00
-2.6734738082700975070338245132006704807281494140625000000000000000e+00
-2.6734808587601195384308994107414036989212036132812500000000000000e+00
-2.6734878918658364632676693872781470417976379394531250000000000000e+00
-2.6734949076370924103684956207871437072753906250000000000000000000e+00
-2.6735019061235760773342917673289775848388671875000000000000000000e+00
-2.6735088873748211746317338111111894249916076660156250000000000000e+00
-2.6735158514401975438090630632359534502029418945312500000000000000e+00
-2.6735227983689227038155422633280977606773376464843750000000000000e+00
-2.6735297282100525251280487282201647758483886718750000000000000000e+00
-2.6735366410124927760705304535804316401481628417968750000000000000e+00
-2.6735435368249804710671924112830311059951782226562500000000000000e+00
-2.6735504156961051869245693524135276675224304199218750000000000000e+00
-2.6735572776742917433523416548268869519233703613281250000000000000e+00
-2.6735641228078144138180505251511931419372558593750000000000000000e+00
-2.6735709511447862674060615972848609089851379394531250000000000000e+00
-2.6735777627331671624233422335237264633178710937500000000000000000e+00
-2.6735845576207566409721039235591888427734375000000000000000000000e+00
-2.6735913358552019225555795856053009629249572753906250000000000000e+00
-2.6735980974839899104722462652716785669326782226562500000000000000e+00
-2.6736048425544560736000221368158236145973205566406250000000000000e+00
-2.6736115711137768968796990520786494016647338867187500000000000000e+00
-2.6736182832089738781178311910480260848999023437500000000000000000e+00
-2.6736249788869144161651547619840130209922790527343750000000000000e+00
-2.6736316581943100345597486011683940887451171875000000000000000000e+00
-2.6736383211777163815270341729046776890754699707031250000000000000e+00
-2.6736449678835385590502937702694907784461975097656250000000000000e+00
-2.6736515983580231292648932139854878187179565429687500000000000000e+00
-2.6736582126472616671719606529222801327705383300781250000000000000e+00
-2.6736648107971996424225835653487592935562133789062500000000000000e+00
-2.6736713928536208761954640067415311932563781738281250000000000000e+00
-2.6736779588621581993379550112877041101455688476562500000000000000e+00
-2.6736845088682934523660605918848887085914611816406250000000000000e+00
-2.6736910429173570413752258900785818696022033691406250000000000000e+00
-2.6736975610545203885237697249976918101310729980468750000000000000e+00
-2.6737040633248092547091800952330231666564941406250000000000000000e+00
-2.6737105497730988545868058281484991312026977539062500000000000000e+00
-2.6737170204441027543396103283157572150230407714843750000000000000e+00
-2.6737234753823986288523428811458870768547058105468750000000000000e+00
-2.6737299146323989518236885487567633390426635742187500000000000000e+00
-2.6737363382383758647620197734795510768890380859375000000000000000e+00
-2.6737427462444434134170023753540590405464172363281250000000000000e+00
-2.6737491386945766436156191048212349414825439453125000000000000000e+00
-2.6737555156325853999987884890288114547729492187500000000000000000e+00
-2.6737618771021485208905232866527512669563293457031250000000000000e+00
-2.6737682231467796434287720330758020281791687011718750000000000000e+00
-2.6737745538098556252748494443949311971664428710937500000000000000e+00
-2.6737808691346005574018818151671439409255981445312500000000000000e+00
-2.6737871691640906490761153690982609987258911132812500000000000000e+00
-2.6737934539412542278569162590429186820983886718750000000000000000e+00
-2.6737997235088744041320296673802658915519714355468750000000000000e+00
-2.6738059779095859624931108555756509304046630859375000000000000000e+00
-2.6738122171858793585386138147441670298576354980468750000000000000e+00
-2.6738184413800984984277420153375715017318725585937500000000000000e+00
-2.6738246505344402947912385570816695690155029296875000000000000000e+00
-2.6738308446909586635342748195398598909378051757812500000000000000e+00
-2.6738370238915596388551421114243566989898681640625000000000000000e+00
-2.6738431881780071464049797214101999998092651367187500000000000000e+00
-2.6738493375919238914661946182604879140853881835937500000000000000e+00
-2.6738554721747798126330053491983562707901000976562500000000000000e+00
-2.6738615919679133980935148429125547409057617187500000000000000000e+00
-2.6738676970125103693476376065518707036972045898437500000000000000e+00
-2.6738737873496192243294444779166951775550842285156250000000000000e+00
-2.6738798630201423556229656242066994309425354003906250000000000000e+00
-2.6738859240648471526924367935862392187118530273437500000000000000e+00
-2.6738919705243504587599545629927888512611389160156250000000000000e+00
-2.6738980024391385548199195909546688199043273925781250000000000000e+00
-2.6739040198495498401598524651490151882171630859375000000000000000e+00
-2.6739100227957814936985414533410221338272094726562500000000000000e+00
-2.6739160113178965794134001043858006596565246582031250000000000000e+00
-2.6739219854558173850023194972891360521316528320312500000000000000e+00
-2.6739279452493214250807795906439423561096191406250000000000000000e+00
-2.6739338907380565402149841247592121362686157226562500000000000000e+00
-2.6739398219615271301563552697189152240753173828125000000000000000e+00
-2.6739457389590990388228419760707765817642211914062500000000000000e+00
-2.6739516417700026629233889252645894885063171386718750000000000000e+00
-2.6739575304333338401363562297774478793144226074218750000000000000e+00
-2.6739634049880445232361125817988067865371704101562500000000000000e+00
-2.6739692654729605436614292557351291179656982421875000000000000000e+00
-2.6739751119267616275010368553921580314636230468750000000000000000e+00
-2.6739809443880018235972784168552607297897338867187500000000000000e+00
-2.6739867628950912958885055559221655130386352539062500000000000000e+00
-2.6739925674863145310666823206702247262001037597656250000000000000e+00
-2.6739983581998116868305714888265356421470642089843750000000000000e+00
-2.6740041350735994640785975207109004259109497070312500000000000000e+00
-2.6740098981455555637865018070442602038383483886718750000000000000e+00
-2.6740156474534231278994411695748567581176757812500000000000000000e+00
-2.6740213830348187329377651622053235769271850585937500000000000000e+00
-2.6740271049272217318559796694898977875709533691406250000000000000e+00
-2.6740328131679831358269439078867435455322265625000000000000000000e+00
-2.6740385077943193969929325248813256621360778808593750000000000000e+00
-2.6740441888433204020714129001135006546974182128906250000000000000e+00
-2.6740498563519410346600579941878095269203186035156250000000000000e+00
-2.6740555103570100570209433499258011579513549804687500000000000000e+00
-2.6740611508952243369208190415520220994949340820312500000000000000e+00
-2.6740667780031506239879490749444812536239624023437500000000000000e+00
-2.6740723917172295465150000381981953978538513183593750000000000000e+00
-2.6740779920737725028345721511868759989738464355468750000000000000e+00
-2.6740835791089616613191992655629292130470275878906250000000000000e+00
-2.6740891528588521808273981150705367326736450195312500000000000000e+00
-2.6740947133593722107036683155456557869911193847656250000000000000e+00
-2.6741002606463259994029613153543323278427124023437500000000000000e+00
-2.6741057947553832363496439938899129629135131835937500000000000000e+00
-2.6741113157220981477735222142655402421951293945312500000000000000e+00
-2.6741168235818921772306566708721220493316650390625000000000000000e+00
-2.6741223183700628673875598906306549906730651855468750000000000000e+00
-2.6741278001217856363780356332426890730857849121093750000000000000e+00
-2.6741332688721097810002902406267821788787841796875000000000000000e+00
-2.6741387246559580326277227868558838963508605957031250000000000000e+00
-2.6741441675081363271715417795348912477493286132812500000000000000e+00
-2.6741495974633209264936795079847797751426696777343750000000000000e+00
-2.6741550145560677442801988945575430989265441894531250000000000000e+00
-2.6741604188208127901305033446988090872764587402343750000000000000e+00
-2.6741658102918650641299791459459811449050903320312500000000000000e+00
-2.6741711890034189913478712696814909577369689941406250000000000000e+00
-2.6741765549895397668933583190664649009704589843750000000000000000e+00
-2.6741819082841784549486874311696738004684448242187500000000000000e+00
-2.6741872489211608865389280254021286964416503906250000000000000000e+00
-2.6741925769342005381190574553329497575759887695312500000000000000e+00
-2.6741978923568781034703079058090224862098693847656250000000000000e+00
-2.6742031952226739122124854475259780883789062500000000000000000000e+00
-2.6742084855649292940427130815805867314338684082031250000000000000e+00
-2.6742137634168834381398482946678996086120605468750000000000000000e+00
-2.6742190288116463037226822052616626024246215820312500000000000000e+00
-2.6742242817822208245104320667451247572898864746093750000000000000e+00
-2.6742295223614802601730389142176136374473571777343750000000000000e+00
-2.6742347505821970621298078185645863413810729980468750000000000000e+00
-2.6742399664770086786802494316361844539642333984375000000000000000e+00
-2.6742451700784553025869172415696084499359130859375000000000000000e+00
-2.6742503614189456762062491179676726460456848144531250000000000000e+00
-2.6742555405307855131979977159062400460243225097656250000000000000e+00
-2.6742607074461539617971084226155653595924377441406250000000000000e+00
-2.6742658621971324706123596115503460168838500976562500000000000000e+00
-2.6742710048156665969543155370047315955162048339843750000000000000e+00
-2.6742761353336099716671014903113245964050292968750000000000000000e+00
-2.6742812537826852192779369943309575319290161132812500000000000000e+00
-2.6742863601945172646878745581489056348800659179687500000000000000e+00
-2.6742914546006031351055298728169873356819152832031250000000000000e+00
-2.6742965370323443785594008659245446324348449707031250000000000000e+00
-2.6743016075210159776531781972153112292289733886718750000000000000e+00
-2.6743066660977934390075461124069988727569580078125000000000000000e+00
-2.6743117127937305887996899400604888796806335449218750000000000000e+00
-2.6743167476397813331345787446480244398117065429687500000000000000e+00
-2.6743217706667774535844728234224021434783935546875000000000000000e+00
-2.6743267819054548084523048601113259792327880859375000000000000000e+00
-2.6743317813864284637759283214109018445014953613281250000000000000e+00
-2.6743367691402086805396720592398196458816528320312500000000000000e+00
-2.6743417451971991383175009104888886213302612304687500000000000000e+00
-2.6743467095876898298456580960191786289215087890625000000000000000e+00
-2.6743516623418681632529114722274243831634521484375000000000000000e+00
-2.6743566034898114125439860799815505743026733398437500000000000000e+00
-2.6743615330614902703132429451216012239456176757812500000000000000e+00
-2.6743664510867670713878396782092750072479248046875000000000000000e+00
-2.6743713575954011218982486752793192863464355468750000000000000000e+00
-2.6743762526170415938508995168376713991165161132812500000000000000e+00
-2.6743811361812359628231661190511658787727355957031250000000000000e+00
-2.6743860083174224584467992826830595731735229492187500000000000000e+00
-2.6743908690549371698352842940948903560638427734375000000000000000e+00
-2.6743957184230104928701621247455477714538574218750000000000000000e+00
-2.6744005564507693506470786815043538808822631835937500000000000000e+00
-2.6744053831672327525836863060249015688896179199218750000000000000e+00
-2.6744101986013246730067294265609234571456909179687500000000000000e+00
-2.6744150027818540671376013051485642790794372558593750000000000000e+00
-2.6744197957375401841773054911755025386810302734375000000000000000e+00
-2.6744245774969872542214943678118288516998291015625000000000000000e+00
-2.6744293480887080249885912053287029266357421875000000000000000000e+00
-2.6744341075411037778053469082806259393692016601562500000000000000e+00
-2.6744388558824860879781226685736328363418579101562500000000000000e+00
-2.6744435931410519557971383619587868452072143554687500000000000000e+00
-2.6744483193449104518890635517891496419906616210937500000000000000e+00
-2.6744530345220587363996855856385082006454467773437500000000000000e+00
-2.6744577387004047075436119484947994351387023925781250000000000000e+00
-2.6744624319077456853221974597545340657234191894531250000000000000e+00
-2.6744671141717915041624564764788374304771423339843750000000000000e+00
-2.6744717855201414202781506901374086737632751464843750000000000000e+00
-2.6744764459803027634166028292383998632431030273437500000000000000e+00
-2.6744810955796878282342277088901028037071228027343750000000000000e+00
-2.6744857343455987752633973286719992756843566894531250000000000000e+00
-2.6744903623052538321758220263291150331497192382812500000000000000e+00
-2.6744949794857646452328481245785951614379882812500000000000000000e+00
-2.6744995859141518224078026833012700080871582031250000000000000000e+00
-2.6745041816173311666204881476005539298057556152343750000000000000e+00
-2.6745087666221345479300453007454052567481994628906250000000000000e+00
-2.6745133409552859227176213607890531420707702636718750000000000000e+00
-2.6745179046434208736116033833241090178489685058593750000000000000e+00
-2.6745224577130772836142114101676270365715026855468750000000000000e+00
-2.6745270001906988888151772698620334267616271972656250000000000000e+00
-2.6745315321026330579456953273620456457138061523437500000000000000e+00
-2.6745360534751343450921012845356017351150512695312500000000000000e+00
-2.6745405643343631574282426299760118126869201660156250000000000000e+00
-2.6745450647063870874831081891898065805435180664062500000000000000e+00
-2.6745495546171778045163591741584241390228271484375000000000000000e+00
-2.6745540340926168276780572341522201895713806152343750000000000000e+00
-2.6745585031584924173841955052921548485755920410156250000000000000e+00
-2.6745629618404955785138099599862471222877502441406250000000000000e+00
-2.6745674101642378239773734094342216849327087402343750000000000000e+00
-2.6745718481552231970965749496826902031898498535156250000000000000e+00
-2.6745762758388758051353306655073538422584533691406250000000000000e+00
-2.6745806932405229439098093280335888266563415527343750000000000000e+00
-2.6745851003854044236618392460513859987258911132812500000000000000e+00
-2.6745894972986641313639211148256435990333557128906250000000000000e+00
-2.6745938840053673501984121685381978750228881835937500000000000000e+00
-2.6745982605304727819373056263430044054985046386718750000000000000e+00
-2.6746026268988685181682285474380478262901306152343750000000000000e+00
-2.6746069831353351808900242758681997656822204589843750000000000000e+00
-2.6746113292645796732927010452840477228164672851562500000000000000e+00
-2.6746156653112089784940508252475410699844360351562500000000000000e+00
-2.6746199912997496994648827239871025085449218750000000000000000000e+00
-2.6746243072546360686203570367069914937019348144531250000000000000e+00
-2.6746286132002143887120837462134659290313720703125000000000000000e+00
-2.6746329091607461414525914733530953526496887207031250000000000000e+00
-2.6746371951604053229800683766370639204978942871093750000000000000e+00
-2.6746414712232779997691523021785542368888854980468750000000000000e+00
-2.6746457373733627527201406337553635239601135253906250000000000000e+00
-2.6746499936345755621402986434986814856529235839843750000000000000e+00
-2.6746542400307427023165018908912315964698791503906250000000000000e+00
-2.6746584765856069587641741236438974738121032714843750000000000000e+00
-2.6746627033228267400488675775704905390739440917968750000000000000e+00
-2.6746669202659734132510038762120530009269714355468750000000000000e+00
-2.6746711274385326362335035810247063636779785156250000000000000000e+00
-2.6746753248639083544446748419431969523429870605468750000000000000e+00
-2.6746795125654201363829542970051988959312438964843750000000000000e+00
-2.6746836905663022854184873722260817885398864746093750000000000000e+00
-2.6746878588897051720607578317867591977119445800781250000000000000e+00
-2.6746920175586996748506862786598503589630126953125000000000000000e+00
-2.6746961665962674103980134532321244478225708007812500000000000000e+00
-2.6747003060253140560575957351829856634140014648437500000000000000e+00
-2.6747044358686560272531096416059881448745727539062500000000000000e+00
-2.6747085561490338001533473288873210549354553222656250000000000000e+00
-2.6747126668891021417095998913282528519630432128906250000000000000e+00
-2.6747167681114358828153854119591414928436279296875000000000000000e+00
-2.6747208598385281419496095622889697551727294921875000000000000000e+00
-2.6747249420927925456226148526184260845184326171875000000000000000e+00
-2.6747290148965556788596131809754297137260437011718750000000000000e+00
-2.6747330782720721842338207352440804243087768554687500000000000000e+00
-2.6747371322415109951009526412235572934150695800781250000000000000e+00
-2.6747411768269651055618396640056744217872619628906250000000000000e+00
-2.6747452120504395800537622562842443585395812988281250000000000000e+00
-2.6747492379338742019001529115485027432441711425781250000000000000e+00
-2.6747532544991123870659066596999764442443847656250000000000000000e+00
-2.6747572617679353790265395218739286065101623535156250000000000000e+00
-2.6747612597620324947911285562440752983093261718750000000000000000e+00
-2.6747652485030242175412240612786263227462768554687500000000000000e+00
-2.6747692280124475416869245236739516258239746093750000000000000000e+00
-2.6747731983117617460266046691685914993286132812500000000000000000e+00
-2.6747771594223537228174336632946506142616271972656250000000000000e+00
-2.6747811113655255432774993096245452761650085449218750000000000000e+00
-2.6747850541625104447973626520251855254173278808593750000000000000e+00
-2.6747889878344528469256147218402475118637084960937500000000000000e+00
-2.6747929124024398817027758923359215259552001953125000000000000000e+00
-2.6747968278874565406511010223766788840293884277343750000000000000e+00
-2.6748007343104398536581811640644446015357971191406250000000000000e+00
-2.6748046316922264864501812553498893976211547851562500000000000000e+00
-2.6748085200535967054236152762314304709434509277343750000000000000e+00
-2.6748123994152397386869779438711702823638916015625000000000000000e+00
-2.6748162697977857504838539171032607555389404296875000000000000000e+00
-2.6748201312217720904129691916750743985176086425781250000000000000e+00
-2.6748239837076801528326086554443463683128356933593750000000000000e+00
-2.6748278272759038465267167339334264397621154785156250000000000000e+00
-2.6748316619467682464517110929591581225395202636718750000000000000e+00
-2.6748354877405238205767545878188684582710266113281250000000000000e+00
-2.6748393046773486503298045136034488677978515625000000000000000000e+00
-2.6748431127773444337947239546338096261024475097656250000000000000e+00
-2.6748469120605427029602196853375062346458435058593750000000000000e+00
-2.6748507025468999387385338195599615573883056640625000000000000000e+00
-2.6748544842563046763928014115663245320320129394531250000000000000e+00
-2.6748582572085677355744337546639144420623779296875000000000000000e+00
-2.6748620214234319902857350825797766447067260742187500000000000000e+00
-2.6748657769205625989172858680831268429756164550781250000000000000e+00
-2.6748695237195616591918678750516846776008605957031250000000000000e+00
-2.6748732618399504445960701559670269489288330078125000000000000000e+00
-2.6748769913011889443055224546696990728378295898437500000000000000e+00
-2.6748807121226572114380815037293359637260437011718750000000000000e+00
-2.6748844243236709061761757766362279653549194335937500000000000000e+00
-2.6748881279234706376257690862985327839851379394531250000000000000e+00
-2.6748918229412326219573969865450635552406311035156250000000000000e+00
-2.6748955093960566919975008204346522688865661621093750000000000000e+00
-2.6748991873069751790126247215084731578826904296875000000000000000e+00
-2.6749028566929529127094156137900426983833312988281250000000000000e+00
-2.6749065175728850007885739614721387624740600585937500000000000000e+00
-2.6749101699655923880527552682906389236450195312500000000000000000e+00
-2.6749138138898378436181246797787025570869445800781250000000000000e+00
-2.6749174493642993155617659795098006725311279296875000000000000000e+00
-2.6749210764076081225937286944827064871788024902343750000000000000e+00
-2.6749246950382987719763150380458682775497436523437500000000000000e+00
-2.6749283052748711320134589186636731028556823730468750000000000000e+00
-2.6749319071357273713829272310249507427215576171875000000000000000e+00
-2.6749355006392239175738723133690655231475830078125000000000000000e+00
-2.6749390858036301565903158916626125574111938476562500000000000000e+00
-2.6749426626471706214260848355479538440704345703125000000000000000e+00
-2.6749462311879810272330360021442174911499023437500000000000000000e+00
-2.6749497914441482393499427416827529668807983398437500000000000000e+00
-2.6749533434336800752362250932492315769195556640625000000000000000e+00
-2.6749568871745261766648127377266064286231994628906250000000000000e+00
-2.6749604226845642429566396458540111780166625976562500000000000000e+00
-2.6749639499816106891216804797295480966567993164062500000000000000e+00
-2.6749674690834117640747535915579646825790405273437500000000000000e+00
-2.6749709800076533205981377250282093882560729980468750000000000000e+00
-2.6749744827719519335573750140611082315444946289062500000000000000e+00
-2.6749779773938593407933694834355264902114868164062500000000000000e+00
-2.6749814638908668840144855494145303964614868164062500000000000000e+00
-2.6749849422803935183878820680547505617141723632812500000000000000e+00
-2.6749884125798009115726472373353317379951477050781250000000000000e+00
-2.6749918748063832296679720457177609205245971679687500000000000000e+00
-2.6749953289773733544620881730224937200546264648437500000000000000e+00
-2.6749987751099313371128118888009339570999145507812500000000000000e+00
-2.6750022132211679348756661056540906429290771484375000000000000000e+00
-2.6750056433281170775728696753503754734992980957031250000000000000e+00
-2.6750090654477571838754101918311789631843566894531250000000000000e+00
-2.6750124795970005031620075897080823779106140136718750000000000000e+00
-2.6750158857926997768572618952021002769470214843750000000000000000e+00
-2.6750192840516393566474562248913571238517761230468750000000000000e+00
-2.6750226743905431980863340868381783366203308105468750000000000000e+00
-2.6750260568260793014871978812152519822120666503906250000000000000e+00
-2.6750294313748437247113542980514466762542724609375000000000000000e+00
-2.6750327980533743499336196691729128360748291015625000000000000000e+00
-2.6750361568781526599991593684535473585128784179687500000000000000e+00
-2.6750395078655899716579824598738923668861389160156250000000000000e+00
-2.6750428510320403141520273493370041251182556152343750000000000000e+00
-2.6750461863937968765014829841675236821174621582031250000000000000e+00
-2.6750495139670920075047888531116768717765808105468750000000000000e+00
-2.6750528337680927748465364857111126184463500976562500000000000000e+00
-2.6750561458129151759521846543066203594207763671875000000000000000e+00
-2.6750594501176023776167767209699377417564392089843750000000000000e+00
-2.6750627466981464763762232905719429254531860351562500000000000000e+00
-2.6750660355704751758310067089041694998741149902343750000000000000e+00
-2.6750693167504611125195879139937460422515869140625000000000000000e+00
-2.6750725902539063127960616839118301868438720703125000000000000000e+00
-2.6750758560965683940935377904679626226425170898437500000000000000e+00
-2.6750791142941299227686613448895514011383056640625000000000000000e+00
-2.6750823648622312767031417024554684758186340332031250000000000000e+00
-2.6750856078164306772748659568605944514274597167968750000000000000e+00
-2.6750888431722565918846612476045265793800354003906250000000000000e+00
-2.6750920709451446732884960511000826954841613769531250000000000000e+00
-2.6750952911505141429415743914432823657989501953125000000000000000e+00
-2.6750985038036696472829589765751734375953674316406250000000000000e+00
-2.6751017089199327081416868168162181973457336425781250000000000000e+00
-2.6751049065144676397665080003207549452781677246093750000000000000e+00
-2.6751080966025098106797486252617090940475463867187500000000000000e+00
-2.6751112791990721007095999084413051605224609375000000000000000000e+00
-2.6751144543193179359263922378886491060256958007812500000000000000e+00
-2.6751176219780887777233147062361240386962890625000000000000000000e+00
-2.6751207821905063077849717956269159913063049316406250000000000000e+00
-2.6751239349712059301111821696395054459571838378906250000000000000e+00
-2.6751270803353066618512912100413814187049865722656250000000000000e+00
-2.6751302182971983256720704957842826843261718750000000000000000000e+00
-2.6751333488720447917330602649599313735961914062500000000000000000e+00
-2.6751364720739205793620385520625859498977661132812500000000000000e+00
-2.6751395879181414372283143165986984968185424804687500000000000000e+00
-2.6751426964183315782008776295697316527366638183593750000000000000e+00
-2.6751457975901140606822536938125267624855041503906250000000000000e+00
-2.6751488914464829349526553414762020111083984375000000000000000000e+00
-2.6751519780035946105556377005996182560920715332031250000000000000e+00
-2.6751550572735247612854436738416552543640136718750000000000000000e+00
-2.6751581292733264128003156656632199883460998535156250000000000000e+00
-2.6751611940137087763957879360532388091087341308593750000000000000e+00
-2.6751642515131774935355224442901089787483215332031250000000000000e+00
-2.6751673017803927479008052614517509937286376953125000000000000000e+00
-2.6751703448361521253673345199786126613616943359375000000000000000e+00
-2.6751733806860285014295186556410044431686401367187500000000000000e+00
-2.6751764093544001532620768557535484433174133300781250000000000000e+00
-2.6751794308421619206228569964878261089324951171875000000000000000e+00
-2.6751824451792325376686676463577896356582641601562500000000000000e+00
-2.6751854523594360557581239845603704452514648437500000000000000000e+00
-2.6751884524211426708006911212578415870666503906250000000000000000e+00
-2.6751914453475538202553707378683611750602722167968750000000000000e+00
-2.6751944311898445683084446500288322567939758300781250000000000000e+00
-2.6751974099152691088931987906107679009437561035156250000000000000e+00
-2.6752003815942813069739258935442194342613220214843750000000000000e+00
-2.6752033461703654815266872901702299714088439941406250000000000000e+00
-2.6752063037427000757872974645579233765602111816406250000000000000e+00
-2.6752092542195740065835707355290651321411132812500000000000000000e+00
-2.6752121977427121279902166861575096845626831054687500000000000000e+00
-2.6752151341685590502095237752655521035194396972656250000000000000e+00
-2.6752180637013398545320796984015032649040222167968750000000000000e+00
-2.6752209861217819408807372383307665586471557617187500000000000000e+00
-2.6752239017252357200504775391891598701477050781250000000000000000e+00
-2.6752268101823473145373100123833864927291870117187500000000000000e+00
-2.6752297119206871478525044949492439627647399902343750000000000000e+00
-2.6752326064520426385229256993625313043594360351562500000000000000e+00
-2.6752354943938718712104218866443261504173278808593750000000000000e+00
-2.6752383750306920617845207743812352418899536132812500000000000000e+00
-2.6752412492514530129028571536764502525329589843750000000000000000e+00
-2.6752441160162341304840083466842770576477050781250000000000000000e+00
-2.6752469766000328554866882768692448735237121582031250000000000000e+00
-2.6752498295046316378886785969370976090431213378906250000000000000e+00
-2.6752526765476378756147823878563940525054931640625000000000000000e+00
-2.6752555155880024528869398636743426322937011718750000000000000000e+00
-2.6752583492040362678210385638521984219551086425781250000000000000e+00
-2.6752611743561844903638302639592438936233520507812500000000000000e+00
-2.6752639946796468173317862238036468625068664550781250000000000000e+00
-2.6752668058950197504941570514347404241561889648437500000000000000e+00
-2.6752696130890987191719432303216308355331420898437500000000000000e+00
-2.6752724102843297160347901808563619852066040039062500000000000000e+00
-2.6752752045504255562491380260325968265533447265625000000000000000e+00
-2.6752779875995864600213280937168747186660766601562500000000000000e+00
-2.6752807691839928239119217323604971170425415039062500000000000000e+00
-2.6752835379128288018080183974234387278556823730468750000000000000e+00
-2.6752863071141339545988557802047580480575561523437500000000000000e+00
-2.6752890612834834271893669210840016603469848632812500000000000000e+00
-2.6752918184810234869530631840461865067481994628906250000000000000e+00
-2.6752945577636273455368609575089067220687866210937500000000000000e+00
-2.6752973034100002713842059165472164750099182128906250000000000000e+00
-2.6753000274196261365489135641837492585182189941406250000000000000e+00
-2.6753027620469009839609952905448153614997863769531250000000000000e+00
-2.6753054702612506510206458187894895672798156738281250000000000000e+00
-2.6753081945628514048962642846163362264633178710937500000000000000e+00
-2.6753108863494921010328653210308402776718139648437500000000000000e+00
-2.6753136010592668547758421482285484671592712402343750000000000000e+00
-2.6753162757178357011866864922922104597091674804687500000000000000e+00
-2.6753189817452667220720741170225664973258972167968750000000000000e+00
-2.6753216383684761403571883420227095484733581542968750000000000000e+00
-2.6753243367208603409324041422223672270774841308593750000000000000e+00
-2.6753269743703387284483596886275336146354675292968750000000000000e+00
-2.6753296661864101047001440747408196330070495605468750000000000000e+00
-2.6753322837528643596272104332456365227699279785156250000000000000e+00
-2.6753349700904625052544361096806824207305908203125000000000000000e+00
-2.6753375666995888870758335542632266879081726074218750000000000000e+00
-2.6753402488737267894691740366397425532341003417968750000000000000e+00
-2.6753428228268711919213274086359888315200805664062500000000000000e+00
-2.6753455021969925198277451272588223218917846679687500000000000000e+00
-2.6753480535458158406925122108077630400657653808593750000000000000e+00
-2.6753507298976608730356474552536383271217346191406250000000000000e+00
-2.6753532567795850205527585785603150725364685058593750000000000000e+00
-2.6753559339387327220549650519387796521186828613281250000000000000e+00
-2.6753584354166708436650878866203129291534423828125000000000000000e+00
-2.6753611085812636360969918314367532730102539062500000000000000000e+00
-2.6753635894757685775857680710032582283020019531250000000000000000e+00
-2.6753662637275041902285011019557714462280273437500000000000000000e+00
-2.6753687122226641470490449137287214398384094238281250000000000000e+00
-2.6753713870897048998642731021391227841377258300781250000000000000e+00
-2.6753738264699542526159348199144005775451660156250000000000000000e+00
-2.6753764813526870192106343893101438879966735839843750000000000000e+00
-2.6753788928713171380024959944421425461769104003906250000000000000e+00
-2.6753815729945551460389197018230333924293518066406250000000000000e+00
-2.6753839620555552869518578518182039260864257812500000000000000000e+00
-2.6753865782944457052394682250451296567916870117187500000000000000e+00
-2.6753890183517579082206339080585166811943054199218750000000000000e+00
-2.6753916590970465705368042108602821826934814453125000000000000000e+00
-2.6753939892180800264043227798538282513618469238281250000000000000e+00
-2.6753966108255613498556613194523379206657409667968750000000000000e+00
-2.6753991801874965617002999351825565099716186523437500000000000000e+00
-2.6754016411830470190125197404995560646057128906250000000000000000e+00
-2.6754040562553043081095438537886366248130798339843750000000000000e+00
-2.6754069894327359158126000693300738930702209472656250000000000000e+00
-2.6754096061379581961148232949199154973030090332031250000000000000e+00
-2.6754121015804490646416979870991781353950500488281250000000000000e+00
