2.0000000000000000000000000000000000000000000000000000000000000000e+01
1.7814938684503900390154740307480096817016601562500000000000000000e+01
1.6060301507537690923754780669696629047393798828125000000000000000e+01
1.4620311070448307688707245688419789075851440429687500000000000000e+01
1.3417296389588580396434736030641943216323852539062500000000000000e+01
1.2397207137315749747585869044996798038482666015625000000000000000e+01
1.1521268925739004629349437891505658626556396484375000000000000000e+01
1.0760942760942761253772914642468094825744628906250000000000000000e+01
1.0094756790903348431243102822918444871902465820312500000000000000e+01
9.5062462819750166431731486227363348007202148437500000000000000000e+00
8.9825744800449704996481159469112753868103027343750000000000000000e+00
8.5135855087906247007367710466496646404266357421875000000000000000e+00
8.0911392405063295996114902663975954055786132812500000000000000000e+00
7.7086348287506032406213307694997638463973999023437500000000000000e+00
7.3606632888070020470649978960864245891571044921875000000000000000e+00
7.0427501101806972982899424096103757619857788085937500000000000000e+00
6.7511618081960298454191615746822208166122436523437500000000000000e+00
6.4827586206896565812485278001986443996429443359375000000000000000e+00
6.2348809988294968675859308859799057245254516601562500000000000000e+00
6.0052611800075164083523304725531488656997680664062500000000000000e+00
5.7919536063791232649577978008892387151718139648437500000000000000e+00
5.5932796639831998675163049483671784400939941406250000000000000000e+00
5.4077834179357031629820085072424262762069702148437500000000000000e+00
5.2341958729118909232624901051167398691177368164062500000000000000e+00
5.0714059028879718837856671598274260759353637695312500000000000000e+00
4.9184364419821484659678390016779303550720214843750000000000000000e+00
4.7744248580818648974855022970587015151977539062500000000000000000e+00
4.6386066763425262138298421632498502731323242187500000000000000000e+00
4.5103020039514545302949954930227249860763549804687500000000000000e+00
4.3889041472123047071818291442468762397766113281250000000000000000e+00
4.2738700187215830084141998668201267719268798828125000000000000000e+00
4.1647120145947358338389676646329462528228759765625000000000000000e+00
4.0609911054637866101302279275842010974884033203125000000000000000e+00
3.9623109347879994501795408723410218954086303710937500000000000000e+00
3.8683127572016466899640363408252596855163574218750000000000000000e+00
3.7786710806337202583904399944003671407699584960937500000000000000e+00
3.6930899006239892301550753472838550806045532226562500000000000000e+00
3.6112994350282487943104570149444043636322021484375000000000000000e+00
3.5330532832191026137991229916224256157875061035156250000000000000e+00
3.4581259467647700311943026463268324732780456542968750000000000000e+00
3.3863106590379321580996929696993902325630187988281250000000000000e+00
3.3174174797591864383150550565915182232856750488281250000000000000e+00
3.2512716174974567451272378093563020229339599609375000000000000000e+00
3.1877119489327747636764343042159453034400939941406250000000000000e+00
3.1265897084719234122474063042318448424339294433593750000000000000e+00
3.0677673257823001584654321050038561224937438964843750000000000000e+00
3.0111173921236105144316752557642757892608642578125000000000000000e+00
2.9565217391304350336156403500353917479515075683593750000000000000e+00
2.9038706160276217538296350539894774556159973144531250000000000000e+00
2.8530619532226393353369076066883280873298645019531250000000000000e+00
2.8040007018775230385188024229137226939201354980468750000000000000e+00
2.7565982404692088714170949970139190554618835449218750000000000000e+00
2.7107718405428333774409566103713586926460266113281250000000000000e+00
2.6664441848823634551024497341131791472434997558593750000000000000e+00
2.6235429321950425318732413870748132467269897460937500000000000000e+00
2.5820003231539834231966779043432325124740600585937500000000000000e+00
2.5417528232861466008785100711975246667861938476562500000000000000e+00
2.5027407987470642325433800579048693180084228515625000000000000000e+00
2.4649082215023909725459816399961709976196289062500000000000000000e+00
2.4282024008509348611539735429687425494194030761718750000000000000e+00
2.3925737385836205461941972316708415746688842773437500000000000000e+00
2.3579755053858644231468133511953055858612060546875000000000000000e+00
2.3243636363636368535878773400327190756797790527343750000000000000e+00
2.2916965438118461761973776447121053934097290039062500000000000000e+00
2.2599349455522559360076684242812916636466979980468750000000000000e+00
2.2290417073510955248138998285867273807525634765625000000000000000e+00
2.1989816980872443075156752456678077578544616699218750000000000000e+00
2.1697216564833676777368509647203609347343444824218750000000000000e+00
2.1412300683371303655633255402790382504463195800781250000000000000e+00
2.1134770532998286007853039336623623967170715332031250000000000000e+00
2.0864342603473042814243854081723839044570922851562500000000000000e+00
2.0600747711744231693842266395222395658493041992187500000000000000e+00
2.0343730108211333096335238224128261208534240722656250000000000000e+00
2.0093046649063248665356695710215717554092407226562500000000000000e+00
1.9848466029064715243634964281227439641952514648437500000000000000e+00
1.9609768069701807302607221572543494403362274169921875000000000000e+00
1.9376743058081729031982831656932830810546875000000000000000000000e+00
1.9149191132414622451562991045648232102394104003906250000000000000e+00
1.8926921710292552436527557802037335932254791259765625000000000000e+00
1.8709752956328302708755018102237954735755920410156250000000000000e+00
1.8497511286028478494358751049730926752090454101562500000000000000e+00
1.8290030903055971567283677359228022396564483642578125000000000000e+00
1.8087153367289194871858626356697641313076019287109375000000000000e+00
1.7888727191313111841708405336248688399791717529296875000000000000e+00
1.7694607463182374651466943760169669985771179199218750000000000000e+00
1.7504655493482310646413679933175444602966308593750000000000000000e+00
1.7318738484881328609787942696129903197288513183593750000000000000e+00
1.7136729222520110660354930587345734238624572753906250000000000000e+00
1.6958505783720685400339789339341223239898681640625000000000000000e+00
1.6783951265623362480994273937540128827095031738281250000000000000e+00
1.6612953529472920255471990458318032324314117431640625000000000000e+00
1.6445404960378720016223041966441087424755096435546875000000000000e+00
1.6281202241467145341857758467085659503936767578125000000000000000e+00
1.6120246141430447650577661988791078329086303710937500000000000000e+00
1.5962441314553994509140011359704658389091491699218750000000000000e+00
1.5807696112375113628445433278102427721023559570312500000000000000e+00
1.5655922406191828955002165457699447870254516601562500000000000000e+00
1.5507035419699175537999735752237029373645782470703125000000000000e+00
1.5360953571085265156881405346211977303028106689453125000000000000e+00
1.5217598323969145912570866130408830940723419189453125000000000000e+00
1.5076894046608171340295712070656009018421173095703125000000000000e+00
1.4938767878844536607374493542010895907878875732421875000000000000e+00
1.4803149606299212948101740039419382810592651367187500000000000000e+00
1.4669971541356836564062859906698577105998992919921875000000000000e+00
1.4539168410517697704875672570778988301753997802734375000000000000e+00
1.4410677247722969429588601997238583862781524658203125000000000000e+00
1.4284437293286851300422313215676695108413696289062500000000000000e+00
1.4160389898094818406093509111087769269943237304687500000000000000e+00
1.4038478432750594038225244730710983276367187500000000000000000000e+00
1.3918648201376189188493981419014744460582733154296875000000000000e+00
1.3800846359789276096563526152749545872211456298828125000000000000e+00
1.3685021837800805943885507076629437506198883056640625000000000000e+00
1.3571125265392782743845145887462422251701354980468750000000000000e+00
1.3459108902552010533781867707148194313049316406250000000000000000e+00
1.3348926572550332547706375407869927585124969482421875000000000000e+00
1.3240533598475434651220439263852313160896301269531250000000000000e+00
1.3133886742828964067086872091749683022499084472656250000000000000e+00
1.3028944150020382863885970436967909336090087890625000000000000000e+00
1.2925665291595891392972816902329213917255401611328125000000000000e+00
1.2824010914051842124905533637502230703830718994140625000000000000e+00
1.2723942989091487909547595336334779858589172363281250000000000000e+00
1.2625424666192621714344568317756056785583496093750000000000000000e+00
1.2528420227361818373168489415547810494899749755859375000000000000e+00
1.2432895043958609448964125476777553558349609375000000000000000000e+00
1.2338815535479885632241803250508382916450500488281250000000000000e+00
1.2246149130201549048990727897034958004951477050781250000000000000e+00
1.2154864227580437496811782693839631974697113037109375000000000000e+00
1.2064930162325406826084872591309249401092529296875000000000000000e+00
1.1976317170051713478784449762315489351749420166015625000000000000e+00
1.1888996354437915137225445505464449524879455566406250000000000000e+00
1.1802939655809145946818716765847057104110717773437500000000000000e+00
1.1718119821075017039646581906708888709545135498046875000000000000e+00
1.1634510374954496469968034944031387567520141601562500000000000000e+00
1.1552085592423915194615346990758553147315979003906250000000000000e+00
1.1470820472327902805886878923047333955764770507812500000000000000e+00
1.1390690712096374070938509248662739992141723632812500000000000000e+00
1.1311672683513840365066016602213494479656219482421875000000000000e+00
1.1233743409490335452005638217087835073471069335937500000000000000e+00
1.1156880541785940685883815604029223322868347167968750000000000000e+00
1.1081062339643577008274633044493384659290313720703125000000000000e+00
1.1006267649287142518232940346933901309967041015625000000000000000e+00
1.0932475884244372554832125388202257454395294189453125000000000000e+00
1.0859667006455997473324259772198274731636047363281250000000000000e+00
1.0787821508134747272578124466235749423503875732421875000000000000e+00
1.0716920394339748412448898307047784328460693359375000000000000000e+00
1.0646945166233592328097756762872450053691864013671875000000000000e+00
1.0577877804991064891737551079131662845611572265625000000000000000e+00
1.0509700756330155879680887665017507970333099365234375000000000000e+00
1.0442396915637457421865974538377486169338226318359375000000000000e+00
1.0375949613661450410262432342278771102428436279296875000000000000e+00
1.0310342602748565621340048892307095229625701904296875000000000000e+00
1.0245560043598127553110543885850347578525543212890625000000000000e+00
1.0181586492513539088378138330881483852863311767578125000000000000e+00
1.0118406889128095382801575397024862468242645263671875000000000000e+00
1.0056006544584985551438194306683726608753204345703125000000000000e+00
1.0000000000000000000000000000000000000000000000000000000000000000e+00
1.0000000000000000000000000000000000000000000000000000000000000000e+00
1.0000000000000000000000000000000000000000000000000000000000000000e+00
1.0000000000000000000000000000000000000000000000000000000000000000e+00
1.0000000000000000000000000000000000000000000000000000000000000000e+00
1.0000000000000000000000000000000000000000000000000000000000000000e+00
1.0000000000000000000000000000000000000000000000000000000000000000e+00
1.0000000000000000000000000000000000000000000000000000000000000000e+00
1.0000000000000000000000000000000000000000000000000000000000000000e+00
1.0000000000000000000000000000000000000000000000000000000000000000e+00
1.0000000000000000000000000000000000000000000000000000000000000000e+00
1.0000000000000000000000000000000000000000000000000000000000000000e+00
1.0000000000000000000000000000000000000000000000000000000000000000e+00
1.0000000000000000000000000000000000000000000000000000000000000000e+00
1.0000000000000000000000000000000000000000000000000000000000000000e+00
1.0000000000000000000000000000000000000000000000000000000000000000e+00
1.0000000000000000000000000000000000000000000000000000000000000000e+00
1.0000000000000000000000000000000000000000000000000000000000000000e+00
1.0000000000000000000000000000000000000000000000000000000000000000e+00
1.0000000000000000000000000000000000000000000000000000000000000000e+00
1.0000000000000000000000000000000000000000000000000000000000000000e+00
1.0000000000000000000000000000000000000000000000000000000000000000e+00
1.0000000000000000000000000000000000000000000000000000000000000000e+00
1.0000000000000000000000000000000000000000000000000000000000000000e+00
1.0000000000000000000000000000000000000000000000000000000000000000e+00
1.0000000000000000000000000000000000000000000000000000000000000000e+00
1.0000000000000000000000000000000000000000000000000000000000000000e+00
1.0000000000000000000000000000000000000000000000000000000000000000e+00
1.0000000000000000000000000000000000000000000000000000000000000000e+00
1.0000000000000000000000000000000000000000000000000000000000000000e+00
1.0000000000000000000000000000000000000000000000000000000000000000e+00
1.0000000000000000000000000000000000000000000000000000000000000000e+00
1.0000000000000000000000000000000000000000000000000000000000000000e+00
1.0000000000000000000000000000000000000000000000000000000000000000e+00
1.0000000000000000000000000000000000000000000000000000000000000000e+00
1.0000000000000000000000000000000000000000000000000000000000000000e+00
1.0000000000000000000000000000000000000000000000000000000000000000e+00
1.0000000000000000000000000000000000000000000000000000000000000000e+00
1.0000000000000000000000000000000000000000000000000000000000000000e+00
1.0000000000000000000000000000000000000000000000000000000000000000e+00
1.0000000000000000000000000000000000000000000000000000000000000000e+00
1.0000000000000000000000000000000000000000000000000000000000000000e+00
1.0000000000000000000000000000000000000000000000000000000000000000e+00
1.0000000000000000000000000000000000000000000000000000000000000000e+00
1.0000000000000000000000000000000000000000000000000000000000000000e+00
1.0000000000000000000000000000000000000000000000000000000000000000e+00
1.0000000000000000000000000000000000000000000000000000000000000000e+00
1.0000000000000000000000000000000000000000000000000000000000000000e+00
1.0000000000000000000000000000000000000000000000000000000000000000e+00
1.0000000000000000000000000000000000000000000000000000000000000000e+00
1.0000000000000000000000000000000000000000000000000000000000000000e+00
1.0000000000000000000000000000000000000000000000000000000000000000e+00
1.0000000000000000000000000000000000000000000000000000000000000000e+00
1.0000000000000000000000000000000000000000000000000000000000000000e+00
1.0000000000000000000000000000000000000000000000000000000000000000e+00
1.0000000000000000000000000000000000000000000000000000000000000000e+00
1.0000000000000000000000000000000000000000000000000000000000000000e+00
1.0000000000000000000000000000000000000000000000000000000000000000e+00
1.0000000000000000000000000000000000000000000000000000000000000000e+00
1.0000000000000000000000000000000000000000000000000000000000000000e+00
1.0000000000000000000000000000000000000000000000000000000000000000e+00
1.0000000000000000000000000000000000000000000000000000000000000000e+00
1.0000000000000000000000000000000000000000000000000000000000000000e+00
1.0000000000000000000000000000000000000000000000000000000000000000e+00
1.0000000000000000000000000000000000000000000000000000000000000000e+00
1.0000000000000000000000000000000000000000000000000000000000000000e+00
1.0000000000000000000000000000000000000000000000000000000000000000e+00
1.0000000000000000000000000000000000000000000000000000000000000000e+00
1.0000000000000000000000000000000000000000000000000000000000000000e+00
1.0000000000000000000000000000000000000000000000000000000000000000e+00
1.0000000000000000000000000000000000000000000000000000000000000000e+00
1.0000000000000000000000000000000000000000000000000000000000000000e+00
1.0000000000000000000000000000000000000000000000000000000000000000e+00
1.0000000000000000000000000000000000000000000000000000000000000000e+00
1.0000000000000000000000000000000000000000000000000000000000000000e+00
1.0000000000000000000000000000000000000000000000000000000000000000e+00
1.0000000000000000000000000000000000000000000000000000000000000000e+00
1.0000000000000000000000000000000000000000000000000000000000000000e+00
1.0000000000000000000000000000000000000000000000000000000000000000e+00
1.0000000000000000000000000000000000000000000000000000000000000000e+00
1.0000000000000000000000000000000000000000000000000000000000000000e+00
1.0000000000000000000000000000000000000000000000000000000000000000e+00
1.0000000000000000000000000000000000000000000000000000000000000000e+00
1.0000000000000000000000000000000000000000000000000000000000000000e+00
1.0000000000000000000000000000000000000000000000000000000000000000e+00
1.0000000000000000000000000000000000000000000000000000000000000000e+00
1.0000000000000000000000000000000000000000000000000000000000000000e+00
1.0000000000000000000000000000000000000000000000000000000000000000e+00
1.0000000000000000000000000000000000000000000000000000000000000000e+00
1.0000000000000000000000000000000000000000000000000000000000000000e+00
1.0000000000000000000000000000000000000000000000000000000000000000e+00
1.0000000000000000000000000000000000000000000000000000000000000000e+00
1.0000000000000000000000000000000000000000000000000000000000000000e+00
1.0000000000000000000000000000000000000000000000000000000000000000e+00
1.0000000000000000000000000000000000000000000000000000000000000000e+00
1.0000000000000000000000000000000000000000000000000000000000000000e+00
1.0000000000000000000000000000000000000000000000000000000000000000e+00
1.0000000000000000000000000000000000000000000000000000000000000000e+00
1.0000000000000000000000000000000000000000000000000000000000000000e+00
1.0000000000000000000000000000000000000000000000000000000000000000e+00
1.0000000000000000000000000000000000000000000000000000000000000000e+00
1.0000000000000000000000000000000000000000000000000000000000000000e+00
1.0000000000000000000000000000000000000000000000000000000000000000e+00
1.0000000000000000000000000000000000000000000000000000000000000000e+00
1.0000000000000000000000000000000000000000000000000000000000000000e+00
1.0000000000000000000000000000000000000000000000000000000000000000e+00
1.0000000000000000000000000000000000000000000000000000000000000000e+00
1.0000000000000000000000000000000000000000000000000000000000000000e+00
1.0000000000000000000000000000000000000000000000000000000000000000e+00
1.0000000000000000000000000000000000000000000000000000000000000000e+00
1.0000000000000000000000000000000000000000000000000000000000000000e+00
1.0000000000000000000000000000000000000000000000000000000000000000e+00
1.0000000000000000000000000000000000000000000000000000000000000000e+00
1.0000000000000000000000000000000000000000000000000000000000000000e+00
1.0000000000000000000000000000000000000000000000000000000000000000e+00
1.0000000000000000000000000000000000000000000000000000000000000000e+00
1.0000000000000000000000000000000000000000000000000000000000000000e+00
1.0000000000000000000000000000000000000000000000000000000000000000e+00
1.0000000000000000000000000000000000000000000000000000000000000000e+00
1.0000000000000000000000000000000000000000000000000000000000000000e+00
1.0000000000000000000000000000000000000000000000000000000000000000e+00
1.0000000000000000000000000000000000000000000000000000000000000000e+00
1.0000000000000000000000000000000000000000000000000000000000000000e+00
1.0000000000000000000000000000000000000000000000000000000000000000e+00
1.0000000000000000000000000000000000000000000000000000000000000000e+00
1.0000000000000000000000000000000000000000000000000000000000000000e+00
1.0000000000000000000000000000000000000000000000000000000000000000e+00
1.0000000000000000000000000000000000000000000000000000000000000000e+00
1.0000000000000000000000000000000000000000000000000000000000000000e+00
1.0000000000000000000000000000000000000000000000000000000000000000e+00
1.0000000000000000000000000000000000000000000000000000000000000000e+00
1.0000000000000000000000000000000000000000000000000000000000000000e+00
1.0000000000000000000000000000000000000000000000000000000000000000e+00
1.0000000000000000000000000000000000000000000000000000000000000000e+00
1.0000000000000000000000000000000000000000000000000000000000000000e+00
1.0000000000000000000000000000000000000000000000000000000000000000e+00
1.0000000000000000000000000000000000000000000000000000000000000000e+00
1.0000000000000000000000000000000000000000000000000000000000000000e+00
1.0000000000000000000000000000000000000000000000000000000000000000e+00
1.0000000000000000000000000000000000000000000000000000000000000000e+00
1.0000000000000000000000000000000000000000000000000000000000000000e+00
1.0000000000000000000000000000000000000000000000000000000000000000e+00
1.0000000000000000000000000000000000000000000000000000000000000000e+00
1.0000000000000000000000000000000000000000000000000000000000000000e+00
1.0000000000000000000000000000000000000000000000000000000000000000e+00
1.0000000000000000000000000000000000000000000000000000000000000000e+00
1.0000000000000000000000000000000000000000000000000000000000000000e+00
1.0000000000000000000000000000000000000000000000000000000000000000e+00
1.0000000000000000000000000000000000000000000000000000000000000000e+00
1.0000000000000000000000000000000000000000000000000000000000000000e+00
1.0000000000000000000000000000000000000000000000000000000000000000e+00
1.0000000000000000000000000000000000000000000000000000000000000000e+00
1.0000000000000000000000000000000000000000000000000000000000000000e+00
1.0000000000000000000000000000000000000000000000000000000000000000e+00
1.0000000000000000000000000000000000000000000000000000000000000000e+00
1.0000000000000000000000000000000000000000000000000000000000000000e+00
1.0000000000000000000000000000000000000000000000000000000000000000e+00
1.0000000000000000000000000000000000000000000000000000000000000000e+00
1.0000000000000000000000000000000000000000000000000000000000000000e+00
1.0000000000000000000000000000000000000000000000000000000000000000e+00
1.0000000000000000000000000000000000000000000000000000000000000000e+00
1.0000000000000000000000000000000000000000000000000000000000000000e+00
1.0000000000000000000000000000000000000000000000000000000000000000e+00
1.0000000000000000000000000000000000000000000000000000000000000000e+00
1.0000000000000000000000000000000000000000000000000000000000000000e+00
1.0000000000000000000000000000000000000000000000000000000000000000e+00
1.0000000000000000000000000000000000000000000000000000000000000000e+00
1.0000000000000000000000000000000000000000000000000000000000000000e+00
1.0000000000000000000000000000000000000000000000000000000000000000e+00
1.0000000000000000000000000000000000000000000000000000000000000000e+00
1.0000000000000000000000000000000000000000000000000000000000000000e+00
1.0000000000000000000000000000000000000000000000000000000000000000e+00
1.0000000000000000000000000000000000000000000000000000000000000000e+00
1.0000000000000000000000000000000000000000000000000000000000000000e+00
1.0000000000000000000000000000000000000000000000000000000000000000e+00
1.0000000000000000000000000000000000000000000000000000000000000000e+00
1.0000000000000000000000000000000000000000000000000000000000000000e+00
1.0000000000000000000000000000000000000000000000000000000000000000e+00
1.0000000000000000000000000000000000000000000000000000000000000000e+00
1.0000000000000000000000000000000000000000000000000000000000000000e+00
1.0000000000000000000000000000000000000000000000000000000000000000e+00
1.0000000000000000000000000000000000000000000000000000000000000000e+00
1.0000000000000000000000000000000000000000000000000000000000000000e+00
1.0000000000000000000000000000000000000000000000000000000000000000e+00
1.0000000000000000000000000000000000000000000000000000000000000000e+00
1.0000000000000000000000000000000000000000000000000000000000000000e+00
1.0000000000000000000000000000000000000000000000000000000000000000e+00
1.0000000000000000000000000000000000000000000000000000000000000000e+00
1.0000000000000000000000000000000000000000000000000000000000000000e+00
1.0000000000000000000000000000000000000000000000000000000000000000e+00
1.0000000000000000000000000000000000000000000000000000000000000000e+00
1.0000000000000000000000000000000000000000000000000000000000000000e+00
1.0000000000000000000000000000000000000000000000000000000000000000e+00
1.0000000000000000000000000000000000000000000000000000000000000000e+00
1.0000000000000000000000000000000000000000000000000000000000000000e+00
1.0000000000000000000000000000000000000000000000000000000000000000e+00
1.0000000000000000000000000000000000000000000000000000000000000000e+00
1.0000000000000000000000000000000000000000000000000000000000000000e+00
1.0000000000000000000000000000000000000000000000000000000000000000e+00
1.0000000000000000000000000000000000000000000000000000000000000000e+00
1.0000000000000000000000000000000000000000000000000000000000000000e+00
1.0000000000000000000000000000000000000000000000000000000000000000e+00
1.0000000000000000000000000000000000000000000000000000000000000000e+00
1.0000000000000000000000000000000000000000000000000000000000000000e+00
1.0000000000000000000000000000000000000000000000000000000000000000e+00
1.0000000000000000000000000000000000000000000000000000000000000000e+00
1.0000000000000000000000000000000000000000000000000000000000000000e+00
1.0000000000000000000000000000000000000000000000000000000000000000e+00
1.0000000000000000000000000000000000000000000000000000000000000000e+00
1.0000000000000000000000000000000000000000000000000000000000000000e+00
1.0000000000000000000000000000000000000000000000000000000000000000e+00
1.0000000000000000000000000000000000000000000000000000000000000000e+00
1.0000000000000000000000000000000000000000000000000000000000000000e+00
1.0000000000000000000000000000000000000000000000000000000000000000e+00
1.0000000000000000000000000000000000000000000000000000000000000000e+00
1.0000000000000000000000000000000000000000000000000000000000000000e+00
1.0000000000000000000000000000000000000000000000000000000000000000e+00
1.0000000000000000000000000000000000000000000000000000000000000000e+00
1.0000000000000000000000000000000000000000000000000000000000000000e+00
1.0000000000000000000000000000000000000000000000000000000000000000e+00
1.0000000000000000000000000000000000000000000000000000000000000000e+00
1.0000000000000000000000000000000000000000000000000000000000000000e+00
1.0000000000000000000000000000000000000000000000000000000000000000e+00
1.0000000000000000000000000000000000000000000000000000000000000000e+00
1.0000000000000000000000000000000000000000000000000000000000000000e+00
1.0000000000000000000000000000000000000000000000000000000000000000e+00
1.0000000000000000000000000000000000000000000000000000000000000000e+00
1.0000000000000000000000000000000000000000000000000000000000000000e+00
1.0000000000000000000000000000000000000000000000000000000000000000e+00
1.0000000000000000000000000000000000000000000000000000000000000000e+00
1.0000000000000000000000000000000000000000000000000000000000000000e+00
1.0000000000000000000000000000000000000000000000000000000000000000e+00
1.0000000000000000000000000000000000000000000000000000000000000000e+00
1.0000000000000000000000000000000000000000000000000000000000000000e+00
1.0000000000000000000000000000000000000000000000000000000000000000e+00
1.0000000000000000000000000000000000000000000000000000000000000000e+00
1.0000000000000000000000000000000000000000000000000000000000000000e+00
1.0000000000000000000000000000000000000000000000000000000000000000e+00
1.0000000000000000000000000000000000000000000000000000000000000000e+00
1.0000000000000000000000000000000000000000000000000000000000000000e+00
1.0000000000000000000000000000000000000000000000000000000000000000e+00
1.0000000000000000000000000000000000000000000000000000000000000000e+00
1.0000000000000000000000000000000000000000000000000000000000000000e+00
1.0000000000000000000000000000000000000000000000000000000000000000e+00
1.0000000000000000000000000000000000000000000000000000000000000000e+00
1.0000000000000000000000000000000000000000000000000000000000000000e+00
1.0000000000000000000000000000000000000000000000000000000000000000e+00
1.0000000000000000000000000000000000000000000000000000000000000000e+00
1.0000000000000000000000000000000000000000000000000000000000000000e+00
1.0000000000000000000000000000000000000000000000000000000000000000e+00
1.0000000000000000000000000000000000000000000000000000000000000000e+00
1.0000000000000000000000000000000000000000000000000000000000000000e+00
1.0000000000000000000000000000000000000000000000000000000000000000e+00
1.0000000000000000000000000000000000000000000000000000000000000000e+00
1.0000000000000000000000000000000000000000000000000000000000000000e+00
1.0000000000000000000000000000000000000000000000000000000000000000e+00
1.0000000000000000000000000000000000000000000000000000000000000000e+00
1.0000000000000000000000000000000000000000000000000000000000000000e+00
1.0000000000000000000000000000000000000000000000000000000000000000e+00
1.0000000000000000000000000000000000000000000000000000000000000000e+00
1.0000000000000000000000000000000000000000000000000000000000000000e+00
1.0000000000000000000000000000000000000000000000000000000000000000e+00
1.0000000000000000000000000000000000000000000000000000000000000000e+00
1.0000000000000000000000000000000000000000000000000000000000000000e+00
1.0000000000000000000000000000000000000000000000000000000000000000e+00
1.0000000000000000000000000000000000000000000000000000000000000000e+00
1.0000000000000000000000000000000000000000000000000000000000000000e+00
1.0000000000000000000000000000000000000000000000000000000000000000e+00
1.0000000000000000000000000000000000000000000000000000000000000000e+00
1.0000000000000000000000000000000000000000000000000000000000000000e+00
1.0000000000000000000000000000000000000000000000000000000000000000e+00
1.0000000000000000000000000000000000000000000000000000000000000000e+00
1.0000000000000000000000000000000000000000000000000000000000000000e+00
1.0000000000000000000000000000000000000000000000000000000000000000e+00
1.0000000000000000000000000000000000000000000000000000000000000000e+00
1.0000000000000000000000000000000000000000000000000000000000000000e+00
1.0000000000000000000000000000000000000000000000000000000000000000e+00
1.0000000000000000000000000000000000000000000000000000000000000000e+00
1.0000000000000000000000000000000000000000000000000000000000000000e+00
1.0000000000000000000000000000000000000000000000000000000000000000e+00
1.0000000000000000000000000000000000000000000000000000000000000000e+00
1.0000000000000000000000000000000000000000000000000000000000000000e+00
1.0000000000000000000000000000000000000000000000000000000000000000e+00
1.0000000000000000000000000000000000000000000000000000000000000000e+00
1.0000000000000000000000000000000000000000000000000000000000000000e+00
1.0000000000000000000000000000000000000000000000000000000000000000e+00
1.0000000000000000000000000000000000000000000000000000000000000000e+00
1.0000000000000000000000000000000000000000000000000000000000000000e+00
1.0000000000000000000000000000000000000000000000000000000000000000e+00
1.0000000000000000000000000000000000000000000000000000000000000000e+00
1.0000000000000000000000000000000000000000000000000000000000000000e+00
1.0000000000000000000000000000000000000000000000000000000000000000e+00
1.0000000000000000000000000000000000000000000000000000000000000000e+00
1.0000000000000000000000000000000000000000000000000000000000000000e+00
1.0000000000000000000000000000000000000000000000000000000000000000e+00
1.0000000000000000000000000000000000000000000000000000000000000000e+00
1.0000000000000000000000000000000000000000000000000000000000000000e+00
1.0000000000000000000000000000000000000000000000000000000000000000e+00
1.0000000000000000000000000000000000000000000000000000000000000000e+00
1.0000000000000000000000000000000000000000000000000000000000000000e+00
1.0000000000000000000000000000000000000000000000000000000000000000e+00
1.0000000000000000000000000000000000000000000000000000000000000000e+00
1.0000000000000000000000000000000000000000000000000000000000000000e+00
1.0000000000000000000000000000000000000000000000000000000000000000e+00
1.0000000000000000000000000000000000000000000000000000000000000000e+00
1.0000000000000000000000000000000000000000000000000000000000000000e+00
1.0000000000000000000000000000000000000000000000000000000000000000e+00
1.0000000000000000000000000000000000000000000000000000000000000000e+00
1.0000000000000000000000000000000000000000000000000000000000000000e+00
1.0000000000000000000000000000000000000000000000000000000000000000e+00
1.0000000000000000000000000000000000000000000000000000000000000000e+00
1.0000000000000000000000000000000000000000000000000000000000000000e+00
1.0000000000000000000000000000000000000000000000000000000000000000e+00
1.0000000000000000000000000000000000000000000000000000000000000000e+00
1.0000000000000000000000000000000000000000000000000000000000000000e+00
1.0000000000000000000000000000000000000000000000000000000000000000e+00
1.0000000000000000000000000000000000000000000000000000000000000000e+00
1.0000000000000000000000000000000000000000000000000000000000000000e+00
1.0000000000000000000000000000000000000000000000000000000000000000e+00
1.0000000000000000000000000000000000000000000000000000000000000000e+00
1.0000000000000000000000000000000000000000000000000000000000000000e+00
1.0000000000000000000000000000000000000000000000000000000000000000e+00
1.0000000000000000000000000000000000000000000000000000000000000000e+00
1.0000000000000000000000000000000000000000000000000000000000000000e+00
1.0000000000000000000000000000000000000000000000000000000000000000e+00
1.0000000000000000000000000000000000000000000000000000000000000000e+00
1.0000000000000000000000000000000000000000000000000000000000000000e+00
1.0000000000000000000000000000000000000000000000000000000000000000e+00
1.0000000000000000000000000000000000000000000000000000000000000000e+00
1.0000000000000000000000000000000000000000000000000000000000000000e+00
1.0000000000000000000000000000000000000000000000000000000000000000e+00
1.0000000000000000000000000000000000000000000000000000000000000000e+00
1.0000000000000000000000000000000000000000000000000000000000000000e+00
1.0000000000000000000000000000000000000000000000000000000000000000e+00
1.0000000000000000000000000000000000000000000000000000000000000000e+00
1.0000000000000000000000000000000000000000000000000000000000000000e+00
1.0000000000000000000000000000000000000000000000000000000000000000e+00
1.0000000000000000000000000000000000000000000000000000000000000000e+00
1.0000000000000000000000000000000000000000000000000000000000000000e+00
1.0000000000000000000000000000000000000000000000000000000000000000e+00
1.0000000000000000000000000000000000000000000000000000000000000000e+00
1.0000000000000000000000000000000000000000000000000000000000000000e+00
1.0000000000000000000000000000000000000000000000000000000000000000e+00
1.0000000000000000000000000000000000000000000000000000000000000000e+00
1.0000000000000000000000000000000000000000000000000000000000000000e+00
1.0000000000000000000000000000000000000000000000000000000000000000e+00
1.0000000000000000000000000000000000000000000000000000000000000000e+00
1.0000000000000000000000000000000000000000000000000000000000000000e+00
1.0000000000000000000000000000000000000000000000000000000000000000e+00
1.0000000000000000000000000000000000000000000000000000000000000000e+00
1.0000000000000000000000000000000000000000000000000000000000000000e+00
1.0000000000000000000000000000000000000000000000000000000000000000e+00
1.0000000000000000000000000000000000000000000000000000000000000000e+00
1.0000000000000000000000000000000000000000000000000000000000000000e+00
1.0000000000000000000000000000000000000000000000000000000000000000e+00
1.0000000000000000000000000000000000000000000000000000000000000000e+00
1.0000000000000000000000000000000000000000000000000000000000000000e+00
1.0000000000000000000000000000000000000000000000000000000000000000e+00
1.0000000000000000000000000000000000000000000000000000000000000000e+00
1.0000000000000000000000000000000000000000000000000000000000000000e+00
1.0000000000000000000000000000000000000000000000000000000000000000e+00
1.0000000000000000000000000000000000000000000000000000000000000000e+00
1.0000000000000000000000000000000000000000000000000000000000000000e+00
1.0000000000000000000000000000000000000000000000000000000000000000e+00
1.0000000000000000000000000000000000000000000000000000000000000000e+00
1.0000000000000000000000000000000000000000000000000000000000000000e+00
1.0000000000000000000000000000000000000000000000000000000000000000e+00
1.0000000000000000000000000000000000000000000000000000000000000000e+00
1.0000000000000000000000000000000000000000000000000000000000000000e+00
1.0000000000000000000000000000000000000000000000000000000000000000e+00
1.0000000000000000000000000000000000000000000000000000000000000000e+00
1.0000000000000000000000000000000000000000000000000000000000000000e+00
1.0000000000000000000000000000000000000000000000000000000000000000e+00
1.0000000000000000000000000000000000000000000000000000000000000000e+00
1.0000000000000000000000000000000000000000000000000000000000000000e+00
1.0000000000000000000000000000000000000000000000000000000000000000e+00
1.0000000000000000000000000000000000000000000000000000000000000000e+00
1.0000000000000000000000000000000000000000000000000000000000000000e+00
1.0000000000000000000000000000000000000000000000000000000000000000e+00
1.0000000000000000000000000000000000000000000000000000000000000000e+00
1.0000000000000000000000000000000000000000000000000000000000000000e+00
1.0000000000000000000000000000000000000000000000000000000000000000e+00
1.0000000000000000000000000000000000000000000000000000000000000000e+00
1.0000000000000000000000000000000000000000000000000000000000000000e+00
1.0000000000000000000000000000000000000000000000000000000000000000e+00
1.0000000000000000000000000000000000000000000000000000000000000000e+00
1.0000000000000000000000000000000000000000000000000000000000000000e+00
1.0000000000000000000000000000000000000000000000000000000000000000e+00
1.0000000000000000000000000000000000000000000000000000000000000000e+00
1.0000000000000000000000000000000000000000000000000000000000000000e+00
1.0000000000000000000000000000000000000000000000000000000000000000e+00
1.0000000000000000000000000000000000000000000000000000000000000000e+00
1.0000000000000000000000000000000000000000000000000000000000000000e+00
1.0000000000000000000000000000000000000000000000000000000000000000e+00
1.0000000000000000000000000000000000000000000000000000000000000000e+00
1.0000000000000000000000000000000000000000000000000000000000000000e+00
1.0000000000000000000000000000000000000000000000000000000000000000e+00
1.0000000000000000000000000000000000000000000000000000000000000000e+00
1.0000000000000000000000000000000000000000000000000000000000000000e+00
1.0000000000000000000000000000000000000000000000000000000000000000e+00
1.0000000000000000000000000000000000000000000000000000000000000000e+00
1.0000000000000000000000000000000000000000000000000000000000000000e+00
1.0000000000000000000000000000000000000000000000000000000000000000e+00
1.0000000000000000000000000000000000000000000000000000000000000000e+00
1.0000000000000000000000000000000000000000000000000000000000000000e+00
1.0000000000000000000000000000000000000000000000000000000000000000e+00
1.0000000000000000000000000000000000000000000000000000000000000000e+00
1.0000000000000000000000000000000000000000000000000000000000000000e+00
1.0000000000000000000000000000000000000000000000000000000000000000e+00
1.0000000000000000000000000000000000000000000000000000000000000000e+00
1.0000000000000000000000000000000000000000000000000000000000000000e+00
1.0000000000000000000000000000000000000000000000000000000000000000e+00
1.0000000000000000000000000000000000000000000000000000000000000000e+00
1.0000000000000000000000000000000000000000000000000000000000000000e+00
1.0000000000000000000000000000000000000000000000000000000000000000e+00
1.0000000000000000000000000000000000000000000000000000000000000000e+00
1.0000000000000000000000000000000000000000000000000000000000000000e+00
1.0000000000000000000000000000000000000000000000000000000000000000e+00
1.0000000000000000000000000000000000000000000000000000000000000000e+00
1.0000000000000000000000000000000000000000000000000000000000000000e+00
1.0000000000000000000000000000000000000000000000000000000000000000e+00
1.0000000000000000000000000000000000000000000000000000000000000000e+00
1.0000000000000000000000000000000000000000000000000000000000000000e+00
1.0000000000000000000000000000000000000000000000000000000000000000e+00
1.0000000000000000000000000000000000000000000000000000000000000000e+00
1.0000000000000000000000000000000000000000000000000000000000000000e+00
1.0000000000000000000000000000000000000000000000000000000000000000e+00
1.0000000000000000000000000000000000000000000000000000000000000000e+00
1.0000000000000000000000000000000000000000000000000000000000000000e+00
1.0000000000000000000000000000000000000000000000000000000000000000e+00
1.0000000000000000000000000000000000000000000000000000000000000000e+00
1.0000000000000000000000000000000000000000000000000000000000000000e+00
1.0000000000000000000000000000000000000000000000000000000000000000e+00
1.0000000000000000000000000000000000000000000000000000000000000000e+00
1.0000000000000000000000000000000000000000000000000000000000000000e+00
1.0000000000000000000000000000000000000000000000000000000000000000e+00
1.0000000000000000000000000000000000000000000000000000000000000000e+00
1.0000000000000000000000000000000000000000000000000000000000000000e+00
1.0000000000000000000000000000000000000000000000000000000000000000e+00
1.0000000000000000000000000000000000000000000000000000000000000000e+00
1.0000000000000000000000000000000000000000000000000000000000000000e+00
1.0000000000000000000000000000000000000000000000000000000000000000e+00
1.0000000000000000000000000000000000000000000000000000000000000000e+00
1.0000000000000000000000000000000000000000000000000000000000000000e+00
1.0000000000000000000000000000000000000000000000000000000000000000e+00
1.0000000000000000000000000000000000000000000000000000000000000000e+00
1.0000000000000000000000000000000000000000000000000000000000000000e+00
1.0000000000000000000000000000000000000000000000000000000000000000e+00
1.0000000000000000000000000000000000000000000000000000000000000000e+00
1.0000000000000000000000000000000000000000000000000000000000000000e+00
1.0000000000000000000000000000000000000000000000000000000000000000e+00
1.0000000000000000000000000000000000000000000000000000000000000000e+00
1.0000000000000000000000000000000000000000000000000000000000000000e+00
1.0000000000000000000000000000000000000000000000000000000000000000e+00
1.0000000000000000000000000000000000000000000000000000000000000000e+00
1.0000000000000000000000000000000000000000000000000000000000000000e+00
1.0000000000000000000000000000000000000000000000000000000000000000e+00
1.0000000000000000000000000000000000000000000000000000000000000000e+00
1.0000000000000000000000000000000000000000000000000000000000000000e+00
1.0000000000000000000000000000000000000000000000000000000000000000e+00
1.0000000000000000000000000000000000000000000000000000000000000000e+00
1.0000000000000000000000000000000000000000000000000000000000000000e+00
1.0000000000000000000000000000000000000000000000000000000000000000e+00
1.0000000000000000000000000000000000000000000000000000000000000000e+00
1.0000000000000000000000000000000000000000000000000000000000000000e+00
1.0000000000000000000000000000000000000000000000000000000000000000e+00
1.0000000000000000000000000000000000000000000000000000000000000000e+00
1.0000000000000000000000000000000000000000000000000000000000000000e+00
1.0000000000000000000000000000000000000000000000000000000000000000e+00
1.0000000000000000000000000000000000000000000000000000000000000000e+00
1.0000000000000000000000000000000000000000000000000000000000000000e+00
1.0000000000000000000000000000000000000000000000000000000000000000e+00
1.0000000000000000000000000000000000000000000000000000000000000000e+00
1.0000000000000000000000000000000000000000000000000000000000000000e+00
1.0000000000000000000000000000000000000000000000000000000000000000e+00
1.0000000000000000000000000000000000000000000000000000000000000000e+00
1.0000000000000000000000000000000000000000000000000000000000000000e+00
1.0000000000000000000000000000000000000000000000000000000000000000e+00
1.0000000000000000000000000000000000000000000000000000000000000000e+00
1.0000000000000000000000000000000000000000000000000000000000000000e+00
1.0000000000000000000000000000000000000000000000000000000000000000e+00
1.0000000000000000000000000000000000000000000000000000000000000000e+00
1.0000000000000000000000000000000000000000000000000000000000000000e+00
1.0000000000000000000000000000000000000000000000000000000000000000e+00
1.0000000000000000000000000000000000000000000000000000000000000000e+00
1.0000000000000000000000000000000000000000000000000000000000000000e+00
1.0000000000000000000000000000000000000000000000000000000000000000e+00
1.0000000000000000000000000000000000000000000000000000000000000000e+00
1.0000000000000000000000000000000000000000000000000000000000000000e+00
1.0000000000000000000000000000000000000000000000000000000000000000e+00
1.0000000000000000000000000000000000000000000000000000000000000000e+00
1.0000000000000000000000000000000000000000000000000000000000000000e+00
1.0000000000000000000000000000000000000000000000000000000000000000e+00
1.0000000000000000000000000000000000000000000000000000000000000000e+00
1.0000000000000000000000000000000000000000000000000000000000000000e+00
1.0000000000000000000000000000000000000000000000000000000000000000e+00
1.0000000000000000000000000000000000000000000000000000000000000000e+00
1.0000000000000000000000000000000000000000000000000000000000000000e+00
1.0000000000000000000000000000000000000000000000000000000000000000e+00
1.0000000000000000000000000000000000000000000000000000000000000000e+00
1.0000000000000000000000000000000000000000000000000000000000000000e+00
1.0000000000000000000000000000000000000000000000000000000000000000e+00
1.0000000000000000000000000000000000000000000000000000000000000000e+00
1.0000000000000000000000000000000000000000000000000000000000000000e+00
1.0000000000000000000000000000000000000000000000000000000000000000e+00
1.0000000000000000000000000000000000000000000000000000000000000000e+00
1.0000000000000000000000000000000000000000000000000000000000000000e+00
1.0000000000000000000000000000000000000000000000000000000000000000e+00
1.0000000000000000000000000000000000000000000000000000000000000000e+00
1.0000000000000000000000000000000000000000000000000000000000000000e+00
1.0000000000000000000000000000000000000000000000000000000000000000e+00
1.0000000000000000000000000000000000000000000000000000000000000000e+00
1.0000000000000000000000000000000000000000000000000000000000000000e+00
1.0000000000000000000000000000000000000000000000000000000000000000e+00
1.0000000000000000000000000000000000000000000000000000000000000000e+00
1.0000000000000000000000000000000000000000000000000000000000000000e+00
1.0000000000000000000000000000000000000000000000000000000000000000e+00
1.0000000000000000000000000000000000000000000000000000000000000000e+00
1.0000000000000000000000000000000000000000000000000000000000000000e+00
1.0000000000000000000000000000000000000000000000000000000000000000e+00
1.0000000000000000000000000000000000000000000000000000000000000000e+00
1.0000000000000000000000000000000000000000000000000000000000000000e+00
1.0000000000000000000000000000000000000000000000000000000000000000e+00
1.0000000000000000000000000000000000000000000000000000000000000000e+00
1.0000000000000000000000000000000000000000000000000000000000000000e+00
1.0000000000000000000000000000000000000000000000000000000000000000e+00
1.0000000000000000000000000000000000000000000000000000000000000000e+00
1.0000000000000000000000000000000000000000000000000000000000000000e+00
1.0000000000000000000000000000000000000000000000000000000000000000e+00
1.0000000000000000000000000000000000000000000000000000000000000000e+00
1.0000000000000000000000000000000000000000000000000000000000000000e+00
1.0000000000000000000000000000000000000000000000000000000000000000e+00
1.0000000000000000000000000000000000000000000000000000000000000000e+00
1.0000000000000000000000000000000000000000000000000000000000000000e+00
1.0000000000000000000000000000000000000000000000000000000000000000e+00
1.0000000000000000000000000000000000000000000000000000000000000000e+00
1.0000000000000000000000000000000000000000000000000000000000000000e+00
1.0000000000000000000000000000000000000000000000000000000000000000e+00
1.0000000000000000000000000000000000000000000000000000000000000000e+00
1.0000000000000000000000000000000000000000000000000000000000000000e+00
1.0000000000000000000000000000000000000000000000000000000000000000e+00
1.0000000000000000000000000000000000000000000000000000000000000000e+00
1.0000000000000000000000000000000000000000000000000000000000000000e+00
1.0000000000000000000000000000000000000000000000000000000000000000e+00
1.0000000000000000000000000000000000000000000000000000000000000000e+00
1.0000000000000000000000000000000000000000000000000000000000000000e+00
1.0000000000000000000000000000000000000000000000000000000000000000e+00
1.0000000000000000000000000000000000000000000000000000000000000000e+00
1.0000000000000000000000000000000000000000000000000000000000000000e+00
1.0000000000000000000000000000000000000000000000000000000000000000e+00
1.0000000000000000000000000000000000000000000000000000000000000000e+00
1.0000000000000000000000000000000000000000000000000000000000000000e+00
1.0000000000000000000000000000000000000000000000000000000000000000e+00
1.0000000000000000000000000000000000000000000000000000000000000000e+00
1.0000000000000000000000000000000000000000000000000000000000000000e+00
1.0000000000000000000000000000000000000000000000000000000000000000e+00
1.0000000000000000000000000000000000000000000000000000000000000000e+00
1.0000000000000000000000000000000000000000000000000000000000000000e+00
1.0000000000000000000000000000000000000000000000000000000000000000e+00
1.0000000000000000000000000000000000000000000000000000000000000000e+00
1.0000000000000000000000000000000000000000000000000000000000000000e+00
1.0000000000000000000000000000000000000000000000000000000000000000e+00
1.0000000000000000000000000000000000000000000000000000000000000000e+00
1.0000000000000000000000000000000000000000000000000000000000000000e+00
1.0000000000000000000000000000000000000000000000000000000000000000e+00
1.0000000000000000000000000000000000000000000000000000000000000000e+00
1.0000000000000000000000000000000000000000000000000000000000000000e+00
1.0000000000000000000000000000000000000000000000000000000000000000e+00
1.0000000000000000000000000000000000000000000000000000000000000000e+00
1.0000000000000000000000000000000000000000000000000000000000000000e+00
1.0000000000000000000000000000000000000000000000000000000000000000e+00
1.0000000000000000000000000000000000000000000000000000000000000000e+00
1.0000000000000000000000000000000000000000000000000000000000000000e+00
1.0000000000000000000000000000000000000000000000000000000000000000e+00
1.0000000000000000000000000000000000000000000000000000000000000000e+00
1.0000000000000000000000000000000000000000000000000000000000000000e+00
1.0000000000000000000000000000000000000000000000000000000000000000e+00
1.0000000000000000000000000000000000000000000000000000000000000000e+00
1.0000000000000000000000000000000000000000000000000000000000000000e+00
1.0000000000000000000000000000000000000000000000000000000000000000e+00
1.0000000000000000000000000000000000000000000000000000000000000000e+00
1.0000000000000000000000000000000000000000000000000000000000000000e+00
1.0000000000000000000000000000000000000000000000000000000000000000e+00
1.0000000000000000000000000000000000000000000000000000000000000000e+00
1.0000000000000000000000000000000000000000000000000000000000000000e+00
1.0000000000000000000000000000000000000000000000000000000000000000e+00
1.0000000000000000000000000000000000000000000000000000000000000000e+00
1.0000000000000000000000000000000000000000000000000000000000000000e+00
1.0000000000000000000000000000000000000000000000000000000000000000e+00
1.0000000000000000000000000000000000000000000000000000000000000000e+00
1.0000000000000000000000000000000000000000000000000000000000000000e+00
1.0000000000000000000000000000000000000000000000000000000000000000e+00
1.0000000000000000000000000000000000000000000000000000000000000000e+00
1.0000000000000000000000000000000000000000000000000000000000000000e+00
1.0000000000000000000000000000000000000000000000000000000000000000e+00
1.0000000000000000000000000000000000000000000000000000000000000000e+00
1.0000000000000000000000000000000000000000000000000000000000000000e+00
1.0000000000000000000000000000000000000000000000000000000000000000e+00
1.0000000000000000000000000000000000000000000000000000000000000000e+00
1.0000000000000000000000000000000000000000000000000000000000000000e+00
1.0000000000000000000000000000000000000000000000000000000000000000e+00
1.0000000000000000000000000000000000000000000000000000000000000000e+00
1.0000000000000000000000000000000000000000000000000000000000000000e+00
1.0000000000000000000000000000000000000000000000000000000000000000e+00
1.0000000000000000000000000000000000000000000000000000000000000000e+00
1.0000000000000000000000000000000000000000000000000000000000000000e+00
1.0000000000000000000000000000000000000000000000000000000000000000e+00
1.0000000000000000000000000000000000000000000000000000000000000000e+00
1.0000000000000000000000000000000000000000000000000000000000000000e+00
1.0000000000000000000000000000000000000000000000000000000000000000e+00
1.0000000000000000000000000000000000000000000000000000000000000000e+00
1.0000000000000000000000000000000000000000000000000000000000000000e+00
1.0000000000000000000000000000000000000000000000000000000000000000e+00
1.0000000000000000000000000000000000000000000000000000000000000000e+00
1.0000000000000000000000000000000000000000000000000000000000000000e+00
1.0000000000000000000000000000000000000000000000000000000000000000e+00
1.0000000000000000000000000000000000000000000000000000000000000000e+00
1.0000000000000000000000000000000000000000000000000000000000000000e+00
1.0000000000000000000000000000000000000000000000000000000000000000e+00
1.0000000000000000000000000000000000000000000000000000000000000000e+00
1.0000000000000000000000000000000000000000000000000000000000000000e+00
1.0000000000000000000000000000000000000000000000000000000000000000e+00
1.0000000000000000000000000000000000000000000000000000000000000000e+00
1.0000000000000000000000000000000000000000000000000000000000000000e+00
1.0000000000000000000000000000000000000000000000000000000000000000e+00
1.0000000000000000000000000000000000000000000000000000000000000000e+00
1.0000000000000000000000000000000000000000000000000000000000000000e+00
1.0000000000000000000000000000000000000000000000000000000000000000e+00
1.0000000000000000000000000000000000000000000000000000000000000000e+00
1.0000000000000000000000000000000000000000000000000000000000000000e+00
1.0000000000000000000000000000000000000000000000000000000000000000e+00
1.0000000000000000000000000000000000000000000000000000000000000000e+00
1.0000000000000000000000000000000000000000000000000000000000000000e+00
1.0000000000000000000000000000000000000000000000000000000000000000e+00
1.0000000000000000000000000000000000000000000000000000000000000000e+00
1.0000000000000000000000000000000000000000000000000000000000000000e+00
1.0000000000000000000000000000000000000000000000000000000000000000e+00
1.0000000000000000000000000000000000000000000000000000000000000000e+00
1.0000000000000000000000000000000000000000000000000000000000000000e+00
1.0000000000000000000000000000000000000000000000000000000000000000e+00
1.0000000000000000000000000000000000000000000000000000000000000000e+00
1.0000000000000000000000000000000000000000000000000000000000000000e+00
1.0000000000000000000000000000000000000000000000000000000000000000e+00
1.0000000000000000000000000000000000000000000000000000000000000000e+00
1.0000000000000000000000000000000000000000000000000000000000000000e+00
