6.3508641604740321846139794459418226324487477540969848632812500000e-04
5.3608906522981374792591324762724980246275663375854492187500000000e-04
4.7141628956861046434098638790999302727868780493736267089843750000e-04
4.1900895091410316666349911152167351247044280171394348144531250000e-04
3.7525741547602076359294032137370322743663564324378967285156250000e-04
3.3783284396546786523124472623180736263748258352279663085937500000e-04
3.0517210655461982126215869648433454131009057164192199707031250000e-04
2.7619002053482286226579467403041689976816996932029724121093750000e-04
2.5011144217304196032611307565218794479733332991600036621093750000e-04
2.2636892707260237284604131868803733595996163785457611083984375000e-04
2.0453807757537625683537385601340474750031717121601104736328125000e-04
1.8429541103339119835144432890672305802581831812858581542968750000e-04
1.6539016677924028029048053589633582305395975708961486816406250000e-04
1.4762499296514341290929850369906262130825780332088470458984375000e-04
1.3084243879005251574160206828878472151700407266616821289062500000e-04
1.1490176769465680357146242229759991460014134645462036132812500000e-04
9.9685943191809206270423415752190976490965113043785095214843750000e-05
8.5112686510464680947514459763425520577584393322467803955078125000e-05
7.1115768154314353065130471787114174730959348380565643310546875000e-05
5.7638476302584632600042868766365700139431282877922058105468750000e-05
4.4631922217732924876645861367308043554658070206642150878906250000e-05
3.2053698713256089541413784704815270742983557283878326416015625000e-05
1.9866809787460519239922496215200453661964274942874908447265625000e-05
8.0387899748045079349485081410264797341369558125734329223632812500e-06
-3.4589853266634611791280340398202497453894466161727905273437500000e-06
-1.4651854360994469929661485063654424720880342647433280944824218750e-05
-2.5562356852428774864512128761617759664659388363361358642578125000e-05
-3.6210627277645523764554313927988005161751061677932739257812500000e-05
-4.6614719931330822943939956592984685812552925199270248413085937500e-05
-5.6790881955772590824853274238392941697384230792522430419921875000e-05
-6.6753783488586226945241119956619968434097245335578918457031250000e-05
-7.6516712631240934488000005053720542491646483540534973144531250000e-05
-8.6091741424265108345234565057069175963988527655601501464843750000e-05
-9.5489867802438504074818981237626758229453116655349731445312500000e-05
-1.0472113754778384774220267861011279819649644196033477783203125000e-04
-1.1379474950404559405181537101725552929565310478210449218750000000e-04
-1.2271914671783926858474045307190181119949556887149810791015625000e-04
-1.3150209569405787763014814562012588794459588825702667236328125000e-04
-1.4015075556951707294942033321660801448160782456398010253906250000e-04
-1.4867173869972683539555924348007920343661680817604064941406250000e-04
-1.5707116390306587096897805722051089105661958456039428710937500000e-04
-1.6535470340229093842362995125938596174819394946098327636718750000e-04
-1.7352762433638012850266318931602427255711518228054046630859375000e-04
-1.8159482557837178912617248638383671277551911771297454833984375000e-04
-1.8956087048149943062418099071209098838153295218944549560546875000e-04
-1.9743001608204461660295292446676285180728882551193237304687500000e-04
-2.0520623920910807452475110856937590142479166388511657714843750000e-04
-2.1289325988634337158411646839795139385387301445007324218750000000e-04
-2.2049456235588845245433609054686030503944493830204010009765625000e-04
-2.2801341400871888236666362725912904352298937737941741943359375000e-04
-2.3545288246674039639091957631933382799616083502769470214843750000e-04
-2.4281585102910895794872669917197072209091857075691223144531250000e-04
-2.5010503266722692011087003649549842521082609891891479492187500000e-04
-2.5732298272901875380025416006901650689542293548583984375000000000e-04
-2.6447211049268040585630279437623357807751744985580444335937500000e-04
-2.7155468969269441715727597674856497178552672266960144042968750000e-04
-2.7857286812581422488777072032917203614488244056701660156250000000e-04
-2.8552867643166345706928765935117553453892469406127929687500000000e-04
-2.9242403613159099595025791629154809925239533185958862304687500000e-04
-2.9926076699953715670385334668424093251815065741539001464843750000e-04
-3.0604059383026630892024599894796210719505324959754943847656250000e-04
-3.1276515266297043186063953079667498968774452805519104003906250000e-04
-3.1943599651188361084747091567237475828733295202255249023437500000e-04
-3.2605460064981704000272588750419799907831475138664245605468750000e-04
-3.3262236748565613721206890573967029922641813755035400390625000000e-04
-3.3914063107255140250631542109260863071540370583534240722656250000e-04
-3.4561066127962333750442414093129173124907538294792175292968750000e-04
-3.5203366765676296062242967011002292565535753965377807617187500000e-04
-3.5841080301904907528046106968133699410827830433845520019531250000e-04
-3.6474316677464764090838000853977973747532814741134643554687500000e-04
-3.7103180801775938321349079807021098531549796462059020996093750000e-04
-3.7727772840610298513835951794703760242555290460586547851562500000e-04
-3.8348188484055078855891607325645509263267740607261657714843750000e-04
-3.8964519196282919148710544021696478012017905712127685546875000000e-04
-3.9576852448582094034720824105022529693087562918663024902343750000e-04
-4.0185271936959499408659191033166280249133706092834472656250000000e-04
-4.0789857785511094648983609900483315868768841028213500976562500000e-04
-4.1390686736655874855897452313513440458336845040321350097656250000e-04
-4.1987832329222225108411592486845620442181825637817382812500000000e-04
-4.2581365065293765330076136699233302351785823702812194824218750000e-04
-4.3171352566646480249101802684208450955338776111602783203125000000e-04
-4.3757859721540803095082838858331797382561489939689636230468750000e-04
-4.4340948822557706881022920875068393797846511006355285644531250000e-04
-4.4920679696118222343909076599288709985557943582534790039062500000e-04
-4.5497109824274318276918216419346663315081968903541564941406250000e-04
-4.6070294459313066446140561005506697256350889801979064941406250000e-04
-4.6640286731664302262087562489512038155226036906242370605468750000e-04
-4.7207137751568186952513817011833907599793747067451477050781250000e-04
-4.7770896704927992906797307171018474036827683448791503906250000000e-04
-4.8331610943732521493143572399731056066229939460754394531250000000e-04
-4.8889326071410320242310865168633426947053521871566772460937500000e-04
-4.9444086023443204348098989342474851582664996385574340820312500000e-04
-4.9995933143548703520009368617138534318655729293823242187500000000e-04
-5.0544908255713825485921919522525058710016310214996337890625000000e-04
-5.1091050732343385853279071895371998834889382123947143554687500000e-04
-5.1634398558769690427278087341278478561434894800186157226562500000e-04
-5.2174988394345451960670834168354303983505815267562866210937500000e-04
-5.2712855630333019588129594978909153724089264869689941406250000000e-04
-5.3248034444787831209744410898565547540783882141113281250000000000e-04
-5.3780557854611447683029767929951958649326115846633911132812500000e-04
-5.4310457764950741989251614683098523528315126895904541015625000000e-04
-5.4837765016095812303786871666488877963274717330932617187500000000e-04
-5.5362509428027529070903689500937616685405373573303222656250000000e-04
-5.5884719842748495789025442448405556206125766038894653320312500000e-04
-5.6404424164526714615547353659508189593907445669174194335937500000e-04
-5.6921649398174395742544540155449794838204979896545410156250000000e-04
-5.7436421685468281618514030384403667994774878025054931640625000000e-04
-5.7948766339820632648854870083710011385846883058547973632812500000e-04
-5.8458707879296446796590913663749233819544315338134765625000000000e-04
-5.8966270058070555624973874131455886526964604854583740234375000000e-04
-5.9471475896405727630533721850270012510009109973907470703125000000e-04
-5.9974347709237701888745908362920999934431165456771850585937500000e-04
-6.0474907133440389869066811101561143004801124334335327148437500000e-04
-6.0973175153840450044007148733271606033667922019958496093750000000e-04
-6.1469172128051361488759729567732392752077430486679077148437500000e-04
-6.1962917810183895401393572299753031984437257051467895507812500000e-04
-6.2454431373497733097355233411462904768995940685272216796875000000e-04
-6.2943731432046239656491470881860550434794276952743530273437500000e-04
-6.3430836061366380716763924141332608996890485286712646484375000000e-04
-6.3915762818261454784179997901105707569513469934463500976562500000e-04
-6.4398528759726742041330505017526775191072374582290649414062500000e-04
-6.4879150461057447877438741912214936746750026941299438476562500000e-04
-6.5357644033181105762408957815523535828106105327606201171875000000e-04
-6.5834025139254012844169938745153558556921780109405517578125000000e-04
-6.6308309010555525377095253958259490900672972202301025390625000000e-04
-6.6780510461717987585189559851528429135214537382125854492187500000e-04
-6.7250643905321664996893593624349705351050943136215209960937500000e-04
-6.7718723365886340954944433434548045624978840351104736328125000000e-04
-6.8184762493289814699881645765344728715717792510986328125000000000e-04
-6.8648774575638053362797164069775135430973023176193237304687500000e-04
-6.9110772551615132913704897532625182066112756729125976562500000000e-04
-6.9570769022336224202129884019996097777038812637329101562500000000e-04
-7.0028776262727574115907192009444770519621670246124267578125000000e-04
-7.0484806232455068323444757893980749940965324640274047851562500000e-04
-7.0938870586420956290685246869998081820085644721984863281250000000e-04
-7.1390980684851170715715662495881588256452232599258422851562500000e-04
-7.1841147602989699570003034878595826739910989999771118164062500000e-04
-7.2289382140417932608167372876550871296785771846771240234375000000e-04
-7.2735694830016871682137891141906038683373481035232543945312500000e-04
-7.3180095946587383690107309064387663966044783592224121093750000000e-04
-7.3622595515143544886438320418164948932826519012451171875000000000e-04
-7.4063203318893496441416290920756182458717375993728637695312500000e-04
-7.4501928906922068509416368087272530829068273305892944335937500000e-04
-7.4938781601587998917185506897453706187661737203598022460937500000e-04
-7.5373770505646827018442213130811069277115166187286376953125000000e-04
-7.5806904509112982715884898610170239408034831285476684570312500000e-04
-7.6238192295871218782943312675115521415136754512786865234375000000e-04
-7.6667642350048109244758931524188483308535069227218627929687500000e-04
-7.7095262962154304051815012499559998104814440011978149414062500000e-04
-7.7521062235005953455074800828583647671621292829513549804687500000e-04
-7.7945048089435862211787897635417721176054328680038452148437500000e-04
-7.8367228269801757038759415507911398890428245067596435546875000000e-04
-7.8787610349295819807402541101737369899637997150421142578125000000e-04
-7.9206201734940485156138967326455713191535323858261108398437500000e-04
-7.9623009436615582463253604217356951266992837190628051757812500000e-04
-8.0033785896325342155283033562795935722533613443374633789062500000e-04
-8.0400855496780222666369786210793790814932435750961303710937500000e-04
-8.0766420713626683580005360951759030285757035017013549804687500000e-04
-8.1130481546864724896189757785691654135007411241531372070312500000e-04
-8.1493037996494346614922976712591662362683564424514770507812500000e-04
-8.1854090062515537894183292877414714894257485866546630859375000000e-04
-8.2213637744928320418014155990249491878785192966461181640625000000e-04
-8.2571681043732683344393841196051653241738677024841308593750000000e-04
-8.2928219958928615831300623639776858908589929342269897460937500000e-04
-8.3283254490516139562777953031513789028394967317581176757812500000e-04
-8.3636784638495222012760654806129423377569764852523803710937500000e-04
-8.3988810402865895707313903528756782179698348045349121093750000000e-04
-8.4339331783628138962394249489307185285724699497222900390625000000e-04
-8.4688348780781962620023417542824972770176827907562255859375000000e-04
-8.5035861394327377522223132544354484707582741975784301757812500000e-04
-8.5381869624264361984949944783807040948886424303054809570312500000e-04
-8.5726373470592937692247303971271321643143892288208007812500000000e-04
-8.6069372933313061276028310686569966492243111133575439453125000000e-04
-8.6410868012424786946401589204924675868824124336242675781250000000e-04
-8.6750858707928082177301964961202429549302905797958374023437500000e-04
-8.7089345019822946968729437955403227533679455518722534179687500000e-04
-8.7426326948109392162705733042571409896481782197952270507812500000e-04
-8.7761804492787439443274299932795656786765903234481811523437500000e-04
-8.8095777653857056284369964060942947980947792530059814453125000000e-04
-8.8428246431318231843971000571968943404499441385269165039062500000e-04
-8.8759210825170987806120859175962323206476867198944091796875000000e-04
-8.9088670835415345854862989583011767535936087369918823242187500000e-04
-8.9416626462051273464132217227984256169293075799942016601562500000e-04
-8.9743077705078759791906817255835449032019823789596557617187500000e-04
-9.0068024564497848206273689086742706422228366136550903320312500000e-04
-9.0391467040308506181167658155573008116334676742553710937500000000e-04
-9.0713405132510744558610449317370694188866764307022094726562500000e-04
-9.1033838841104563338602062572135764639824628829956054687500000000e-04
-9.1352768166089951679120773064823879394680261611938476562500000000e-04
-9.1670193107466920422188305650479378527961671352386474609375000000e-04
-9.1986113665235469567804660329102262039668858051300048828125000000e-04
-9.2300529839395588273948112245648189855273813009262084960937500000e-04
-9.2613441629947309066683835965250182198360562324523925781250000000e-04
-9.2924849036890588577924932067730878770817071199417114257812500000e-04
-9.3234752060225470175758299973267639870755374431610107421875000000e-04
-9.3543150699951888808053590551594425051007419824600219726562500000e-04
-9.3850044956069909526941152932977274758741259574890136718750000000e-04
-9.4155434828579510648377537407327508844900876283645629882812500000e-04
-9.4459320317480681330341019119600787234958261251449584960937500000e-04
-9.4761701422773432414853322924841450003441423177719116210937500000e-04
-9.5062578144457774743936173678093837224878370761871337890625000000e-04
-9.5361950482533675791524396814224928675685077905654907226562500000e-04
-9.5659818437001189767726616608456424728501588106155395507812500000e-04
-9.5956182007860251620412483930522284936159849166870117187500000000e-04
-9.6251041195110893875647173345555529522243887186050415039062500000e-04
-9.6544395998753116533430684853556158486753702163696289062500000000e-04
-9.6836246418786908751741293599479831755161285400390625000000000000e-04
-9.7126592455212313898665899003503909625578671693801879882812500000e-04
-9.7415434108029256080052427080318011576309800148010253906250000000e-04
-9.7702771377237811190052951815232518129050731658935546875000000000e-04
-9.7988604262837925018558848933025728911161422729492187500000000000e-04
-9.8272932764829619249613568143786324071697890758514404296875000000e-04
-9.8555756883212893883217109447514303610660135746002197265625000000e-04
-9.8837076617987748919369472844209667528048157691955566406250000000e-04
-9.9116891969154162674027208623783735674805939197540283203125000000e-04
-9.9395202936712178515277216206413868349045515060424804687500000000e-04
-9.9672009520661753075032596171922705252654850482940673828125000000e-04
-9.9947311721002929721380247940487606683745980262756347656250000000e-04
-1.0022110953773568677027672180201989249326288700103759765625000000e-03
-1.0049340297086000253767856804643088253214955329895019531250000000e-03
-1.0076419202037587702358578667372057680040597915649414062500000000e-03
-1.0103347668628335359608527710406633559614419937133789062500000000e-03
-1.0130125696858241057113358962737947877030819654464721679687500000e-03
-1.0156753286727306963277417395374868647195398807525634765625000000e-03
-1.0183230438235526572887668095290791825391352176666259765625000000e-03
-1.0209557151382906391157145975512321456335484981536865234375000000e-03
-1.0235733426169444249681506065030589525122195482254028320312500000e-03
-1.0261759262595137980056403392836728016845881938934326171875000000e-03
-1.0287634660659989750686182929939604946412146091461181640625000000e-03
-1.0313359620363999561570844676339220313820987939834594726562500000e-03
-1.0338934141707167412710388632035574119072407484054565429687500000e-03
-1.0364358224689495472509159768037534377072006464004516601562500000e-03
-1.0389631869310981572562813113336233072914183139801025390625000000e-03
-1.0414755075571623544467003696922802191693335771560668945312500000e-03
-1.0439727843471421388221731518797241733409464359283447265625000000e-03
-1.0464550173010377272231341549968419712968170642852783203125000000e-03
-1.0489222064188493364900178761445204145275056362152099609375000000e-03
-1.0513743517005765329419553211209859000518918037414550781250000000e-03
-1.0538114531462199671002499812288988323416560888290405273437500000e-03
-1.0562335107557785547627293709638252039439976215362548828125000000e-03
-1.0586405245292533801315659758301990223117172718048095703125000000e-03
-1.0610324944666440095258908016262466844636946916580200195312500000e-03
-1.0634094205679500092648348541501945874188095331192016601562500000e-03
-1.0657713028331720298697016247047031356487423181533813476562500000e-03
-1.0681181412623098545000566161888855276629328727722167968750000000e-03
-1.0704499358553632663154653315018549619708210229873657226562500000e-03
-1.0727666866123326989967967648453850415535271167755126953125000000e-03
-1.0750683935332179357036164191185889649204909801483154296875000000e-03
-1.0773550566180189764359242943214667320717126131057739257812500000e-03
-1.0796266758667356043532858933531315415166318416595458984375000000e-03
-1.0818832512793680362961357133144701947458088397979736328125000000e-03
-1.0841247828559162722644737542054826917592436075210571289062500000e-03
-1.0863512705963803122583000160261690325569361448287963867187500000e-03
-1.0885627145007601562776144987765292171388864517211914062500000000e-03
-1.0907591145690560211628516995574500469956547021865844726562500000e-03
-1.0929404708012672563927081270662711176555603742599487304687500000e-03
-1.0951067831973947293289217697065396350808441638946533203125000000e-03
-1.0972580517574375726097546390747083933092653751373291015625000000e-03
-1.0993942764813962199160757293725509953219443559646606445312500000e-03
-1.1015154573692706712478850406000674411188811063766479492187500000e-03
-1.1036215944210611434456170698581445321906358003616333007812500000e-03
-1.1057126876367672028284028229450086655560880899429321289062500000e-03
-1.1077887370163892830771112940624334441963583230972290039062500000e-03
-1.1098497425599269505108734890086452651303261518478393554687500000e-03
-1.1118957042673804219701239048845309298485517501831054687500000000e-03
-1.1139266221387496974548625416900904383510351181030273437500000000e-03
-1.1159424961740345601246549023244369891472160816192626953125000000e-03
-1.1179433263732354436603699809893441852182149887084960937500000000e-03
-1.1199291127363519143811387834830384235829114913940429687500000000e-03
-1.1218998552633844059678303040072933072224259376525878906250000000e-03
-1.1238555539543324847395755483603352331556379795074462890625000000e-03
-1.1257962088091965843772435107439378043636679649353027343750000000e-03
-1.1277218198279762711999651969563274178653955459594726562500000000e-03
-1.1296323870106717620481751040983908751513808965682983398437500000e-03
-1.1315279103572830569218732321701281762216240167617797851562500000e-03
-1.1334083898678101558210595811715393210761249065399169921875000000e-03
-1.1352738255422528419052996540017375082243233919143676757812500000e-03
-1.1371242173806117656958969419633831421378999948501586914062500000e-03
-1.1389595653828860598311134566529290168546140193939208984375000000e-03
-1.1407798695490763748322526893730355368461459875106811523437500000e-03
-1.1425851298791822770184456459219290991313755512237548828125000000e-03
-1.1443753463732039832301268234004965052008628845214843750000000000e-03
-1.1461505190311414934672962218087377550546079874038696289062500000e-03
-1.1479106478529948077299538411466528486926108598709106445312500000e-03
-1.1496557328387641428585341785151285876054316759109497070312500000e-03
-1.1513857739884490651721682397123913688119500875473022460937500000e-03
-1.1531007713020500083517250189402147952932864427566528320312500000e-03
-1.1548007247795663218759010248959384625777602195739746093750000000e-03
-1.1564856344209984394255652517813359736464917659759521484375000000e-03
-1.1581555002263465778411521966972941299900412559509277343750000000e-03
-1.1598103221956103034417928654420393286272883415222167968750000000e-03
-1.1614501003287900499083562522173451725393533706665039062500000000e-03
-1.1630748346258856004004078599223248602356761693954467773437500000e-03
-1.1646845250868965212370786943552047887351363897323608398437500000e-03
-1.1662791717118236797801067439195321639999747276306152343750000000e-03
-1.1678587745006664255081885173126465815585106611251831054687500000e-03
-1.1694233334534247584213240145345480414107441902160644531250000000e-03
-1.1709728485700991122003822297870101465377956628799438476562500000e-03
-1.1725073198506892700049286659691460954491049051284790039062500000e-03
-1.1740267472951950149945288259800690866541117429733276367187500000e-03
-1.1755311309036167808500517040215527231339365243911743164062500000e-03
-1.1770204706759543507310628029927102033980190753936767578125000000e-03
-1.1784947666122077246375621228935415274463593959808349609375000000e-03
-1.1799540187123766857291151666231598937883973121643066406250000000e-03
-1.1813982269764614508461564312824521039146929979324340820312500000e-03
-1.1828273914044618031482514197705313563346862792968750000000000000e-03
-1.1842415119963781763162691262891712540294975042343139648437500000e-03
-1.1856405887522103535097750537374849955085664987564086914062500000e-03
-1.1870246216719583347287692021154725807718932628631591796875000000e-03
-1.1883936107556223368136860685240208113100379705429077148437500000e-03
-1.1897475560032017092432221616604692826513200998306274414062500000e-03
-1.1910864574146968856982464757265915977768599987030029296875000000e-03
-1.1924103149901078661787590107223877566866576671600341796875000000e-03
-1.1937191287294346506847597666478577593807131052017211914062500000e-03
-1.1950128986326772392162487435030016058590263128280639648437500000e-03
-1.1962916246998358486136604383887060976121574640274047851562500000e-03
-1.1975553069309100451961258571031976316589862108230590820312500000e-03
-1.1988039453259000458040794967473630094900727272033691406250000000e-03
-1.2000375398848058504375213573212022311054170131683349609375000000e-03
-1.2012560906076272422560169417238284950144588947296142578125000000e-03
-1.2024595974943646549404352441570154041983187198638916015625000000e-03
-1.2036480605450176548099072704189893556758761405944824218750000000e-03
-1.2048214797595864587048675176106371509376913309097290039062500000e-03
-1.2059798551380712834657504828328455914743244647979736328125000000e-03
-1.2071231866804719122521216689847278757952153682708740234375000000e-03
-1.2082514743867881282235465789653972024098038673400878906250000000e-03
-1.2093647182570201482204597098757403728086501359939575195312500000e-03
-1.2104629182911677554024265646148705855011940002441406250000000000e-03
-1.2115460744892313834503161373845614434685558080673217773437500000e-03
-1.2126141868512108155236939310839261452201753854751586914062500000e-03
-1.2136672553771058347821254486120778892654925584793090820312500000e-03
-1.2147052800669168749064796841707902785856276750564575195312500000e-03
-1.2157282609206437190563221406591765116900205612182617187500000000e-03
-1.2167361979382863672316528180772365885786712169647216796875000000e-03
-1.2177290911198446025920372193240837077610194683074951171875000000e-03
-1.2187069404653186419779098415006046707276254892349243164062500000e-03
-1.2196697459747084853892706846067994774784892797470092773437500000e-03
-1.2206175076480139159856852515417813265230506658554077148437500000e-03
-1.2215502254852355842884570336082106223329901695251464843750000000e-03
-1.2224678994863728397762825395034269604366272687911987304687500000e-03
-1.2233705296514258992895962663283171423245221376419067382812500000e-03
-1.2242581159803947628283982140828811679966747760772705078125000000e-03
-1.2251306584732792135522538856662322359625250101089477539062500000e-03
-1.2259881571300794683015977781792571477126330137252807617187500000e-03
-1.2268306119507955270764298916219559032469987869262695312500000000e-03
-1.2276580229354273898767502259943285025656223297119140625000000000e-03
-1.2284703900839752735429932783972617471590638160705566406250000000e-03
-1.2292677133964387443942900546289820340462028980255126953125000000e-03
-1.2300499928728180192710750517903761647175997495651245117187500000e-03
-1.2308172285131130981733482698814441391732543706893920898437500000e-03
-1.2315694203173237642606752118012991559226065874099731445312500000e-03
-1.2323065682854504512139248717517148179467767477035522460937500000e-03
-1.2330286724174927253522282555309175222646445035934448242187500000e-03
-1.2337357327134510203564543573406808718573302030563354492187500000e-03
-1.2344277491733251193861686800801180652342736721038818359375000000e-03
-1.2351047217971148056009367266483423009049147367477416992187500000e-03
-1.2357666505848205126816274912471271818503737449645996093750000000e-03
-1.2364135355364418069473719796746991050895303487777709960937500000e-03
-1.2370453766519786883981701919310580706223845481872558593750000000e-03
-1.2376621739314315907148911222179776814300566911697387695312500000e-03
-1.2382639273748000802166657763336843345314264297485351562500000000e-03
-1.2388506369820848074247976455808384343981742858886718750000000000e-03
-1.2394223027532849049775487415558927750680595636367797851562500000e-03
-1.2399789246884010233962225555615077610127627849578857421875000000e-03
-1.2405205027874329458403845904967965907417237758636474609375000000e-03
-1.2410470370503802386291658521599856612738221883773803710937500000e-03
-1.2415585274772437691243043289546221785712987184524536132812500000e-03
-1.2420549740680228868044965295780457381624728441238403320312500000e-03
-1.2425363768227175916697424540302563400473445653915405273437500000e-03
-1.2430027357413285342413455936139143886975944042205810546875000000e-03
-1.2434540508238550639980024570263594796415418386459350585937500000e-03
-1.2438903220702973977801475413684784143697470426559448242187500000e-03
-1.2443115494806555355877808466402711928822100162506103515625000000e-03
-1.2447177330549292605804678757408510136883705854415893554687500000e-03
-1.2451088727931187895986431257711046782787889242172241210937500000e-03
-1.2454849686952241226423065967310321866534650325775146484375000000e-03
-1.2458460207612452597114582886206335388123989105224609375000000000e-03
-1.2461920289911824176465326985407955362461507320404052734375000000e-03
-1.2465229933850351627666608322897445759736001491546630859375000000e-03
-1.2468389139428039287527116840692542609758675098419189453125000000e-03
-1.2471397906644882819238162596775509882718324661254882812500000000e-03
-1.2474256235500882222799745591146347578614950180053710937500000000e-03
-1.2476964125996041835020555765822791727259755134582519531250000000e-03
-1.2479521578130357319091903178787106298841536045074462890625000000e-03
-1.2481928591903833011822477772057027323171496391296386718750000000e-03
-1.2484185167316464576403589603614818770438432693481445312500000000e-03
-1.2486291304368256349643928615478216670453548431396484375000000000e-03
-1.2488247003059203994734804865629484993405640125274658203125000000e-03
-1.2490052263389309680080563325077491754200309514999389648437500000e-03
-1.2491707085358573405681203993822236952837556600570678710937500000e-03
-1.2493211468966993003132381900854852574411779642105102539062500000e-03
-1.2494565414214572809242786988193074648734182119369506835937500000e-03
-1.2495768921101310655608074284828035160899162292480468750000000000e-03
-1.2496821989627206542228243790759734110906720161437988281250000000e-03
-1.2497724619792262637507640476997039513662457466125488281250000000e-03
-1.2498476811596472436233229430513347324449568986892700195312500000e-03
-1.2499078565039840275213700593326393573079258203506469726562500000e-03
-1.2499529880122366154449053965436178259551525115966796875000000000e-03
-1.2499830756844047905534944575833833368960767984390258789062500000e-03
-1.2499981195204889865280062366537094931118190288543701171875000000e-03
-1.2499981195204892033684407337545962946023792028427124023437500000e-03
-1.2499830756844050073939289546842701383866369724273681640625000000e-03
-1.2499529880122366154449053965436178259551525115966796875000000000e-03
-1.2499078565039840275213700593326393573079258203506469726562500000e-03
-1.2498476811596472436233229430513347324449568986892700195312500000e-03
-1.2497724619792260469103295505988171498756855726242065429687500000e-03
-1.2496821989627206542228243790759734110906720161437988281250000000e-03
-1.2495768921101312824012419255836903175804764032363891601562500000e-03
-1.2494565414214574977647131959201942663639783859252929687500000000e-03
-1.2493211468966995171536726871863720589317381381988525390625000000e-03
-1.2491707085358573405681203993822236952837556600570678710937500000e-03
-1.2490052263389309680080563325077491754200309514999389648437500000e-03
-1.2488247003059203994734804865629484993405640125274658203125000000e-03
-1.2486291304368256349643928615478216670453548431396484375000000000e-03
-1.2484185167316464576403589603614818770438432693481445312500000000e-03
-1.2481928591903833011822477772057027323171496391296386718750000000e-03
-1.2479521578130359487496248149795974313747137784957885742187500000e-03
-1.2476964125996041835020555765822791727259755134582519531250000000e-03
-1.2474256235500882222799745591146347578614950180053710937500000000e-03
-1.2471397906644880650833817625766641867812722921371459960937500000e-03
-1.2468389139428039287527116840692542609758675098419189453125000000e-03
-1.2465229933850351627666608322897445759736001491546630859375000000e-03
-1.2461920289911824176465326985407955362461507320404052734375000000e-03
-1.2458460207612454765518927857215203403029590845108032226562500000e-03
-1.2454849686952243394827410938319189881440252065658569335937500000e-03
-1.2451088727931187895986431257711046782787889242172241210937500000e-03
-1.2447177330549292605804678757408510136883705854415893554687500000e-03
-1.2443115494806553187473463495393843913916498422622680664062500000e-03
-1.2438903220702973977801475413684784143697470426559448242187500000e-03
-1.2434540508238550639980024570263594796415418386459350585937500000e-03
-1.2430027357413285342413455936139143886975944042205810546875000000e-03
-1.2425363768227178085101769511311431415379047393798828125000000000e-03
-1.2420549740680228868044965295780457381624728441238403320312500000e-03
-1.2415585274772437691243043289546221785712987184524536132812500000e-03
-1.2410470370503802386291658521599856612738221883773803710937500000e-03
-1.2405205027874329458403845904967965907417237758636474609375000000e-03
-1.2399789246884010233962225555615077610127627849578857421875000000e-03
-1.2394223027532849049775487415558927750680595636367797851562500000e-03
-1.2388506369820848074247976455808384343981742858886718750000000000e-03
-1.2382639273748002970571002734345711360219866037368774414062500000e-03
-1.2376621739314315907148911222179776814300566911697387695312500000e-03
-1.2370453766519786883981701919310580706223845481872558593750000000e-03
-1.2364135355364415901069374825738123035989701747894287109375000000e-03
-1.2357666505848202958411929941462403803598135709762573242187500000e-03
-1.2351047217971148056009367266483423009049147367477416992187500000e-03
-1.2344277491733251193861686800801180652342736721038818359375000000e-03
-1.2337357327134510203564543573406808718573302030563354492187500000e-03
-1.2330286724174929421926627526318043237552046775817871093750000000e-03
-1.2323065682854504512139248717517148179467767477035522460937500000e-03
-1.2315694203173237642606752118012991559226065874099731445312500000e-03
-1.2308172285131128813329137727805573376826941967010498046875000000e-03
-1.2300499928728180192710750517903761647175997495651245117187500000e-03
-1.2292677133964387443942900546289820340462028980255126953125000000e-03
-1.2284703900839752735429932783972617471590638160705566406250000000e-03
-1.2276580229354276067171847230952153040561825037002563476562500000e-03
-1.2268306119507957439168643887228427047375589609146118164062500000e-03
-1.2259881571300794683015977781792571477126330137252807617187500000e-03
-1.2251306584732792135522538856662322359625250101089477539062500000e-03
-1.2242581159803945459879637169819943665061146020889282226562500000e-03
-1.2233705296514258992895962663283171423245221376419067382812500000e-03
-1.2224678994863728397762825395034269604366272687911987304687500000e-03
-1.2215502254852355842884570336082106223329901695251464843750000000e-03
-1.2206175076480141328261197486426681280136108398437500000000000000e-03
-1.2196697459747084853892706846067994774784892797470092773437500000e-03
-1.2187069404653186419779098415006046707276254892349243164062500000e-03
-1.2177290911198446025920372193240837077610194683074951171875000000e-03
-1.2167361979382863672316528180772365885786712169647216796875000000e-03
-1.2157282609206437190563221406591765116900205612182617187500000000e-03
-1.2147052800669168749064796841707902785856276750564575195312500000e-03
-1.2136672553771060516225599457129646907560527324676513671875000000e-03
-1.2126141868512108155236939310839261452201753854751586914062500000e-03
-1.2115460744892316002907506344854482449591159820556640625000000000e-03
-1.2104629182911677554024265646148705855011940002441406250000000000e-03
-1.2093647182570201482204597098757403728086501359939575195312500000e-03
-1.2082514743867881282235465789653972024098038673400878906250000000e-03
-1.2071231866804719122521216689847278757952153682708740234375000000e-03
-1.2059798551380712834657504828328455914743244647979736328125000000e-03
-1.2048214797595866755453020147115239524282515048980712890625000000e-03
-1.2036480605450178716503417675198761571664363145828247070312500000e-03
-1.2024595974943646549404352441570154041983187198638916015625000000e-03
-1.2012560906076272422560169417238284950144588947296142578125000000e-03
-1.2000375398848058504375213573212022311054170131683349609375000000e-03
-1.1988039453259000458040794967473630094900727272033691406250000000e-03
-1.1975553069309100451961258571031976316589862108230590820312500000e-03
-1.1962916246998358486136604383887060976121574640274047851562500000e-03
-1.1950128986326774560566832406038884073495864868164062500000000000e-03
-1.1937191287294348675251942637487445608712732791900634765625000000e-03
-1.1924103149901078661787590107223877566866576671600341796875000000e-03
-1.1910864574146968856982464757265915977768599987030029296875000000e-03
-1.1897475560032017092432221616604692826513200998306274414062500000e-03
-1.1883936107556221199732515714231340098194777965545654296875000000e-03
-1.1870246216719583347287692021154725807718932628631591796875000000e-03
-1.1856405887522103535097750537374849955085664987564086914062500000e-03
-1.1842415119963783931567036233900580555200576782226562500000000000e-03
-1.1828273914044620199886859168714181578252464532852172851562500000e-03
-1.1813982269764614508461564312824521039146929979324340820312500000e-03
-1.1799540187123766857291151666231598937883973121643066406250000000e-03
-1.1784947666122075077971276257926547259557992219924926757812500000e-03
-1.1770204706759543507310628029927102033980190753936767578125000000e-03
-1.1755311309036167808500517040215527231339365243911743164062500000e-03
-1.1740267472951952318349633230809558881446719169616699218750000000e-03
-1.1725073198506892700049286659691460954491049051284790039062500000e-03
-1.1709728485700993290408167268878969480283558368682861328125000000e-03
-1.1694233334534247584213240145345480414107441902160644531250000000e-03
-1.1678587745006664255081885173126465815585106611251831054687500000e-03
-1.1662791717118236797801067439195321639999747276306152343750000000e-03
-1.1646845250868967380775131914560915902256965637207031250000000000e-03
-1.1630748346258856004004078599223248602356761693954467773437500000e-03
-1.1614501003287900499083562522173451725393533706665039062500000000e-03
-1.1598103221956105202822273625429261301178485155105590820312500000e-03
-1.1581555002263467946815866937981809314806014299392700195312500000e-03
-1.1564856344209984394255652517813359736464917659759521484375000000e-03
-1.1548007247795663218759010248959384625777602195739746093750000000e-03
-1.1531007713020500083517250189402147952932864427566528320312500000e-03
-1.1513857739884490651721682397123913688119500875473022460937500000e-03
-1.1496557328387641428585341785151285876054316759109497070312500000e-03
-1.1479106478529952414108228353484264516737312078475952148437500000e-03
-1.1461505190311417103077307189096245565451681613922119140625000000e-03
-1.1443753463732039832301268234004965052008628845214843750000000000e-03
-1.1425851298791822770184456459219290991313755512237548828125000000e-03
-1.1407798695490763748322526893730355368461459875106811523437500000e-03
-1.1389595653828862766715479537538158183451741933822631835937500000e-03
-1.1371242173806117656958969419633831421378999948501586914062500000e-03
-1.1352738255422530587457341511026243097148835659027099609375000000e-03
-1.1334083898678103726614940782724261225666850805282592773437500000e-03
-1.1315279103572832737623077292710149777121841907501220703125000000e-03
-1.1296323870106717620481751040983908751513808965682983398437500000e-03
-1.1277218198279762711999651969563274178653955459594726562500000000e-03
-1.1257962088091965843772435107439378043636679649353027343750000000e-03
-1.1238555539543327015800100454612220346461981534957885742187500000e-03
-1.1218998552633844059678303040072933072224259376525878906250000000e-03
-1.1199291127363521312215732805839252250734716653823852539062500000e-03
-1.1179433263732356605008044780902309867087751626968383789062500000e-03
-1.1159424961740347769650893994253237906377762556076049804687500000e-03
-1.1139266221387496974548625416900904383510351181030273437500000000e-03
-1.1118957042673804219701239048845309298485517501831054687500000000e-03
-1.1098497425599269505108734890086452651303261518478393554687500000e-03
-1.1077887370163892830771112940624334441963583230972290039062500000e-03
-1.1057126876367672028284028229450086655560880899429321289062500000e-03
-1.1036215944210613602860515669590313336811959743499755859375000000e-03
-1.1015154573692711049287540348018410441000014543533325195312500000e-03
-1.0993942764813962199160757293725509953219443559646606445312500000e-03
-1.0972580517574375726097546390747083933092653751373291015625000000e-03
-1.0951067831973947293289217697065396350808441638946533203125000000e-03
-1.0929404708012674732331426241671579191461205482482910156250000000e-03
-1.0907591145690560211628516995574500469956547021865844726562500000e-03
-1.0885627145007603731180489958774160186294466257095336914062500000e-03
-1.0863512705963805290987345131270558340474963188171386718750000000e-03
-1.0841247828559164891049082513063694932498037815093994140625000000e-03
-1.0818832512793680362961357133144701947458088397979736328125000000e-03
-1.0796266758667356043532858933531315415166318416595458984375000000e-03
-1.0773550566180189764359242943214667320717126131057739257812500000e-03
-1.0750683935332181525440509162194757664110511541366577148437500000e-03
-1.0727666866123326989967967648453850415535271167755126953125000000e-03
-1.0704499358553634831558998286027417634613811969757080078125000000e-03
-1.0681181412623100713404911132897723291534930467605590820312500000e-03
-1.0657713028331722467101361218055899371393024921417236328125000000e-03
-1.0634094205679500092648348541501945874188095331192016601562500000e-03
-1.0610324944666440095258908016262466844636946916580200195312500000e-03
-1.0586405245292533801315659758301990223117172718048095703125000000e-03
-1.0562335107557789884435983651655988069251179695129394531250000000e-03
-1.0538114531462199671002499812288988323416560888290405273437500000e-03
-1.0513743517005769666228243153227595030330121517181396484375000000e-03
-1.0489222064188495533304523732454072160180658102035522460937500000e-03
-1.0464550173010377272231341549968419712968170642852783203125000000e-03
-1.0439727843471421388221731518797241733409464359283447265625000000e-03
-1.0414755075571623544467003696922802191693335771560668945312500000e-03
-1.0389631869310981572562813113336233072914183139801025390625000000e-03
-1.0364358224689495472509159768037534377072006464004516601562500000e-03
-1.0338934141707169581114733603044442133978009223937988281250000000e-03
-1.0313359620364001729975189647348088328726589679718017578125000000e-03
-1.0287634660659991919090527900948472961317747831344604492187500000e-03
-1.0261759262595137980056403392836728016845881938934326171875000000e-03
-1.0235733426169444249681506065030589525122195482254028320312500000e-03
-1.0209557151382906391157145975512321456335484981536865234375000000e-03
-1.0183230438235528741292013066299659840296953916549682617187500000e-03
-1.0156753286727306963277417395374868647195398807525634765625000000e-03
-1.0130125696858243225517703933746815891936421394348144531250000000e-03
-1.0103347668628339696417217652424369589425623416900634765625000000e-03
-1.0076419202037592039167268609389793709851801395416259765625000000e-03
-1.0049340297086000253767856804643088253214955329895019531250000000e-03
-1.0022110953773568677027672180201989249326288700103759765625000000e-03
-9.9947311721002951405423697650576286832801997661590576171875000000e-04
-9.9672009520661774759076045882011385401710867881774902343750000000e-04
-9.9395202936712178515277216206413868349045515060424804687500000000e-04
-9.9116891969154162674027208623783735674805939197540283203125000000e-04
-9.8837076617987748919369472844209667528048157691955566406250000000e-04
-9.8555756883212915567260559157602983759716153144836425781250000000e-04
-9.8272932764829619249613568143786324071697890758514404296875000000e-04
-9.7988604262837925018558848933025728911161422729492187500000000000e-04
-9.7702771377237811190052951815232518129050731658935546875000000000e-04
-9.7415434108029256080052427080318011576309800148010253906250000000e-04
-9.7126592455212313898665899003503909625578671693801879882812500000e-04
-9.6836246418786930435784743309568511904217302799224853515625000000e-04
-9.6544395998753138217474134563644838635809719562530517578125000000e-04
-9.6251041195110893875647173345555529522243887186050415039062500000e-04
-9.5956182007860251620412483930522284936159849166870117187500000000e-04
-9.5659818437001189767726616608456424728501588106155395507812500000e-04
-9.5361950482533708317589571379357948899269104003906250000000000000e-04
-9.5062578144457774743936173678093837224878370761871337890625000000e-04
-9.4761701422773454098896772634930130152497440576553344726562500000e-04
-9.4459320317480703014384468829689467384014278650283813476562500000e-04
-9.4155434828579532332420987117416188993956893682479858398437500000e-04
-9.3850044956069909526941152932977274758741259574890136718750000000e-04
-9.3543150699951910492097040261683105200063437223434448242187500000e-04
-9.3234752060225470175758299973267639870755374431610107421875000000e-04
-9.2924849036890621103990106632863898994401097297668457031250000000e-04
-9.2613441629947309066683835965250182198360562324523925781250000000e-04
-9.2300529839395609957991561955736870004329830408096313476562500000e-04
-9.1986113665235491251848110039190942188724875450134277343750000000e-04
-9.1670193107466952948253480215612398751545697450637817382812500000e-04
-9.1352768166089951679120773064823879394680261611938476562500000000e-04
-9.1033838841104563338602062572135764639824628829956054687500000000e-04
-9.0713405132510766242653899027459374337922781705856323242187500000e-04
-9.0391467040308538707232832720706028339918702840805053710937500000e-04
-9.0068024564497848206273689086742706422228366136550903320312500000e-04
-8.9743077705078781475950266965924129181075841188430786132812500000e-04
-8.9416626462051284306153942083028596243821084499359130859375000000e-04
-8.9088670835415345854862989583011767535936087369918823242187500000e-04
-8.8759210825171009490164308886051003355532884597778320312500000000e-04
-8.8428246431318242685992725427013283479027450084686279296875000000e-04
-8.8095777653857067126391688915987288055475801229476928710937500000e-04
-8.7761804492787439443274299932795656786765903234481811523437500000e-04
-8.7426326948109413846749182752660090045537799596786499023437500000e-04
-8.7089345019822957810751162810447567608207464218139648437500000000e-04
-8.6750858707928093019323689816246769623830914497375488281250000000e-04
-8.6410868012424786946401589204924675868824124336242675781250000000e-04
-8.6069372933313072118050035541614306566771119832992553710937500000e-04
-8.5726373470592937692247303971271321643143892288208007812500000000e-04
-8.5381869624264394511015119348940061172470450401306152343750000000e-04
-8.5035861394327377522223132544354484707582741975784301757812500000e-04
-8.4688348780781973462045142397869312844704836606979370117187500000e-04
-8.4339331783628171488459424054440205509308725595474243164062500000e-04
-8.3988810402865917391357353238845462328754365444183349609375000000e-04
-8.3636784638495232854782379661173763452097773551940917968750000000e-04
-8.3283254490516139562777953031513789028394967317581176757812500000e-04
-8.2928219958928648357365798204909879132173955440521240234375000000e-04
-8.2571681043732715870459015761184673465322703123092651367187500000e-04
-8.2213637744928331260035880845293831953313201665878295898437500000e-04
-8.1854090062515570420248467442547735117841511964797973632812500000e-04
-8.1493037996494379140988151277724682586267590522766113281250000000e-04
-8.1130481546864724896189757785691654135007411241531372070312500000e-04
-8.0766420713626694422027085806803370360285043716430664062500000000e-04
-8.0400855496780233508391511065838130889460444450378417968750000000e-04
-8.0033785896325363839326483272884615871589630842208862304687500000e-04
-7.9665211912262031204723378152721124934032559394836425781250000000e-04
-7.9295133544590311498734269690658038598485291004180908203125000000e-04
-7.8923550793310161353272258466517996566835790872573852539062500000e-04
-7.8550463658421602452380794190389678988140076398849487304687500000e-04
-7.8175872139924580585951252587051385489758104085922241210937500000e-04
-7.7799776237819171648135707641813496593385934829711914062500000000e-04
-7.7422175952105353954890709644587332149967551231384277343750000000e-04
-7.7043071282783094980151084030239871935918927192687988281250000000e-04
-7.6662462229852394723916830798771115951240062713623046875000000000e-04
-7.6280348793313285712253124515314084419514983892440795898437500000e-04
-7.5896730973165778787181690034913117415271699428558349609375000000e-04
-7.5511608769409841422637352792435194714926183223724365234375000000e-04
-7.5124982182045441092554938222747296094894409179687500000000000000e-04
-7.4736851211072664533108245166204142151400446891784667968750000000e-04
-7.4347215856491457534188649347584032511804252862930297851562500000e-04
-7.3956076118301841779839600476975647325161844491958618164062500000e-04
-7.3563431996503752217930749424112946144305169582366943359375000000e-04
-7.3169283491097297268679344739439329714514315128326416015625000000e-04
-7.2773630602082401037933312437644417514093220233917236328125000000e-04
-7.2376473329459096051757827083861229766625910997390747070312500000e-04
-7.1977811673227328100044264402868066099472343921661376953125000000e-04
-7.1577645633387173076944698379975307034328579902648925781250000000e-04
-7.1175975209938598456393954450049932347610592842102050781250000000e-04
-7.0772800402881560870305133192914581741206347942352294921875000000e-04
-7.0368121212216147054852033448923975811339914798736572265625000000e-04
-6.9961937637942302799926030942856414185371249914169311523437500000e-04
-6.9554249680060038947548850529756236937828361988067626953125000000e-04
-6.9145057338569322971655317644490423845127224922180175781250000000e-04
-6.8734360613470219924375781417325015354435890913009643554687500000e-04
-6.8322159504762686437623342428082651167642325162887573242187500000e-04
-6.7908454012446733353419725531807671359274536371231079101562500000e-04
-6.7493244136522328145699756163367055705748498439788818359375000000e-04
-6.7076529876989535866593783453026844654232263565063476562500000000e-04
-6.6658311233848334832058357690698358055669814348220825195312500000e-04
-6.6238588207098692516028304311248575686477124691009521484375000000e-04
-6.5817360796740598076481898459633157472126185894012451171875000000e-04
-6.5394629002774127407571214121162483934313058853149414062500000000e-04
-6.4970392825199215457165902165570514625869691371917724609375000000e-04
-6.4544652264015905593352862013034609844908118247985839843750000000e-04
-6.4117407319224121921980019678244389069732278585433959960937500000e-04
-6.3688657990823951179221174001554572896566241979598999023437500000e-04
-6.3258404278815371681032875272876481176353991031646728515625000000e-04
-6.2826646183198361743371673782121433760039508342742919921875000000e-04
-6.2393383703972899682194119819200750498566776514053344726562500000e-04
-6.1958616841139039707608837659336131764575839042663574218750000000e-04
-6.1522345594696770977594102447483237483538687229156494140625000000e-04
-6.1084569964646071808106464473553387506399303674697875976562500000e-04
-6.0645289950986920515102474027457901684101670980453491210937500000e-04
-6.0204505553719382150712480239462820463813841342926025390625000000e-04
-5.9762216772843424188871308544435123621951788663864135742187500000e-04
-5.9318423608359003261492059522197450860403478145599365234375000000e-04
-5.8873126060266195262726807158060182700864970684051513671875000000e-04
-5.8426324128564967666510376886890298919752240180969238281250000000e-04
-5.7978017813255331314864493563732139591593295335769653320312500000e-04
-5.7528207114337221155658808058319664269220083951950073242187500000e-04
-5.7076892031810734767088844066051933623384684324264526367187500000e-04
-5.6624072565675817939045977311707247281447052955627441406250000000e-04
-5.6169748715932492355573657505374285392463207244873046875000000000e-04
-5.5713920482580692964541535516787007509265094995498657226562500000e-04
-5.5256587865620517344145135041344474302604794502258300781250000000e-04
-5.4797750865051922126297556658869325474370270967483520507812500000e-04
-5.4337409480874896468977075514317220950033515691757202148437500000e-04
-5.3875563713089418688140241897599480580538511276245117187500000000e-04
-5.3412213561695553835917404938982144813053309917449951171875000000e-04
-5.2947359026693269386243390073332193423993885517120361328125000000e-04
-5.2481000108082565339118197300649626413360238075256347656250000000e-04
-5.2013136805863398326454927200757083483040332794189453125000000000e-04
-5.1543769120035855084427378614009285229258239269256591796875000000e-04
-5.1072897050599881402926927265184531279373914003372192382812500000e-04
-5.0600520597555488123975298009327161707915365695953369140625000000e-04
-5.0126639760902631879485591426259816216770559549331665039062500000e-04
-4.9651254540641399405631606356337215402163565158843994140625000000e-04
-4.9174364936771736492304718524337658891454339027404785156250000000e-04
-4.8695970949293621455461478220172466535586863756179809570312500000e-04
-4.8216072578207119347232234574107678781729191541671752929687500000e-04
-4.7734669823512197641551813021010275406297296285629272460937500000e-04
-4.7251762685208850917409351133358086372027173638343811035156250000e-04
-4.6767351163297041227728811918495921418070793151855468750000000000e-04
-4.6281435257776855308683994216778501140652224421501159667968750000e-04
-4.5794014968648244371177136180506295204395428299903869628906250000e-04
-4.5305090295911219257229962664723643683828413486480712890625000000e-04
-4.4814661239565720335722986966686676169047132134437561035156250000e-04
-4.4322727799611850605862595209316623368067666888236999511718750000e-04
-4.3829289976049555857540163117391784908249974250793457031250000000e-04
-4.3334347768878836090755690690912160789594054222106933593750000000e-04
-4.2837901178099658779444003364744730788515880703926086425781250000e-04
-4.2339950203712099817757175124199875426711514592170715332031250000e-04
-4.1840494845716115837608306549100234406068921089172363281250000000e-04
-4.1339535104111712260008260066967977763852104544639587402343750000e-04
-4.0837070978898840295859273830103575164685025811195373535156250000e-04
-4.0333102470077597523356871533906087279319763183593750000000000000e-04
-3.9827629577647924311381566475631643697852268815040588378906250000e-04
-3.9320652301609842343976808365368924569338560104370117187500000000e-04
-3.8812170641963281148001385645329719409346580505371093750000000000e-04
-3.8302184598708349143672546865957428963156417012214660644531250000e-04
-3.7790694171844997541892530179552522895392030477523803710937500000e-04
-3.7277699361373220921650473158592831168789416551589965820312500000e-04
-3.6763200167292975914859476382900993485236540436744689941406250000e-04
-3.6247196589604354678704201120353900478221476078033447265625000000e-04
-3.5729688628307313845097747950774191849632188677787780761718750000e-04
-3.5210676283401804624942355026462337264092639088630676269531250000e-04
-3.4690159554887919175422683615295227355090901255607604980468750000e-04
-3.4168138442765619549462696724617671861778944730758666992187500000e-04
-3.3644612947034889484029807071863160672364756464958190917968750000e-04
-3.3119583067695691032047977664376503526000306010246276855468750000e-04
-3.2593048804748121771712732197556761093437671661376953125000000000e-04
-3.2065010158192132913926308823704403039300814270973205566406250000e-04
-3.1535467128027719037677845115297259326325729489326477050781250000e-04
-3.1004419714254831353869579224635799619136378169059753417968750000e-04
-3.0471867916873578282718759702163424663012847304344177246093750000e-04
-2.9937811735883894772095037417614094010787084698677062988281250000e-04
-2.9402251171285797085030999653554317774251103401184082031250000000e-04
-2.8865186223079225590407159707240225543500855565071105957031250000e-04
-2.8326616891264283287429903701593048026552423834800720214843750000e-04
-2.7786543175840915965990607361391084850765764713287353515625000000e-04
-2.7244965076809129047100133114156506053404882550239562988281250000e-04
-2.6701882594168873741660719112189781299093738198280334472656250000e-04
-2.6157295727920247627867889050889971258584409952163696289062500000e-04
-2.5611204478063191074602156227513205521972849965095520019531250000e-04
-2.5063608844597720344896107924625994201051071286201477050781250000e-04
-2.4514508827523770386619395011962296848651021718978881835937500000e-04
-2.3963904426841455041000128467487684247316792607307434082031250000e-04
-2.3411795642550720097929684015980456024408340454101562500000000000e-04
-2.2858182474651511347299437382218911807285621762275695800781250000e-04
-2.2303064923143926367304912261602112266700714826583862304687500000e-04
-2.1746442988027924500364640447713782123173587024211883544921875000e-04
-2.1188316669303500325467759513031751339440234005451202392578125000e-04
-2.0628685966970602343011076396095404561492614448070526123046875000e-04
-2.0067550881029333552200977219825972497346810996532440185546875000e-04
-1.9504911411479645163939700136523924811626784503459930419921875000e-04
-1.8940767558321531757216382718667091467068530619144439697265625000e-04
-1.8375119321554949963944125546078112165560014545917510986328125000e-04
-1.7807966701179994651813021100394962559221312403678894042968750000e-04
-1.7239309697196619742230738747679197331308387219905853271484375000e-04
-1.6669148309604819814186416060408646444557234644889831542968750000e-04
-1.6097482538404551499593153618405949600855819880962371826171875000e-04
-1.5524312383595906955635612689547997433692216873168945312500000000e-04
-1.4949637845178845524732325067418514663586392998695373535156250000e-04
-1.4373458923153361785872428324495331253274343907833099365234375000e-04
-1.3795775617519404239452729399317831848748028278350830078125000000e-04
-1.3216587928277075884679614414807247158023528754711151123046875000e-04
-1.2635895855426325221949890309502961827092804014682769775390625000e-04
-1.2053699398967154961768988297166060874587856233119964599609375000e-04
-1.1469998558899510894028284102574843927868641912937164306640625000e-04
-1.0884793335223494662681448241769999185635242611169815063476562500e-04
-1.0298083727939058833883434473932538821827620267868041992187500000e-04
-9.7098697370462034076342427990624628364457748830318450927734375000e-05
-9.1201513625448714633198177281769858382176607847213745117187500000e-05
-8.5289286044351700659046922048389660631073638796806335449218750000e-05
-7.9362014627170477157856731675877881571068428456783294677734375000e-05
-7.3419699373904502028541363412017517475760541856288909912109375000e-05
-6.7462340284554845920746146692437150704790838062763214111328125000e-05
-6.1489937359120966733384838764919777531758882105350494384765625000e-05
-5.5502490597602878018984595698270823049824684858322143554687500000e-05
-4.9500000000000037676459174740273283532587811350822448730468750000e-05
