2.8464810962665055421583204520175058860331773757934570312500000000e-02
2.8562261198820989432922701212191896047443151473999023437500000000e-02
2.8624285468270730531381573769067472312599420547485351562500000000e-02
2.8673507600867297745450557044932793360203504562377929687500000000e-02
2.8713685179380159240292158528973232023417949676513671875000000000e-02
2.8747250101249236658995656057413725648075342178344726562500000000e-02
2.8775834277717286802111829047134961001574993133544921875000000000e-02
2.8800571363204574559802040312206372618675231933593750000000000000e-02
2.8822271836363235614220101865612377878278493881225585937500000000e-02
2.8841529577992679189701874520324054174125194549560546875000000000e-02
2.8858789195582476572177199614088749513030052185058593750000000000e-02
2.8874389907626491630354692574655928183346986770629882812500000000e-02
2.8888594920889743011827022201032377779483795166015625000000000000e-02
2.8901611564274207882840883598873915616422891616821289062500000000e-02
2.8913605377995896944520737292805279139429330825805664062500000000e-02
2.8924724669175949642863088229205459356307983398437500000000000000e-02
2.8935093033668164014260426597502373624593019485473632812500000000e-02
2.8944797355417724304960103154371608980000019073486328125000000000e-02
2.8953907559865519477648732049601676408201456069946289062500000000e-02
2.8962483531102464762163606337708188220858573913574218750000000000e-02
2.8970576900208787340940119747756398282945156097412109375000000000e-02
2.8978232466078824441924055577146646101027727127075195312500000000e-02
2.8985489381867200753273294822065508924424648284912109375000000000e-02
2.8992381614617777907394469139035209082067012786865234375000000000e-02
2.8998939033791210767576629336872429121285676956176757812500000000e-02
2.9005188498204003549885143797837372403591871261596679687500000000e-02
2.9011153924601865150556534445058787241578102111816406250000000000e-02
2.9016856646862921459417705705163825768977403640747070312500000000e-02
2.9022315783160716751165608684459584765136241912841796875000000000e-02
2.9027548529720764020067846900019503664225339889526367187500000000e-02
2.9032570406891625158785075200285064056515693664550781250000000000e-02
2.9037395467296344547802888769183482509106397628784179687500000000e-02
2.9042036472873296315544422441234928555786609649658203125000000000e-02
2.9046505046172389069569774733281519729644060134887695312500000000e-02
2.9050811800240054078026119555033801589161157608032226562500000000e-02
2.9054966450604922945100128117701387964189052581787109375000000000e-02
2.9058977912215538941254067140107508748769760131835937500000000000e-02
2.9062854383687292819660186182773031760007143020629882812500000000e-02
2.9066603420794527579129606920105288736522197723388671875000000000e-02
2.9070232000803258171073295557107485365122556686401367187500000000e-02
2.9073746578975261101174254463330726139247417449951171875000000000e-02
2.9077153138362680367956514260185940656810998916625976562500000000e-02
2.9080457233824949514477964385150698944926261901855468750000000000e-02
2.9083664031048110654165128607928636483848094940185546875000000000e-02
2.9086778341234090228262232358247274532914161682128906250000000000e-02
2.9089804652027265868818872718293278012424707412719726562500000000e-02
2.9092747155155869454024042397577431984245777130126953125000000000e-02
2.9095609771194748394140816571962204761803150177001953125000000000e-02
2.9098396171804576104680251091849640943109989166259765625000000000e-02
2.9101109799753069329319998814753489568829536437988281250000000000e-02
2.9103753886975291392813502966419036965817213058471679687500000000e-02
2.9106331470897833790800746101012919098138809204101562500000000000e-02
2.9108845409226022371562692114821402356028556823730468750000000000e-02
2.9111298393366489417610765144672768656164407730102539062500000000e-02
2.9113692960628198558303836307459278032183647155761718750000000000e-02
2.9116031505335350504370950375232496298849582672119140625000000000e-02
2.9118316288969704058731124973746773321181535720825195312500000000e-02
2.9120549449437954647734727586794178932905197143554687500000000000e-02
2.9122733009553546795755707421449187677353620529174804687500000000e-02
2.9124868884813470693018189194845035672187805175781250000000000000e-02
2.9126958890538953012017131527500168886035680770874023437500000000e-02
2.9129004748438564603718603507331863511353731155395507812500000000e-02
2.9131008092651164420594511739182053133845329284667968750000000000e-02
2.9132970475317838260354008639296807814389467239379882812500000000e-02
2.9134893371723612209844844755934900604188442230224609375000000000e-02
2.9136778185050463130245645970717305317521095275878906250000000000e-02
2.9138626250773579789976608367396693211048841476440429687500000000e-02
2.9140438840733976638697200201022496912628412246704101562500000000e-02
2.9142217166918692183852357402429333887994289398193359375000000000e-02
2.9143962384966037165723307111875328700989484786987304687500000000e-02
2.9145675597422870950481410545762628316879272460937500000000000000e-02
2.9147357856779604334818145616736728698015213012695312500000000000e-02
2.9149010168292792399835633432303438894450664520263671875000000000e-02
2.9150633492615218161914114602950576227158308029174804687500000000e-02
2.9152228748251761414334026767392060719430446624755859375000000000e-02
2.9153796813851808045203739538919762708246707916259765625000000000e-02
2.9155338530352820081148479403054807335138320922851562500000000000e-02
2.9156854702983042715302985925518441945314407348632812500000000000e-02
2.9158346103137808974503641934461484197527170181274414062500000000e-02
2.9159813470138594426739331311182468198239803314208984375000000000e-02
2.9161257512879738135191942660640052054077386856079101562500000000e-02
2.9162678911375309459552696011996886227279901504516601562500000000e-02
2.9164078318211626716927042934912606142461299896240234375000000000e-02
2.9165456359912321493421671902979142032563686370849609375000000000e-02
2.9166813638220923793342720387045119423419237136840820312500000000e-02
2.9168150731308063045021938819445495028048753738403320312500000000e-02
2.9169468194909790176305719455740472767502069473266601562500000000e-02
2.9170766563398439763510339162166928872466087341308593750000000000e-02
2.9172046350791933783108689226537535432726144790649414062500000000e-02
2.9173308051707848298494951677639619447290897369384765625000000000e-02
2.9174552142263238813102432800405949819833040237426757812500000000e-02
2.9175779080923381486600831635769282002002000808715820312500000000e-02
2.9176989309304637854047825840098084881901741027832031250000000000e-02
2.9178183252935009639461583219599560834467411041259765625000000000e-02
2.9179361321972144271974514140310930088162422180175781250000000000e-02
2.9180523911882857296395954449508280958980321884155273437500000000e-02
2.9181671404087627247347924708265054505318403244018554687500000000e-02
2.9182804166571121168294311587487754877656698226928710937500000000e-02
2.9183922554461023263217001044722564984112977981567382812500000000e-02
2.9185026910576401804053858768384088762104511260986328125000000000e-02
2.9186117565949132313107838854193687438964843750000000000000000000e-02
2.9187194840318661515077280910190893337130546569824218750000000000e-02
2.9188259042601350651269243030583311337977647781372070312500000000e-02
2.9189310471336785135498814724996918812394142150878906250000000000e-02
2.9190349415113239772701092533679911866784095764160156250000000000e-02
2.9191376152970970742073220094425778370350599288940429687500000000e-02
2.9192390954785672751992109397178865037858486175537109375000000000e-02
2.9193394081635404280206103067030198872089385986328125000000000000e-02
2.9194385786148344119617092928820056840777397155761718750000000000e-02
2.9195366312834630101447075389842211734503507614135742187500000000e-02
2.9196335898402748371127657378565345425158739089965820312500000000e-02
2.9197294772061257311923654356178303714841604232788085937500000000e-02
2.9198243155806491433423843773198314011096954345703125000000000000e-02
2.9199181264696425636140375559079984668642282485961914062500000000e-02
2.9200109307113544798717441608459921553730964660644531250000000000e-02
2.9201027485014966617038467688871605787426233291625976562500000000e-02
2.9201935994170893223786933390329068060964345932006835937500000000e-02
2.9202835024393289375943538743740646168589591979980468750000000000e-02
2.9203724759754443734971474100348132196813821792602539062500000000e-02
2.9204605378795576303696535092058184091001749038696289062500000000e-02
2.9205477054726387137195686705126718152314424514770507812500000000e-02
2.9206339955616309606023506262317823711782693862915039062500000000e-02
2.9207194244577554947950304153891920577734708786010742187500000000e-02
2.9208040079939903005401546920438704546540975570678710937500000000e-02
2.9208877615418793460833057906711474061012268066406250000000000000e-02
2.9209707000275534488631379304024449083954095840454101562500000000e-02
2.9210528379472015803042239667774992994964122772216796875000000000e-02
2.9211341893817653614373597292797057889401912689208984375000000000e-02
2.9212147680111266723201879358384758234024047851562500000000000000e-02
2.9212945871277214149319689795447629876434803009033203125000000000e-02
2.9213736596494919994793093565021990798413753509521484375000000000e-02
2.9214519981324526404220520703347574453800916671752929687500000000e-02
2.9215296147826731731900196109563694335520267486572265625000000000e-02
2.9216065214678187816899068707243714015930891036987304687500000000e-02
2.9216827297282095543540236803892184980213642120361328125000000000e-02
2.9217582507874428898730911896564066410064697265625000000000000000e-02
2.9218330955626741624042708167507953476160764694213867187500000000e-02
2.9219072746743852964090848445266601629555225372314453125000000000e-02
2.9219807984558459484913939263606152962893247604370117187500000000e-02
2.9220536769622246220379224723728839308023452758789062500000000000e-02
2.9221259199793382654863904690500930882990360260009765625000000000e-02
2.9221975370320150272585024708860146347433328628540039062500000000e-02
2.9222685373922217821895941369803040288388729095458984375000000000e-02
2.9223389300868731627280894258547050412744283676147460937500000000e-02
2.9224087239053314624115387232450302690267562866210937500000000000e-02
2.9224779274065908196700291910019586794078350067138671875000000000e-02
2.9225465489262830720562647002225276082754135131835937500000000000e-02
2.9226145965834126466686981871134776156395673751831054687500000000e-02
2.9226820782867483222711157964113226626068353652954101562500000000e-02
2.9227490017411188877316519096893898677080869674682617187500000000e-02
2.9228153744533771213331974081484077032655477523803710937500000000e-02
2.9228812037382541355601262011987273581326007843017578125000000000e-02
2.9229464967239666972620426577122998423874378204345703125000000000e-02
2.9230112603579917751606132014785544015467166900634765625000000000e-02
2.9230755014063011798519653439143439754843711853027343750000000000e-02
2.9231391809002957304919334546866593882441520690917968750000000000e-02
2.9232021602527240300428701402779552154242992401123046875000000000e-02
2.9232651085120717887599894879713247064501047134399414062500000000e-02
2.9233280256836999960734502224113384727388620376586914062500000000e-02
2.9233909117729689475240206775197293609380722045898437500000000000e-02
2.9234537667852215914177094191472860984504222869873046875000000000e-02
2.9235165907257974066135730595306085888296365737915039062500000000e-02
2.9235793836000521783713423928929842077195644378662109375000000000e-02
2.9236421454133288549970259850852016825228929519653320312500000000e-02
2.9237048761709797523034026767163595650345087051391601562500000000e-02
2.9237675758783339408086732191804912872612476348876953125000000000e-02
2.9238302445407489404960443835079786367714405059814453125000000000e-02
2.9238928821635753324548190335008257534354925155639648437500000000e-02
2.9239554887521182480192294406151631847023963928222656250000000000e-02
2.9240180643117535952413277300365734845399856567382812500000000000e-02
2.9240806088478024649113251598464557901024818420410156250000000000e-02
2.9241431223656015603307167793900589458644390106201171875000000000e-02
2.9242056048704979931418534988551982678472995758056640625000000000e-02
2.9242680563678184052500697021059750113636255264282226562500000000e-02
2.9243304768629015816250316106561513151973485946655273437500000000e-02
2.9243928663610769397296351712611794937402009963989257812500000000e-02
2.9244552248676700806351291817009041551500558853149414062500000000e-02
2.9245175523880357487671588501143560279160737991333007812500000000e-02
2.9245798489274922593583738716915831901133060455322265625000000000e-02
2.9246421144913485601346536668643238954246044158935546875000000000e-02
2.9247043490849593955216434437716088723391294479370117187500000000e-02
2.9247665527136510604799823909161204937845468521118164062500000000e-02
2.9248287253827290332885979751154081895947456359863281250000000000e-02
2.9248908670975223844656909477635053917765617370605468750000000000e-02
2.9249529778633823889899545633852540049701929092407226562500000000e-02
2.9250150576856089740251931630155013408511877059936523437500000000e-02
2.9250771065695138628548477299773367121815681457519531250000000000e-02
2.9251391245204327179463277275317523162811994552612304687500000000e-02
2.9252011115436918342602723441814305260777473449707031250000000000e-02
2.9252630676446081392505504936707438901066780090332031250000000000e-02
2.9253249928284690700719394840234599541872739791870117187500000000e-02
2.9253868871006210444773998347045562695711851119995117187500000000e-02
2.9254487504663799490867148733741487376391887664794921875000000000e-02
2.9255105829310533438469832390183000825345516204833984375000000000e-02
2.9255723844999376864750573190576687920838594436645507812500000000e-02
2.9256341551783731497193841164516925346106290817260742187500000000e-02
2.9256958949716697221399286377163662109524011611938476562500000000e-02
2.9257576038850954119885372506359999533742666244506835937500000000e-02
2.9258192819240035759120743819039489608258008956909179687500000000e-02
2.9258809290937021208023338658676948398351669311523437500000000000e-02
2.9259425453994711979754939079612086061388254165649414062500000000e-02
2.9260041308466207959915195147004851605743169784545898437500000000e-02
2.9260656854404799853686114374795579351484775543212890625000000000e-02
2.9261272091863372440956325704064511228352785110473632812500000000e-02
2.9261887020894727234887611189151357393711805343627929687500000000e-02
2.9262501641552324943562624071091704536229372024536132812500000000e-02
2.9263115953888928916226674914469185750931501388549804687500000000e-02
2.9263729957957482913366575871805252972990274429321289062500000000e-02
2.9264343653811069473347217240188911091536283493041992187500000000e-02
2.9264957041502483170436477166731492616236209869384765625000000000e-02
2.9265570121084945320877324093089555390179157257080078125000000000e-02
2.9266182892611410093497426032627117820084095001220703125000000000e-02
2.9266795356134515937451823219817015342414379119873046875000000000e-02
2.9267407511707435596726156745717162266373634338378906250000000000e-02
2.9268019359383050381762103597793611697852611541748046875000000000e-02
2.9268630899214238133554388809898227918893098831176757812500000000e-02
2.9269242131253977307059344070694351103156805038452148437500000000e-02
2.9269853055555149212718646367648034356534481048583984375000000000e-02
2.9270463672170489444201990636429400183260440826416015625000000000e-02
2.9271073981152841148034582374748424626886844635009765625000000000e-02
2.9271683982555276454240456018851546104997396469116210937500000000e-02
2.9272293676430614223216153391149418894201517105102539062500000000e-02
2.9272903062831576170843561612855410203337669372558593750000000000e-02
2.9273512141810884013004567805182887241244316101074218750000000000e-02
2.9274120913421627226957966172449232544749975204467773437500000000e-02
2.9274729377716593448077730954537400975823402404785156250000000000e-02
2.9275337534748230305936544937139842659235000610351562500000000000e-02
2.9275945384569686258391385536015150137245655059814453125000000000e-02
2.9276552927233721185240611362132767681032419204711914062500000000e-02
2.9277160162792796593844713015641900710761547088623046875000000000e-02
2.9277767091299804202986223344851168803870677947998046875000000000e-02
2.9278373712807670425917194734211079776287078857421875000000000000e-02
2.9278980027368919220043252948926237877458333969116210937500000000e-02
2.9279586035036414548571315208391752094030380249023437500000000000e-02
2.9280191735862631796649679927213583141565322875976562500000000000e-02
2.9280797129900535541446870979598315898329019546508789062500000000e-02
2.9281402217202757293224024692790408153086900711059570312500000000e-02
2.9282006997821737742659919945253932382911443710327148437500000000e-02
2.9282611471810521264202975544321816414594650268554687500000000000e-02
2.9283215639221600590236249672670965082943439483642578125000000000e-02
2.9283819500107572536551359121403947938233613967895507812500000000e-02
2.9284423054520919427190506212355103343725204467773437500000000000e-02
2.9285026302514609308769166773345205001533031463623046875000000000e-02
2.9285629244141159199799062662350479513406753540039062500000000000e-02
2.9286231879452950810360789546393789350986480712890625000000000000e-02
2.9286834208502695447995378685845935251563787460327148437500000000e-02
2.9287436231343156461948140645290550310164690017700195312500000000e-02
2.9288037948026996587502779334499791730195283889770507812500000000e-02
2.9288639358606122220507472775352653115987777709960937500000000000e-02
2.9289240463133699166053958151678671129047870635986328125000000000e-02
2.9289841261662258320441765135910827666521072387695312500000000000e-02
2.9290441754244021799191699528819299302995204925537109375000000000e-02
2.9291041940931562131966714446207333821803331375122070312500000000e-02
2.9291641821777528176262705983390333130955696105957031250000000000e-02
2.9292241396834506339530435070628300309181213378906250000000000000e-02
2.9292840666154829759593170024345454294234514236450195312500000000e-02
2.9293439629790848921508938929036958143115043640136718750000000000e-02
2.9294038287795285541159628905916179064661264419555664062500000000e-02
2.9294636640220576839777066879833000712096691131591796875000000000e-02
2.9295234687118948402329010605171788483858108520507812500000000000e-02
2.9295832428543066433546115945318888407200574874877929687500000000e-02
2.9296429864545420196364489129337016493082046508789062500000000000e-02
2.9297026995178131192343329303184873424470424652099609375000000000e-02
2.9297623820493688684418742695925175212323665618896484375000000000e-02
2.9298220340544696427276250005888869054615497589111328125000000000e-02
2.9298816555383414700353128523602208588272333145141601562500000000e-02
2.9299412465062093374745799678748880978673696517944335937500000000e-02
2.9300008069633193957814754071478091645985841751098632812500000000e-02
2.9300603369149243876412569420608633663505315780639648437500000000e-02
2.9301198363662489532188715202210005372762680053710937500000000000e-02
2.9301793053224944873846880000201053917407989501953125000000000000e-02
2.9302387437889335086715902889409335330128669738769531250000000000e-02
2.9302981517707969022490388510959746781736612319946289062500000000e-02
2.9303575292732884916002689124070457182824611663818359375000000000e-02
2.9304168763016467946780352349378517828881740570068359375000000000e-02
2.9304761928611089416563117993064224720001220703125000000000000000e-02
2.9305354789569099810409014139622740913182497024536132812500000000e-02
2.9305947345942499199233921558516158256679773330688476562500000000e-02
2.9306539597783506229111694096900464501231908798217773437500000000e-02
2.9307131545144634449107101659137697424739599227905273437500000000e-02
2.9307723188078314141558067262849363032728433609008789062500000000e-02
2.9308314526636111696511477475723950192332267761230468750000000000e-02
2.9308905560870648215887612764163350220769643783569335937500000000e-02
2.9309496290834222143040221908449893817305564880371093750000000000e-02
2.9310086716578653137643684090107853990048170089721679687500000000e-02
2.9310676838156340257013354744231037329882383346557617187500000000e-02
2.9311266655619540311139559207731508649885654449462890625000000000e-02
2.9311856169020319290430265368740947451442480087280273437500000000e-02
2.9312445378410802165891624326832243241369724273681640625000000000e-02
2.9313034283842975130651709037010732572525739669799804687500000000e-02
2.9313622885369140097511220233172934968024492263793945312500000000e-02
2.9314211183041644082081234046199824661016464233398437500000000000e-02
2.9314799176912088168878156579921778757125139236450195312500000000e-02
2.9315386867032895701346006944731925614178180694580078125000000000e-02
2.9315974253456188181043984286588965915143489837646484375000000000e-02
2.9316561336233722817601332621961773838847875595092773437500000000e-02
2.9317148115417857034969983942573890089988708496093750000000000000e-02
2.9317734591060674170792665904627938289195299148559570312500000000e-02
2.9318320763214091029258412390845478512346744537353515625000000000e-02
2.9318906631929996658980641655034560244530439376831054687500000000e-02
2.9319492197260668686631390755792381241917610168457031250000000000e-02
2.9320077459258103713679588508966844528913497924804687500000000000e-02
2.9320662417974086705330094559940334875136613845825195312500000000e-02
2.9321247073460676713096972889616154134273529052734375000000000000e-02
2.9321831425770088913607125391536101233214139938354492187500000000e-02
2.9322415474954153374875787108067015651613473892211914062500000000e-02
2.9322999221064592612062682519535883329808712005615234375000000000e-02
2.9323582664153757110225839710437867324799299240112304687500000000e-02
2.9324165804273459590145733955068862996995449066162109375000000000e-02
2.9324748641475471139239417084354499820619821548461914062500000000e-02
2.9325331175811736317271538609929848462343215942382812500000000000e-02
2.9325913407334189275665892182587413117289543151855468750000000000e-02
2.9326495336095052129943283603097370360046625137329101562500000000e-02
2.9327076962145877392362791624691453762352466583251953125000000000e-02
2.9327658285538297372463389933727739844471216201782226562500000000e-02
2.9328239306324759699817761315898678731173276901245117187500000000e-02
2.9328820024556945256222206808160990476608276367187500000000000000e-02
2.9329400440286344103890669998691009823232889175415039062500000000e-02
2.9329980553565261625070803574999445118010044097900390625000000000e-02
2.9330560364445354415430244898743694648146629333496093750000000000e-02
2.9331139872978247845614063749053457286208868026733398437500000000e-02
2.9331719079215924639303381127319880761206150054931640625000000000e-02
2.9332297983210273845111615287351014558225870132446289062500000000e-02
2.9332876585012990222622875080560334026813507080078125000000000000e-02
2.9333454884675709550823086146920104511082172393798828125000000000e-02
2.9334032882250265367174435482411354314535856246948242187500000000e-02
2.9334610577788633456464140181196853518486022949218750000000000000e-02
2.9335187971342428780996414161563734523952007293701171875000000000e-02
2.9335765062963158750219960779759276192635297775268554687500000000e-02
2.9336341852702844251732372526930703315883874893188476562500000000e-02
2.9336918340613138411754334811121225357055664062500000000000000000e-02
2.9337494526745631906461397875318652950227260589599609375000000000e-02
2.9338070411152022964884622524550650268793106079101562500000000000e-02
2.9338645993884186757849619198168511502444744110107421875000000000e-02
2.9339221274993679267062418603018159046769142150878906250000000000e-02
2.9339796254532098107592474889315781183540821075439453125000000000e-02
2.9340370932551113752895233233175531495362520217895507812500000000e-02
2.9340945309102386268085282949868997093290090560913085937500000000e-02
2.9341519384237797762882138385975849814713001251220703125000000000e-02
2.9342093158008449721441124324883276131004095077514648437500000000e-02
2.9342666630466342214678121536053367890417575836181640625000000000e-02
2.9343239801663052040980872448017180431634187698364257812500000000e-02
2.9343812671650013751412089391124027315527200698852539062500000000e-02
2.9344385240478908227768073402330628596246242523193359375000000000e-02
2.9344957508201326146224374724624794907867908477783203125000000000e-02
2.9345529474868885938532159229907847475260496139526367187500000000e-02
2.9346101140532921541792532593717623967677354812622070312500000000e-02
2.9346672505244940365454198172301403246819972991943359375000000000e-02
2.9347243569056824519236670312238857150077819824218750000000000000e-02
2.9347814332019904470794102735453634522855281829833984375000000000e-02
2.9348384794185590485060544096995727159082889556884765625000000000e-02
2.9348954955605559974385343480207666289061307907104492187500000000e-02
2.9349524816331105242506183117257023695856332778930664062500000000e-02
2.9350094376413921049007171859557274729013442993164062500000000000e-02
2.9350663635905372556011982965173956472426652908325195312500000000e-02
2.9351232594856866559007713135542871896177530288696289062500000000e-02
2.9351801253319900059102209866068733390420675277709960937500000000e-02
2.9352369611345956179615512837699498049914836883544921875000000000e-02
2.9352937668986285590921880839232471771538257598876953125000000000e-02
2.9353505426292589991499326629309507552534341812133789062500000000e-02
2.9354072883316158215638580486483988352119922637939453125000000000e-02
2.9354640040108077869707159379686345346271991729736328125000000000e-02
2.9355206896720286574575808913323271553963422775268554687500000000e-02
2.9355773453203930917210229267766408156603574752807617187500000000e-02
2.9356339709610081156743177643875242210924625396728515625000000000e-02
2.9356905665990348786031916006322717294096946716308593750000000000e-02
2.9357471322396296725676378969183133449405431747436523437500000000e-02
2.9358036678879127073793497970655153039842844009399414062500000000e-02
2.9358601735489833761683087232086108997464179992675781250000000000e-02
2.9359166492279858279301762991053692530840635299682617187500000000e-02
2.9359730949300957836278769264026777818799018859863281250000000000e-02
2.9360295106604032688846217524769599549472332000732421875000000000e-02
2.9360858964240142687796009113299078308045864105224609375000000000e-02
2.9361422522261128309484234932824620045721530914306640625000000000e-02
2.9361985780718032057468036555292201228439807891845703125000000000e-02
2.9362548739661861740835036016505910083651542663574218750000000000e-02
2.9363111399144176810738215976925857830792665481567382812500000000e-02
2.9363673759216168956953652013908140361309051513671875000000000000e-02
2.9364235819928911908061053281926433555781841278076171875000000000e-02
2.9364797581333618170518207080021966248750686645507812500000000000e-02
2.9365359043481524536911564382535289041697978973388671875000000000e-02
2.9365920206423923310978807421633973717689514160156250000000000000e-02
2.9366481070212148429821041872855857945978641510009765625000000000e-02
2.9367041634897030760731340137681399937719106674194335937500000000e-02
2.9367601900529782810167489515151828527450561523437500000000000000e-02
2.9368161867161693412420220283820526674389839172363281250000000000e-02
2.9368721534843936910030848252972646150738000869750976562500000000e-02
2.9369280903627569684344322809010918717831373214721679687500000000e-02
2.9369839973563623830576929663038754370063543319702148437500000000e-02
2.9370398744703478388640149887578445486724376678466796875000000000e-02
2.9370957217097874020206305090141540858894586563110351562500000000e-02
2.9371515390798075273437461873982101678848266601562500000000000000e-02
2.9372073265855357104836542703196755610406398773193359375000000000e-02
2.9372630842320640587317370773234870284795761108398437500000000000e-02
2.9373188120244739240938258717505959793925285339355468750000000000e-02
2.9373745099679007819482023933232994750142097473144531250000000000e-02
2.9374301780674526990422279482118028681725263595581054687500000000e-02
2.9374858163282099865476482136728009209036827087402343750000000000e-02
2.9375414247552952828890227010560920462012290954589843750000000000e-02
2.9375970033538058995281616603278962429612874984741210937500000000e-02
2.9376525521288256170837627223590970970690250396728515625000000000e-02
2.9377080710854583389668448489828733727335929870605468750000000000e-02
2.9377635602288287852701387237175367772579193115234375000000000000e-02
2.9378190195640023485434966232787701301276683807373046875000000000e-02
2.9378744490960916058153173935352242551743984222412109375000000000e-02
2.9379298488301799907596034699963638558983802795410156250000000000e-02
2.9379852187713741823449353773867187555879354476928710937500000000e-02
2.9380405589247621245263530909141991287469863891601562500000000000e-02
2.9380958692954341898717629533166473265737295150756835937500000000e-02
2.9381511498884880367876704099217022303491830825805664062500000000e-02
2.9382064007090057111692971147931530140340328216552734375000000000e-02
2.9382616217620848714231485132586385589092969894409179687500000000e-02
2.9383168130527978489929807892622193321585655212402343750000000000e-02
2.9383719745862520167367648582512629218399524688720703125000000000e-02
2.9384271063675200530429520995312486775219440460205078125000000000e-02
2.9384822084016930243688392465628567151725292205810546875000000000e-02
2.9385372806938429152134872879287286195904016494750976562500000000e-02
2.9385923232490764045454767483533942140638828277587890625000000000e-02
2.9386473360724616604722214674438873771578073501586914062500000000e-02
2.9387023191690640755435737219158909283578395843505859375000000000e-02
2.9387572725439937981750659901081235148012638092041015625000000000e-02
2.9388121962023172617506361348205246031284332275390625000000000000e-02
2.9388670901491158182761154193940456025302410125732421875000000000e-02
2.9389219543894295333386068591607909183949232101440429687500000000e-02
2.9389767889283865964777930912532610818743705749511718750000000000e-02
2.9390315937710617677502966671454487368464469909667968750000000000e-02
2.9390863689224916432962686485552694648504257202148437500000000000e-02
2.9391411143877547995639787359323236159980297088623046875000000000e-02
2.9391958301719471602364563977971556596457958221435546875000000000e-02
2.9392505162801445262044097717080148868262767791748046875000000000e-02
2.9393051727173821058292091379371413495391607284545898437500000000e-02
2.9393597994887409041719905644640675745904445648193359375000000000e-02
2.9394143965993151101923075430022436194121837615966796875000000000e-02
2.9394689640541440955878726981609361246228218078613281250000000000e-02
2.9395235018582877017934151808731257915496826171875000000000000000e-02
2.9395780100168498322199539529719913844019174575805664062500000000e-02
2.9396324885348514704963562849115987773984670639038085937500000000e-02
2.9396869374173819483564429333455336745828390121459960937500000000e-02
2.9397413566694979847326862909540068358182907104492187500000000000e-02
2.9397957462962406860462749591533793136477470397949218750000000000e-02
2.9398501063027097923718855554398032836616039276123046875000000000e-02
2.9399044366939311445641180853272089734673500061035156250000000000e-02
2.9399587374749756862879479513139813207089900970458984375000000000e-02
2.9400130086509129734295697744528297334909439086914062500000000000e-02
2.9400672502267660712860219973663333803415298461914062500000000000e-02
2.9401214622075916987897770127347030211240053176879882812500000000e-02
2.9401756445984909837942922194997663609683513641357421875000000000e-02
2.9402297974044949713245955535967368632555007934570312500000000000e-02
2.9402839206306215225072975272269104607403278350830078125000000000e-02
2.9403380142819429687861543243343476206064224243164062500000000000e-02
2.9403920783635288660473605659717577509582042694091796875000000000e-02
2.9404461128804151165416769231342186685651540756225585937500000000e-02
2.9405001178376355408516928946482948958873748779296875000000000000e-02
2.9405540932402735726514109160234511364251375198364257812500000000e-02
2.9406080390933363177818904432569979690015316009521484375000000000e-02
2.9406619554018756379498711339692818000912666320800781250000000000e-02
2.9407158421709479051431301854790945071727037429809570312500000000e-02
2.9407696994056032463449312785996880847960710525512695312500000000e-02
2.9408235271108782576954254750489781145006418228149414062500000000e-02
2.9408773252917810858697578169085318222641944885253906250000000000e-02
2.9409310939533986339888826933020027354359626770019531250000000000e-02
2.9409848331007487631794106164306867867708206176757812500000000000e-02
2.9410385427388656409686262804825673811137676239013671875000000000e-02
2.9410922228727928023905846544039377477020025253295898437500000000e-02
2.9411458735075717008111695349725778214633464813232421875000000000e-02
2.9411994946482306056978472952323500066995620727539062500000000000e-02
2.9412530862997915415135707917215768247842788696289062500000000000e-02
2.9413066484673150435824595660960767418146133422851562500000000000e-02
2.9413601811558290344272847960382932797074317932128906250000000000e-02
2.9414136843703329871058116395943216048181056976318359375000000000e-02
2.9414671581158766816566085822159948293119668960571289062500000000e-02
2.9415206023974984489433026624283229466527700424194335937500000000e-02
2.9415740172202338442719593558649648912250995635986328125000000000e-02
2.9416274025890917082071140953303256537765264511108398437500000000e-02
2.9416807585090742893640936017618514597415924072265625000000000000e-02
2.9417340849852542661313492544650216586887836456298828125000000000e-02
2.9417873820226425607415876584127545356750488281250000000000000000e-02
2.9418406496262382993078787762897263746708631515502929687500000000e-02
2.9418938878011030579884277358360122889280319213867187500000000000e-02
2.9419470965522241667766678574480465613305568695068359375000000000e-02
2.9420002758846292012506751234468538314104080200195312500000000000e-02
2.9420534258033523289377342280204175040125846862792968750000000000e-02
2.9421065463133888595592679848778061568737030029296875000000000000e-02
2.9421596374197792056470746047125430777668952941894531250000000000e-02
2.9422126991275415752724597950873430818319320678710937500000000000e-02
2.9422657314416483798069634758576285094022750854492187500000000000e-02
2.9423187343671615423534859701248933561146259307861328125000000000e-02
2.9423717079090864340296107570793537888675928115844726562500000000e-02
2.9424246520724083031605999849489307962357997894287109375000000000e-02
2.9424775668621637458866047154515399597585201263427734375000000000e-02
2.9425304522833616027721603813915862701833248138427734375000000000e-02
2.9425833083410034285432033129836781881749629974365234375000000000e-02
2.9426361350400893901468890589967486448585987091064453125000000000e-02
2.9426889323856481039953791878360789269208908081054687500000000000e-02
2.9427417003826741859207061224878998473286628723144531250000000000e-02
2.9427944390361716192616725606967520434409379959106445312500000000e-02
2.9428471483511409179101292465929873287677764892578125000000000000e-02
2.9428998283326051471631146227991848718374967575073242187500000000e-02
2.9429524789855589228526611123015754856169223785400390625000000000e-02
2.9430051003149673705117095323657849803566932678222656250000000000e-02
2.9430576923258851274045611035035108216106891632080078125000000000e-02
2.9431102550232970949117827785812551155686378479003906250000000000e-02
2.9431627884121784599624760403457912616431713104248046875000000000e-02
2.9432152924975377161764811262401053681969642639160156250000000000e-02
2.9432677672843826632842478829843457788228988647460937500000000000e-02
2.9433202127777093048965895150104188360273838043212890625000000000e-02
2.9433726289824872768274843792823958210647106170654296875000000000e-02
2.9434250159037226440839063457133306656032800674438476562500000000e-02
2.9434773735464395127969794430100591853260993957519531250000000000e-02
2.9435297019155960696057405812098295427858829498291015625000000000e-02
2.9435820010161647258817296801680640783160924911499023437500000000e-02
2.9436342708531779144287554572656517848372459411621093750000000000e-02
2.9436865114316194957932992792848381213843822479248046875000000000e-02
2.9437387227564545955083019634912488982081413269042968750000000000e-02
2.9437909048326538902218274529332120437175035476684570312500000000e-02
2.9438430576652505066270748557144543156027793884277343750000000000e-02
2.9438951812592296930493063200628967024385929107666015625000000000e-02
2.9439472756195201458284671502951823640614748001098632812500000000e-02
2.9439993407511404199805582493354449979960918426513671875000000000e-02
2.9440513766590795802224889143872132990509271621704101562500000000e-02
2.9441033833483024051425047673546941950917243957519531250000000000e-02
2.9441553608237878980613544399602687917649745941162109375000000000e-02
2.9442073090905372667602790670571266673505306243896484375000000000e-02
2.9442592281535201470532570056093391031026840209960937500000000000e-02
2.9443111180176936847452395795698976144194602966308593750000000000e-02
2.9443629786880257809267291690957790706306695938110351562500000000e-02
2.9444148101695197250471380812086863443255424499511718750000000000e-02
2.9444666124671694390491083481720124837011098861694335937500000000e-02
2.9445183855859077826089276186394272372126579284667968750000000000e-02
2.9445701295307012690383174913222319446504116058349609375000000000e-02
2.9446218443065552694548614454106427729129791259765625000000000000e-02
2.9446735299184179091014357254607602953910827636718750000000000000e-02
2.9447251863712560482344571255453047342598438262939453125000000000e-02
2.9447768136700618740730917011205747257918119430541992187500000000e-02
2.9448284118197838588049108921040897257626056671142578125000000000e-02
2.9448799808253812299030371946173545438796281814575195312500000000e-02
2.9449315206918194598451066212874138727784156799316406250000000000e-02
2.9449830314240924705737612043776607606559991836547851562500000000e-02
2.9450345130271400606591924997701426036655902862548828125000000000e-02
2.9450859655058957836670785468413669150322675704956054687500000000e-02
2.9451373888653823579497625928524939808994531631469726562500000000e-02
2.9451887831105427045796929519383411388844251632690429687500000000e-02
2.9452401482462940707218734814887284301221370697021484375000000000e-02
2.9452914842776276027613846508756978437304496765136718750000000000e-02
2.9453427912095077323417768866420374251902103424072265625000000000e-02
2.9453940690468756458120225261154701001942157745361328125000000000e-02
2.9454453177946926523134152375860139727592468261718750000000000000e-02
2.9454965374579009790290129444656486157327890396118164062500000000e-02
2.9455477280414726903856603712483774870634078979492187500000000000e-02
2.9455988895503597280178809114659088663756847381591796875000000000e-02
2.9456500219894890535421438926277915015816688537597656250000000000e-02
2.9457011253638448744496258768776897341012954711914062500000000000e-02
2.9457521996783621320847856850377866066992282867431640625000000000e-02
2.9458032449379771555708629193759406916797161102294921875000000000e-02
2.9458542611476463968234185131223057396709918975830078125000000000e-02
2.9459052483123200627534998830014956183731555938720703125000000000e-02
2.9459562064369462786039832735696109011769294738769531250000000000e-02
2.9460071355264558223829851613118080422282218933105468750000000000e-02
2.9460580355858197176832646846378338523209095001220703125000000000e-02
2.9461089066199524361122641380461573135107755661010742187500000000e-02
2.9461597486338000212446885939243657048791646957397460937500000000e-02
2.9462105616323171902726230086955183651298284530639648437500000000e-02
2.9462613456204298639784511237849073950201272964477539062500000000e-02
2.9463121006030906778860867234470788389444351196289062500000000000e-02
2.9463628265852311038930366748900269158184528350830078125000000000e-02
2.9464135235717732463900375705634360201656818389892578125000000000e-02
2.9464641915676798022971638602029997855424880981445312500000000000e-02
2.9465148305778784271202752620411047246307134628295898437500000000e-02
2.9465654406072776944069957494320988189429044723510742187500000000e-02
2.9466160216608361377410574277746491134166717529296875000000000000e-02
2.9466665737434963312502134158421540632843971252441406250000000000e-02
2.9467170968601671954267828823503805324435234069824218750000000000e-02
2.9467675910157739571637591780017828568816184997558593750000000000e-02
2.9468180562152626600358473751839483156800270080566406250000000000e-02
2.9468684924635502042633561359252780675888061523437500000000000000e-02
2.9469188997655739598036106485778873320668935775756835937500000000e-02
2.9469692781262591535496042638442304451018571853637695312500000000e-02
2.9470196275505254612792072066440596245229244232177734375000000000e-02
2.9470699480432960282172416555113159120082855224609375000000000000e-02
2.9471202396094960812567009611484536435455083847045898437500000000e-02
2.9471705022540546636822256232335348613560199737548828125000000000e-02
2.9472207359818865940459531316264474298804998397827148437500000000e-02
2.9472709407979098134022777344398491550236940383911132812500000000e-02
2.9473211167070474669760216102076810784637928009033203125000000000e-02
2.9473712637142268633283492818009108304977416992187500000000000000e-02
2.9474213818243451268319432756470632739365100860595703125000000000e-02
2.9474714710423323416055296775084570981562137603759765625000000000e-02
2.9475215313731092242610642983891011681407690048217773437500000000e-02
2.9475715628215850422355615023661812301725149154663085937500000000e-02
2.9476215653926701038001212396011396776884794235229492187500000000e-02
2.9476715390912663905531587715813657268881797790527343750000000000e-02
2.9477214839223137010648656541889067739248275756835937500000000000e-02
2.9477713998907063841503628509599366225302219390869140625000000000e-02
2.9478212870013439927951992558519123122096061706542968750000000000e-02
2.9478711452591479375007210705916804727166891098022460937500000000e-02
2.9479209746690354654319321525690611451864242553710937500000000000e-02
2.9479707752359089051319429586328624282032251358032226562500000000e-02
2.9480205469646580951348369126208126544952392578125000000000000000e-02
2.9480702898601850170390292760203010402619838714599609375000000000e-02
2.9481200039274277346912356279062805697321891784667968750000000000e-02
2.9481696891712670660634643127195886336266994476318359375000000000e-02
2.9482193455965980538602266847192368004471063613891601562500000000e-02
2.9482689732083334349654890615965996403247117996215820312500000000e-02
2.9483185720113734562541907280319719575345516204833984375000000000e-02
2.9483681420106180176565757733442296739667654037475585937500000000e-02
2.9484176832109430799189198069143458269536495208740234375000000000e-02
2.9484671956172880946667191892629489302635192871093750000000000000e-02
2.9485166792345238184758215993497287854552268981933593750000000000e-02
2.9485661340675411307143960470966703724116086959838867187500000000e-02
2.9486155601212309107506115424257586710155010223388671875000000000e-02
2.9486649574005055485237392076669493690133094787597656250000000000e-02
2.9487143259102632092405471553320239763706922531127929687500000000e-02
2.9487636656553600777996848592010792344808578491210937500000000000e-02
2.9488129766407231158176216467836638912558555603027343750000000000e-02
2.9488622588712272432065475413764943368732929229736328125000000000e-02
2.9489115123517484207127381523605436086654663085937500000000000000e-02
2.9489607370871914054921703041145519819110631942749023437500000000e-02
2.9490099330824394441297187086092890240252017974853515625000000000e-02
2.9490591003423875793298947201037663035094738006591796875000000000e-02
2.9491082388719093432261075804490246810019016265869140625000000000e-02
2.9491573486758695943343866474606329575181007385253906250000000000e-02
2.9492064297591796817599174573842901736497879028320312500000000000e-02
2.9492554821267183418065371824923204258084297180175781250000000000e-02
2.9493045057833611882758262368042778689414262771606445312500000000e-02
2.9493535007339963249783920673507964238524436950683593750000000000e-02
2.9494024669834861818173976644175127148628234863281250000000000000e-02
2.9494514045367202503822312564807361923158168792724609375000000000e-02
2.9495003133985606136313606384646845981478691101074218750000000000e-02
2.9495491935739057837162491182425583247095346450805664062500000000e-02
2.9495980450676320683278675005567492917180061340332031250000000000e-02
2.9496468678845928768073036962960031814873218536376953125000000000e-02
2.9496956620296794354674219107437238562852144241333007812500000000e-02
2.9497444275077513986538235712941968813538551330566406250000000000e-02
2.9497931643236809107211371383527875877916812896728515625000000000e-02
2.9498418724823435854709430259390501305460929870605468750000000000e-02
2.9498905519886119142025648898197687231004238128662109375000000000e-02
2.9499392028473570004365456043160520493984222412109375000000000000e-02
2.9499878250634378046290962060993479099124670028686523437500000000e-02
2.9500364186417122464023421457568474579602479934692382812500000000e-02
2.9500849835870680826221956749577657319605350494384765625000000000e-02
2.9501335199043715595834669329633470624685287475585937500000000000e-02
2.9501820275984518004985801553630153648555278778076171875000000000e-02
2.9502305066741937866758860309346346184611320495605468750000000000e-02
2.9502789571364863158153823974316765088587999343872070312500000000e-02
2.9503273789901463680651616527939040679484605789184570312500000000e-02
2.9503757722400450469457666713424259796738624572753906250000000000e-02
2.9504241368910569254246922810125397518277168273925781250000000000e-02
2.9504724729480340250642456112473155371844768524169921875000000000e-02
2.9505207804158255918691722285984724294394254684448242187500000000e-02
2.9505690592992933618532447326288092881441116333007812500000000000e-02
2.9506173096033063568688348254909215029329061508178710937500000000e-02
2.9506655313326881490132436169915308710187673568725585937500000000e-02
2.9507137244922973517979869484406663104891777038574218750000000000e-02
2.9507618890870258854253194158445694483816623687744140625000000000e-02
2.9508100251216917708774190032272599637508392333984375000000000000e-02
2.9508581326011369683204321745506604202091693878173828125000000000e-02
2.9509062115302242546022171154618263244628906250000000000000000000e-02
2.9509542619138129371236800579936243593692779541015625000000000000e-02
2.9510022837567439352168818800237204413861036300659179687500000000e-02
2.9510502770638463720942468171415384858846664428710937500000000000e-02
2.9510982418399882287740609854154172353446483612060546875000000000e-02
2.9511461780900132001459468256143736653029918670654296875000000000e-02
2.9511940858187542258139757223034393973648548126220703125000000000e-02
2.9512419650310438984375238646862271707504987716674804687500000000e-02
2.9512898157317484643114013920239813160151243209838867187500000000e-02
2.9513376379257091897123643775557866320013999938964843750000000000e-02
2.9513854316177524222952754939797159750014543533325195312500000000e-02
2.9514331968127041627703022186324233189225196838378906250000000000e-02
2.9514809335154327391004258629436662886291742324829101562500000000e-02
2.9515286417307724786684985929241520352661609649658203125000000000e-02
2.9515763214635226674431578430812805891036987304687500000000000000e-02
2.9516239727185585722812888320731872227042913436889648437500000000e-02
2.9516715955007079286165350140436203218996524810791015625000000000e-02
2.9517191898147911860439407405465317424386739730834960937500000000e-02
2.9517667556656412841675773961469531059265136718750000000000000000e-02
2.9518142930581026117664578123367391526699066162109375000000000000e-02
2.9518618019969945776015407545855850912630558013916015625000000000e-02
2.9519092824871591418389726868554134853184223175048828125000000000e-02
2.9519567345334080804564180766647041309624910354614257812500000000e-02
2.9520041581405760677814242853855830617249011993408203125000000000e-02
2.9520515533134946556392819161374063696712255477905273437500000000e-02
2.9520989200569829058462545390284503810107707977294921875000000000e-02
2.9521462583758796560662318597678677178919315338134765625000000000e-02
2.9521935682749966822768783458741381764411926269531250000000000000e-02
2.9522408497591558218520191303468891419470310211181640625000000000e-02
2.9522881028331761366079177832943969406187534332275390625000000000e-02
2.9523353275018923008721216660887876059859991073608398437500000000e-02
2.9523825237701174784010760276942164637148380279541015625000000000e-02
2.9524296916426696901769588521347031928598880767822265625000000000e-02
2.9524768311243634877349961698200786486268043518066406250000000000e-02
2.9525239422200255656747458488098345696926116943359375000000000000e-02
2.9525710249344729041443002870437339879572391510009765625000000000e-02
2.9526180792725086055039440680047846399247646331787109375000000000e-02
2.9526651052389531193487215432469383813440799713134765625000000000e-02
2.9527121028386338341675809715525247156620025634765625000000000000e-02
2.9527590720763399745329991219477960839867591857910156250000000000e-02
2.9528060129568885205930683923725155182182788848876953125000000000e-02
2.9528529254851075547261274323318502865731716156005859375000000000e-02
2.9528998096657942812326425041646871250122785568237304687500000000e-02
2.9529466655037597822008876846666680648922920227050781250000000000e-02
2.9529934930038026497101100176223553717136383056640625000000000000e-02
2.9530402921707464558576106128384708426892757415771484375000000000e-02
2.9530870630093908335567221001838333904743194580078125000000000000e-02
2.9531338055245270890480924208532087504863739013671875000000000000e-02
2.9531805197209846924888410057974397204816341400146484375000000000e-02
2.9532272056035504398385782565128465648740530014038085937500000000e-02
2.9532738631770246579000271935910859610885381698608398437500000000e-02
2.9533204924462191226508522845506377052515745162963867187500000000e-02
2.9533670934159272219998726427547808270901441574096679687500000000e-02
2.9534136660909579563671911728306440636515617370605468750000000000e-02
2.9534602104760970808783326901902910321950912475585937500000000000e-02
2.9535067265761355548292499406670685857534408569335937500000000000e-02
2.9535532143958976442066344247905362863093614578247070312500000000e-02
2.9535996739401632060761926368286367505788803100585937500000000000e-02
2.9536461052137155669505830246635014191269874572753906250000000000e-02
2.9536925082213755233695451352105010300874710083007812500000000000e-02
2.9537388829679177282283575323162949644029140472412109375000000000e-02
2.9537852294581272427631546406701090745627880096435546875000000000e-02
2.9538315476968161898962961231518420390784740447998046875000000000e-02
2.9538778376887599164124509343309910036623477935791015625000000000e-02
2.9539240994387455652159246710652951151132583618164062500000000000e-02
2.9539703329515727692200499632235732860863208770751953125000000000e-02
2.9540165382320300591079131891092401929199695587158203125000000000e-02
2.9540627152848913938854025218461174517869949340820312500000000000e-02
2.9541088641149494675719466840746463276445865631103515625000000000e-02
2.9541549847269851780673377561470260843634605407714843750000000000e-02
2.9542010771257856682758813349209958687424659729003906250000000000e-02
2.9542471413161366933231022358086192980408668518066406250000000000e-02
2.9542931773028056202656799200667592231184244155883789062500000000e-02
2.9543391850905875717359094778657890856266021728515625000000000000e-02
2.9543851646842630986888877941964892670512199401855468750000000000e-02
2.9544311160886044254070270653755869716405868530273437500000000000e-02
2.9544770393083879395090818320568359922617673873901367187500000000e-02
2.9545229343483969675077105421223677694797515869140625000000000000e-02
2.9545688012134040806300205872503283899277448654174804687500000000e-02
2.9546146399081828909372049452031205873936414718627929687500000000e-02
2.9546604504375101329927133519959170371294021606445312500000000000e-02
2.9547062328061618474706051529210526496171951293945312500000000000e-02
2.9547519870189067892063405906810658052563667297363281250000000000e-02
2.9547977130805119783119039311714004725217819213867187500000000000e-02
2.9548434109957624760234295990812825039029121398925781250000000000e-02
2.9548890807694183635589979530777782201766967773437500000000000000e-02
2.9549347224062400690813845471893728245049715042114257812500000000e-02
2.9549803359109998168730015777327935211360454559326171875000000000e-02
2.9550259212884774639995555389759829267859458923339843750000000000e-02
2.9550714785434320508450412035017507150769233703613281250000000000e-02
2.9551170076806201891805869763629743829369544982910156250000000000e-02
2.9551625087048095930075675141779356636106967926025390625000000000e-02
2.9552079816207735274424805993476184085011482238769531250000000000e-02
2.9552534264332651348095026833107112906873226165771484375000000000e-02
2.9552988431470368635434198267830652184784412384033203125000000000e-02
2.9553442317668682237652433286712039262056350708007812500000000000e-02
2.9553895922975075005734169053539517335593700408935546875000000000e-02
2.9554349247437137343519353294141183141618967056274414062500000000e-02
2.9554802291102452715954029827116755768656730651855468750000000000e-02
2.9555255054018601118537290517451765481382608413696289062500000000e-02
2.9555707536233107035616995972304721362888813018798828125000000000e-02
2.9556159737793557401586141963889531325548887252807617187500000000e-02
2.9556611658747462823004781284907949157059192657470703125000000000e-02
2.9557063299142382478690294078660372179001569747924804687500000000e-02
2.9557514659025799219627117508935043588280677795410156250000000000e-02
2.9557965738445216713481400461205339524894952774047851562500000000e-02
2.9558416537448204547411378939614223781973123550415039062500000000e-02
2.9558867056082169244568547128437785431742668151855468750000000000e-02
2.9559317294394635289300765634834533557295799255371093750000000000e-02
2.9559767252433075124251615761750144883990287780761718750000000000e-02
2.9560216930244929967042111229602596722543239593505859375000000000e-02
2.9560666327877696546444497016636887565255165100097656250000000000e-02
2.9561115445378805671738930982428428251296281814575195312500000000e-02
2.9561564282795646518842147543182363733649253845214843750000000000e-02
2.9562012840175719285973343630757881328463554382324218750000000000e-02
2.9562461117566402740708397800517559517174959182739257812500000000e-02
2.9562909115015079120070140561438165605068206787109375000000000000e-02
2.9563356832569213927808249309236998669803142547607421875000000000e-02
2.9563804270276151237029083063134748954325914382934570312500000000e-02
2.9564251428183252468073760610423050820827484130859375000000000000e-02
2.9564698306337913735752920274535426869988441467285156250000000000e-02
2.9565144904787551971558912100590532645583152770996093750000000000e-02
2.9565591223579452267999911896367848385125398635864257812500000000e-02
2.9566037262760927473159711098560364916920661926269531250000000000e-02
2.9566483022379377171295899984215793665498495101928710937500000000e-02
2.9566928502482138496620933665326447226107120513916015625000000000e-02
2.9567373703116493072196035996057617012411355972290039062500000000e-02
2.9567818624329708643294623016117839142680168151855468750000000000e-02
2.9568263266169174385833429141712258569896221160888671875000000000e-02
2.9568707628682099064487687201108201406896114349365234375000000000e-02
2.9569151711915812874575948399069602601230144500732421875000000000e-02
2.9569595515917541928008205331934732384979724884033203125000000000e-02
2.9570039040734602542315201390010770410299301147460937500000000000e-02
2.9570482286414200012725217447950853966176509857177734375000000000e-02
2.9570925253003560451148246102093253284692764282226562500000000000e-02
2.9571367940549975888986367067445826251059770584106445312500000000e-02
2.9571810349100644682573957311433332506567239761352539062500000000e-02
2.9572252478702761718798441847866342868655920028686523437500000000e-02
2.9572694329403542701228957412240561097860336303710937500000000000e-02
2.9573135901250227619563304415351012721657752990722656250000000000e-02
2.9573577194289935032855964891496114432811737060546875000000000000e-02
2.9574018208569870236335219715329003520309925079345703125000000000e-02
2.9574458944137196891865926318132551386952400207519531250000000000e-02
2.9574899478535005004076197110407520085573196411132812500000000000e-02
