2.2418065681067719796537573984096525236964225769042968750000000000e-01
1.9969726900394271784655586543522076681256294250488281250000000000e-01
1.8003676805048648978946346232987707480788230895996093750000000000e-01
1.6390184640798674542416790700372075662016868591308593750000000000e-01
1.5042220993923421934468365179782267659902572631835937500000000000e-01
1.3899223114920838950681059031921904534101486206054687500000000000e-01
1.2917744763159791365758621850545750930905342102050781250000000000e-01
1.2065808335267477757746235056401928886771202087402343750000000000e-01
1.1319354876337499316019119532938930206000804901123046875000000000e-01
1.0659935848073656683432375302800210192799568176269531250000000000e-01
1.0073167820113286541339192581290262751281261444091796875000000000e-01
9.5476712537833949290266843945573782548308372497558593750000000000e-02
9.0743252327703527448932163679273799061775207519531250000000000000e-02
8.6457335871159363138716003049921710044145584106445312500000000000e-02
8.2558356137543850716831173031096113845705986022949218750000000000e-02
7.8996176768756420916162142020766623318195343017578125000000000000e-02
7.5728964512887936288976220566837582737207412719726562500000000000e-02
7.2721538708194866096334862959338352084159851074218750000000000000e-02
6.9944099426218944715039071979845175519585609436035156250000000000e-02
6.7371236656557934030509215972415404394268989562988281250000000000e-02
6.4981150654874364480662052301340736448764801025390625000000000000e-02
6.2755032751310516059284339007717790082097053527832031250000000000e-02
6.0676569368592489506220033490535570308566093444824218750000000000e-02
5.8731541564982045477982808279193704947829246520996093750000000000e-02
5.6907499305487142804427236342235119082033634185791015625000000000e-02
5.5193494683067279016341899477993138134479522705078125000000000000e-02
5.3579862007465464679434319350548321381211280822753906250000000000e-02
5.2058035428935528488025852311693597584962844848632812500000000000e-02
5.0620396829347630296425109008850995451211929321289062500000000000e-02
4.9260148277967111263286881239764625206589698791503906250000000000e-02
4.7971204545005745323305035299199516884982585906982421875000000000e-02
4.6748102086910346686376982461297302506864070892333984375000000000e-02
4.5585921631809675491631139720993814989924430847167968750000000000e-02
4.4480222051790647974645054318898473866283893585205078125000000000e-02
4.3426983647680814093483547821961110457777976989746093750000000000e-02
4.2422559319523267529206123072071932256221771240234375000000000000e-02
4.1463632372535870473928554247322608716785907745361328125000000000e-02
4.0547179929867512016006259045752813108265399932861328125000000000e-02
3.9670441101782319415214317359641427174210548400878906250000000000e-02
3.8830889205162651134362050697745871730148792266845703125000000000e-02
3.8026207444533735579916822189261438325047492980957031250000000000e-02
3.7254267561647291806536941294325515627861022949218750000000000000e-02
3.6513111039298488946780452124585281126201152801513671875000000000e-02
3.5800932509843924611558918513765092939138412475585937500000000000e-02
3.5116065072500229904406410241790581494569778442382812500000000000e-02
3.4456967268045021746125655681680655106902122497558593750000000000e-02
3.3822211496691532983671635292921564541757106781005859375000000000e-02
3.3210473695955609885199777409070520661771297454833984375000000000e-02
3.2620524121450153454127018903818679973483085632324218750000000000e-02
3.2051219095525544655611582811616244725883007049560546875000000000e-02
3.1501493607252982476207847639670944772660732269287109375000000000e-02
3.0970354663003664408282844533459865488111972808837890625000000000e-02
3.0456875300276801260546122307459881994873285293579101562500000000e-02
2.9960189188858499936829460352782916743308305740356445312500000000e-02
2.9479485753164686584470999264340207446366548538208007812500000000e-02
2.9014005757994239254049517739986185915768146514892578125000000000e-02
2.8563037307129581637843429575696063693612813949584960937500000000e-02
2.8125912210433749727211960589556838385760784149169921875000000000e-02
2.7702002680443975346502583079200121574103832244873046875000000000e-02
2.7290718324117668736050745792454108595848083496093750000000000000e-02
2.6891503399418252573394028104303288273513317108154296875000000000e-02
2.6503834309932278179289255604089703410863876342773437500000000000e-02
2.6127217313761445099951075121680332813411951065063476562500000000e-02
2.5761186425614441414255750828488089609891176223754882812500000000e-02
2.5405301493354209840802582220931071788072586059570312500000000000e-02
2.5059146432306306229165215881948824971914291381835937500000000000e-02
2.4722327602436013072040310589727596379816532135009765625000000000e-02
2.4394472315084958502495737775461748242378234863281250000000000000e-02
2.4075227457362603777912823943552211858332157135009765625000000000e-02
2.3764258223514682366594996665298822335898876190185546875000000000e-02
2.3461246943686543675600120195667841471731662750244140625000000000e-02
2.3165892001468728345070502427915926091372966766357421875000000000e-02
2.2877906832474592668802415573736652731895446777343750000000000000e-02
2.2597018996955438308038566219693166203796863555908203125000000000e-02
2.2322969320144936400396318276762031018733978271484375000000000000e-02
2.2055511094635528446250560818953090347349643707275390625000000000e-02
2.1794409339624211396913011640208424068987369537353515625000000000e-02
2.1539440112352290640496121909563953522592782974243164062500000000e-02
2.1290389867497101772375600603481871075928211212158203125000000000e-02
2.1047054860669024700658980009393417276442050933837890625000000000e-02
2.0809240592507542710887236125927302055060863494873046875000000000e-02
2.0576761290187900454995428844995331019163131713867187500000000000e-02
2.0349439423437466062383194298490707296878099441528320312500000000e-02
2.0127105252408697411148352784948656335473060607910156250000000000e-02
1.9909596404989897411308419350461917929351329803466796875000000000e-02
1.9696757481341118506401599574928695801645517349243164062500000000e-02
1.9488439683630745524745009333855705335736274719238281250000000000e-02
1.9284500469121480803469381726245046593248844146728515625000000000e-02
1.9084803224902611301638799545798974577337503433227539062500000000e-02
1.8889216962709353547777979542843240778893232345581054687500000000e-02
1.8697616032399669988572910028779006097465753555297851562500000000e-02
1.8509879852768338498458788876632752362638711929321289062500000000e-02
1.8325892658486886421798089941148646175861358642578125000000000000e-02
1.8145543262054461552956752257159678265452384948730468750000000000e-02
1.7968724829731667208543299807388393674045801162719726562500000000e-02
1.7795334670505685153996111580454453360289335250854492187500000000e-02
1.7625274037213672917445705934369470924139022827148437500000000000e-02
1.7458447939013903293936635918726096861064434051513671875000000000e-02
1.7294764964455967143353021242546674329787492752075195312500000000e-02
1.7134137114459050549308827271488553378731012344360351562500000000e-02
1.6976479644554391679189819797102245502173900604248046875000000000e-02
1.6821710915801511149192393190787697676569223403930664062500000000e-02
1.6669752253823770515861468766161124221980571746826171875000000000e-02
1.6520527815452698550124921439419267699122428894042968750000000000e-02
1.6373964462507786810085974593675928190350532531738281250000000000e-02
1.6229991642268942059201819461122795473784208297729492187500000000e-02
1.6088541274230781785714583520530140958726406097412109375000000000e-02
1.5949547642757421622716762499294418375939130783081054687500000000e-02
1.5812947295283697607404249652063299436122179031372070312500000000e-02
1.5678678945728826560346291785208450164645910263061523437500000000e-02
1.5546683382814695251195047376313596032559871673583984375000000000e-02
1.5416903383001572327981598675705754430964589118957519531250000000e-02
1.5289283627771209014833964090485096676275134086608886718750000000e-02
1.5163770625006657566391510272296727634966373443603515625000000000e-02
1.5040312634232999577932332613272592425346374511718750000000000000e-02
1.4918859595500898185260751915848231874406337738037109375000000000e-02
1.4799363061707709529613019583393906941637396812438964843750000000e-02
1.4681776134161973745850815475932904519140720367431640625000000000e-02
1.4566053401212850082480088076408719643950462341308593750000000000e-02
1.4452150879776248793007198401028290390968322753906250000000000000e-02
1.4340025959597841459514100392880209255963563919067382812500000000e-02
1.4229637350105708154535122389461321290582418441772460937500000000e-02
1.4120945029712731605409103963211236987262964248657226562500000000e-02
1.4013910197438979310380346987585653550922870635986328125000000000e-02
1.3908495226730079041832510711174109019339084625244140625000000000e-02
1.3804663621356407302021018779214500682428479194641113281250000000e-02
1.3702379973284967151769819793116766959428787231445312500000000000e-02
1.3601609922421672646541956908095016842707991600036621093750000000e-02
1.3502320118127377618355566823993285652250051498413085937500000000e-02
1.3404478182417311343810339963056321721524000167846679687500000000e-02
1.3308052674759488637201698679746186826378107070922851562500000000e-02
1.3213013058390170317846212810763972811400890350341796875000000000e-02
1.3119329668071706349041782857511861948296427726745605468750000000e-02
1.3026973679220897259223299613495328230783343315124511718750000000e-02
1.2935917078340419122950422092799271922558546066284179687500000000e-02
1.2846132634689482951428907142599200597032904624938964843750000000e-02
1.2757593873133474607350912322090152883902192115783691406250000000e-02
1.2670275048116274793641444773584225913509726524353027343750000000e-02
1.2584151118700818289264375948732777033001184463500976562500000000e-02
1.2499197724627294017740730680543492780998349189758300781250000000e-02
1.2415391163341005231757208093767985701560974121093750000000000000e-02
1.2332708367944554550543756477054557763040065765380859375000000000e-02
1.2251126886030827903284468050060240784659981727600097656250000000e-02
1.2170624859356089439432757615122682182118296623229980468750000000e-02
1.2091181004314902058816016960918204858899116516113281250000000000e-02
1.2012774593179908338980155235731217544525861740112304687500000000e-02
1.1935385436071713205485878006584243848919868469238281250000000000e-02
1.1858993863625997070010420486596558475866913795471191406250000000e-02
1.1783580710326802681864322153160173911601305007934570312500000000e-02
1.1709127298475997119853175831849512178450822830200195312500000000e-02
1.1635615422770946916775081092509935842826962471008300781250000000e-02
1.1563027335463538919357873169246886391192674636840820312500000000e-02
1.1491345732075350025147564281269296770915389060974121093750000000e-02
1.1420553737644558237041003678768902318552136421203613281250000000e-02
1.1350634893481746992560665887594950618222355842590332031250000000e-02
1.1287880226154067830890426193946041166782379150390625000000000000e-02
1.1287880226154067830890426193946041166782379150390625000000000000e-02
1.1287880226154067830890426193946041166782379150390625000000000000e-02
1.1287880226154067830890426193946041166782379150390625000000000000e-02
1.1287880226154067830890426193946041166782379150390625000000000000e-02
1.1287880226154067830890426193946041166782379150390625000000000000e-02
1.1287880226154067830890426193946041166782379150390625000000000000e-02
1.1287880226154067830890426193946041166782379150390625000000000000e-02
1.1287880226154067830890426193946041166782379150390625000000000000e-02
1.1287880226154067830890426193946041166782379150390625000000000000e-02
1.1287880226154067830890426193946041166782379150390625000000000000e-02
1.1287880226154067830890426193946041166782379150390625000000000000e-02
1.1287880226154067830890426193946041166782379150390625000000000000e-02
1.1287880226154067830890426193946041166782379150390625000000000000e-02
1.1287880226154067830890426193946041166782379150390625000000000000e-02
1.1287880226154067830890426193946041166782379150390625000000000000e-02
1.1287880226154067830890426193946041166782379150390625000000000000e-02
1.1287880226154067830890426193946041166782379150390625000000000000e-02
1.1287880226154067830890426193946041166782379150390625000000000000e-02
1.1287880226154067830890426193946041166782379150390625000000000000e-02
1.1287880226154067830890426193946041166782379150390625000000000000e-02
1.1287880226154067830890426193946041166782379150390625000000000000e-02
1.1287880226154067830890426193946041166782379150390625000000000000e-02
1.1287880226154067830890426193946041166782379150390625000000000000e-02
1.1287880226154067830890426193946041166782379150390625000000000000e-02
1.1287880226154067830890426193946041166782379150390625000000000000e-02
1.1287880226154067830890426193946041166782379150390625000000000000e-02
1.1287880226154067830890426193946041166782379150390625000000000000e-02
1.1287880226154067830890426193946041166782379150390625000000000000e-02
1.1287880226154067830890426193946041166782379150390625000000000000e-02
1.1287880226154067830890426193946041166782379150390625000000000000e-02
1.1287880226154067830890426193946041166782379150390625000000000000e-02
1.1287880226154067830890426193946041166782379150390625000000000000e-02
1.1287880226154067830890426193946041166782379150390625000000000000e-02
1.1287880226154067830890426193946041166782379150390625000000000000e-02
1.1287880226154067830890426193946041166782379150390625000000000000e-02
1.1287880226154067830890426193946041166782379150390625000000000000e-02
1.1287880226154067830890426193946041166782379150390625000000000000e-02
1.1287880226154067830890426193946041166782379150390625000000000000e-02
1.1287880226154067830890426193946041166782379150390625000000000000e-02
1.1287880226154067830890426193946041166782379150390625000000000000e-02
1.1287880226154067830890426193946041166782379150390625000000000000e-02
1.1287880226154067830890426193946041166782379150390625000000000000e-02
1.1287880226154067830890426193946041166782379150390625000000000000e-02
1.1287880226154067830890426193946041166782379150390625000000000000e-02
1.1287880226154067830890426193946041166782379150390625000000000000e-02
1.1287880226154067830890426193946041166782379150390625000000000000e-02
1.1287880226154067830890426193946041166782379150390625000000000000e-02
1.1287880226154067830890426193946041166782379150390625000000000000e-02
1.1287880226154067830890426193946041166782379150390625000000000000e-02
1.1287880226154067830890426193946041166782379150390625000000000000e-02
1.1287880226154067830890426193946041166782379150390625000000000000e-02
1.1287880226154067830890426193946041166782379150390625000000000000e-02
1.1287880226154067830890426193946041166782379150390625000000000000e-02
1.1287880226154067830890426193946041166782379150390625000000000000e-02
1.1287880226154067830890426193946041166782379150390625000000000000e-02
1.1287880226154067830890426193946041166782379150390625000000000000e-02
1.1287880226154067830890426193946041166782379150390625000000000000e-02
1.1287880226154067830890426193946041166782379150390625000000000000e-02
1.1287880226154067830890426193946041166782379150390625000000000000e-02
1.1287880226154067830890426193946041166782379150390625000000000000e-02
1.1287880226154067830890426193946041166782379150390625000000000000e-02
1.1287880226154067830890426193946041166782379150390625000000000000e-02
1.1287880226154067830890426193946041166782379150390625000000000000e-02
1.1287880226154067830890426193946041166782379150390625000000000000e-02
1.1287880226154067830890426193946041166782379150390625000000000000e-02
1.1287880226154067830890426193946041166782379150390625000000000000e-02
1.1287880226154067830890426193946041166782379150390625000000000000e-02
1.1287880226154067830890426193946041166782379150390625000000000000e-02
1.1287880226154067830890426193946041166782379150390625000000000000e-02
1.1287880226154067830890426193946041166782379150390625000000000000e-02
1.1287880226154067830890426193946041166782379150390625000000000000e-02
1.1287880226154067830890426193946041166782379150390625000000000000e-02
1.1287880226154067830890426193946041166782379150390625000000000000e-02
1.1287880226154067830890426193946041166782379150390625000000000000e-02
1.1287880226154067830890426193946041166782379150390625000000000000e-02
1.1287880226154067830890426193946041166782379150390625000000000000e-02
1.1287880226154067830890426193946041166782379150390625000000000000e-02
1.1287880226154067830890426193946041166782379150390625000000000000e-02
1.1287880226154067830890426193946041166782379150390625000000000000e-02
1.1287880226154067830890426193946041166782379150390625000000000000e-02
1.1287880226154067830890426193946041166782379150390625000000000000e-02
1.1287880226154067830890426193946041166782379150390625000000000000e-02
1.1287880226154067830890426193946041166782379150390625000000000000e-02
1.1287880226154067830890426193946041166782379150390625000000000000e-02
1.1287880226154067830890426193946041166782379150390625000000000000e-02
1.1287880226154067830890426193946041166782379150390625000000000000e-02
1.1287880226154067830890426193946041166782379150390625000000000000e-02
1.1287880226154067830890426193946041166782379150390625000000000000e-02
1.1287880226154067830890426193946041166782379150390625000000000000e-02
1.1287880226154067830890426193946041166782379150390625000000000000e-02
1.1287880226154067830890426193946041166782379150390625000000000000e-02
1.1287880226154067830890426193946041166782379150390625000000000000e-02
1.1287880226154067830890426193946041166782379150390625000000000000e-02
1.1287880226154067830890426193946041166782379150390625000000000000e-02
1.1287880226154067830890426193946041166782379150390625000000000000e-02
1.1287880226154067830890426193946041166782379150390625000000000000e-02
1.1287880226154067830890426193946041166782379150390625000000000000e-02
1.1287880226154067830890426193946041166782379150390625000000000000e-02
1.1287880226154067830890426193946041166782379150390625000000000000e-02
1.1287880226154067830890426193946041166782379150390625000000000000e-02
1.1287880226154067830890426193946041166782379150390625000000000000e-02
1.1287880226154067830890426193946041166782379150390625000000000000e-02
1.1287880226154067830890426193946041166782379150390625000000000000e-02
1.1287880226154067830890426193946041166782379150390625000000000000e-02
1.1287880226154067830890426193946041166782379150390625000000000000e-02
1.1287880226154067830890426193946041166782379150390625000000000000e-02
1.1287880226154067830890426193946041166782379150390625000000000000e-02
1.1287880226154067830890426193946041166782379150390625000000000000e-02
1.1287880226154067830890426193946041166782379150390625000000000000e-02
1.1287880226154067830890426193946041166782379150390625000000000000e-02
1.1287880226154067830890426193946041166782379150390625000000000000e-02
1.1287880226154067830890426193946041166782379150390625000000000000e-02
1.1287880226154067830890426193946041166782379150390625000000000000e-02
1.1287880226154067830890426193946041166782379150390625000000000000e-02
1.1287880226154067830890426193946041166782379150390625000000000000e-02
1.1287880226154067830890426193946041166782379150390625000000000000e-02
1.1287880226154067830890426193946041166782379150390625000000000000e-02
1.1287880226154067830890426193946041166782379150390625000000000000e-02
1.1287880226154067830890426193946041166782379150390625000000000000e-02
1.1287880226154067830890426193946041166782379150390625000000000000e-02
1.1287880226154067830890426193946041166782379150390625000000000000e-02
1.1287880226154067830890426193946041166782379150390625000000000000e-02
1.1287880226154067830890426193946041166782379150390625000000000000e-02
1.1287880226154067830890426193946041166782379150390625000000000000e-02
1.1287880226154067830890426193946041166782379150390625000000000000e-02
1.1287880226154067830890426193946041166782379150390625000000000000e-02
1.1287880226154067830890426193946041166782379150390625000000000000e-02
1.1287880226154067830890426193946041166782379150390625000000000000e-02
1.1287880226154067830890426193946041166782379150390625000000000000e-02
1.1287880226154067830890426193946041166782379150390625000000000000e-02
1.1287880226154067830890426193946041166782379150390625000000000000e-02
1.1287880226154067830890426193946041166782379150390625000000000000e-02
1.1287880226154067830890426193946041166782379150390625000000000000e-02
1.1287880226154067830890426193946041166782379150390625000000000000e-02
1.1287880226154067830890426193946041166782379150390625000000000000e-02
1.1287880226154067830890426193946041166782379150390625000000000000e-02
1.1287880226154067830890426193946041166782379150390625000000000000e-02
1.1287880226154067830890426193946041166782379150390625000000000000e-02
1.1287880226154067830890426193946041166782379150390625000000000000e-02
1.1287880226154067830890426193946041166782379150390625000000000000e-02
1.1287880226154067830890426193946041166782379150390625000000000000e-02
1.1287880226154067830890426193946041166782379150390625000000000000e-02
1.1287880226154067830890426193946041166782379150390625000000000000e-02
1.1287880226154067830890426193946041166782379150390625000000000000e-02
1.1287880226154067830890426193946041166782379150390625000000000000e-02
1.1287880226154067830890426193946041166782379150390625000000000000e-02
1.1287880226154067830890426193946041166782379150390625000000000000e-02
1.1287880226154067830890426193946041166782379150390625000000000000e-02
1.1287880226154067830890426193946041166782379150390625000000000000e-02
1.1287880226154067830890426193946041166782379150390625000000000000e-02
1.1287880226154067830890426193946041166782379150390625000000000000e-02
1.1287880226154067830890426193946041166782379150390625000000000000e-02
1.1287880226154067830890426193946041166782379150390625000000000000e-02
1.1287880226154067830890426193946041166782379150390625000000000000e-02
1.1287880226154067830890426193946041166782379150390625000000000000e-02
1.1287880226154067830890426193946041166782379150390625000000000000e-02
1.1287880226154067830890426193946041166782379150390625000000000000e-02
1.1287880226154067830890426193946041166782379150390625000000000000e-02
1.1287880226154067830890426193946041166782379150390625000000000000e-02
1.1287880226154067830890426193946041166782379150390625000000000000e-02
1.1287880226154067830890426193946041166782379150390625000000000000e-02
1.1287880226154067830890426193946041166782379150390625000000000000e-02
1.1287880226154067830890426193946041166782379150390625000000000000e-02
1.1287880226154067830890426193946041166782379150390625000000000000e-02
1.1287880226154067830890426193946041166782379150390625000000000000e-02
1.1287880226154067830890426193946041166782379150390625000000000000e-02
1.1287880226154067830890426193946041166782379150390625000000000000e-02
1.1287880226154067830890426193946041166782379150390625000000000000e-02
1.1287880226154067830890426193946041166782379150390625000000000000e-02
1.1287880226154067830890426193946041166782379150390625000000000000e-02
1.1287880226154067830890426193946041166782379150390625000000000000e-02
1.1287880226154067830890426193946041166782379150390625000000000000e-02
1.1287880226154067830890426193946041166782379150390625000000000000e-02
1.1287880226154067830890426193946041166782379150390625000000000000e-02
1.1287880226154067830890426193946041166782379150390625000000000000e-02
1.1287880226154067830890426193946041166782379150390625000000000000e-02
1.1287880226154067830890426193946041166782379150390625000000000000e-02
1.1287880226154067830890426193946041166782379150390625000000000000e-02
1.1287880226154067830890426193946041166782379150390625000000000000e-02
1.1287880226154067830890426193946041166782379150390625000000000000e-02
1.1287880226154067830890426193946041166782379150390625000000000000e-02
1.1287880226154067830890426193946041166782379150390625000000000000e-02
1.1287880226154067830890426193946041166782379150390625000000000000e-02
1.1287880226154067830890426193946041166782379150390625000000000000e-02
1.1287880226154067830890426193946041166782379150390625000000000000e-02
1.1287880226154067830890426193946041166782379150390625000000000000e-02
1.1287880226154067830890426193946041166782379150390625000000000000e-02
1.1287880226154067830890426193946041166782379150390625000000000000e-02
1.1287880226154067830890426193946041166782379150390625000000000000e-02
1.1287880226154067830890426193946041166782379150390625000000000000e-02
1.1287880226154067830890426193946041166782379150390625000000000000e-02
1.1287880226154067830890426193946041166782379150390625000000000000e-02
1.1287880226154067830890426193946041166782379150390625000000000000e-02
1.1287880226154067830890426193946041166782379150390625000000000000e-02
1.1287880226154067830890426193946041166782379150390625000000000000e-02
1.1287880226154067830890426193946041166782379150390625000000000000e-02
1.1287880226154067830890426193946041166782379150390625000000000000e-02
1.1287880226154067830890426193946041166782379150390625000000000000e-02
1.1287880226154067830890426193946041166782379150390625000000000000e-02
1.1287880226154067830890426193946041166782379150390625000000000000e-02
1.1287880226154067830890426193946041166782379150390625000000000000e-02
1.1287880226154067830890426193946041166782379150390625000000000000e-02
1.1287880226154067830890426193946041166782379150390625000000000000e-02
1.1287880226154067830890426193946041166782379150390625000000000000e-02
1.1287880226154067830890426193946041166782379150390625000000000000e-02
1.1287880226154067830890426193946041166782379150390625000000000000e-02
1.1287880226154067830890426193946041166782379150390625000000000000e-02
1.1287880226154067830890426193946041166782379150390625000000000000e-02
1.1287880226154067830890426193946041166782379150390625000000000000e-02
1.1287880226154067830890426193946041166782379150390625000000000000e-02
1.1287880226154067830890426193946041166782379150390625000000000000e-02
1.1287880226154067830890426193946041166782379150390625000000000000e-02
1.1287880226154067830890426193946041166782379150390625000000000000e-02
1.1287880226154067830890426193946041166782379150390625000000000000e-02
1.1287880226154067830890426193946041166782379150390625000000000000e-02
1.1287880226154067830890426193946041166782379150390625000000000000e-02
1.1287880226154067830890426193946041166782379150390625000000000000e-02
1.1287880226154067830890426193946041166782379150390625000000000000e-02
1.1287880226154067830890426193946041166782379150390625000000000000e-02
1.1287880226154067830890426193946041166782379150390625000000000000e-02
1.1287880226154067830890426193946041166782379150390625000000000000e-02
1.1287880226154067830890426193946041166782379150390625000000000000e-02
1.1287880226154067830890426193946041166782379150390625000000000000e-02
1.1287880226154067830890426193946041166782379150390625000000000000e-02
1.1287880226154067830890426193946041166782379150390625000000000000e-02
1.1287880226154067830890426193946041166782379150390625000000000000e-02
1.1287880226154067830890426193946041166782379150390625000000000000e-02
1.1287880226154067830890426193946041166782379150390625000000000000e-02
1.1287880226154067830890426193946041166782379150390625000000000000e-02
1.1287880226154067830890426193946041166782379150390625000000000000e-02
1.1287880226154067830890426193946041166782379150390625000000000000e-02
1.1287880226154067830890426193946041166782379150390625000000000000e-02
1.1287880226154067830890426193946041166782379150390625000000000000e-02
1.1287880226154067830890426193946041166782379150390625000000000000e-02
1.1287880226154067830890426193946041166782379150390625000000000000e-02
1.1287880226154067830890426193946041166782379150390625000000000000e-02
1.1287880226154067830890426193946041166782379150390625000000000000e-02
1.1287880226154067830890426193946041166782379150390625000000000000e-02
1.1287880226154067830890426193946041166782379150390625000000000000e-02
1.1287880226154067830890426193946041166782379150390625000000000000e-02
1.1287880226154067830890426193946041166782379150390625000000000000e-02
1.1287880226154067830890426193946041166782379150390625000000000000e-02
1.1287880226154067830890426193946041166782379150390625000000000000e-02
1.1287880226154067830890426193946041166782379150390625000000000000e-02
1.1287880226154067830890426193946041166782379150390625000000000000e-02
1.1287880226154067830890426193946041166782379150390625000000000000e-02
1.1287880226154067830890426193946041166782379150390625000000000000e-02
1.1287880226154067830890426193946041166782379150390625000000000000e-02
1.1287880226154067830890426193946041166782379150390625000000000000e-02
1.1287880226154067830890426193946041166782379150390625000000000000e-02
1.1287880226154067830890426193946041166782379150390625000000000000e-02
1.1287880226154067830890426193946041166782379150390625000000000000e-02
1.1287880226154067830890426193946041166782379150390625000000000000e-02
1.1287880226154067830890426193946041166782379150390625000000000000e-02
1.1287880226154067830890426193946041166782379150390625000000000000e-02
1.1287880226154067830890426193946041166782379150390625000000000000e-02
1.1287880226154067830890426193946041166782379150390625000000000000e-02
1.1287880226154067830890426193946041166782379150390625000000000000e-02
1.1287880226154067830890426193946041166782379150390625000000000000e-02
1.1287880226154067830890426193946041166782379150390625000000000000e-02
1.1287880226154067830890426193946041166782379150390625000000000000e-02
1.1287880226154067830890426193946041166782379150390625000000000000e-02
1.1287880226154067830890426193946041166782379150390625000000000000e-02
1.1287880226154067830890426193946041166782379150390625000000000000e-02
1.1287880226154067830890426193946041166782379150390625000000000000e-02
1.1287880226154067830890426193946041166782379150390625000000000000e-02
1.1287880226154067830890426193946041166782379150390625000000000000e-02
1.1287880226154067830890426193946041166782379150390625000000000000e-02
1.1287880226154067830890426193946041166782379150390625000000000000e-02
1.1287880226154067830890426193946041166782379150390625000000000000e-02
1.1287880226154067830890426193946041166782379150390625000000000000e-02
1.1287880226154067830890426193946041166782379150390625000000000000e-02
1.1287880226154067830890426193946041166782379150390625000000000000e-02
1.1287880226154067830890426193946041166782379150390625000000000000e-02
1.1287880226154067830890426193946041166782379150390625000000000000e-02
1.1287880226154067830890426193946041166782379150390625000000000000e-02
1.1287880226154067830890426193946041166782379150390625000000000000e-02
1.1287880226154067830890426193946041166782379150390625000000000000e-02
1.1287880226154067830890426193946041166782379150390625000000000000e-02
1.1287880226154067830890426193946041166782379150390625000000000000e-02
1.1287880226154067830890426193946041166782379150390625000000000000e-02
1.1287880226154067830890426193946041166782379150390625000000000000e-02
1.1287880226154067830890426193946041166782379150390625000000000000e-02
1.1287880226154067830890426193946041166782379150390625000000000000e-02
1.1287880226154067830890426193946041166782379150390625000000000000e-02
1.1287880226154067830890426193946041166782379150390625000000000000e-02
1.1287880226154067830890426193946041166782379150390625000000000000e-02
1.1287880226154067830890426193946041166782379150390625000000000000e-02
1.1287880226154067830890426193946041166782379150390625000000000000e-02
1.1287880226154067830890426193946041166782379150390625000000000000e-02
1.1287880226154067830890426193946041166782379150390625000000000000e-02
1.1287880226154067830890426193946041166782379150390625000000000000e-02
1.1287880226154067830890426193946041166782379150390625000000000000e-02
1.1287880226154067830890426193946041166782379150390625000000000000e-02
1.1287880226154067830890426193946041166782379150390625000000000000e-02
1.1287880226154067830890426193946041166782379150390625000000000000e-02
1.1287880226154067830890426193946041166782379150390625000000000000e-02
1.1287880226154067830890426193946041166782379150390625000000000000e-02
1.1287880226154067830890426193946041166782379150390625000000000000e-02
1.1287880226154067830890426193946041166782379150390625000000000000e-02
1.1287880226154067830890426193946041166782379150390625000000000000e-02
1.1287880226154067830890426193946041166782379150390625000000000000e-02
1.1287880226154067830890426193946041166782379150390625000000000000e-02
1.1287880226154067830890426193946041166782379150390625000000000000e-02
1.1287880226154067830890426193946041166782379150390625000000000000e-02
1.1287880226154067830890426193946041166782379150390625000000000000e-02
1.1287880226154067830890426193946041166782379150390625000000000000e-02
1.1287880226154067830890426193946041166782379150390625000000000000e-02
1.1287880226154067830890426193946041166782379150390625000000000000e-02
1.1287880226154067830890426193946041166782379150390625000000000000e-02
1.1287880226154067830890426193946041166782379150390625000000000000e-02
1.1287880226154067830890426193946041166782379150390625000000000000e-02
1.1287880226154067830890426193946041166782379150390625000000000000e-02
1.1287880226154067830890426193946041166782379150390625000000000000e-02
1.1287880226154067830890426193946041166782379150390625000000000000e-02
1.1287880226154067830890426193946041166782379150390625000000000000e-02
1.1287880226154067830890426193946041166782379150390625000000000000e-02
1.1287880226154067830890426193946041166782379150390625000000000000e-02
1.1287880226154067830890426193946041166782379150390625000000000000e-02
1.1287880226154067830890426193946041166782379150390625000000000000e-02
1.1287880226154067830890426193946041166782379150390625000000000000e-02
1.1287880226154067830890426193946041166782379150390625000000000000e-02
1.1287880226154067830890426193946041166782379150390625000000000000e-02
1.1287880226154067830890426193946041166782379150390625000000000000e-02
1.1287880226154067830890426193946041166782379150390625000000000000e-02
1.1287880226154067830890426193946041166782379150390625000000000000e-02
1.1287880226154067830890426193946041166782379150390625000000000000e-02
1.1287880226154067830890426193946041166782379150390625000000000000e-02
1.1287880226154067830890426193946041166782379150390625000000000000e-02
1.1287880226154067830890426193946041166782379150390625000000000000e-02
1.1287880226154067830890426193946041166782379150390625000000000000e-02
1.1287880226154067830890426193946041166782379150390625000000000000e-02
1.1287880226154067830890426193946041166782379150390625000000000000e-02
1.1287880226154067830890426193946041166782379150390625000000000000e-02
1.1287880226154067830890426193946041166782379150390625000000000000e-02
1.1287880226154067830890426193946041166782379150390625000000000000e-02
1.1287880226154067830890426193946041166782379150390625000000000000e-02
1.1287880226154067830890426193946041166782379150390625000000000000e-02
1.1287880226154067830890426193946041166782379150390625000000000000e-02
1.1287880226154067830890426193946041166782379150390625000000000000e-02
1.1287880226154067830890426193946041166782379150390625000000000000e-02
1.1287880226154067830890426193946041166782379150390625000000000000e-02
1.1287880226154067830890426193946041166782379150390625000000000000e-02
1.1287880226154067830890426193946041166782379150390625000000000000e-02
1.1287880226154067830890426193946041166782379150390625000000000000e-02
1.1287880226154067830890426193946041166782379150390625000000000000e-02
1.1287880226154067830890426193946041166782379150390625000000000000e-02
1.1287880226154067830890426193946041166782379150390625000000000000e-02
1.1287880226154067830890426193946041166782379150390625000000000000e-02
1.1287880226154067830890426193946041166782379150390625000000000000e-02
1.1287880226154067830890426193946041166782379150390625000000000000e-02
1.1287880226154067830890426193946041166782379150390625000000000000e-02
1.1287880226154067830890426193946041166782379150390625000000000000e-02
1.1287880226154067830890426193946041166782379150390625000000000000e-02
1.1287880226154067830890426193946041166782379150390625000000000000e-02
1.1287880226154067830890426193946041166782379150390625000000000000e-02
1.1287880226154067830890426193946041166782379150390625000000000000e-02
1.1287880226154067830890426193946041166782379150390625000000000000e-02
1.1287880226154067830890426193946041166782379150390625000000000000e-02
1.1287880226154067830890426193946041166782379150390625000000000000e-02
1.1287880226154067830890426193946041166782379150390625000000000000e-02
1.1287880226154067830890426193946041166782379150390625000000000000e-02
1.1287880226154067830890426193946041166782379150390625000000000000e-02
1.1287880226154067830890426193946041166782379150390625000000000000e-02
1.1287880226154067830890426193946041166782379150390625000000000000e-02
1.1287880226154067830890426193946041166782379150390625000000000000e-02
1.1287880226154067830890426193946041166782379150390625000000000000e-02
1.1287880226154067830890426193946041166782379150390625000000000000e-02
1.1287880226154067830890426193946041166782379150390625000000000000e-02
1.1287880226154067830890426193946041166782379150390625000000000000e-02
1.1287880226154067830890426193946041166782379150390625000000000000e-02
1.1287880226154067830890426193946041166782379150390625000000000000e-02
1.1287880226154067830890426193946041166782379150390625000000000000e-02
1.1287880226154067830890426193946041166782379150390625000000000000e-02
1.1287880226154067830890426193946041166782379150390625000000000000e-02
1.1287880226154067830890426193946041166782379150390625000000000000e-02
1.1287880226154067830890426193946041166782379150390625000000000000e-02
1.1287880226154067830890426193946041166782379150390625000000000000e-02
1.1287880226154067830890426193946041166782379150390625000000000000e-02
1.1287880226154067830890426193946041166782379150390625000000000000e-02
1.1287880226154067830890426193946041166782379150390625000000000000e-02
1.1287880226154067830890426193946041166782379150390625000000000000e-02
1.1287880226154067830890426193946041166782379150390625000000000000e-02
1.1287880226154067830890426193946041166782379150390625000000000000e-02
1.1287880226154067830890426193946041166782379150390625000000000000e-02
1.1287880226154067830890426193946041166782379150390625000000000000e-02
1.1287880226154067830890426193946041166782379150390625000000000000e-02
1.1287880226154067830890426193946041166782379150390625000000000000e-02
1.1287880226154067830890426193946041166782379150390625000000000000e-02
1.1287880226154067830890426193946041166782379150390625000000000000e-02
1.1287880226154067830890426193946041166782379150390625000000000000e-02
1.1287880226154067830890426193946041166782379150390625000000000000e-02
1.1287880226154067830890426193946041166782379150390625000000000000e-02
1.1287880226154067830890426193946041166782379150390625000000000000e-02
1.1287880226154067830890426193946041166782379150390625000000000000e-02
1.1287880226154067830890426193946041166782379150390625000000000000e-02
1.1287880226154067830890426193946041166782379150390625000000000000e-02
1.1287880226154067830890426193946041166782379150390625000000000000e-02
1.1287880226154067830890426193946041166782379150390625000000000000e-02
1.1287880226154067830890426193946041166782379150390625000000000000e-02
1.1287880226154067830890426193946041166782379150390625000000000000e-02
1.1287880226154067830890426193946041166782379150390625000000000000e-02
1.1287880226154067830890426193946041166782379150390625000000000000e-02
1.1287880226154067830890426193946041166782379150390625000000000000e-02
1.1287880226154067830890426193946041166782379150390625000000000000e-02
1.1287880226154067830890426193946041166782379150390625000000000000e-02
1.1287880226154067830890426193946041166782379150390625000000000000e-02
1.1287880226154067830890426193946041166782379150390625000000000000e-02
1.1287880226154067830890426193946041166782379150390625000000000000e-02
1.1287880226154067830890426193946041166782379150390625000000000000e-02
1.1287880226154067830890426193946041166782379150390625000000000000e-02
1.1287880226154067830890426193946041166782379150390625000000000000e-02
1.1287880226154067830890426193946041166782379150390625000000000000e-02
1.1287880226154067830890426193946041166782379150390625000000000000e-02
1.1287880226154067830890426193946041166782379150390625000000000000e-02
1.1287880226154067830890426193946041166782379150390625000000000000e-02
1.1287880226154067830890426193946041166782379150390625000000000000e-02
1.1287880226154067830890426193946041166782379150390625000000000000e-02
1.1287880226154067830890426193946041166782379150390625000000000000e-02
1.1287880226154067830890426193946041166782379150390625000000000000e-02
1.1287880226154067830890426193946041166782379150390625000000000000e-02
1.1287880226154067830890426193946041166782379150390625000000000000e-02
1.1287880226154067830890426193946041166782379150390625000000000000e-02
1.1287880226154067830890426193946041166782379150390625000000000000e-02
1.1287880226154067830890426193946041166782379150390625000000000000e-02
1.1287880226154067830890426193946041166782379150390625000000000000e-02
1.1287880226154067830890426193946041166782379150390625000000000000e-02
1.1287880226154067830890426193946041166782379150390625000000000000e-02
1.1287880226154067830890426193946041166782379150390625000000000000e-02
1.1287880226154067830890426193946041166782379150390625000000000000e-02
1.1287880226154067830890426193946041166782379150390625000000000000e-02
1.1287880226154067830890426193946041166782379150390625000000000000e-02
1.1287880226154067830890426193946041166782379150390625000000000000e-02
1.1287880226154067830890426193946041166782379150390625000000000000e-02
1.1287880226154067830890426193946041166782379150390625000000000000e-02
1.1287880226154067830890426193946041166782379150390625000000000000e-02
1.1287880226154067830890426193946041166782379150390625000000000000e-02
1.1287880226154067830890426193946041166782379150390625000000000000e-02
1.1287880226154067830890426193946041166782379150390625000000000000e-02
1.1287880226154067830890426193946041166782379150390625000000000000e-02
1.1287880226154067830890426193946041166782379150390625000000000000e-02
1.1287880226154067830890426193946041166782379150390625000000000000e-02
1.1287880226154067830890426193946041166782379150390625000000000000e-02
1.1287880226154067830890426193946041166782379150390625000000000000e-02
1.1287880226154067830890426193946041166782379150390625000000000000e-02
1.1287880226154067830890426193946041166782379150390625000000000000e-02
1.1287880226154067830890426193946041166782379150390625000000000000e-02
1.1287880226154067830890426193946041166782379150390625000000000000e-02
1.1287880226154067830890426193946041166782379150390625000000000000e-02
1.1287880226154067830890426193946041166782379150390625000000000000e-02
1.1287880226154067830890426193946041166782379150390625000000000000e-02
1.1287880226154067830890426193946041166782379150390625000000000000e-02
1.1287880226154067830890426193946041166782379150390625000000000000e-02
1.1287880226154067830890426193946041166782379150390625000000000000e-02
1.1287880226154067830890426193946041166782379150390625000000000000e-02
1.1287880226154067830890426193946041166782379150390625000000000000e-02
1.1287880226154067830890426193946041166782379150390625000000000000e-02
1.1287880226154067830890426193946041166782379150390625000000000000e-02
1.1287880226154067830890426193946041166782379150390625000000000000e-02
1.1287880226154067830890426193946041166782379150390625000000000000e-02
1.1287880226154067830890426193946041166782379150390625000000000000e-02
1.1287880226154067830890426193946041166782379150390625000000000000e-02
1.1287880226154067830890426193946041166782379150390625000000000000e-02
1.1287880226154067830890426193946041166782379150390625000000000000e-02
1.1287880226154067830890426193946041166782379150390625000000000000e-02
1.1287880226154067830890426193946041166782379150390625000000000000e-02
1.1287880226154067830890426193946041166782379150390625000000000000e-02
1.1287880226154067830890426193946041166782379150390625000000000000e-02
1.1287880226154067830890426193946041166782379150390625000000000000e-02
1.1287880226154067830890426193946041166782379150390625000000000000e-02
1.1287880226154067830890426193946041166782379150390625000000000000e-02
1.1287880226154067830890426193946041166782379150390625000000000000e-02
1.1287880226154067830890426193946041166782379150390625000000000000e-02
1.1287880226154067830890426193946041166782379150390625000000000000e-02
1.1287880226154067830890426193946041166782379150390625000000000000e-02
1.1287880226154067830890426193946041166782379150390625000000000000e-02
1.1287880226154067830890426193946041166782379150390625000000000000e-02
1.1287880226154067830890426193946041166782379150390625000000000000e-02
1.1287880226154067830890426193946041166782379150390625000000000000e-02
1.1287880226154067830890426193946041166782379150390625000000000000e-02
1.1287880226154067830890426193946041166782379150390625000000000000e-02
1.1287880226154067830890426193946041166782379150390625000000000000e-02
1.1287880226154067830890426193946041166782379150390625000000000000e-02
1.1287880226154067830890426193946041166782379150390625000000000000e-02
1.1287880226154067830890426193946041166782379150390625000000000000e-02
1.1287880226154067830890426193946041166782379150390625000000000000e-02
1.1287880226154067830890426193946041166782379150390625000000000000e-02
1.1287880226154067830890426193946041166782379150390625000000000000e-02
1.1287880226154067830890426193946041166782379150390625000000000000e-02
1.1287880226154067830890426193946041166782379150390625000000000000e-02
1.1287880226154067830890426193946041166782379150390625000000000000e-02
1.1287880226154067830890426193946041166782379150390625000000000000e-02
1.1287880226154067830890426193946041166782379150390625000000000000e-02
1.1287880226154067830890426193946041166782379150390625000000000000e-02
1.1287880226154067830890426193946041166782379150390625000000000000e-02
1.1287880226154067830890426193946041166782379150390625000000000000e-02
1.1287880226154067830890426193946041166782379150390625000000000000e-02
1.1287880226154067830890426193946041166782379150390625000000000000e-02
1.1287880226154067830890426193946041166782379150390625000000000000e-02
1.1287880226154067830890426193946041166782379150390625000000000000e-02
1.1287880226154067830890426193946041166782379150390625000000000000e-02
1.1287880226154067830890426193946041166782379150390625000000000000e-02
1.1287880226154067830890426193946041166782379150390625000000000000e-02
1.1287880226154067830890426193946041166782379150390625000000000000e-02
1.1287880226154067830890426193946041166782379150390625000000000000e-02
1.1287880226154067830890426193946041166782379150390625000000000000e-02
1.1287880226154067830890426193946041166782379150390625000000000000e-02
1.1287880226154067830890426193946041166782379150390625000000000000e-02
1.1287880226154067830890426193946041166782379150390625000000000000e-02
1.1287880226154067830890426193946041166782379150390625000000000000e-02
1.1287880226154067830890426193946041166782379150390625000000000000e-02
1.1287880226154067830890426193946041166782379150390625000000000000e-02
1.1287880226154067830890426193946041166782379150390625000000000000e-02
1.1287880226154067830890426193946041166782379150390625000000000000e-02
1.1287880226154067830890426193946041166782379150390625000000000000e-02
1.1287880226154067830890426193946041166782379150390625000000000000e-02
1.1287880226154067830890426193946041166782379150390625000000000000e-02
1.1287880226154067830890426193946041166782379150390625000000000000e-02
1.1287880226154067830890426193946041166782379150390625000000000000e-02
1.1287880226154067830890426193946041166782379150390625000000000000e-02
1.1287880226154067830890426193946041166782379150390625000000000000e-02
1.1287880226154067830890426193946041166782379150390625000000000000e-02
1.1287880226154067830890426193946041166782379150390625000000000000e-02
1.1287880226154067830890426193946041166782379150390625000000000000e-02
1.1287880226154067830890426193946041166782379150390625000000000000e-02
1.1287880226154067830890426193946041166782379150390625000000000000e-02
1.1287880226154067830890426193946041166782379150390625000000000000e-02
1.1287880226154067830890426193946041166782379150390625000000000000e-02
1.1287880226154067830890426193946041166782379150390625000000000000e-02
1.1287880226154067830890426193946041166782379150390625000000000000e-02
1.1287880226154067830890426193946041166782379150390625000000000000e-02
1.1287880226154067830890426193946041166782379150390625000000000000e-02
1.1287880226154067830890426193946041166782379150390625000000000000e-02
1.1287880226154067830890426193946041166782379150390625000000000000e-02
1.1287880226154067830890426193946041166782379150390625000000000000e-02
1.1287880226154067830890426193946041166782379150390625000000000000e-02
1.1287880226154067830890426193946041166782379150390625000000000000e-02
1.1287880226154067830890426193946041166782379150390625000000000000e-02
1.1287880226154067830890426193946041166782379150390625000000000000e-02
1.1287880226154067830890426193946041166782379150390625000000000000e-02
1.1287880226154067830890426193946041166782379150390625000000000000e-02
1.1287880226154067830890426193946041166782379150390625000000000000e-02
1.1287880226154067830890426193946041166782379150390625000000000000e-02
1.1287880226154067830890426193946041166782379150390625000000000000e-02
1.1287880226154067830890426193946041166782379150390625000000000000e-02
1.1287880226154067830890426193946041166782379150390625000000000000e-02
1.1287880226154067830890426193946041166782379150390625000000000000e-02
1.1287880226154067830890426193946041166782379150390625000000000000e-02
1.1287880226154067830890426193946041166782379150390625000000000000e-02
1.1287880226154067830890426193946041166782379150390625000000000000e-02
1.1287880226154067830890426193946041166782379150390625000000000000e-02
1.1287880226154067830890426193946041166782379150390625000000000000e-02
1.1287880226154067830890426193946041166782379150390625000000000000e-02
1.1287880226154067830890426193946041166782379150390625000000000000e-02
1.1287880226154067830890426193946041166782379150390625000000000000e-02
1.1287880226154067830890426193946041166782379150390625000000000000e-02
1.1287880226154067830890426193946041166782379150390625000000000000e-02
1.1287880226154067830890426193946041166782379150390625000000000000e-02
1.1287880226154067830890426193946041166782379150390625000000000000e-02
1.1287880226154067830890426193946041166782379150390625000000000000e-02
1.1287880226154067830890426193946041166782379150390625000000000000e-02
1.1287880226154067830890426193946041166782379150390625000000000000e-02
1.1287880226154067830890426193946041166782379150390625000000000000e-02
1.1287880226154067830890426193946041166782379150390625000000000000e-02
1.1287880226154067830890426193946041166782379150390625000000000000e-02
1.1287880226154067830890426193946041166782379150390625000000000000e-02
1.1287880226154067830890426193946041166782379150390625000000000000e-02
1.1287880226154067830890426193946041166782379150390625000000000000e-02
1.1287880226154067830890426193946041166782379150390625000000000000e-02
1.1287880226154067830890426193946041166782379150390625000000000000e-02
1.1287880226154067830890426193946041166782379150390625000000000000e-02
1.1287880226154067830890426193946041166782379150390625000000000000e-02
1.1287880226154067830890426193946041166782379150390625000000000000e-02
1.1287880226154067830890426193946041166782379150390625000000000000e-02
1.1287880226154067830890426193946041166782379150390625000000000000e-02
1.1287880226154067830890426193946041166782379150390625000000000000e-02
1.1287880226154067830890426193946041166782379150390625000000000000e-02
1.1287880226154067830890426193946041166782379150390625000000000000e-02
1.1287880226154067830890426193946041166782379150390625000000000000e-02
1.1287880226154067830890426193946041166782379150390625000000000000e-02
1.1287880226154067830890426193946041166782379150390625000000000000e-02
1.1287880226154067830890426193946041166782379150390625000000000000e-02
1.1287880226154067830890426193946041166782379150390625000000000000e-02
1.1287880226154067830890426193946041166782379150390625000000000000e-02
1.1287880226154067830890426193946041166782379150390625000000000000e-02
1.1287880226154067830890426193946041166782379150390625000000000000e-02
1.1287880226154067830890426193946041166782379150390625000000000000e-02
1.1287880226154067830890426193946041166782379150390625000000000000e-02
1.1287880226154067830890426193946041166782379150390625000000000000e-02
1.1287880226154067830890426193946041166782379150390625000000000000e-02
1.1287880226154067830890426193946041166782379150390625000000000000e-02
1.1287880226154067830890426193946041166782379150390625000000000000e-02
1.1287880226154067830890426193946041166782379150390625000000000000e-02
1.1287880226154067830890426193946041166782379150390625000000000000e-02
1.1287880226154067830890426193946041166782379150390625000000000000e-02
1.1287880226154067830890426193946041166782379150390625000000000000e-02
1.1287880226154067830890426193946041166782379150390625000000000000e-02
1.1287880226154067830890426193946041166782379150390625000000000000e-02
1.1287880226154067830890426193946041166782379150390625000000000000e-02
1.1287880226154067830890426193946041166782379150390625000000000000e-02
1.1287880226154067830890426193946041166782379150390625000000000000e-02
1.1287880226154067830890426193946041166782379150390625000000000000e-02
1.1287880226154067830890426193946041166782379150390625000000000000e-02
1.1287880226154067830890426193946041166782379150390625000000000000e-02
1.1287880226154067830890426193946041166782379150390625000000000000e-02
1.1287880226154067830890426193946041166782379150390625000000000000e-02
1.1287880226154067830890426193946041166782379150390625000000000000e-02
1.1287880226154067830890426193946041166782379150390625000000000000e-02
1.1287880226154067830890426193946041166782379150390625000000000000e-02
1.1287880226154067830890426193946041166782379150390625000000000000e-02
1.1287880226154067830890426193946041166782379150390625000000000000e-02
1.1287880226154067830890426193946041166782379150390625000000000000e-02
1.1287880226154067830890426193946041166782379150390625000000000000e-02
1.1287880226154067830890426193946041166782379150390625000000000000e-02
1.1287880226154067830890426193946041166782379150390625000000000000e-02
1.1287880226154067830890426193946041166782379150390625000000000000e-02
1.1287880226154067830890426193946041166782379150390625000000000000e-02
1.1287880226154067830890426193946041166782379150390625000000000000e-02
1.1287880226154067830890426193946041166782379150390625000000000000e-02
1.1287880226154067830890426193946041166782379150390625000000000000e-02
1.1287880226154067830890426193946041166782379150390625000000000000e-02
1.1287880226154067830890426193946041166782379150390625000000000000e-02
1.1287880226154067830890426193946041166782379150390625000000000000e-02
1.1287880226154067830890426193946041166782379150390625000000000000e-02
1.1287880226154067830890426193946041166782379150390625000000000000e-02
1.1287880226154067830890426193946041166782379150390625000000000000e-02
1.1287880226154067830890426193946041166782379150390625000000000000e-02
1.1287880226154067830890426193946041166782379150390625000000000000e-02
1.1287880226154067830890426193946041166782379150390625000000000000e-02
1.1287880226154067830890426193946041166782379150390625000000000000e-02
1.1287880226154067830890426193946041166782379150390625000000000000e-02
1.1287880226154067830890426193946041166782379150390625000000000000e-02
1.1287880226154067830890426193946041166782379150390625000000000000e-02
1.1287880226154067830890426193946041166782379150390625000000000000e-02
1.1287880226154067830890426193946041166782379150390625000000000000e-02
1.1287880226154067830890426193946041166782379150390625000000000000e-02
1.1287880226154067830890426193946041166782379150390625000000000000e-02
1.1287880226154067830890426193946041166782379150390625000000000000e-02
1.1287880226154067830890426193946041166782379150390625000000000000e-02
1.1287880226154067830890426193946041166782379150390625000000000000e-02
1.1287880226154067830890426193946041166782379150390625000000000000e-02
1.1287880226154067830890426193946041166782379150390625000000000000e-02
1.1287880226154067830890426193946041166782379150390625000000000000e-02
1.1287880226154067830890426193946041166782379150390625000000000000e-02
