6.5117836496792733669281005859375000000000000000000000000000000000e+00
6.5117836496792733669281005859375000000000000000000000000000000000e+00
1.9975952613167464733123779296875000000000000000000000000000000000e+00
1.9056196627207100391387939453125000000000000000000000000000000000e-01
2.0150474517140537500381469726562500000000000000000000000000000000e+00
9.7044342430308461189270019531250000000000000000000000000000000000e-01
1.3517305026762187480926513671875000000000000000000000000000000000e+00
1.2839828643482178449630737304687500000000000000000000000000000000e+00
1.2217534489464014768600463867187500000000000000000000000000000000e+00
1.2650268287397921085357666015625000000000000000000000000000000000e+00
1.2284159802366048097610473632812500000000000000000000000000000000e+00
1.2251835206989198923110961914062500000000000000000000000000000000e+00
1.2174512476194649934768676757812500000000000000000000000000000000e+00
1.2054110562894493341445922851562500000000000000000000000000000000e+00
1.1976585430093109607696533203125000000000000000000000000000000000e+00
1.1884327786974608898162841796875000000000000000000000000000000000e+00
1.1794994524680078029632568359375000000000000000000000000000000000e+00
1.1710201748646795749664306640625000000000000000000000000000000000e+00
1.1625185976736247539520263671875000000000000000000000000000000000e+00
1.1542237342800945043563842773437500000000000000000000000000000000e+00
1.1460973040666431188583374023437500000000000000000000000000000000e+00
1.1381088716443628072738647460937500000000000000000000000000000000e+00
1.1302733921911567449569702148437500000000000000000000000000000000e+00
1.1225816020742058753967285156250000000000000000000000000000000000e+00
1.1150281750597059726715087890625000000000000000000000000000000000e+00
1.1076099262572824954986572265625000000000000000000000000000000000e+00
1.1003219974227249622344970703125000000000000000000000000000000000e+00
1.0931599219329655170440673828125000000000000000000000000000000000e+00
1.0861192895099520683288574218750000000000000000000000000000000000e+00
1.0791955373715609312057495117187500000000000000000000000000000000e+00
1.0723840866703540086746215820312500000000000000000000000000000000e+00
1.0656802933663129806518554687500000000000000000000000000000000000e+00
1.0590794170275330543518066406250000000000000000000000000000000000e+00
1.0525765819475054740905761718750000000000000000000000000000000000e+00
1.0461667482741177082061767578125000000000000000000000000000000000e+00
1.0398446992039680480957031250000000000000000000000000000000000000e+00
1.0336049515753984451293945312500000000000000000000000000000000000e+00
1.0274417113978415727615356445312500000000000000000000000000000000e+00
1.0213488263543695211410522460937500000000000000000000000000000000e+00
1.0153197036124765872955322265625000000000000000000000000000000000e+00
1.0093472250737249851226806640625000000000000000000000000000000000e+00
1.0034236512146890163421630859375000000000000000000000000000000000e+00
9.9754053330980241298675537109375000000000000000000000000000000000e-01
9.9168858933262526988983154296875000000000000000000000000000000000e-01
9.8585755587555468082427978515625000000000000000000000000000000000e-01
9.8003605823032557964324951171875000000000000000000000000000000000e-01
9.7421143390238285064697265625000000000000000000000000000000000000e-01
9.6836952050216495990753173828125000000000000000000000000000000000e-01
9.6249444386921823024749755859375000000000000000000000000000000000e-01
9.5656836149282753467559814453125000000000000000000000000000000000e-01
9.5057116635143756866455078125000000000000000000000000000000000000e-01
9.4448015093803405761718750000000000000000000000000000000000000000e-01
9.3826963496394455432891845703125000000000000000000000000000000000e-01
9.3191055231727659702301025390625000000000000000000000000000000000e-01
9.2536998772993683815002441406250000000000000000000000000000000000e-01
9.1861067083664238452911376953125000000000000000000000000000000000e-01
9.1159045812673866748809814453125000000000000000000000000000000000e-01
9.0426172153092920780181884765625000000000000000000000000000000000e-01
8.9657085505314171314239501953125000000000000000000000000000000000e-01
8.8845767779275774955749511718750000000000000000000000000000000000e-01
8.7985458667390048503875732421875000000000000000000000000000000000e-01
8.7068676296621561050415039062500000000000000000000000000000000000e-01
8.6087074875831604003906250000000000000000000000000000000000000000e-01
8.5031372751109302043914794921875000000000000000000000000000000000e-01
8.3891712664626538753509521484375000000000000000000000000000000000e-01
8.2656678790226578712463378906250000000000000000000000000000000000e-01
8.1314320210367441177368164062500000000000000000000000000000000000e-01
7.9852721304632723331451416015625000000000000000000000000000000000e-01
7.8254778869450092315673828125000000000000000000000000000000000000e-01
7.6509617804549634456634521484375000000000000000000000000000000000e-01
7.4600610788911581039428710937500000000000000000000000000000000000e-01
7.2498154011555016040802001953125000000000000000000000000000000000e-01
7.0218278211541473865509033203125000000000000000000000000000000000e-01
6.7694156314246356487274169921875000000000000000000000000000000000e-01
6.4923607138916850090026855468750000000000000000000000000000000000e-01
6.1994353588670492172241210937500000000000000000000000000000000000e-01
5.8557603950612246990203857421875000000000000000000000000000000000e-01
5.5152135458774864673614501953125000000000000000000000000000000000e-01
5.1313662319444119930267333984375000000000000000000000000000000000e-01
4.6175427851267158985137939453125000000000000000000000000000000000e-01
4.3388722930103540420532226562500000000000000000000000000000000000e-01
4.6922339568845927715301513671875000000000000000000000000000000000e-01
5.5401516659185290336608886718750000000000000000000000000000000000e-01
6.3447909988462924957275390625000000000000000000000000000000000000e-01
6.8616549763828516006469726562500000000000000000000000000000000000e-01
7.2418174520134925842285156250000000000000000000000000000000000000e-01
7.5239509949460625648498535156250000000000000000000000000000000000e-01
7.7105218358337879180908203125000000000000000000000000000000000000e-01
7.8449341002851724624633789062500000000000000000000000000000000000e-01
7.9315066547133028507232666015625000000000000000000000000000000000e-01
7.9815985751338303089141845703125000000000000000000000000000000000e-01
8.0074220825918018817901611328125000000000000000000000000000000000e-01
8.0118738603778183460235595703125000000000000000000000000000000000e-01
8.0008956417441368103027343750000000000000000000000000000000000000e-01
7.9785147472284734249114990234375000000000000000000000000000000000e-01
7.9467072547413408756256103515625000000000000000000000000000000000e-01
7.9080874333158135414123535156250000000000000000000000000000000000e-01
7.8642925643362104892730712890625000000000000000000000000000000000e-01
7.8164333663880825042724609375000000000000000000000000000000000000e-01
7.7656630217097699642181396484375000000000000000000000000000000000e-01
7.7127364440821111202239990234375000000000000000000000000000000000e-01
7.6582286716438829898834228515625000000000000000000000000000000000e-01
7.6026672543957829475402832031250000000000000000000000000000000000e-01
7.5464182393625378608703613281250000000000000000000000000000000000e-01
7.4897698126733303070068359375000000000000000000000000000000000000e-01
7.4329699063673615455627441406250000000000000000000000000000000000e-01
7.3761974996887147426605224609375000000000000000000000000000000000e-01
7.3195937066338956356048583984375000000000000000000000000000000000e-01
7.2632751963101327419281005859375000000000000000000000000000000000e-01
7.2073274455033242702484130859375000000000000000000000000000000000e-01
7.1518166176974773406982421875000000000000000000000000000000000000e-01
7.0967953209765255451202392578125000000000000000000000000000000000e-01
7.0423014531843364238739013671875000000000000000000000000000000000e-01
6.9883629726245999336242675781250000000000000000000000000000000000e-01
6.9350005080923438072204589843750000000000000000000000000000000000e-01
6.8822275358252227306365966796875000000000000000000000000000000000e-01
6.8300524819642305374145507812500000000000000000000000000000000000e-01
6.7784799239598214626312255859375000000000000000000000000000000000e-01
6.7275108979083597660064697265625000000000000000000000000000000000e-01
6.6771439136937260627746582031250000000000000000000000000000000000e-01
6.6273756115697324275970458984375000000000000000000000000000000000e-01
6.5782008855603635311126708984375000000000000000000000000000000000e-01
6.5296133840456604957580566406250000000000000000000000000000000000e-01
6.4816059474833309650421142578125000000000000000000000000000000000e-01
6.4341706200502812862396240234375000000000000000000000000000000000e-01
6.3872988428920507431030273437500000000000000000000000000000000000e-01
6.3409818499349057674407958984375000000000000000000000000000000000e-01
6.2952105631120502948760986328125000000000000000000000000000000000e-01
6.2499756552278995513916015625000000000000000000000000000000000000e-01
6.2052678852342069149017333984375000000000000000000000000000000000e-01
6.1610779259353876113891601562500000000000000000000000000000000000e-01
6.1173964501358568668365478515625000000000000000000000000000000000e-01
6.0742142796516418457031250000000000000000000000000000000000000000e-01
6.0315223224461078643798828125000000000000000000000000000000000000e-01
5.9893116308376193046569824218750000000000000000000000000000000000e-01
5.9475733665749430656433105468750000000000000000000000000000000000e-01
5.9062988916411995887756347656250000000000000000000000000000000000e-01
5.8654797845520079135894775390625000000000000000000000000000000000e-01
5.8251077262684702873229980468750000000000000000000000000000000000e-01
5.7851746049709618091583251953125000000000000000000000000000000000e-01
5.7456725602969527244567871093750000000000000000000000000000000000e-01
5.7065938413143157958984375000000000000000000000000000000000000000e-01
5.6679309019818902015686035156250000000000000000000000000000000000e-01
5.6296764756552875041961669921875000000000000000000000000000000000e-01
5.5918233608826994895935058593750000000000000000000000000000000000e-01
5.5543645541183650493621826171875000000000000000000000000000000000e-01
5.5172933172434568405151367187500000000000000000000000000000000000e-01
5.4806030192412436008453369140625000000000000000000000000000000000e-01
5.4442871990613639354705810546875000000000000000000000000000000000e-01
5.4083395795896649360656738281250000000000000000000000000000000000e-01
5.3727540653198957443237304687500000000000000000000000000000000000e-01
5.3375246841460466384887695312500000000000000000000000000000000000e-01
5.3026456129737198352813720703125000000000000000000000000000000000e-01
5.2681112289428710937500000000000000000000000000000000000000000000e-01
5.2339160162955522537231445312500000000000000000000000000000000000e-01
5.2000545850023627281188964843750000000000000000000000000000000000e-01
5.1665217196568846702575683593750000000000000000000000000000000000e-01
5.1333123072981834411621093750000000000000000000000000000000000000e-01
5.1004213583655655384063720703125000000000000000000000000000000000e-01
5.0678440649062395095825195312500000000000000000000000000000000000e-01
5.0355756771750748157501220703125000000000000000000000000000000000e-01
5.0036115385591983795166015625000000000000000000000000000000000000e-01
4.9719471833668649196624755859375000000000000000000000000000000000e-01
4.9405782273970544338226318359375000000000000000000000000000000000e-01
4.9095003656111657619476318359375000000000000000000000000000000000e-01
4.8787094210274517536163330078125000000000000000000000000000000000e-01
4.8482012841850519180297851562500000000000000000000000000000000000e-01
4.8179719387553632259368896484375000000000000000000000000000000000e-01
4.7880175267346203327178955078125000000000000000000000000000000000e-01
4.7583342227153480052947998046875000000000000000000000000000000000e-01
4.7289182757958769798278808593750000000000000000000000000000000000e-01
4.6997660933993756771087646484375000000000000000000000000000000000e-01
4.6708740852773189544677734375000000000000000000000000000000000000e-01
4.6422387426719069480895996093750000000000000000000000000000000000e-01
4.6138566895388066768646240234375000000000000000000000000000000000e-01
4.5857245894148945808410644531250000000000000000000000000000000000e-01
4.5578391477465629577636718750000000000000000000000000000000000000e-01
4.5301971910521388053894042968750000000000000000000000000000000000e-01
4.5027956133708357810974121093750000000000000000000000000000000000e-01
4.4756313227117061614990234375000000000000000000000000000000000000e-01
4.4487013365142047405242919921875000000000000000000000000000000000e-01
4.4220027001574635505676269531250000000000000000000000000000000000e-01
4.3955325381830334663391113281250000000000000000000000000000000000e-01
4.3692880542948842048645019531250000000000000000000000000000000000e-01
4.3432664382271468639373779296875000000000000000000000000000000000e-01
4.3174650124274194240570068359375000000000000000000000000000000000e-01
4.2918811272829771041870117187500000000000000000000000000000000000e-01
4.2665121261961758136749267578125000000000000000000000000000000000e-01
4.2413554829545319080352783203125000000000000000000000000000000000e-01
4.2164086992852389812469482421875000000000000000000000000000000000e-01
4.1916692839004099369049072265625000000000000000000000000000000000e-01
4.1671348176896572113037109375000000000000000000000000000000000000e-01
4.1428029420785605907440185546875000000000000000000000000000000000e-01
4.1186713078059256076812744140625000000000000000000000000000000000e-01
4.0947376308031380176544189453125000000000000000000000000000000000e-01
4.0709996991790831089019775390625000000000000000000000000000000000e-01
4.0474552451632916927337646484375000000000000000000000000000000000e-01
4.0241020848043262958526611328125000000000000000000000000000000000e-01
4.0009381505660712718963623046875000000000000000000000000000000000e-01
3.9779613073915243148803710937500000000000000000000000000000000000e-01
3.9551694714464247226715087890625000000000000000000000000000000000e-01
3.9325606450438499450683593750000000000000000000000000000000000000e-01
3.9101328281685709953308105468750000000000000000000000000000000000e-01
3.8878840394318103790283203125000000000000000000000000000000000000e-01
3.8658123579807579517364501953125000000000000000000000000000000000e-01
3.8439158839173614978790283203125000000000000000000000000000000000e-01
3.8221927452832460403442382812500000000000000000000000000000000000e-01
3.8006411120295524597167968750000000000000000000000000000000000000e-01
3.7792591471225023269653320312500000000000000000000000000000000000e-01
3.7580450740642845630645751953125000000000000000000000000000000000e-01
3.7369971605949103832244873046875000000000000000000000000000000000e-01
3.7161136418581008911132812500000000000000000000000000000000000000e-01
3.6953928042203187942504882812500000000000000000000000000000000000e-01
3.6748330318368971347808837890625000000000000000000000000000000000e-01
3.6544326250441372394561767578125000000000000000000000000000000000e-01
3.6341899121180176734924316406250000000000000000000000000000000000e-01
3.6141033656895160675048828125000000000000000000000000000000000000e-01
3.5941713722422719001770019531250000000000000000000000000000000000e-01
3.5743923136033117771148681640625000000000000000000000000000000000e-01
3.5547647392377257347106933593750000000000000000000000000000000000e-01
3.5352871241047978401184082031250000000000000000000000000000000000e-01
3.5159578733146190643310546875000000000000000000000000000000000000e-01
3.4967755782417953014373779296875000000000000000000000000000000000e-01
3.4777388349175453186035156250000000000000000000000000000000000000e-01
3.4588461299426853656768798828125000000000000000000000000000000000e-01
3.4400960360653698444366455078125000000000000000000000000000000000e-01
3.4214872075244784355163574218750000000000000000000000000000000000e-01
3.4030182473361492156982421875000000000000000000000000000000000000e-01
3.3846877678297460079193115234375000000000000000000000000000000000e-01
3.3664944604970514774322509765625000000000000000000000000000000000e-01
3.3484369865618646144866943359375000000000000000000000000000000000e-01
3.3305140165612101554870605468750000000000000000000000000000000000e-01
3.3127242815680801868438720703125000000000000000000000000000000000e-01
3.2950664963573217391967773437500000000000000000000000000000000000e-01
3.2775393850170075893402099609375000000000000000000000000000000000e-01
3.2601417275145649909973144531250000000000000000000000000000000000e-01
3.2428722828626632690429687500000000000000000000000000000000000000e-01
3.2257298287004232406616210937500000000000000000000000000000000000e-01
3.2087131822481751441955566406250000000000000000000000000000000000e-01
3.1918211258016526699066162109375000000000000000000000000000000000e-01
3.1750525324605405330657958984375000000000000000000000000000000000e-01
3.1584062334150075912475585937500000000000000000000000000000000000e-01
3.1418810342438519001007080078125000000000000000000000000000000000e-01
3.1254758522845804691314697265625000000000000000000000000000000000e-01
3.1091895699501037597656250000000000000000000000000000000000000000e-01
3.0930210580118000507354736328125000000000000000000000000000000000e-01
3.0769692664034664630889892578125000000000000000000000000000000000e-01
3.0610331054776906967163085937500000000000000000000000000000000000e-01
3.0452114739455282688140869140625000000000000000000000000000000000e-01
3.0295033496804535388946533203125000000000000000000000000000000000e-01
3.0139076802879571914672851562500000000000000000000000000000000000e-01
2.9984234529547393321990966796875000000000000000000000000000000000e-01
2.9830496385693550109863281250000000000000000000000000000000000000e-01
2.9677852103486657142639160156250000000000000000000000000000000000e-01
2.9526292090304195880889892578125000000000000000000000000000000000e-01
2.9375806287862360477447509765625000000000000000000000000000000000e-01
2.9226384824141860008239746093750000000000000000000000000000000000e-01
2.9078018409200012683868408203125000000000000000000000000000000000e-01
2.8930697240866720676422119140625000000000000000000000000000000000e-01
2.8784412075765430927276611328125000000000000000000000000000000000e-01
2.8639153786934912204742431640625000000000000000000000000000000000e-01
2.8494912688620388507843017578125000000000000000000000000000000000e-01
2.8351679677143692970275878906250000000000000000000000000000000000e-01
2.8209446393884718418121337890625000000000000000000000000000000000e-01
2.8068203246220946311950683593750000000000000000000000000000000000e-01
2.7927941805683076381683349609375000000000000000000000000000000000e-01
2.7788652759045362472534179687500000000000000000000000000000000000e-01
2.7650328516028821468353271484375000000000000000000000000000000000e-01
2.7512959367595613002777099609375000000000000000000000000000000000e-01
2.7376538072712719440460205078125000000000000000000000000000000000e-01
2.7241054899059236049652099609375000000000000000000000000000000000e-01
2.7106503257527947425842285156250000000000000000000000000000000000e-01
2.6972872088663280010223388671875000000000000000000000000000000000e-01
2.6840157504193484783172607421875000000000000000000000000000000000e-01
2.6708346861414611339569091796875000000000000000000000000000000000e-01
2.6577437506057322025299072265625000000000000000000000000000000000e-01
2.6447414443828165531158447265625000000000000000000000000000000000e-01
2.6318279467523097991943359375000000000000000000000000000000000000e-01
2.6190012646839022636413574218750000000000000000000000000000000000e-01
2.6062621548771858215332031250000000000000000000000000000000000000e-01
2.5936079816892743110656738281250000000000000000000000000000000000e-01
2.5810403842478990554809570312500000000000000000000000000000000000e-01
2.5685556209646165370941162109375000000000000000000000000000000000e-01
2.5561566953547298908233642578125000000000000000000000000000000000e-01
2.5438382546417415142059326171875000000000000000000000000000000000e-01
2.5316052953712642192840576171875000000000000000000000000000000000e-01
2.5194500619545578956604003906250000000000000000000000000000000000e-01
2.5073805707506835460662841796875000000000000000000000000000000000e-01
2.4953853897750377655029296875000000000000000000000000000000000000e-01
2.4834769731387495994567871093750000000000000000000000000000000000e-01
2.4716386245563626289367675781250000000000000000000000000000000000e-01
2.4598891311325132846832275390625000000000000000000000000000000000e-01
2.4482042249292135238647460937500000000000000000000000000000000000e-01
2.4366118526086211204528808593750000000000000000000000000000000000e-01
2.4250767845660448074340820312500000000000000000000000000000000000e-01
2.4136399594135582447052001953125000000000000000000000000000000000e-01
2.4022509041242301464080810546875000000000000000000000000000000000e-01
2.3909685434773564338684082031250000000000000000000000000000000000e-01
2.3797212634235620498657226562500000000000000000000000000000000000e-01
2.3685928666964173316955566406250000000000000000000000000000000000e-01
2.3574826144613325595855712890625000000000000000000000000000000000e-01
2.3465081839822232723236083984375000000000000000000000000000000000e-01
2.3355296975933015346527099609375000000000000000000000000000000000e-01
2.3247101134620606899261474609375000000000000000000000000000000000e-01
2.3138572811149060726165771484375000000000000000000000000000000000e-01
2.3031943407841026782989501953125000000000000000000000000000000000e-01
2.2924602148123085498809814453125000000000000000000000000000000000e-01
2.2819566773250699043273925781250000000000000000000000000000000000e-01
2.2713333321735262870788574218750000000000000000000000000000000000e-01
2.2609932208433747291564941406250000000000000000000000000000000000e-01
2.2504715016111731529235839843750000000000000000000000000000000000e-01
2.2403000970371067523956298828125000000000000000000000000000000000e-01
2.2298695938661694526672363281250000000000000000000000000000000000e-01
2.2198735782876610755920410156250000000000000000000000000000000000e-01
2.2095226193778216838836669921875000000000000000000000000000000000e-01
2.1997100580483675003051757812500000000000000000000000000000000000e-01
2.1894256561063230037689208984375000000000000000000000000000000000e-01
2.1798059903085231781005859375000000000000000000000000000000000000e-01
2.1695738937705755233764648437500000000000000000000000000000000000e-01
2.1601577824912965297698974609375000000000000000000000000000000000e-01
2.1499627968296408653259277343750000000000000000000000000000000000e-01
2.1407617349177598953247070312500000000000000000000000000000000000e-01
2.1305879880674183368682861328125000000000000000000000000000000000e-01
2.1216141199693083763122558593750000000000000000000000000000000000e-01
2.1114455652423202991485595703125000000000000000000000000000000000e-01
2.1027108747512102127075195312500000000000000000000000000000000000e-01
2.0925319474190473556518554687500000000000000000000000000000000000e-01
2.0840476732701063156127929687500000000000000000000000000000000000e-01
2.0738441077992320060729980468750000000000000000000000000000000000e-01
2.0656197797507047653198242187500000000000000000000000000000000000e-01
2.0553795387968420982360839843750000000000000000000000000000000000e-01
2.0474219811148941516876220703125000000000000000000000000000000000e-01
2.0371364755555987358093261718750000000000000000000000000000000000e-01
2.0294486265629529953002929687500000000000000000000000000000000000e-01
2.0191136701032519340515136718750000000000000000000000000000000000e-01
2.0116934995166957378387451171875000000000000000000000000000000000e-01
2.0013106591068208217620849609375000000000000000000000000000000000e-01
1.9941497500985860824584960937500000000000000000000000000000000000e-01
1.9837274868041276931762695312500000000000000000000000000000000000e-01
1.9768103491514921188354492187500000000000000000000000000000000000e-01
1.9663648796267807483673095703125000000000000000000000000000000000e-01
1.9596676877699792385101318359375000000000000000000000000000000000e-01
1.9492238294333219528198242187500000000000000000000000000000000000e-01
1.9427140359766781330108642578125000000000000000000000000000000000e-01
1.9323055841960012912750244140625000000000000000000000000000000000e-01
1.9259416963905096054077148437500000000000000000000000000000000000e-01
1.9156114524230360984802246093750000000000000000000000000000000000e-01
1.9093432906083762645721435546875000000000000000000000000000000000e-01
1.8991423747502267360687255859375000000000000000000000000000000000e-01
1.8929118034429848194122314453125000000000000000000000000000000000e-01
1.8828988005407154560089111328125000000000000000000000000000000000e-01
1.8766411999240517616271972656250000000000000000000000000000000000e-01
1.8668803176842629909515380859375000000000000000000000000000000000e-01
1.8605264718644320964813232421875000000000000000000000000000000000e-01
1.8510853988118469715118408203125000000000000000000000000000000000e-01
1.8445639195851981639862060546875000000000000000000000000000000000e-01
1.8355111940763890743255615234375000000000000000000000000000000000e-01
1.8287514708936214447021484375000000000000000000000000000000000000e-01
1.8201533122919499874114990234375000000000000000000000000000000000e-01
1.8130886857397854328155517578125000000000000000000000000000000000e-01
1.8050057417713105678558349609375000000000000000000000000000000000e-01
1.7975768353790044784545898437500000000000000000000000000000000000e-01
1.7900609923526644706726074218750000000000000000000000000000000000e-01
1.7822189861908555030822753906250000000000000000000000000000000000e-01
1.7753098136745393276214599609375000000000000000000000000000000000e-01
1.7670194874517619609832763671875000000000000000000000000000000000e-01
1.7607419122941792011260986328125000000000000000000000000000000000e-01
1.7519841599278151988983154296875000000000000000000000000000000000e-01
1.7463458306156098842620849609375000000000000000000000000000000000e-01
1.7371196602471172809600830078125000000000000000000000000000000000e-01
1.7321096104569733142852783203125000000000000000000000000000000000e-01
1.7224330944009125232696533203125000000000000000000000000000000000e-01
1.7180211166851222515106201171875000000000000000000000000000000000e-01
1.7079315870068967342376708984375000000000000000000000000000000000e-01
1.7040684819221496582031250000000000000000000000000000000000000000e-01
1.6936218016780912876129150390625000000000000000000000000000000000e-01
1.6902407607994973659515380859375000000000000000000000000000000000e-01
1.6795094078406691551208496093750000000000000000000000000000000000e-01
1.6765282303094863891601562500000000000000000000000000000000000000e-01
1.6655986779369413852691650390625000000000000000000000000000000000e-01
1.6629228438250720500946044921875000000000000000000000000000000000e-01
1.6518921242095530033111572265625000000000000000000000000000000000e-01
1.6494185104966163635253906250000000000000000000000000000000000000e-01
1.6383902868255972862243652343750000000000000000000000000000000000e-01
1.6360114188864827156066894531250000000000000000000000000000000000e-01
1.6250915103591978549957275390625000000000000000000000000000000000e-01
1.6226998670026659965515136718750000000000000000000000000000000000e-01
1.6119920113123953342437744140625000000000000000000000000000000000e-01
1.6094844625331461429595947265625000000000000000000000000000000000e-01
1.5990859945304691791534423828125000000000000000000000000000000000e-01
1.5963677573017776012420654296875000000000000000000000000000000000e-01
1.5863657300360500812530517578125000000000000000000000000000000000e-01
1.5833540773019194602966308593750000000000000000000000000000000000e-01
1.5738221863284707069396972656250000000000000000000000000000000000e-01
1.5704490849748253822326660156250000000000000000000000000000000000e-01
1.5614450862631201744079589843750000000000000000000000000000000000e-01
1.5576594253070652484893798828125000000000000000000000000000000000e-01
1.5492235892452299594879150390625000000000000000000000000000000000e-01
1.5449921903200447559356689453125000000000000000000000000000000000e-01
1.5371466684155166149139404296875000000000000000000000000000000000e-01
1.5324544953182339668273925781250000000000000000000000000000000000e-01
1.5252035483717918395996093750000000000000000000000000000000000000e-01
1.5200531017035245895385742187500000000000000000000000000000000000e-01
1.5133840776979923248291015625000000000000000000000000000000000000e-01
1.5077939536422491073608398437500000000000000000000000000000000000e-01
1.5016791713424026966094970703125000000000000000000000000000000000e-01
1.4956819522194564342498779296875000000000000000000000000000000000e-01
1.4900809363462030887603759765625000000000000000000000000000000000e-01
1.4837207552045583724975585937500000000000000000000000000000000000e-01
1.4785828650929033756256103515625000000000000000000000000000000000e-01
1.4719125069677829742431640625000000000000000000000000000000000000e-01
1.4671800914220511913299560546875000000000000000000000000000000000e-01
1.4602580619975924491882324218750000000000000000000000000000000000e-01
1.4558689948171377182006835937500000000000000000000000000000000000e-01
1.4487567939795553684234619140625000000000000000000000000000000000e-01
1.4446476171724498271942138671875000000000000000000000000000000000e-01
1.4374067797325551509857177734375000000000000000000000000000000000e-01
1.4335150364786386489868164062500000000000000000000000000000000000e-01
1.4262050809338688850402832031250000000000000000000000000000000000e-01
1.4224714995361864566802978515625000000000000000000000000000000000e-01
1.4151477767154574394226074218750000000000000000000000000000000000e-01
1.4115181099623441696166992187500000000000000000000000000000000000e-01
1.4042303548194468021392822265625000000000000000000000000000000000e-01
1.4006565092131495475769042968750000000000000000000000000000000000e-01
1.3934477511793375015258789062500000000000000000000000000000000000e-01
1.3898887811228632926940917968750000000000000000000000000000000000e-01
1.3827948668040335178375244140625000000000000000000000000000000000e-01
1.3792171375826001167297363281250000000000000000000000000000000000e-01
1.3722663116641342639923095703125000000000000000000000000000000000e-01
1.3686437695287168025970458984375000000000000000000000000000000000e-01
1.3618571567349135875701904296875000000000000000000000000000000000e-01
1.3581708073616027832031250000000000000000000000000000000000000000e-01
1.3515624613501131534576416015625000000000000000000000000000000000e-01
1.3477998622693121433258056640625000000000000000000000000000000000e-01
1.3413779390975832939147949218750000000000000000000000000000000000e-01
1.3375324942171573638916015625000000000000000000000000000000000000e-01
1.3312994805164635181427001953125000000000000000000000000000000000e-01
1.3273695367388427257537841796875000000000000000000000000000000000e-01
1.3213236560113728046417236328125000000000000000000000000000000000e-01
1.3173115788958966732025146484375000000000000000000000000000000000e-01
1.3114474178291857242584228515625000000000000000000000000000000000e-01
1.3073587487451732158660888671875000000000000000000000000000000000e-01
1.3016681862063705921173095703125000000000000000000000000000000000e-01
1.2975107808597385883331298828125000000000000000000000000000000000e-01
1.2919838284142315387725830078125000000000000000000000000000000000e-01
1.2877670000307261943817138671875000000000000000000000000000000000e-01
1.2823925446718931198120117187500000000000000000000000000000000000e-01
1.2781265191733837127685546875000000000000000000000000000000000000e-01
1.2728928402066230773925781250000000000000000000000000000000000000e-01
1.2685881531797349452972412109375000000000000000000000000000000000e-01
1.2634835392236709594726562500000000000000000000000000000000000000e-01
1.2591505330055952072143554687500000000000000000000000000000000000e-01
1.2541636242531239986419677734375000000000000000000000000000000000e-01
1.2498121755197644233703613281250000000000000000000000000000000000e-01
1.2449321988970041275024414062500000000000000000000000000000000000e-01
1.2405714858323335647583007812500000000000000000000000000000000000e-01
1.2357885297387838363647460937500000000000000000000000000000000000e-01
1.2314268550835549831390380859375000000000000000000000000000000000e-01
1.2267319532111287117004394531250000000000000000000000000000000000e-01
1.2223766325041651725769042968750000000000000000000000000000000000e-01
1.2177617684938013553619384765625000000000000000000000000000000000e-01
1.2134191603399813175201416015625000000000000000000000000000000000e-01
1.2088773539289832115173339843750000000000000000000000000000000000e-01
1.2045529228635132312774658203125000000000000000000000000000000000e-01
1.2000780436210334300994873046875000000000000000000000000000000000e-01
1.1957763019017875194549560546875000000000000000000000000000000000e-01
1.1913632228970527648925781250000000000000000000000000000000000000e-01
1.1870878236368298530578613281250000000000000000000000000000000000e-01
1.1827321024611592292785644531250000000000000000000000000000000000e-01
1.1784861353226006031036376953125000000000000000000000000000000000e-01
1.1741840397007763385772705078125000000000000000000000000000000000e-01
1.1699697538278996944427490234375000000000000000000000000000000000e-01
1.1657182732596993446350097656250000000000000000000000000000000000e-01
1.1615375010296702384948730468750000000000000000000000000000000000e-01
1.1573339602909982204437255859375000000000000000000000000000000000e-01
1.1531880591064691543579101562500000000000000000000000000000000000e-01
1.1490303999744355678558349609375000000000000000000000000000000000e-01
1.1449202685616910457611083984375000000000000000000000000000000000e-01
1.1408066516742110252380371093750000000000000000000000000000000000e-01
1.1367329885251820087432861328125000000000000000000000000000000000e-01
1.1326619703322649002075195312500000000000000000000000000000000000e-01
1.1286251316778361797332763671875000000000000000000000000000000000e-01
1.1245954479090869426727294921875000000000000000000000000000000000e-01
1.1205956269986927509307861328125000000000000000000000000000000000e-01
1.1166062438860535621643066406250000000000000000000000000000000000e-01
1.1126434989273548126220703125000000000000000000000000000000000000e-01
1.1086935014463961124420166015625000000000000000000000000000000000e-01
1.1047677020542323589324951171875000000000000000000000000000000000e-01
1.1008562939241528511047363281250000000000000000000000000000000000e-01
1.0969673399813473224639892578125000000000000000000000000000000000e-01
1.0930938483215868473052978515625000000000000000000000000000000000e-01
1.0892414371483027935028076171875000000000000000000000000000000000e-01
1.0854052449576556682586669921875000000000000000000000000000000000e-01
1.0815890994854271411895751953125000000000000000000000000000000000e-01
1.0777896316722035408020019531250000000000000000000000000000000000e-01
1.0740094748325645923614501953125000000000000000000000000000000000e-01
1.0702461865730583667755126953125000000000000000000000000000000000e-01
1.0665015759877860546112060546875000000000000000000000000000000000e-01
1.0627740365453064441680908203125000000000000000000000000000000000e-01
1.0590646858327090740203857421875000000000000000000000000000000000e-01
1.0553723713383078575134277343750000000000000000000000000000000000e-01
1.0516978590749204158782958984375000000000000000000000000000000000e-01
1.0480403737165033817291259765625000000000000000000000000000000000e-01
1.0444003459997475147247314453125000000000000000000000000000000000e-01
1.0407772264443337917327880859375000000000000000000000000000000000e-01
1.0371712991036474704742431640625000000000000000000000000000000000e-01
1.0335821378976106643676757812500000000000000000000000000000000000e-01
1.0300098988227546215057373046875000000000000000000000000000000000e-01
1.0264542954973876476287841796875000000000000000000000000000000000e-01
1.0229154047556221485137939453125000000000000000000000000000000000e-01
1.0193929774686694145202636718750000000000000000000000000000000000e-01
1.0158870066516101360321044921875000000000000000000000000000000000e-01
1.0123973409645259380340576171875000000000000000000000000000000000e-01
1.0089239780791103839874267578125000000000000000000000000000000000e-01
1.0054667154327034950256347656250000000000000000000000000000000000e-01
1.0020255018025636672973632812500000000000000000000000000000000000e-01
9.9860028363764286041259765625000000000000000000000000000000000000e-02
9.9519095616415143013000488281250000000000000000000000000000000000e-02
9.9179734010249376296997070312500000000000000000000000000000000000e-02
9.8841945175081491470336914062500000000000000000000000000000000000e-02
9.8505720496177673339843750000000000000000000000000000000000000000e-02
9.8171042278409004211425781250000000000000000000000000000000000000e-02
9.7837906330823898315429687500000000000000000000000000000000000000e-02
9.7506308229640126228332519531250000000000000000000000000000000000e-02
9.7176231676712632179260253906250000000000000000000000000000000000e-02
9.6847672015428543090820312500000000000000000000000000000000000000e-02
9.6520621795207262039184570312500000000000000000000000000000000000e-02
9.6195070073008537292480468750000000000000000000000000000000000000e-02
9.5871009631082415580749511718750000000000000000000000000000000000e-02
9.5548431621864438056945800781250000000000000000000000000000000000e-02
9.5227327896282076835632324218750000000000000000000000000000000000e-02
9.4907689606770873069763183593750000000000000000000000000000000000e-02
9.4589509302750229835510253906250000000000000000000000000000000000e-02
9.4272778369486331939697265625000000000000000000000000000000000000e-02
9.3957489822059869766235351562500000000000000000000000000000000000e-02
9.3643635977059602737426757812500000000000000000000000000000000000e-02
9.3331205891445279121398925781250000000000000000000000000000000000e-02
9.3020194210112094879150390625000000000000000000000000000000000000e-02
9.2710592085495591163635253906250000000000000000000000000000000000e-02
9.2402391368523240089416503906250000000000000000000000000000000000e-02
9.2095585307106375694274902343750000000000000000000000000000000000e-02
9.1790166450664401054382324218750000000000000000000000000000000000e-02
9.1486125951632857322692871093750000000000000000000000000000000000e-02
9.1183455660939216613769531250000000000000000000000000000000000000e-02
9.0882150689139962196350097656250000000000000000000000000000000000e-02
9.0582201723009347915649414062500000000000000000000000000000000000e-02
9.0283600846305489540100097656250000000000000000000000000000000000e-02
8.9986342936754226684570312500000000000000000000000000000000000000e-02
8.9690418913960456848144531250000000000000000000000000000000000000e-02
8.9395819930359721183776855468750000000000000000000000000000000000e-02
8.9102542493492364883422851562500000000000000000000000000000000000e-02
8.8810577988624572753906250000000000000000000000000000000000000000e-02
8.8519917102530598640441894531250000000000000000000000000000000000e-02
8.8230555178597569465637207031250000000000000000000000000000000000e-02
8.7942484533414244651794433593750000000000000000000000000000000000e-02
8.7655698182061314582824707031250000000000000000000000000000000000e-02
8.7370189605280756950378417968750000000000000000000000000000000000e-02
8.7085951352491974830627441406250000000000000000000000000000000000e-02
8.6802975274622440338134765625000000000000000000000000000000000000e-02
8.6521257879212498664855957031250000000000000000000000000000000000e-02
8.6240792181342840194702148437500000000000000000000000000000000000e-02
8.5961566539481282234191894531250000000000000000000000000000000000e-02
8.5683578392490744590759277343750000000000000000000000000000000000e-02
8.5406821453943848609924316406250000000000000000000000000000000000e-02
8.5131285712122917175292968750000000000000000000000000000000000000e-02
8.4856970468536019325256347656250000000000000000000000000000000000e-02
8.4583865944296121597290039062500000000000000000000000000000000000e-02
8.4311962826177477836608886718750000000000000000000000000000000000e-02
8.4041259717196226119995117187500000000000000000000000000000000000e-02
8.3771745208650827407836914062500000000000000000000000000000000000e-02
8.3503416739404201507568359375000000000000000000000000000000000000e-02
8.3236271515488624572753906250000000000000000000000000000000000000e-02
8.2970294635742902755737304687500000000000000000000000000000000000e-02
8.2705484470352530479431152343750000000000000000000000000000000000e-02
8.2441838458180427551269531250000000000000000000000000000000000000e-02
8.2179341930896043777465820312500000000000000000000000000000000000e-02
8.1917994422838091850280761718750000000000000000000000000000000000e-02
8.1657792674377560615539550781250000000000000000000000000000000000e-02
8.1398723879829049110412597656250000000000000000000000000000000000e-02
8.1140787573531270027160644531250000000000000000000000000000000000e-02
8.0883976304903626441955566406250000000000000000000000000000000000e-02
8.0628280527889728546142578125000000000000000000000000000000000000e-02
8.0373699543997645378112792968750000000000000000000000000000000000e-02
8.0120226135477423667907714843750000000000000000000000000000000000e-02
7.9867852851748466491699218750000000000000000000000000000000000000e-02
7.9616576433181762695312500000000000000000000000000000000000000000e-02
7.9366391059011220932006835937500000000000000000000000000000000000e-02
7.9117287881672382354736328125000000000000000000000000000000000000e-02
7.8869263408705592155456542968750000000000000000000000000000000000e-02
7.8622313681989908218383789062500000000000000000000000000000000000e-02
7.8376430552452802658081054687500000000000000000000000000000000000e-02
7.8131610760465264320373535156250000000000000000000000000000000000e-02
7.7887848252430558204650878906250000000000000000000000000000000000e-02
7.7645136974751949310302734375000000000000000000000000000000000000e-02
7.7403472503647208213806152343750000000000000000000000000000000000e-02
7.7162845991551876068115234375000000000000000000000000000000000000e-02
7.6923256041482090950012207031250000000000000000000000000000000000e-02
7.6684698695316910743713378906250000000000000000000000000000000000e-02
7.6447165338322520256042480468750000000000000000000000000000000000e-02
7.6210651081055402755737304687500000000000000000000000000000000000e-02
7.5975150335580110549926757812500000000000000000000000000000000000e-02
7.5740660307928919792175292968750000000000000000000000000000000000e-02
7.5507176341488957405090332031250000000000000000000000000000000000e-02
7.5274691917002201080322265625000000000000000000000000000000000000e-02
7.5043201912194490432739257812500000000000000000000000000000000000e-02
7.4812700971961021423339843750000000000000000000000000000000000000e-02
7.4583181645721197128295898437500000000000000000000000000000000000e-02
7.4354641605168581008911132812500000000000000000000000000000000000e-02
7.4127081548795104026794433593750000000000000000000000000000000000e-02
7.3900490533560514450073242187500000000000000000000000000000000000e-02
7.3674861108884215354919433593750000000000000000000000000000000000e-02
7.3450193973258137702941894531250000000000000000000000000000000000e-02
7.3226482840254902839660644531250000000000000000000000000000000000e-02
7.3003720724955201148986816406250000000000000000000000000000000000e-02
7.2781904833391308784484863281250000000000000000000000000000000000e-02
7.2561031905934214591979980468750000000000000000000000000000000000e-02
7.2341095423325896263122558593750000000000000000000000000000000000e-02
7.2122089797630906105041503906250000000000000000000000000000000000e-02
7.1904013631865382194519042968750000000000000000000000000000000000e-02
7.1686859941110014915466308593750000000000000000000000000000000000e-02
7.1470622438937425613403320312500000000000000000000000000000000000e-02
7.1255302056670188903808593750000000000000000000000000000000000000e-02
7.1040891343727707862854003906250000000000000000000000000000000000e-02
7.0827381918206810951232910156250000000000000000000000000000000000e-02
7.0614775642752647399902343750000000000000000000000000000000000000e-02
7.0403068093582987785339355468750000000000000000000000000000000000e-02
7.0192247629165649414062500000000000000000000000000000000000000000e-02
6.9982317043468356132507324218750000000000000000000000000000000000e-02
6.9773273775354027748107910156250000000000000000000000000000000000e-02
6.9565105484798550605773925781250000000000000000000000000000000000e-02
6.9357811706140637397766113281250000000000000000000000000000000000e-02
6.9151389645412564277648925781250000000000000000000000000000000000e-02
6.8945833947509527206420898437500000000000000000000000000000000000e-02
6.8741141352802515029907226562500000000000000000000000000000000000e-02
6.8537305807694792747497558593750000000000000000000000000000000000e-02
6.8334324285387992858886718750000000000000000000000000000000000000e-02
6.8132195388898253440856933593750000000000000000000000000000000000e-02
6.7930910037830471992492675781250000000000000000000000000000000000e-02
6.7730465205386281013488769531250000000000000000000000000000000000e-02
6.7530863452702760696411132812500000000000000000000000000000000000e-02
6.7332093371078372001647949218750000000000000000000000000000000000e-02
6.7134148441255092620849609375000000000000000000000000000000000000e-02
6.6937035415321588516235351562500000000000000000000000000000000000e-02
6.6740745445713400840759277343750000000000000000000000000000000000e-02
6.6545267822220921516418457031250000000000000000000000000000000000e-02
6.6350607899948954582214355468750000000000000000000000000000000000e-02
6.6156760323792695999145507812500000000000000000000000000000000000e-02
6.5963716944679617881774902343750000000000000000000000000000000000e-02
6.5771478926762938499450683593750000000000000000000000000000000000e-02
6.5580041613429784774780273437500000000000000000000000000000000000e-02
6.5389396622776985168457031250000000000000000000000000000000000000e-02
6.5199543023481965065002441406250000000000000000000000000000000000e-02
6.5010479884222149848937988281250000000000000000000000000000000000e-02
6.4822199987247586250305175781250000000000000000000000000000000000e-02
6.4634699840098619461059570312500000000000000000000000000000000000e-02
6.4447980141267180442810058593750000000000000000000000000000000000e-02
6.4262035069987177848815917968750000000000000000000000000000000000e-02
6.4076856244355440139770507812500000000000000000000000000000000000e-02
6.3892445527017116546630859375000000000000000000000000000000000000e-02
6.3708799192681908607482910156250000000000000000000000000000000000e-02
6.3525910489261150360107421875000000000000000000000000000000000000e-02
6.3343778951093554496765136718750000000000000000000000000000000000e-02
6.3162399455904960632324218750000000000000000000000000000000000000e-02
6.2981769442558288574218750000000000000000000000000000000000000000e-02
6.2801886349916458129882812500000000000000000000000000000000000000e-02
6.2622745521366596221923828125000000000000000000000000000000000000e-02
6.2444343464449048042297363281250000000000000000000000000000000000e-02
6.2266674824059009552001953125000000000000000000000000000000000000e-02
6.2089739134535193443298339843750000000000000000000000000000000000e-02
6.1913536628708243370056152343750000000000000000000000000000000000e-02
6.1738057527691125869750976562500000000000000000000000000000000000e-02
6.1563298571854829788208007812500000000000000000000000000000000000e-02
6.1389263020828366279602050781250000000000000000000000000000000000e-02
6.1215942027047276496887207031250000000000000000000000000000000000e-02
6.1043331399559974670410156250000000000000000000000000000000000000e-02
6.0871433001011610031127929687500000000000000000000000000000000000e-02
6.0700240777805447578430175781250000000000000000000000000000000000e-02
6.0529750771820545196533203125000000000000000000000000000000000000e-02
6.0359962284564971923828125000000000000000000000000000000000000000e-02
6.0190871125087141990661621093750000000000000000000000000000000000e-02
6.0022471938282251358032226562500000000000000000000000000000000000e-02
5.9854764025658369064331054687500000000000000000000000000000000000e-02
5.9687747154384851455688476562500000000000000000000000000000000000e-02
5.9521415503695607185363769531250000000000000000000000000000000000e-02
5.9355761390179395675659179687500000000000000000000000000000000000e-02
5.9190787607803940773010253906250000000000000000000000000000000000e-02
5.9026492759585380554199218750000000000000000000000000000000000000e-02
5.8862865203991532325744628906250000000000000000000000000000000000e-02
5.8699910994619131088256835937500000000000000000000000000000000000e-02
5.8537627337500452995300292968750000000000000000000000000000000000e-02
5.8376001194119453430175781250000000000000000000000000000000000000e-02
5.8215043041855096817016601562500000000000000000000000000000000000e-02
5.8054742403328418731689453125000000000000000000000000000000000000e-02
5.7895084843039512634277343750000000000000000000000000000000000000e-02
5.7736096903681755065917968750000000000000000000000000000000000000e-02
5.7577758096158504486083984375000000000000000000000000000000000000e-02
5.7420047465711832046508789062500000000000000000000000000000000000e-02
5.7263004826381802558898925781250000000000000000000000000000000000e-02
5.7106595486402511596679687500000000000000000000000000000000000000e-02
5.6950805708765983581542968750000000000000000000000000000000000000e-02
5.6795689975842833518981933593750000000000000000000000000000000000e-02
5.6641185423359274864196777343750000000000000000000000000000000000e-02
5.6487290654331445693969726562500000000000000000000000000000000000e-02
5.6334079476073384284973144531250000000000000000000000000000000000e-02
5.6181449908763170242309570312500000000000000000000000000000000000e-02
5.6029425701126456260681152343750000000000000000000000000000000000e-02
5.5878102546557784080505371093750000000000000000000000000000000000e-02
5.5727318394929170608520507812500000000000000000000000000000000000e-02
5.5577140301465988159179687500000000000000000000000000000000000000e-02
5.5427686776965856552124023437500000000000000000000000000000000000e-02
5.5278716608881950378417968750000000000000000000000000000000000000e-02
5.5130369029939174652099609375000000000000000000000000000000000000e-02
5.4982771165668964385986328125000000000000000000000000000000000000e-02
5.4835572838783264160156250000000000000000000000000000000000000000e-02
5.4689039010554552078247070312500000000000000000000000000000000000e-02
5.4543284932151436805725097656250000000000000000000000000000000000e-02
5.4397813510149717330932617187500000000000000000000000000000000000e-02
5.4253088776022195816040039062500000000000000000000000000000000000e-02
5.4109168937429785728454589843750000000000000000000000000000000000e-02
5.3965366678312420845031738281250000000000000000000000000000000000e-02
5.3822449874132871627807617187500000000000000000000000000000000000e-02
5.3680356824770569801330566406250000000000000000000000000000000000e-02
5.3538162959739565849304199218750000000000000000000000000000000000e-02
5.3397066658362746238708496093750000000000000000000000000000000000e-02
5.3256788756698369979858398437500000000000000000000000000000000000e-02
5.3116129012778401374816894531250000000000000000000000000000000000e-02
5.2976876962929964065551757812500000000000000000000000000000000000e-02
5.2838396281003952026367187500000000000000000000000000000000000000e-02
5.2699195686727762222290039062500000000000000000000000000000000000e-02
5.2561837248504161834716796875000000000000000000000000000000000000e-02
5.2425112109631299972534179687500000000000000000000000000000000000e-02
5.2287285914644598960876464843750000000000000000000000000000000000e-02
5.2151919342577457427978515625000000000000000000000000000000000000e-02
5.2016865694895386695861816406250000000000000000000000000000000000e-02
5.1880281884223222732543945312500000000000000000000000000000000000e-02
5.1747112302109599113464355468750000000000000000000000000000000000e-02
5.1613649819046258926391601562500000000000000000000000000000000000e-02
5.1478026667609810829162597656250000000000000000000000000000000000e-02
5.1347351167351007461547851562500000000000000000000000000000000000e-02
5.1215556915849447250366210937500000000000000000000000000000000000e-02
5.1080377539619803428649902343750000000000000000000000000000000000e-02
5.0952378194779157638549804687500000000000000000000000000000000000e-02
5.0822759279981255531311035156250000000000000000000000000000000000e-02
5.0687480485066771507263183593750000000000000000000000000000000000e-02
5.0561660435050725936889648437500000000000000000000000000000000000e-02
5.0435120007023215293884277343750000000000000000000000000000000000e-02
5.0300123635679483413696289062500000000000000000000000000000000000e-02
5.0174813251942396163940429687500000000000000000000000000000000000e-02
5.0051346421241760253906250000000000000000000000000000000000000000e-02
4.9919506767764687538146972656250000000000000000000000000000000000e-02
4.9793139332905411720275878906250000000000000000000000000000000000e-02
4.9668490653857588768005371093750000000000000000000000000000000000e-02
4.9544946057721972465515136718750000000000000000000000000000000000e-02
4.9421811709180474281311035156250000000000000000000000000000000000e-02
4.9284550826996564865112304687500000000000000000000000000000000000e-02
4.9168747151270508766174316406250000000000000000000000000000000000e-02
4.9068575957790017127990722656250000000000000000000000000000000000e-02
4.8907531192526221275329589843750000000000000000000000000000000000e-02
4.8773056594654917716979980468750000000000000000000000000000000000e-02
4.8731014598160982131958007812500000000000000000000000000000000000e-02
4.8567622900009155273437500000000000000000000000000000000000000000e-02
4.8343547852709889411926269531250000000000000000000000000000000000e-02
4.8369333613663911819458007812500000000000000000000000000000000000e-02
4.8310341779142618179321289062500000000000000000000000000000000000e-02
4.7917665680870413780212402343750000000000000000000000000000000000e-02
4.7888841712847352027893066406250000000000000000000000000000000000e-02
4.8128969734534621238708496093750000000000000000000000000000000000e-02
4.7654850874096155166625976562500000000000000000000000000000000000e-02
4.7203521011397242546081542968750000000000000000000000000000000000e-02
4.7814097953960299491882324218750000000000000000000000000000000000e-02
4.7828596318140625953674316406250000000000000000000000000000000000e-02
4.6476582530885934829711914062500000000000000000000000000000000000e-02
4.6826735371723771095275878906250000000000000000000000000000000000e-02
4.8513794550672173500061035156250000000000000000000000000000000000e-02
4.6504196943715214729309082031250000000000000000000000000000000000e-02
4.4583137612789869308471679687500000000000000000000000000000000000e-02
4.8779087141156196594238281250000000000000000000000000000000000000e-02
4.8767888918519020080566406250000000000000000000000000000000000000e-02
4.1718706488609313964843750000000000000000000000000000000000000000e-02
4.5701240422204136848449707031250000000000000000000000000000000000e-02
5.4107089061290025711059570312500000000000000000000000000000000000e-02
4.2587704723700881004333496093750000000000000000000000000000000000e-02
3.4718723502010107040405273437500000000000000000000000000000000000e-02
5.8250818168744444847106933593750000000000000000000000000000000000e-02
5.7119953678920865058898925781250000000000000000000000000000000000e-02
1.6027259640395641326904296875000000000000000000000000000000000000e-02
4.5320746023207902908325195312500000000000000000000000000000000000e-02
9.1479280032217502593994140625000000000000000000000000000000000000e-02
8.7250887881964445114135742187500000000000000000000000000000000000e-03
-7.2701703757047653198242187500000000000000000000000000000000000000e-03
1.2285694968886673450469970703125000000000000000000000000000000000e-01
5.5439968826249241828918457031250000000000000000000000000000000000e-02
-1.1815382819622755050659179687500000000000000000000000000000000000e-01
5.4365967400372028350830078125000000000000000000000000000000000000e-02
2.2340323193930089473724365234375000000000000000000000000000000000e-01
-2.4691507569514214992523193359375000000000000000000000000000000000e-01
-4.2293468909338116645812988281250000000000000000000000000000000000e-01
3.3119773305952548980712890625000000000000000000000000000000000000e-01
2.1004648646339774131774902343750000000000000000000000000000000000e-01
2.1004648646339774131774902343750000000000000000000000000000000000e-01
