-1.0404414542790618725121021270751953125000000000000000000000000000e-03
2.6885457177741045597940683364868164062500000000000000000000000000e-03
4.3991034556256636278703808784484863281250000000000000000000000000e-03
3.1660541226301575079560279846191406250000000000000000000000000000e-03
3.8191951884982699993997812271118164062500000000000000000000000000e-03
3.6468785856413887813687324523925781250000000000000000000000000000e-03
3.6984562368616025196388363838195800781250000000000000000000000000e-03
3.7613688657529564807191491127014160156250000000000000000000000000e-03
3.7636411043422413058578968048095703125000000000000000000000000000e-03
3.8085217504431057022884488105773925781250000000000000000000000000e-03
3.8344533811596193118020892143249511718750000000000000000000000000e-03
3.8632568798675492871552705764770507812500000000000000000000000000e-03
3.8936088212722097523510456085205078125000000000000000000000000000e-03
3.9214241912759462138637900352478027343750000000000000000000000000e-03
3.9497766208569373702630400657653808593750000000000000000000000000e-03
3.9776780133706779452040791511535644531250000000000000000000000000e-03
4.0051247974588477518409490585327148437500000000000000000000000000e-03
4.0323664131847181124612689018249511718750000000000000000000000000e-03
4.0593158664705697447061538696289062500000000000000000000000000000e-03
4.0860171202439232729375362396240234375000000000000000000000000000e-03
4.1125055031443480402231216430664062500000000000000000000000000000e-03
4.1387967160062544280663132667541503906250000000000000000000000000e-03
4.1649156678431609179824590682983398437500000000000000000000000000e-03
4.1908844798399513820186257362365722656250000000000000000000000000e-03
4.2167235794750013155862689018249511718750000000000000000000000000e-03
4.2424529758591233985498547554016113281250000000000000000000000000e-03
4.2680915414621267700567841529846191406250000000000000000000000000e-03
4.2936571444442961364984512329101562500000000000000000000000000000e-03
4.3191666893562796758487820625305175781250000000000000000000000000e-03
4.3446361014503054320812225341796875000000000000000000000000000000e-03
4.3700803200863447273150086402893066406250000000000000000000000000e-03
4.3955133207873586798086762428283691406250000000000000000000000000e-03
4.4209481063717248616740107536315917968750000000000000000000000000e-03
4.4463967126375791849568486213684082031250000000000000000000000000e-03
4.4718701999499899102374911308288574218750000000000000000000000000e-03
4.4973786432365159271284937858581542968750000000000000000000000000e-03
4.5229311208458966575562953948974609375000000000000000000000000000e-03
4.5485356793051323620602488517761230468750000000000000000000000000e-03
4.5741993055798957357183098793029785156250000000000000000000000000e-03
4.5999278661383868893608450889587402343750000000000000000000000000e-03
4.6257260494257934624329209327697753906250000000000000000000000000e-03
4.6515972767338098492473363876342773437500000000000000000000000000e-03
4.6775435898780415300279855728149414062500000000000000000000000000e-03
4.7035655165927892085164785385131835937500000000000000000000000000e-03
4.7296619022745289839804172515869140625000000000000000000000000000e-03
4.7558297080740885576233267784118652343750000000000000000000000000e-03
4.7820637521454045781865715980529785156250000000000000000000000000e-03
4.8083564092848973814398050308227539062500000000000000000000000000e-03
4.8346972396302589913830161094665527343750000000000000000000000000e-03
4.8610725468734017340466380119323730468750000000000000000000000000e-03
4.8874648416585841914638876914978027343750000000000000000000000000e-03
4.9138521912936994340270757675170898437500000000000000000000000000e-03
4.9402074539557361276820302009582519531250000000000000000000000000e-03
4.9664973512335564009845256805419921875000000000000000000000000000e-03
4.9926813471756759099662303924560546875000000000000000000000000000e-03
5.0187103274765831883996725082397460937500000000000000000000000000e-03
5.0445250165012112120166420936584472656250000000000000000000000000e-03
5.0700540573416219558566808700561523437500000000000000000000000000e-03
5.0952117906035709893330931663513183593750000000000000000000000000e-03
5.1198955857216787990182638168334960937500000000000000000000000000e-03
5.1439825103898328961804509162902832031250000000000000000000000000e-03
5.1673259872586640994995832443237304687500000000000000000000000000e-03
5.1897507630656036781147122383117675781250000000000000000000000000e-03
5.2110475455720006721094250679016113281250000000000000000000000000e-03
5.2309693121515010716393589973449707031250000000000000000000000000e-03
5.2492168472326738992705941200256347656250000000000000000000000000e-03
5.2654397466085356427356600761413574218750000000000000000000000000e-03
5.2792245819546224083751440048217773437500000000000000000000000000e-03
5.2900476464401435805484652519226074218750000000000000000000000000e-03
5.2973599390497838612645864486694335937500000000000000000000000000e-03
5.3004089966179890325292944908142089843750000000000000000000000000e-03
5.2982966499257599934935569763183593750000000000000000000000000000e-03
5.2902762561188865220174193382263183593750000000000000000000000000e-03
5.2745092900750023545697331428527832031250000000000000000000000000e-03
5.2502470916806487366557121276855468750000000000000000000000000000e-03
5.2155792229768849210813641548156738281250000000000000000000000000e-03
5.1660355857165995985269546508789062500000000000000000000000000000e-03
5.1052347650966112269088625907897949218750000000000000000000000000e-03
5.0186699652385868830606341361999511718750000000000000000000000000e-03
4.9089286974322021706029772758483886718750000000000000000000000000e-03
4.8025547059751261258497834205627441406250000000000000000000000000e-03
4.7257062849439535057172179222106933593750000000000000000000000000e-03
4.6832547777739819139242172241210937500000000000000000000000000000e-03
4.6582836230300017632544040679931640625000000000000000000000000000e-03
4.6505806242294056573882699012756347656250000000000000000000000000e-03
4.6556748602597508579492568969726562500000000000000000000000000000e-03
4.6698345583990885643288493156433105468750000000000000000000000000e-03
4.6919216606511326972395181655883789062500000000000000000000000000e-03
4.7196700882068398641422390937805175781250000000000000000000000000e-03
4.7518326823592360597103834152221679687500000000000000000000000000e-03
4.7874942606540571432560682296752929687500000000000000000000000000e-03
4.8256777449751098174601793289184570312500000000000000000000000000e-03
4.8657869881481019547209143638610839843750000000000000000000000000e-03
4.9072998876908968668431043624877929687500000000000000000000000000e-03
4.9497669033371494151651859283447265625000000000000000000000000000e-03
4.9928728706163383321836590766906738281250000000000000000000000000e-03
5.0363440825549332657828927040100097656250000000000000000000000000e-03
5.0799599932815908687189221382141113281250000000000000000000000000e-03
5.1235540277048130519688129425048828125000000000000000000000000000e-03
5.1669863094048196217045187950134277343750000000000000000000000000e-03
5.2101464264069363707676529884338378906250000000000000000000000000e-03
5.2529489423704944783821702003479003906250000000000000000000000000e-03
5.2953244978652946883812546730041503906250000000000000000000000000e-03
5.3372193506220355629920959472656250000000000000000000000000000000e-03
5.3785924019393860362470149993896484375000000000000000000000000000e-03
5.4194117756196646951138973236083984375000000000000000000000000000e-03
5.4596538832356600323691964149475097656250000000000000000000000000e-03
5.4993018109144031768664717674255371093750000000000000000000000000e-03
5.5383437927503109676763415336608886718750000000000000000000000000e-03
5.5767724745692248689010739326477050781250000000000000000000000000e-03
5.6145840651424805400893092155456542968750000000000000000000000000e-03
5.6517775781230739085003733634948730468750000000000000000000000000e-03
5.6883543556978111155331134796142578125000000000000000000000000000e-03
5.7243176156589470338076353073120117187500000000000000000000000000e-03
5.7596720525907585397362709045410156250000000000000000000000000000e-03
5.7944235466038662707433104515075683593750000000000000000000000000e-03
5.8285789227738860063254833221435546875000000000000000000000000000e-03
5.8621457303615898126736283302307128906250000000000000000000000000e-03
5.8951320754658809164538979530334472656250000000000000000000000000e-03
5.9275464855090831406414508819580078125000000000000000000000000000e-03
5.9593977912300033494830131530761718750000000000000000000000000000e-03
5.9906950311869877623394131660461425781250000000000000000000000000e-03
6.0214473739961249521002173423767089843750000000000000000000000000e-03
6.0516640573951008263975381851196289062500000000000000000000000000e-03
6.0813543345830112230032682418823242187500000000000000000000000000e-03
6.1105274296551215229555964469909667968750000000000000000000000000e-03
6.1391925075895414920523762702941894531250000000000000000000000000e-03
6.1673586471897579031065106391906738281250000000000000000000000000e-03
6.1950348110713093774393200874328613281250000000000000000000000000e-03
6.2222298395226971479132771492004394531250000000000000000000000000e-03
6.2489524302691279444843530654907226562500000000000000000000000000e-03
6.2752111271038302220404148101806640625000000000000000000000000000e-03
6.3010143194333068095147609710693359375000000000000000000000000000e-03
6.3263702313633984886109828948974609375000000000000000000000000000e-03
6.3512869160149421077221632003784179687500000000000000000000000000e-03
6.3757722607533651171252131462097167968750000000000000000000000000e-03
6.3998339812769700074568390846252441406250000000000000000000000000e-03
6.4234796195705712307244539260864257812500000000000000000000000000e-03
6.4467165509540791390463709831237792968750000000000000000000000000e-03
6.4695519813540158793330192565917968750000000000000000000000000000e-03
6.4919929520783625775948166847229003906250000000000000000000000000e-03
6.5140463400439330143854022026062011718750000000000000000000000000e-03
6.5357188607322314055636525154113769531250000000000000000000000000e-03
6.5570170736464206129312515258789062500000000000000000000000000000e-03
6.5779473841303115477785468101501464843750000000000000000000000000e-03
6.5985160479158366797491908073425292968750000000000000000000000000e-03
6.6187291720325447386130690574645996093750000000000000000000000000e-03
6.6385927214014373021200299263000488281250000000000000000000000000e-03
6.6581125213360792258754372596740722656250000000000000000000000000e-03
6.6772942607258300995454192161560058593750000000000000000000000000e-03
6.6961434974928124574944376945495605468750000000000000000000000000e-03
6.7146656608656485332176089286804199218750000000000000000000000000e-03
6.7328660547900653909891843795776367187500000000000000000000000000e-03
6.7507498615668737329542636871337890625000000000000000000000000000e-03
6.7683221477636834606528282165527343750000000000000000000000000000e-03
6.7855878635327826486900448799133300781250000000000000000000000000e-03
6.8025518492049741325899958610534667968750000000000000000000000000e-03
6.8192188377906859386712312698364257812500000000000000000000000000e-03
6.8355934552073449594900012016296386718750000000000000000000000000e-03
6.8516802296016976470127701759338378906250000000000000000000000000e-03
6.8674835888486995827406644821166992187500000000000000000000000000e-03
6.8830078650989889865741133689880371093750000000000000000000000000e-03
6.8982573004632286028936505317687988281250000000000000000000000000e-03
6.9132360442836215952411293983459472656250000000000000000000000000e-03
6.9279481597277481341734528541564941406250000000000000000000000000e-03
6.9423976271991705289110541343688964843750000000000000000000000000e-03
6.9565883416089491220191121101379394531250000000000000000000000000e-03
6.9705241221527103334665298461914062500000000000000000000000000000e-03
6.9842087093547888798639178276062011718750000000000000000000000000e-03
6.9976457666598435025662183761596679687500000000000000000000000000e-03
7.0108388890730566345155239105224609375000000000000000000000000000e-03
7.0237915981579135404899716377258300781250000000000000000000000000e-03
7.0365073463563021505251526832580566406250000000000000000000000000e-03
7.0489895215359865687787532806396484375000000000000000000000000000e-03
7.0612414472179807489737868309020996093750000000000000000000000000e-03
7.0732663830312958452850580215454101562500000000000000000000000000e-03
7.0850675267593032913282513618469238281250000000000000000000000000e-03
7.0966480184324609581381082534790039062500000000000000000000000000e-03
7.1080109410104341804981231689453125000000000000000000000000000000e-03
7.1191593208368431078270077705383300781250000000000000000000000000e-03
7.1300961280940100550651550292968750000000000000000000000000000000e-03
7.1408242820325540378689765930175781250000000000000000000000000000e-03
7.1513466516535117989405989646911621093750000000000000000000000000e-03
7.1616660525251063518226146697998046875000000000000000000000000000e-03
7.1717852538313309196382761001586914062500000000000000000000000000e-03
7.1817069795088173123076558113098144531250000000000000000000000000e-03
7.1914339025624940404668450355529785156250000000000000000000000000e-03
7.2009686521141702542081475257873535156250000000000000000000000000e-03
7.2103138174952619010582566261291503906250000000000000000000000000e-03
7.2194719414255814626812934875488281250000000000000000000000000000e-03
7.2284455259250535164028406143188476562500000000000000000000000000e-03
7.2372370345874514896422624588012695312500000000000000000000000000e-03
7.2458488893971662037074565887451171875000000000000000000000000000e-03
7.2542834745945583563297986984252929687500000000000000000000000000e-03
7.2625431355390901444479823112487792968750000000000000000000000000e-03
7.2706301828020514221861958503723144531250000000000000000000000000e-03
7.2785468928486807271838188171386718750000000000000000000000000000e-03
7.2862955030359444208443164825439453125000000000000000000000000000e-03
7.2938782195706153288483619689941406250000000000000000000000000000e-03
7.3012972154629096621647477149963378906250000000000000000000000000e-03
7.3085546293896186398342251777648925781250000000000000000000000000e-03
7.3156525697868346469476819038391113281250000000000000000000000000e-03
7.3225931139404565328732132911682128906250000000000000000000000000e-03
7.3293783086683106375858187675476074218750000000000000000000000000e-03
7.3360101712296454934403300285339355468750000000000000000000000000e-03
7.3424906895525055006146430969238281250000000000000000000000000000e-03
7.3488218240527203306555747985839843750000000000000000000000000000e-03
7.3550055069517839001491665840148925781250000000000000000000000000e-03
7.3610436409126123180612921714782714843750000000000000000000000000e-03
7.3669381067702488508075475692749023437500000000000000000000000000e-03
7.3726907571654010098427534103393554687500000000000000000000000000e-03
7.3783034163170668762177228927612304687500000000000000000000000000e-03
7.3837778875258663902059197425842285156250000000000000000000000000e-03
7.3891159483991941669955849647521972656250000000000000000000000000e-03
7.3943193510785931721329689025878906250000000000000000000000000000e-03
7.3993898261051072040572762489318847656250000000000000000000000000e-03
7.4043290806002914905548095703125000000000000000000000000000000000e-03
7.4091387964472232852131128311157226562500000000000000000000000000e-03
7.4138206362022174289450049400329589843750000000000000000000000000e-03
7.4183762405937159201130270957946777343750000000000000000000000000e-03
7.4228072264759248355403542518615722656250000000000000000000000000e-03
7.4271151922857825411483645439147949218750000000000000000000000000e-03
7.4313017139502335339784622192382812500000000000000000000000000000e-03
7.4353683469325915211811661720275878906250000000000000000000000000e-03
7.4393166291883972007781267166137695312500000000000000000000000000e-03
7.4431480763905710773542523384094238281250000000000000000000000000e-03
7.4468641848852712428197264671325683593750000000000000000000000000e-03
7.4504664346477511571720242500305175781250000000000000000000000000e-03
7.4539562847348861396312713623046875000000000000000000000000000000e-03
7.4573351753315364476293325424194335937500000000000000000000000000e-03
7.4606045313885260839015245437622070312500000000000000000000000000e-03
7.4637657571656745858490467071533203125000000000000000000000000000e-03
7.4668202398697758326306939125061035156250000000000000000000000000e-03
7.4697693512462137732654809951782226562500000000000000000000000000e-03
7.4726144439409836195409297943115234375000000000000000000000000000e-03
7.4753568562755390303209424018859863281250000000000000000000000000e-03
7.4779979083814396290108561515808105468750000000000000000000000000e-03
7.4805389031098457053303718566894531250000000000000000000000000000e-03
7.4829811294421233469620347023010253906250000000000000000000000000e-03
7.4853258597613603342324495315551757812500000000000000000000000000e-03
7.4875743509892345173284411430358886718750000000000000000000000000e-03
7.4897278450407611671835184097290039062500000000000000000000000000e-03
7.4917875667779298964887857437133789062500000000000000000000000000e-03
7.4937547276476834667846560478210449218750000000000000000000000000e-03
7.4956305268187861656770110130310058593750000000000000000000000000e-03
7.4974161452701082453131675720214843750000000000000000000000000000e-03
7.4991127501107257558032870292663574218750000000000000000000000000e-03
7.5007214959441625978797674179077148437500000000000000000000000000e-03
7.5022435228220274439081549644470214843750000000000000000000000000e-03
7.5036799560166400624439120292663574218750000000000000000000000000e-03
7.5050319094316364498808979988098144531250000000000000000000000000e-03
7.5063004812818689970299601554870605468750000000000000000000000000e-03
7.5074867568218905944377183914184570312500000000000000000000000000e-03
7.5085918101649440359324216842651367187500000000000000000000000000e-03
7.5096167006449832115322351455688476562500000000000000000000000000e-03
7.5105624753177835373207926750183105468750000000000000000000000000e-03
7.5114301700978103326633572578430175781250000000000000000000000000e-03
7.5122208056654926622286438941955566406250000000000000000000000000e-03
7.5129353929241915466263890266418457031250000000000000000000000000e-03
7.5135749284527264535427093505859375000000000000000000000000000000e-03
7.5141403981433541048318147659301757812500000000000000000000000000e-03
7.5146327760649000992998480796813964843750000000000000000000000000e-03
7.5150530262817483162507414817810058593750000000000000000000000000e-03
7.5154020960326306521892547607421875000000000000000000000000000000e-03
7.5156809275540581438690423965454101562500000000000000000000000000e-03
7.5158904458021424943581223487854003906250000000000000000000000000e-03
7.5160315716402692487463355064392089843750000000000000000000000000e-03
7.5161052047860721359029412269592285156250000000000000000000000000e-03
7.5161122485951636917889118194580078125000000000000000000000000000e-03
7.5160535743634682148694992065429687500000000000000000000000000000e-03
7.5159300731684197671711444854736328125000000000000000000000000000e-03
7.5157425849283754359930753707885742187500000000000000000000000000e-03
7.5154919898068328620865941047668457031250000000000000000000000000e-03
7.5151790947529661934822797775268554687500000000000000000000000000e-03
7.5148047783386573428288102149963378906250000000000000000000000000e-03
7.5143698015835980186238884925842285156250000000000000000000000000e-03
7.5138750539736065547913312911987304687500000000000000000000000000e-03
7.5133212365017243428155779838562011718750000000000000000000000000e-03
7.5127092711682053050026297569274902343750000000000000000000000000e-03
7.5120397766568203223869204521179199218750000000000000000000000000e-03
7.5113137343123526079580187797546386718750000000000000000000000000e-03
7.5105316425378987332805991172790527343750000000000000000000000000e-03
7.5096945918176061240956187248229980468750000000000000000000000000e-03
7.5088029045673465589061379432678222656250000000000000000000000000e-03
7.5078578468037449056282639503479003906250000000000000000000000000e-03
7.5068594808271882357075810432434082031250000000000000000000000000e-03
7.5058093584630114492028951644897460937500000000000000000000000000e-03
7.5047071479730220744386315345764160156250000000000000000000000000e-03
7.5035548438791010994464159011840820312500000000000000000000000000e-03
7.5023515350949310231953859329223632812500000000000000000000000000e-03
7.5010998882589774439111351966857910156250000000000000000000000000e-03
7.4997981314481876324862241744995117187500000000000000000000000000e-03
7.4984499415222671814262866973876953125000000000000000000000000000e-03
7.4970522880448697833344340324401855468750000000000000000000000000e-03
7.4956103296699438942596316337585449218750000000000000000000000000e-03
7.4941192131063871784135699272155761718750000000000000000000000000e-03
7.4925862545569543726742267608642578125000000000000000000000000000e-03
7.4910039802489336580038070678710937500000000000000000000000000000e-03
7.4893828016229235799983143806457519531250000000000000000000000000e-03
7.4877115250728820683434605598449707031250000000000000000000000000e-03
7.4860049467133649159222841262817382812500000000000000000000000000e-03
7.4842466472091473406180739402770996093750000000000000000000000000e-03
7.4824575563070538919419050216674804687500000000000000000000000000e-03
7.4806140053169656312093138694763183593750000000000000000000000000e-03
7.4787454013858223333954811096191406250000000000000000000000000000e-03
7.4768181229956098832190036773681640625000000000000000000000000000e-03
7.4748731565250636776909232139587402343750000000000000000000000000e-03
7.4728633840095426421612501144409179687500000000000000000000000000e-03
7.4708454101255483692511916160583496093750000000000000000000000000e-03
7.4687540304694266524165868759155273437500000000000000000000000000e-03
7.4666666687335236929357051849365234375000000000000000000000000000e-03
7.4644941660153563134372234344482421875000000000000000000000000000e-03
7.4623413652261660899966955184936523437500000000000000000000000000e-03
7.4600877546799893025308847427368164062500000000000000000000000000e-03
7.4578738538093602983281016349792480468750000000000000000000000000e-03
7.4555386197516781976446509361267089843750000000000000000000000000e-03
7.4532684268433513352647423744201660156250000000000000000000000000e-03
7.4508504519599227933213114738464355468750000000000000000000000000e-03
7.4485293021098186727613210678100585937500000000000000000000000000e-03
7.4460268133407225832343101501464843750000000000000000000000000000e-03
7.4436606255403603427112102508544921875000000000000000000000000000e-03
7.4410711429209186462685465812683105468750000000000000000000000000e-03
7.4386664655321510508656501770019531250000000000000000000000000000e-03
7.4359867739985929802060127258300781250000000000000000000000000000e-03
7.4335508049898635363206267356872558593750000000000000000000000000e-03
7.4307769484676100546494126319885253906250000000000000000000000000e-03
7.4283175251821376150473952293395996093750000000000000000000000000e-03
7.4254448340980161447077989578247070312500000000000000000000000000e-03
7.4229703870969387935474514961242675781250000000000000000000000000e-03
7.4199935502292646560817956924438476562500000000000000000000000000e-03
7.4175130134790379088371992111206054687500000000000000000000000000e-03
7.4144261959645518800243735313415527343750000000000000000000000000e-03
7.4119488640462805051356554031372070312500000000000000000000000000e-03
7.4087458815483842045068740844726562500000000000000000000000000000e-03
7.4062812052488879999145865440368652343750000000000000000000000000e-03
7.4029557540598034393042325973510742187500000000000000000000000000e-03
7.4005130852583533851429820060729980468750000000000000000000000000e-03
7.3970590344742959132418036460876464843750000000000000000000000000e-03
7.3946473110027000075206160545349121093750000000000000000000000000e-03
7.3910590438117651501670479774475097656250000000000000000000000000e-03
7.3886864161067933309823274612426757812500000000000000000000000000e-03
7.3849592265560204396024346351623535156250000000000000000000000000e-03
7.3826326531616359716281294822692871093750000000000000000000000000e-03
7.3787631704362866003066301345825195312500000000000000000000000000e-03
7.3764879784903314430266618728637695312500000000000000000000000000e-03
7.3724746143852826207876205444335937500000000000000000000000000000e-03
7.3702540566955576650798320770263671875000000000000000000000000000e-03
7.3660974408085166942328214645385742187500000000000000000000000000e-03
7.3639322724829980870708823204040527343750000000000000000000000000e-03
7.3596356648977234726771712303161621093750000000000000000000000000e-03
7.3575237577188090654090046882629394531250000000000000000000000000e-03
7.3530933993879443733021616935729980468750000000000000000000000000e-03
7.3510294334937498206272721290588378906250000000000000000000000000e-03
7.3464748138576396740972995758056640625000000000000000000000000000e-03
7.3444500646928645437583327293395996093750000000000000000000000000e-03
7.3397840699271910125389695167541503906250000000000000000000000000e-03
7.3377863245696062222123146057128906250000000000000000000000000000e-03
7.3330252641881088493391871452331542968750000000000000000000000000e-03
7.3310388768277334747835993766784667968750000000000000000000000000e-03
7.3262023363440675893798470497131347656250000000000000000000000000e-03
7.3242084533831075532361865043640136718750000000000000000000000000e-03
7.3193190009988029487431049346923828125000000000000000000000000000e-03
7.3172959391740732826292514801025390625000000000000000000000000000e-03
7.3123786617088626371696591377258300781250000000000000000000000000e-03
7.3103024553802242735400795936584472656250000000000000000000000000e-03
7.3053843375419091898947954177856445312500000000000000000000000000e-03
7.3032294299082423094660043716430664062500000000000000000000000000e-03
7.2983385994120908435434103012084960937500000000000000000000000000e-03
7.2960786567364266375079751014709472656250000000000000000000000000e-03
7.2912435252874274738132953643798828125000000000000000000000000000e-03
7.2888523363872081972658634185791015625000000000000000000000000000e-03
7.2841006690396170597523450851440429687500000000000000000000000000e-03
7.2815530920706805773079395294189453125000000000000000000000000000e-03
7.2769110565786832012236118316650390625000000000000000000000000000e-03
7.2741839730952051468193531036376953125000000000000000000000000000e-03
7.2696752076808479614555835723876953125000000000000000000000000000e-03
7.2667484218982281163334846496582031250000000000000000000000000000e-03
7.2623931753241777187213301658630371093750000000000000000000000000e-03
7.2592502160659932997077703475952148437500000000000000000000000000e-03
7.2550646141280594747513532638549804687500000000000000000000000000e-03
7.2516934073973970953375101089477539062500000000000000000000000000e-03
7.2476888610708556370809674263000488281250000000000000000000000000e-03
7.2440822234511870192363858222961425781250000000000000000000000000e-03
7.2402650380354316439479589462280273437500000000000000000000000000e-03
7.2364209672741708345711231231689453125000000000000000000000000000e-03
7.2327921579926623962819576263427734375000000000000000000000000000e-03
7.2287139155378099530935287475585937500000000000000000000000000000e-03
7.2252692332313017686828970909118652343750000000000000000000000000e-03
7.2209652018955239327624440193176269531250000000000000000000000000e-03
7.2176953858615888748317956924438476562500000000000000000000000000e-03
7.2131787267153413267806172370910644531250000000000000000000000000e-03
7.2100699412658286746591329574584960937500000000000000000000000000e-03
7.2053580629471980500966310501098632812500000000000000000000000000e-03
7.2023925126813992392271757125854492187500000000000000000000000000e-03
7.1975063838181085884571075439453125000000000000000000000000000000e-03
7.1946630650927545502781867980957031250000000000000000000000000000e-03
7.1896264166753098834306001663208007812500000000000000000000000000e-03
7.1868819547944440273568034172058105468750000000000000000000000000e-03
7.1817204102444520685821771621704101562500000000000000000000000000e-03
7.1790499541748431511223316192626953125000000000000000000000000000e-03
7.1737901268988935044035315513610839843750000000000000000000000000e-03
7.1711682430759537965059280395507812500000000000000000000000000000e-03
7.1658368617590895155444741249084472656250000000000000000000000000e-03
7.1632383912856312235817313194274902343750000000000000000000000000e-03
7.1578614736154122510924935340881347656250000000000000000000000000e-03
7.1552623144270910415798425674438476562500000000000000000000000000e-03
7.1498644379062170628458261489868164062500000000000000000000000000e-03
7.1472422168881166726350784301757812500000000000000000000000000000e-03
7.1418459058349981205537915229797363281250000000000000000000000000e-03
7.1391805329312774119898676872253417968750000000000000000000000000e-03
7.1338057800858223345130681991577148437500000000000000000000000000e-03
7.1310798496142524527385830879211425781250000000000000000000000000e-03
7.1257437800795742077752947807312011718750000000000000000000000000e-03
7.1229428381229809019714593887329101562500000000000000000000000000e-03
7.1176595217821159167215228080749511718750000000000000000000000000e-03
7.1147721841953170951455831527709960937500000000000000000000000000e-03
7.1095525806867954088374972343444824218750000000000000000000000000e-03
7.1065705299133696826174855232238769531250000000000000000000000000e-03
7.1014225538874597987160086631774902343750000000000000000000000000e-03
7.0983404111757408827543258666992187500000000000000000000000000000e-03
7.0932691085090482374653220176696777343750000000000000000000000000e-03
7.0900842213177384110167622566223144531250000000000000000000000000e-03
7.0850920237717218697071075439453125000000000000000000000000000000e-03
7.0818041783695662161335349082946777343750000000000000000000000000e-03
7.0768912169114628341048955917358398437500000000000000000000000000e-03
7.0735023007273412076756358146667480468750000000000000000000000000e-03
7.0686667559130000881850719451904296875000000000000000000000000000e-03
7.0651803994223882909864187240600585937500000000000000000000000000e-03
7.0604188786091981455683708190917968750000000000000000000000000000e-03
7.0568400799402297707274556159973144531250000000000000000000000000e-03
7.0521479713079315843060612678527832031250000000000000000000000000e-03
7.0484827447216957807540893554687500000000000000000000000000000000e-03
7.0438545744764269329607486724853515625000000000000000000000000000e-03
7.0401096115801919950172305107116699218750000000000000000000000000e-03
7.0355393625050055561587214469909667968750000000000000000000000000e-03
7.0317217314368463121354579925537109375000000000000000000000000000e-03
7.0272031186959793558344244956970214843750000000000000000000000000e-03
7.0233200096936343470588326454162597656250000000000000000000000000e-03
7.0188467245770880253985524177551269531250000000000000000000000000e-03
7.0149052291981206508353352546691894531250000000000000000000000000e-03
7.0104711280691844876855611801147460937500000000000000000000000000e-03
7.0064780722987052286043763160705566406250000000000000000000000000e-03
7.0020773273427039384841918945312500000000000000000000000000000000e-03
6.9980391440367384348064661026000976562500000000000000000000000000e-03
6.9936663517182751093059778213500976562500000000000000000000000000e-03
6.9895889923827780876308679580688476562500000000000000000000000000e-03
6.9852392393841000739485025405883789062500000000000000000000000000e-03
6.9811281211968889692798256874084472656250000000000000000000000000e-03
6.9767970267093915026634931564331054687500000000000000000000000000e-03
6.9726570106922736158594489097595214843750000000000000000000000000e-03
6.9683407380125572672113776206970214843750000000000000000000000000e-03
6.9641761265302193351089954376220703125000000000000000000000000000e-03
6.9598713660070643527433276176452636718750000000000000000000000000e-03
6.9556859284602978732436895370483398437500000000000000000000000000e-03
6.9513898772584070684388279914855957031250000000000000000000000000e-03
6.9471868753225862747058272361755371093750000000000000000000000000e-03
6.9428972017249179771170020103454589843750000000000000000000000000e-03
6.9386794341426138998940587043762207031250000000000000000000000000e-03
6.9343942254818102810531854629516601562500000000000000000000000000e-03
6.9301640794492413988336920738220214843750000000000000000000000000e-03
6.9258818034541036467999219894409179687500000000000000000000000000e-03
6.9216412930472870357334613800048828125000000000000000000000000000e-03
6.9173607432730932487174868583679199218750000000000000000000000000e-03
6.9131115662912634434178471565246582031250000000000000000000000000e-03
6.9088318202830123482272028923034667968750000000000000000000000000e-03
6.9045753994032565969973802566528320312500000000000000000000000000e-03
6.9002957702650746796280145645141601562500000000000000000000000000e-03
6.8960332994265627348795533180236816406250000000000000000000000000e-03
6.8917532973955530906096100807189941406250000000000000000000000000e-03
6.8874857747687201481312513351440429687500000000000000000000000000e-03
6.8832050758373952703550457954406738281250000000000000000000000000e-03
6.8789333417953457683324813842773437500000000000000000000000000000e-03
6.8746517463296186178922653198242187500000000000000000000000000000e-03
6.8703765136888250708580017089843750000000000000000000000000000000e-03
6.8660939325582148740068078041076660156250000000000000000000000000e-03
6.8618158036315435310825705528259277343750000000000000000000000000e-03
6.8575322263768612174317240715026855468750000000000000000000000000e-03
6.8532517236690182471647858619689941406250000000000000000000000000e-03
6.8489672009945934405550360679626464843750000000000000000000000000e-03
6.8446847787981823785230517387390136718750000000000000000000000000e-03
6.8403994150685321073979139328002929687500000000000000000000000000e-03
6.8361154731064743828028440475463867187500000000000000000000000000e-03
6.8318294036089355358853936195373535156250000000000000000000000000e-03
6.8275443013590120244771242141723632812500000000000000000000000000e-03
6.8232576893478835700079798698425292968750000000000000000000000000e-03
6.8189717501354607520624995231628417968750000000000000000000000000e-03
6.8146847768275620182976126670837402343750000000000000000000000000e-03
6.8103983030596282333135604858398437500000000000000000000000000000e-03
6.8061111617225833470001816749572753906250000000000000000000000000e-03
6.8018244301129016093909740447998046875000000000000000000000000000e-03
6.7975373228819080395624041557312011718750000000000000000000000000e-03
6.7932505958196998108178377151489257812500000000000000000000000000e-03
6.7889637305142969125881791114807128906250000000000000000000000000e-03
6.7846772565189894521608948707580566406250000000000000000000000000e-03
6.7803908400492218788713216781616210937500000000000000000000000000e-03
6.7761048578631744021549820899963378906250000000000000000000000000e-03
6.7718191012318129651248455047607421875000000000000000000000000000e-03
6.7675338377739535644650459289550781250000000000000000000000000000e-03
6.7632489465268008643761277198791503906250000000000000000000000000e-03
6.7589646246233314741402864456176757812500000000000000000000000000e-03
6.7546808065799268661066889762878417968750000000000000000000000000e-03
6.7503976392799813766032457351684570312500000000000000000000000000e-03
6.7461150979397643823176622390747070312500000000000000000000000000e-03
6.7418332941997505258768796920776367187500000000000000000000000000e-03
6.7375522280599398072808980941772460937500000000000000000000000000e-03
6.7332719906971760792657732963562011718750000000000000000000000000e-03
6.7289925966633745701983571052551269531250000000000000000000000000e-03
6.7247141223560902290046215057373046875000000000000000000000000000e-03
6.7204365961970324860885739326477050781250000000000000000000000000e-03
6.7161600798044673865661025047302246093750000000000000000000000000e-03
6.7118846079665672732517123222351074218750000000000000000000000000e-03
6.7076102391183667350560426712036132812500000000000000000000000000e-03
6.7033370089575328165665268898010253906250000000000000000000000000e-03
6.6990649702347582206130027770996093750000000000000000000000000000e-03
6.6947941636499308515340089797973632812500000000000000000000000000e-03
6.6905246380883909296244382858276367187500000000000000000000000000e-03
6.6862564344774000346660614013671875000000000000000000000000000000e-03
6.6819895985190669307485222816467285156250000000000000000000000000e-03
6.6777241715954005485400557518005371093750000000000000000000000000e-03
6.6734601991811359766870737075805664062500000000000000000000000000e-03
6.6691977203845453914254903793334960937500000000000000000000000000e-03
6.6649367799982428550720214843750000000000000000000000000000000000e-03
6.6606774196316109737381339073181152343750000000000000000000000000e-03
6.6564196786202955991029739379882812500000000000000000000000000000e-03
6.6521635981189319863915443420410156250000000000000000000000000000e-03
6.6479092204190237680450081825256347656250000000000000000000000000e-03
6.6436565825824800413101911544799804687500000000000000000000000000e-03
6.6394057253091887105256319046020507812500000000000000000000000000e-03
6.6351566897537850309163331985473632812500000000000000000000000000e-03
6.6309095116139360470697283744812011718750000000000000000000000000e-03
6.6266642297705402597784996032714843750000000000000000000000000000e-03
6.6224208837866171961650252342224121093750000000000000000000000000e-03
6.6181795098145812517032027244567871093750000000000000000000000000e-03
6.6139401453710888745263218879699707031250000000000000000000000000e-03
6.6097028277454228373244404792785644531250000000000000000000000000e-03
6.6054675930899975355714559555053710937500000000000000000000000000e-03
6.6012344771024800138548016548156738281250000000000000000000000000e-03
6.5970035154805373167619109153747558593750000000000000000000000000e-03
6.5927747448313311906531453132629394531250000000000000000000000000e-03
6.5885481999430339783430099487304687500000000000000000000000000000e-03
6.5843239137848286191001534461975097656250000000000000000000000000e-03
6.5801019222817558329552412033081054687500000000000000000000000000e-03
6.5758822595398669363930821418762207031250000000000000000000000000e-03
6.5716649580735975177958607673645019531250000000000000000000000000e-03
6.5674500522163725690916180610656738281250000000000000000000000000e-03
6.5632375749373750295490026473999023437500000000000000000000000000e-03
6.5590275580689194612205028533935546875000000000000000000000000000e-03
6.5548200352623098297044634819030761718750000000000000000000000000e-03
6.5506150383498606970533728599548339843750000000000000000000000000e-03
6.5464125977996445726603269577026367187500000000000000000000000000e-03
6.5422127461260970449075102806091308593750000000000000000000000000e-03
6.5380155156162800267338752746582031250000000000000000000000000000e-03
6.5338209353740239748731255531311035156250000000000000000000000000e-03
6.5296290365495224250480532646179199218750000000000000000000000000e-03
6.5254398498382215620949864387512207031250000000000000000000000000e-03
6.5212534045713255181908607482910156250000000000000000000000000000e-03
6.5170697316716541536152362823486328125000000000000000000000000000e-03
6.5128888591061695478856563568115234375000000000000000000000000000e-03
6.5087108157513284822925925254821777343750000000000000000000000000e-03
6.5045356329846981680020689964294433593750000000000000000000000000e-03
6.5003633380911196582019329071044921875000000000000000000000000000e-03
6.4961939581280603306367993354797363281250000000000000000000000000e-03
6.4920275233362190192565321922302246093750000000000000000000000000e-03
6.4878640600909420754760503768920898437500000000000000000000000000e-03
6.4837035956770705524832010269165039062500000000000000000000000000e-03
6.4795461585163138806819915771484375000000000000000000000000000000e-03
6.4753917754387657623738050460815429687500000000000000000000000000e-03
6.4712404737292672507464885711669921875000000000000000000000000000e-03
6.4670922797631646972149610519409179687500000000000000000000000000e-03
6.4629472185515624005347490310668945312500000000000000000000000000e-03
6.4588053176066750893369317054748535156250000000000000000000000000e-03
6.4546666021669807378202676773071289062500000000000000000000000000e-03
6.4505310979257046710699796676635742187500000000000000000000000000e-03
6.4463988319403142668306827545166015625000000000000000000000000000e-03
6.4422698264934297185391187667846679687500000000000000000000000000e-03
6.4381441081877710530534386634826660156250000000000000000000000000e-03
6.4340217027165635954588651657104492187500000000000000000000000000e-03
6.4299026321350538637489080429077148437500000000000000000000000000e-03
6.4257869228185882093384861946105957031250000000000000000000000000e-03
6.4216745986414025537669658660888671875000000000000000000000000000e-03
6.4175656823408644413575530052185058593750000000000000000000000000e-03
6.4134601982459571445360779762268066406250000000000000000000000000e-03
6.4093581695487955585122108459472656250000000000000000000000000000e-03
6.4052596201236156048253178596496582031250000000000000000000000000e-03
6.4011645727077848277986049652099609375000000000000000000000000000e-03
6.3970730498112970963120460510253906250000000000000000000000000000e-03
6.3929850746262673055753111839294433593750000000000000000000000000e-03
6.3889006698900629999116063117980957031250000000000000000000000000e-03
6.3848198576579306973144412040710449218750000000000000000000000000e-03
6.3807426595303695648908615112304687500000000000000000000000000000e-03
6.3766690980173734715208411216735839843750000000000000000000000000e-03
6.3725991947194415843114256858825683593750000000000000000000000000e-03
6.3685329710096993949264287948608398437500000000000000000000000000e-03
6.3644704480338987195864319801330566406250000000000000000000000000e-03
6.3604116476199124008417129516601562500000000000000000000000000000e-03
6.3563565906861185794696211814880371093750000000000000000000000000e-03
6.3523052974687743699178099632263183593750000000000000000000000000e-03
6.3482577895683789392933249473571777343750000000000000000000000000e-03
6.3442140867664420511573553085327148437500000000000000000000000000e-03
6.3401742090718471445143222808837890625000000000000000000000000000e-03
6.3361381776303460355848073959350585937500000000000000000000000000e-03
6.3321060129055695142596960067749023437500000000000000000000000000e-03
6.3280777337695326423272490501403808593750000000000000000000000000e-03
6.3240533595489978324621915817260742187500000000000000000000000000e-03
6.3200329107075958745554089546203613281250000000000000000000000000e-03
6.3160164063447155058383941650390625000000000000000000000000000000e-03
6.3120038653323717880994081497192382812500000000000000000000000000e-03
6.3079953079068218357861042022705078125000000000000000000000000000e-03
6.3039907522579596843570470809936523437500000000000000000000000000e-03
6.2999902172578003956004977226257324218750000000000000000000000000e-03
6.2959937213236116804182529449462890625000000000000000000000000000e-03
6.2920012828726612497121095657348632812500000000000000000000000000e-03
6.2880129219138325424864888191223144531250000000000000000000000000e-03
6.2840286550454038660973310470581054687500000000000000000000000000e-03
6.2800485002298955805599689483642578125000000000000000000000000000e-03
6.2760724770214437739923596382141113281250000000000000000000000000e-03
6.2721006015635794028639793395996093750000000000000000000000000000e-03
6.2681328920461965026333928108215332031250000000000000000000000000e-03
6.2641693680234311614185571670532226562500000000000000000000000000e-03
6.2602100435924512566998600959777832031250000000000000000000000000e-03
6.2562549380800192011520266532897949218750000000000000000000000000e-03
6.2523040699034027056768536567687988281250000000000000000000000000e-03
6.2483574533871433231979608535766601562500000000000000000000000000e-03
6.2444151067211350891739130020141601562500000000000000000000000000e-03
6.2404770476405246881768107414245605468750000000000000000000000000e-03
6.2365432922888430766761302947998046875000000000000000000000000000e-03
6.2326138568096212111413478851318359375000000000000000000000000000e-03
6.2286887584832584252581000328063964843750000000000000000000000000e-03
6.2247680132259120000526309013366699218750000000000000000000000000e-03
6.2208516378632339183241128921508789062500000000000000000000000000e-03
6.2169396480840077856555581092834472656250000000000000000000000000e-03
6.2130320598043908830732107162475585937500000000000000000000000000e-03
6.2091288896226615179330110549926757812500000000000000000000000000e-03
6.2052301532276032958179712295532226562500000000000000000000000000e-03
6.2013358665353734977543354034423828125000000000000000000000000000e-03
6.1974460440978873521089553833007812500000000000000000000000000000e-03
6.1935607031955441925674676895141601562500000000000000000000000000e-03
6.1896798590623802738264203071594238281250000000000000000000000000e-03
6.1858035257955634733662009239196777343750000000000000000000000000e-03
6.1819317202207457739859819412231445312500000000000000000000000000e-03
6.1780644568898424040526151657104492187500000000000000000000000000e-03
6.1742017499000212410464882850646972656250000000000000000000000000e-03
6.1703436163043079432100057601928710937500000000000000000000000000e-03
6.1664900704272440634667873382568359375000000000000000000000000000e-03
6.1626411254565027775242924690246582031250000000000000000000000000e-03
6.1587967975356150418519973754882812500000000000000000000000000000e-03
6.1549571018986171111464500427246093750000000000000000000000000000e-03
6.1511220521879295120015740394592285156250000000000000000000000000e-03
6.1472916629554674727842211723327636718750000000000000000000000000e-03
6.1434659492078935727477073669433593750000000000000000000000000000e-03
6.1396449252697493648156523704528808593750000000000000000000000000e-03
6.1358286052382027264684438705444335937500000000000000000000000000e-03
6.1320170034377952106297016143798828125000000000000000000000000000e-03
6.1282101330561999930068850517272949218750000000000000000000000000e-03
6.1244080081905849510803818702697753906250000000000000000000000000e-03
6.1206106454392283922061324119567871093750000000000000000000000000e-03
6.1168180561708140885457396507263183593750000000000000000000000000e-03
6.1130302538003888912498950958251953125000000000000000000000000000e-03
6.1092472558357258094474673271179199218750000000000000000000000000e-03
6.1054690715991455363109707832336425781250000000000000000000000000e-03
6.1016957147330685984343290328979492187500000000000000000000000000e-03
6.0979272047916310839354991912841796875000000000000000000000000000e-03
6.0941635485960432561114430427551269531250000000000000000000000000e-03
6.0904047602434729924425482749938964843750000000000000000000000000e-03
6.0866508601975510828197002410888671875000000000000000000000000000e-03
6.0829018525510036852210760116577148437500000000000000000000000000e-03
6.0791577532199880806729197502136230468750000000000000000000000000e-03
6.0754185833502560853958129882812500000000000000000000000000000000e-03
6.0716843433965550502762198448181152343750000000000000000000000000e-03
6.0679550531403947388753294944763183593750000000000000000000000000e-03
6.0642307328180322656407952308654785156250000000000000000000000000e-03
6.0605113771998730953782796859741210937500000000000000000000000000e-03
6.0567970128886372549459338188171386718750000000000000000000000000e-03
6.0530876592110871570184826850891113281250000000000000000000000000e-03
6.0493833045711653539910912513732910156250000000000000000000000000e-03
6.0456839830749231623485684394836425781250000000000000000000000000e-03
6.0419897120027599157765507698059082031250000000000000000000000000e-03
6.0383004715731658507138490676879882812500000000000000000000000000e-03
6.0346163090798654593527317047119140625000000000000000000000000000e-03
6.0309372358915425138548016548156738281250000000000000000000000000e-03
6.0272632222222455311566591262817382812500000000000000000000000000e-03
6.0235943335555930389091372489929199218750000000000000000000000000e-03
6.0199305708010797388851642608642578125000000000000000000000000000e-03
6.0162718946230597794055938720703125000000000000000000000000000000e-03
6.0126183941520139342173933982849121093750000000000000000000000000e-03
6.0089700546086532995104789733886718750000000000000000000000000000e-03
6.0053268248339009005576372146606445312500000000000000000000000000e-03
6.0016888273821678012609481811523437500000000000000000000000000000e-03
5.9980560215535660972818732261657714843750000000000000000000000000e-03
5.9944283448203350417315959930419921875000000000000000000000000000e-03
5.9908059656663681380450725555419921875000000000000000000000000000e-03
5.9871888036013842793181538581848144531250000000000000000000000000e-03
5.9835767854110599728301167488098144531250000000000000000000000000e-03
5.9799701386964443372562527656555175781250000000000000000000000000e-03
5.9763687270333321066573262214660644531250000000000000000000000000e-03
5.9727724719778052531182765960693359375000000000000000000000000000e-03
5.9691816757094784406945109367370605468750000000000000000000000000e-03
5.9655961185853811912238597869873046875000000000000000000000000000e-03
5.9620157273911900119855999946594238281250000000000000000000000000e-03
5.9584409025319473585113883018493652343750000000000000000000000000e-03
5.9548713029471400659531354904174804687500000000000000000000000000e-03
5.9513068747492070542648434638977050781250000000000000000000000000e-03
5.9477481431713385973125696182250976562500000000000000000000000000e-03
5.9441945998059964040294289588928222656250000000000000000000000000e-03
5.9406462316928809741511940956115722656250000000000000000000000000e-03
5.9371037216351396637037396430969238281250000000000000000000000000e-03
5.9335663295314589049667119979858398437500000000000000000000000000e-03
5.9300341135894996114075183868408203125000000000000000000000000000e-03
5.9265079596571013098582625389099121093750000000000000000000000000e-03
5.9229868090824311366304755210876464843750000000000000000000000000e-03
5.9194708355789771303534507751464843750000000000000000000000000000e-03
5.9159611819268320687115192413330078125000000000000000000000000000e-03
5.9124563540535746142268180847167968750000000000000000000000000000e-03
5.9089567068895121337845921516418457031250000000000000000000000000e-03
5.9054637115423247450962662696838378906250000000000000000000000000e-03
5.9019752784479351248592138290405273437500000000000000000000000000e-03
5.8984920360671821981668472290039062500000000000000000000000000000e-03
5.8950158754669246263802051544189453125000000000000000000000000000e-03
5.8915438933127006748691201210021972656250000000000000000000000000e-03
5.8880771273379650665447115898132324218750000000000000000000000000e-03
5.8846180031650874298065900802612304687500000000000000000000000000e-03
5.8811625058297067880630493164062500000000000000000000000000000000e-03
5.8777122812898596748709678649902343750000000000000000000000000000e-03
5.8742704320593475131317973136901855468750000000000000000000000000e-03
5.8708314211344259092584252357482910156250000000000000000000000000e-03
5.8673977923717757221311330795288085937500000000000000000000000000e-03
5.8639735043470864184200763702392578125000000000000000000000000000e-03
5.8605509382232412463054060935974121093750000000000000000000000000e-03
5.8571339511672704247757792472839355468750000000000000000000000000e-03
5.8537275758681062143296003341674804687500000000000000000000000000e-03
5.8503213526819308754056692123413085937500000000000000000000000000e-03
5.8469210409839433850720524787902832031250000000000000000000000000e-03
5.8435330083739245310425758361816406250000000000000000000000000000e-03
5.8401429537298099603503942489624023437500000000000000000000000000e-03
5.8367593469483836088329553604125976562500000000000000000000000000e-03
5.8333901702098955865949392318725585937500000000000000000000000000e-03
5.8300160162616521120071411132812500000000000000000000000000000000e-03
5.8266491682843479793518781661987304687500000000000000000000000000e-03
5.8232994401805626694113016128540039062500000000000000000000000000e-03
5.8199407756092114141210913658142089843750000000000000000000000000e-03
5.8165908340015448629856109619140625000000000000000000000000000000e-03
5.8132612368808622704818844795227050781250000000000000000000000000e-03
5.8099173868413345189765095710754394531250000000000000000000000000e-03
5.8065846801582665648311376571655273437500000000000000000000000000e-03
5.8032760875903477426618337631225585937500000000000000000000000000e-03
5.7999459138500242261216044425964355468750000000000000000000000000e-03
5.7966309507264668354764580726623535156250000000000000000000000000e-03
5.7933447085360967321321368217468261718750000000000000000000000000e-03
5.7900264469026296865195035934448242187500000000000000000000000000e-03
5.7867296015956526389345526695251464843750000000000000000000000000e-03
5.7834679334973770892247557640075683593750000000000000000000000000e-03
5.7801594782631582347676157951354980468750000000000000000000000000e-03
5.7768801887050358345732092857360839843750000000000000000000000000e-03
5.7736461462809529621154069900512695312500000000000000000000000000e-03
5.7703464401583914877846837043762207031250000000000000000000000000e-03
5.7670824517117580398917198181152343750000000000000000000000000000e-03
5.7638780044726445339620113372802734375000000000000000000000000000e-03
5.7605896322456828784197568893432617187500000000000000000000000000e-03
5.7573384374336455948650836944580078125000000000000000000000000000e-03
5.7541591538665670668706297874450683593750000000000000000000000000e-03
5.7508896527451724978163838386535644531250000000000000000000000000e-03
5.7476561173643858637660741806030273437500000000000000000000000000e-03
5.7444841820597503101453185081481933593750000000000000000000000000e-03
5.7412383841892733471468091011047363281250000000000000000000000000e-03
5.7380502967134816572070121765136718750000000000000000000000000000e-03
5.7348578848177567124366760253906250000000000000000000000000000000e-03
5.7316102827371651073917746543884277343750000000000000000000000000e-03
5.7285291791231429670006036758422851562500000000000000000000000000e-03
5.7253192130701791029423475265502929687500000000000000000000000000e-03
5.7219679674744838848710060119628906250000000000000000000000000000e-03
5.7190513271052623167634010314941406250000000000000000000000000000e-03
5.7159611940278409747406840324401855468750000000000000000000000000e-03
5.7123175051856378559023141860961914062500000000000000000000000000e-03
5.7094609842351928818970918655395507812500000000000000000000000000e-03
5.7068779344717768253758549690246582031250000000000000000000000000e-03
5.7028419089419912779703736305236816406250000000000000000000000000e-03
5.6995043460119632072746753692626953125000000000000000000000000000e-03
5.6979241144290426746010780334472656250000000000000000000000000000e-03
5.6940188474072783719748258590698242187500000000000000000000000000e-03
5.6891479493970109615474939346313476562500000000000000000000000000e-03
5.6882794212924636667594313621520996093750000000000000000000000000e-03
5.6864196603783057071268558502197265625000000000000000000000000000e-03
5.6793957237459835596382617950439453125000000000000000000000000000e-03
5.6760834179385710740461945533752441406250000000000000000000000000e-03
5.6795306381900445558130741119384765625000000000000000000000000000e-03
5.6734893587417900562286376953125000000000000000000000000000000000e-03
5.6595644027765956707298755645751953125000000000000000000000000000e-03
5.6686724849441816331818699836730957031250000000000000000000000000e-03
5.6752070472612103912979364395141601562500000000000000000000000000e-03
5.6418114272673847153782844543457031250000000000000000000000000000e-03
5.6445654270191880641505122184753417968750000000000000000000000000e-03
5.6772409989207517355680465698242187500000000000000000000000000000e-03
5.6319123762023082235828042030334472656250000000000000000000000000e-03
5.5922301553437137044966220855712890625000000000000000000000000000e-03
5.6458344702150498051196336746215820312500000000000000000000000000e-03
5.6408104615002230275422334671020507812500000000000000000000000000e-03
5.4676514350830984767526388168334960937500000000000000000000000000e-03
5.4231996646194602362811565399169921875000000000000000000000000000e-03
5.5808525478369119809940457344055175781250000000000000000000000000e-03
5.6581909893793636001646518707275390625000000000000000000000000000e-03
