2.9940896206619513897351225750753656029701232910156250000000000000e+00
2.9867717479865669716332376992795616388320922851562500000000000000e+00
2.9794964779558927858715833281166851520538330078125000000000000000e+00
2.9722178107798087332014347339281812310218811035156250000000000000e+00
2.9650046190762169295851435890654101967811584472656250000000000000e+00
2.9578082520121866672013766219606623053550720214843750000000000000e+00
2.9506511390952270268428492272505536675453186035156250000000000000e+00
2.9435278086258525043206191185163334012031555175781250000000000000e+00
2.9364356998878151649989831639686599373817443847656250000000000000e+00
2.9293782351717854162131970952032133936882019042968750000000000000e+00
2.9223527326205882559406745713204145431518554687500000000000000000e+00
2.9153599689392892813089019909966737031936645507812500000000000000e+00
2.9083996332514829852300408674636855721473693847656250000000000000e+00
2.9014713059770245173751845868537202477455139160156250000000000000e+00
2.8945749467252017694818277959711849689483642578125000000000000000e+00
2.8877102813259223346165072143776342272758483886718750000000000000e+00
2.8808771014865000026361485652159899473190307617187500000000000000e+00
2.8740752156320912291675995220430195331573486328125000000000000000e+00
2.8673044117982078304862625373061746358871459960937500000000000000e+00
2.8605644894955513102274835546268150210380554199218750000000000000e+00
2.8538552494154867389397622901014983654022216796875000000000000000e+00
2.8471764927793752342211064387811347842216491699218750000000000000e+00
2.8405280234377774384313397604273632168769836425781250000000000000e+00
2.8339096468738653733510091115022078156471252441406250000000000000e+00
2.8273211702711225079553969408152624964714050292968750000000000000e+00
2.8207624025681612422999933187384158372879028320312500000000000000e+00
2.8142331543609082622481309954309836030006408691406250000000000000e+00
2.8077332378777550836446152970893308520317077636718750000000000000e+00
2.8012624669449737169202307995874434709548950195312500000000000000e+00
2.7948206569515638975076399219688028097152709960937500000000000000e+00
2.7884076248139337828035877464571967720985412597656250000000000000e+00
2.7820231889459003937759007385466247797012329101562500000000000000e+00
2.7756671692262320227939653705107048153877258300781250000000000000e+00
2.7693393869690567932195790490368381142616271972656250000000000000e+00
2.7630396648942059378839530836557969450950622558593750000000000000e+00
2.7567678270976165855188355635618790984153747558593750000000000000e+00
2.7505236990232151406132743431953713297843933105468750000000000000e+00
2.7443071074325109393043931049760431051254272460937500000000000000e+00
2.7381178803757784123718010960146784782409667968750000000000000000e+00
2.7319558471590195125600075698457658290863037109375000000000000000e+00
2.7258208383122455309433007641928270459175109863281250000000000000e+00
2.7197126855532229861012183391721919178962707519531250000000000000e+00
2.7136312217475340169414721458451822400093078613281250000000000000e+00
2.7075762808646697266112823854200541973114013671875000000000000000e+00
2.7015476979285479863790442323079332709312438964843750000000000000e+00
2.6955453089617522621779244218487292528152465820312500000000000000e+00
2.6895689509180149556755168305244296789169311523437500000000000000e+00
2.6836184616066116603860791656188666820526123046875000000000000000e+00
2.6776936796015724517872058640932664275169372558593750000000000000e+00
2.6717944441354140039379672089125961065292358398437500000000000000e+00
2.6659205949716837658058921078918501734733581542968750000000000000e+00
2.6600719722514880594133046542992815375328063964843750000000000000e+00
2.6542484163128072793824685504660010337829589843750000000000000000e+00
2.6484497674710736347947204194497317075729370117187500000000000000e+00
2.6426758657525981632829825684893876314163208007812500000000000000e+00
2.6369265505775190128190388350049033761024475097656250000000000000e+00
2.6312016603760914890131061838474124670028686523437500000000000000e+00
2.6255010321170790810185735608683899044990539550781250000000000000e+00
2.6198245007557319219415603583911433815956115722656250000000000000e+00
2.6141718985565445265706330246757715940475463867187500000000000000e+00
2.6085430542419287824884577275952324271202087402343750000000000000e+00
2.6029377921180607557971597998403012752532958984375000000000000000e+00
2.5973559307310694066472933627665042877197265625000000000000000000e+00
2.5917972814528074110285160713829100131988525390625000000000000000e+00
2.5862616474034751945509924553334712982177734375000000000000000000e+00
2.5807488195107586292920132109429687261581420898437500000000000000e+00
2.5752585768031273083522592060035094618797302246093750000000000000e+00
2.5697906826846277361653392290463671088218688964843750000000000000e+00
2.5643448723138733136295286385575309395790100097656250000000000000e+00
2.5589208756658750054668871598551049828529357910156250000000000000e+00
2.5535183665069220992904774902854114770889282226562500000000000000e+00
2.5481369816279100248834765807259827852249145507812500000000000000e+00
2.5427763991844218871563043649075552821159362792968750000000000000e+00
2.5374359874628433786369896552059799432754516601562500000000000000e+00
2.5321154359836874903066927799955010414123535156250000000000000000e+00
2.5268140800780551913362614868674427270889282226562500000000000000e+00
2.5215305366930915731416007474763318896293640136718750000000000000e+00
2.5162657749063686019042052066652104258537292480468750000000000000e+00
2.5110153938503678716642752988263964653015136718750000000000000000e+00
2.5057802031678795273705873114522546529769897460937500000000000000e+00
2.5005676767685676153973872715141624212265014648437500000000000000e+00
2.4953842173578442142911626433487981557846069335937500000000000000e+00
2.4902299662287035175722849089652299880981445312500000000000000000e+00
2.4850995576615373394702146470081061124801635742187500000000000000e+00
2.4799935199283456022101290727732703089714050292968750000000000000e+00
2.4749108731875755218254653300391510128974914550781250000000000000e+00
2.4698505612703920419903624861035495996475219726562500000000000000e+00
2.4648124048982835709864502860000357031822204589843750000000000000e+00
2.4597957469178046707725115993525832891464233398437500000000000000e+00
2.4548002048438064548463444225490093231201171875000000000000000000e+00
2.4498254920081352636884730600286275148391723632812500000000000000e+00
2.4448712564220280718529920704895630478858947753906250000000000000e+00
2.4399372553625369164365110918879508972167968750000000000000000000e+00
2.4350232575590542438703778316266834735870361328125000000000000000e+00
2.4301290393257617417077653954038396477699279785156250000000000000e+00
2.4252544146885317566386675025569275021553039550781250000000000000e+00
2.4203992045447395575763493980048224329948425292968750000000000000e+00
2.4155632413032592786805707874009385704994201660156250000000000000e+00
2.4107463722581257137278498703381046652793884277343750000000000000e+00
2.4059484506176933571452991600381210446357727050781250000000000000e+00
2.4011693371735147728429637936642393469810485839843750000000000000e+00
2.3964088998881925007822246698196977376937866210937500000000000000e+00
2.3916670110975122298668793519027531147003173828125000000000000000e+00
2.3869435477665637002075982309179380536079406738281250000000000000e+00
2.3822383909197242246591486036777496337890625000000000000000000000e+00
2.3775514246259943362815647560637444257736206054687500000000000000e+00
2.3728825358867875472412833914859220385551452636718750000000000000e+00
2.3682316142756381083245287300087511539459228515625000000000000000e+00
2.3635985515035287107821204699575901031494140625000000000000000000e+00
2.3589832412664568650484397949185222387313842773437500000000000000e+00
2.3543855790396186478119489038363099098205566406250000000000000000e+00
2.3498054618630064283024694304913282394409179687500000000000000000e+00
2.3452427882234574418873762624571099877357482910156250000000000000e+00
2.3406974579358674759532732423394918441772460937500000000000000000e+00
2.3361693720267702190085401525720953941345214843750000000000000000e+00
2.3316584326532017179545164253795519471168518066406250000000000000e+00
2.3271645430332545956275680509861558675765991210937500000000000000e+00
2.3226876073770394981465869932435452938079833984375000000000000000e+00
2.3182275308342017439144910895265638828277587890625000000000000000e+00
2.3137842194498063896901385305682197213172912597656250000000000000e+00
2.3093575801227199661980193923227488994598388671875000000000000000e+00
2.3049475205710301395356509601697325706481933593750000000000000000e+00
2.3005539493024400599097134545445442199707031250000000000000000000e+00
2.2961767755884472386185279901837930083274841308593750000000000000e+00
2.2918159094406305165136927826097235083580017089843750000000000000e+00
2.2874712615899754908355134830344468355178833007812500000000000000e+00
2.2831427434700595213712404074613004922866821289062500000000000000e+00
2.2788302672004454585419352952158078551292419433593750000000000000e+00
2.2745337455703453777289269055472686886787414550781250000000000000e+00
2.2702530920288999105594029970234259963035583496093750000000000000e+00
2.2659882206706685181529792316723614931106567382812500000000000000e+00
2.2617390462250219762552205793326720595359802246093750000000000000e+00
2.2575054840481421081221924396231770515441894531250000000000000000e+00
2.2532874501120923049768407508963719010353088378906250000000000000e+00
2.2490848609955156334194725786801427602767944335937500000000000000e+00
2.2448976338780770589664825820364058017730712890625000000000000000e+00
2.2407256865314097993291397870052605867385864257812500000000000000e+00
2.2365689373109796100891344394767656922340393066406250000000000000e+00
2.2324273051515768351293900195742025971412658691406250000000000000e+00
2.2283007095596181201813124062027782201766967773437500000000000000e+00
2.2241890706076272721247732988558709621429443359375000000000000000e+00
2.2200923089275219624028068210463970899581909179687500000000000000e+00
2.2160103457053383912978006264893338084220886230468750000000000000e+00
2.2119431026762450542832993960473686456680297851562500000000000000e+00
2.2078905021185217805168576887808740139007568359375000000000000000e+00
2.2038524668493608693609075999120250344276428222656250000000000000e+00
2.1998289202184722057609178591519594192504882812500000000000000000e+00
2.1958197861042636489514734421391040086746215820312500000000000000e+00
2.1918249889088339266152161144418641924858093261718750000000000000e+00
2.1878444535529681935770440759370103478431701660156250000000000000e+00
2.1838781054722038454940502560930326581001281738281250000000000000e+00
2.1799258706118296302634007588494569063186645507812500000000000000e+00
2.1759876754225966344336029578698799014091491699218750000000000000e+00
2.1720634468561277330422853992786258459091186523437500000000000000e+00
2.1681531123615798151149647310376167297363281250000000000000000000e+00
2.1642565998801646109939156303880736231803894042968750000000000000e+00
2.1603738378418975152328584954375401139259338378906250000000000000e+00
2.1565047551613063525621782900998368859291076660156250000000000000e+00
2.1526492812325428438668950548162683844566345214843750000000000000e+00
2.1488073459272807319564435601932927966117858886718750000000000000e+00
2.1449788795889168646624511893605813384056091308593750000000000000e+00
2.1411638130294363691064063459634780883789062500000000000000000000e+00
2.1373620775263062476767572661628946661949157714843750000000000000e+00
2.1335736048168874035013686807360500097274780273437500000000000000e+00
2.1297983270959672807975948671810328960418701171875000000000000000e+00
2.1260361770122506719360444549238309264183044433593750000000000000e+00
2.1222870876630324232792190741747617721557617187500000000000000000e+00
2.1185509925929899566199310356751084327697753906250000000000000000e+00
2.1148278257887560549477257154649123549461364746093750000000000000e+00
2.1111175216748963023860596877057105302810668945312500000000000000e+00
2.1074200151129036662212001829175278544425964355468750000000000000e+00
2.1037352413950118901198038656730204820632934570312500000000000000e+00
2.1000631362414479141875744971912354230880737304687500000000000000e+00
2.0964036357981723490695458167465403676033020019531250000000000000e+00
2.0927566766325313984964395785937085747718811035156250000000000000e+00
2.0891221957295185163161477248650044202804565429687500000000000000e+00
2.0855001304885960600188354874262586236000061035156250000000000000e+00
2.0818904187211741962926225824048742651939392089843750000000000000e+00
2.0782929986466727179106328549096360802650451660156250000000000000e+00
2.0747078088892201286341787636047229170799255371093750000000000000e+00
2.0711347884739996771941150655038654804229736328125000000000000000e+00
2.0675738768250333521336870035156607627868652343750000000000000000e+00
2.0640250137621101167439974233275279402732849121093750000000000000e+00
2.0604881394957850204718852182850241661071777343750000000000000000e+00
2.0569631946263133848162851791130378842353820800781250000000000000e+00
2.0534501201405510606434745568549260497093200683593750000000000000e+00
2.0499488574063420287529879715293645858764648437500000000000000000e+00
2.0464593481717301415301335509866476058959960937500000000000000000e+00
2.0429815345627138079009910143213346600532531738281250000000000000e+00
2.0395153590775518814837141690077260136604309082031250000000000000e+00
2.0360607645856201308731669996632263064384460449218750000000000000e+00
2.0326176943247222794752815389074385166168212890625000000000000000e+00
2.0291860918968653848537542216945439577102661132812500000000000000e+00
2.0257659012662387887360182503471150994300842285156250000000000000e+00
2.0223570667557875246700405114097520709037780761718750000000000000e+00
2.0189595330452982935298678057733923196792602539062500000000000000e+00
2.0155732451684702510874558356590569019317626953125000000000000000e+00
2.0121981485086366525649737013736739754676818847656250000000000000e+00
2.0088341887977976263357504649320617318153381347656250000000000000e+00
2.0054813121130803388325603009434416890144348144531250000000000000e+00
2.0021394648737698140905649779597297310829162597656250000000000000e+00
1.9988085938392901041993354738224297761917114257812500000000000000e+00
1.9954886461061596136801199463661760091781616210937500000000000000e+00
1.9921795691053885146715174414566718041896820068359375000000000000e+00
1.9888813105999372243815059846383519470691680908203125000000000000e+00
1.9855938186818984370063390088034793734550476074218750000000000000e+00
1.9823170417703577239620926775387488305568695068359375000000000000e+00
1.9790509286084703166608278479543514549732208251953125000000000000e+00
1.9757954282603045204069758256082423031330108642578125000000000000e+00
1.9725504901105479493850225480855442583560943603515625000000000000e+00
1.9693160638598865563864137584459967911243438720703125000000000000e+00
1.9660920995222861407114578469190746545791625976562500000000000000e+00
1.9628785474248919840078997367527335882186889648437500000000000000e+00
1.9596753582037256258274737774627283215522766113281250000000000000e+00
1.9564824828011924129356202683993615210056304931640625000000000000e+00
1.9532998724652228528242403626791201531887054443359375000000000000e+00
1.9501274787457349990660304683842696249485015869140625000000000000e+00
1.9469652534915948827176634949864819645881652832031250000000000000e+00
1.9438131488504883925827471102820709347724914550781250000000000000e+00
1.9406711172653221542105939079192467033863067626953125000000000000e+00
1.9375391114710374118601521331584081053733825683593750000000000000e+00
1.9344170844945094422939746436895802617073059082031250000000000000e+00
1.9313049896506859770539676901535131037235260009765625000000000000e+00
1.9282027805405199671895388746634125709533691406250000000000000000e+00
1.9251104110499726029814837602316401898860931396484375000000000000e+00
1.9220278353464508303005686684628017246723175048828125000000000000e+00
1.9189550078770345464818092295899987220764160156250000000000000000e+00
1.9158918833672691217628880622214637696743011474609375000000000000e+00
1.9128384168177792190590480458922684192657470703125000000000000000e+00
1.9097945635025628252634533055243082344532012939453125000000000000e+00
1.9067602789677799979273231656407006084918975830078125000000000000e+00
1.9037355190282694294978682592045515775680541992187500000000000000e+00
1.9007202397663940374172852898482233285903930664062500000000000000e+00
1.8977143975302814826733310837880708277225494384765625000000000000e+00
1.8947179489308654254386965476442128419876098632812500000000000000e+00
1.8917308508411967427065292213228531181812286376953125000000000000e+00
1.8887530603930868799977815797319635748863220214843750000000000000e+00
1.8857845349756681141428771297796629369258880615234375000000000000e+00
1.8828252322341418878437480088905431330204010009765625000000000000e+00
1.8798751100671087232996114835259504616260528564453125000000000000e+00
1.8769341266249812694155707504251040518283843994140625000000000000e+00
1.8740022403079368285006012229132466018199920654296875000000000000e+00
1.8710794097638525634863526647677645087242126464843750000000000000e+00
1.8681655938870729283252103414270095527172088623046875000000000000e+00
1.8652607518168933253832619811873883008956909179687500000000000000e+00
1.8623648429341772558842649232246913015842437744140625000000000000e+00
1.8594778268606073634572339869919233024120330810546875000000000000e+00
1.8565996634571293455451268528122454881668090820312500000000000000e+00
1.8537303128219138059762371995020657777786254882812500000000000000e+00
1.8508697352882059750101007011835463345050811767578125000000000000e+00
1.8480178914235196874216171636362560093402862548828125000000000000e+00
1.8451747420268003185839233992737717926502227783203125000000000000e+00
1.8423402481272170838622059818590059876441955566406250000000000000e+00
1.8395143709832884049149015481816604733467102050781250000000000000e+00
1.8366970720798234673054594168206676840782165527343750000000000000e+00
1.8338883131270187210049016357515938580036163330078125000000000000e+00
1.8310880560592113219797738565830513834953308105468750000000000000e+00
1.8282962630319268271250621182844042778015136718750000000000000000e+00
1.8255128964217199882824615997378714382648468017578125000000000000e+00
1.8227379188235393048245214231428690254688262939453125000000000000e+00
1.8199712930496967366877925087464973330497741699218750000000000000e+00
1.8172129821282640982360589987365528941154479980468750000000000000e+00
1.8144629493019175381363083943142555654048919677734375000000000000e+00
1.8117211580245029534097511714207939803600311279296875000000000000e+00
1.8089875719623642602584823180222883820533752441406250000000000000e+00
1.8062621549901853867936551978345960378646850585937500000000000000e+00
1.8035448711920583075851709509151987731456756591796875000000000000e+00
1.8008356848566116070742282317951321601867675781250000000000000000e+00
1.7981345604803149473838175254059024155139923095703125000000000000e+00
1.7954414627590700170856052864110097289085388183593750000000000000e+00
1.7927563565971043058056011432199738919734954833984375000000000000e+00
1.7900792070909419262392248128890059888362884521484375000000000000e+00
1.7874099795468829654510045656934380531311035156250000000000000000e+00
1.7847486394563127909407285187626257538795471191406250000000000000e+00
1.7820951525234571821698636995279230177402496337890625000000000000e+00
1.7794494846261059706193918827921152114868164062500000000000000000e+00
1.7768116018635617958665307014598511159420013427734375000000000000e+00
1.7741814704915430667142572929151356220245361328125000000000000000e+00
1.7715590570030945727353355323430150747299194335937500000000000000e+00
1.7689443280223515753135643535642884671688079833984375000000000000e+00
1.7663372504355390191221886198036372661590576171875000000000000000e+00
1.7637377912222640397033046610886231064796447753906250000000000000e+00
1.7611459176664079340213220348232425749301910400390625000000000000e+00
1.7585615970873333946400407512555830180644989013671875000000000000e+00
1.7559847971735518257219155202619731426239013671875000000000000000e+00
1.7534154855630921243658804087317548692226409912109375000000000000e+00
1.7508536303651895948974015482235699892044067382812500000000000000e+00
1.7482991995057568512805801219656132161617279052734375000000000000e+00
1.7457521615388835733995165355736389756202697753906250000000000000e+00
1.7432124846393513006859166125650517642498016357421875000000000000e+00
1.7406801378435237115382960837450809776782989501953125000000000000e+00
1.7381550895177440008154690076480619609355926513671875000000000000e+00
1.7356373092383210465783349718549288809299468994140625000000000000e+00
1.7331267654854676241171773654059506952762603759765625000000000000e+00
1.7306234284561219372022833340452052652835845947265625000000000000e+00
1.7281272666376223945405854465207085013389587402343750000000000000e+00
1.7256382509648502399102198978653177618980407714843750000000000000e+00
1.7231563497839290644009224706678651273250579833984375000000000000e+00
1.7206815349310404794636042424826882779598236083984375000000000000e+00
1.7182137744104852838944452741998247802257537841796875000000000000e+00
1.7157530411837258466078992569237016141414642333984375000000000000e+00
1.7132993026432539185321957120322622358798980712890625000000000000e+00
1.7108525331781492262450683483621105551719665527343750000000000000e+00
1.7084126992109678333520150772528722882270812988281250000000000000e+00
1.7059797769619902130244781801593489944934844970703125000000000000e+00
1.7035537314111195428267819806933403015136718750000000000000000000e+00
1.7011345411396228133327213072334416210651397705078125000000000000e+00
1.6987221690737157597794748653541319072246551513671875000000000000e+00
1.6963165968394338101177254429785534739494323730468750000000000000e+00
1.6939177845267159305819859582697972655296325683593750000000000000e+00
1.6915257176796860694167889960226602852344512939453125000000000000e+00
1.6891403525631785154104136381647549569606781005859375000000000000e+00
1.6867616797366682401815296543645672500133514404296875000000000000e+00
1.6843896504078375020441171727725304663181304931640625000000000000e+00
1.6820242615098817129393182767671532928943634033203125000000000000e+00
1.6796654576839575856439523704466409981250762939453125000000000000e+00
1.6773132438930495879958471050485968589782714843750000000000000000e+00
1.6749675563831227798061718203825876116752624511718750000000000000e+00
1.6726284101386983405035380201297812163829803466796875000000000000e+00
1.6702957308342589737293337748269550502300262451171875000000000000e+00
1.6679695458275234365430605976143851876258850097656250000000000000e+00
1.6656497676732870960591981202014721930027008056640625000000000000e+00
1.6633364388362672503518524536048062145709991455078125000000000000e+00
1.6610294558158147371074164766469039022922515869140625000000000000e+00
1.6587288793055330327064211815013550221920013427734375000000000000e+00
1.6564345864290914711602908937493339180946350097656250000000000000e+00
1.6541466596072142980489161345758475363254547119140625000000000000e+00
1.6518649529050284385789382213260978460311889648437500000000000000e+00
1.6495895743118496046264453980256803333759307861328125000000000000e+00
1.6473203508350495738454810634721070528030395507812500000000000000e+00
1.6450574201569818644230736026656813919544219970703125000000000000e+00
1.6428005779855641144138189702061936259269714355468750000000000000e+00
1.6405499960150997651453508296981453895568847656250000000000000000e+00
1.6383054342741063535981993481982499361038208007812500000000000000e+00
1.6360671028606601495880568108987063169479370117187500000000000000e+00
1.6338347217446638204307873820653185248374938964843750000000000000e+00
1.6316085437395788648728967018541879951953887939453125000000000000e+00
1.6293882445454368479431650484912097454071044921875000000000000000e+00
1.6271741237396231127831924823112785816192626953125000000000000000e+00
1.6249658089047269715621268915128894150257110595703125000000000000e+00
1.6227636499586330920408272504573687911033630371093750000000000000e+00
1.6205672231063659172178859080304391682147979736328125000000000000e+00
1.6183769314791940363562616767012514173984527587890625000000000000e+00
1.6161922974656537377313725301064550876617431640625000000000000000e+00
1.6140137793412829836370292468927800655364990234375000000000000000e+00
1.6118408443030871612933196956873871386051177978515625000000000000e+00
1.6096740065188750445912546638282947242259979248046875000000000000e+00
1.6075126779159272238928224396659061312675476074218750000000000000e+00
1.6053574278977440492610639921622350811958312988281250000000000000e+00
1.6032076145507037079340761920320801436901092529296875000000000000e+00
1.6010638602563851407012407435104250907897949218750000000000000000e+00
1.5989254723714918515753424799186177551746368408203125000000000000e+00
1.5967931222485913789199685197672806680202484130859375000000000000e+00
1.5946660714290121774183717207051813602447509765625000000000000000e+00
1.5925450343884071102706911915447562932968139648437500000000000000e+00
1.5904292336260936746583638523588888347148895263671875000000000000e+00
1.5883194190362122100168562610633671283721923828125000000000000000e+00
1.5862147826860633070822359513840638101100921630859375000000000000e+00
1.5841161003873340806791247814544476568698883056640625000000000000e+00
1.5820225441160085111391708778683096170425415039062500000000000000e+00
1.5799349044595156765780075147631578147411346435546875000000000000e+00
1.5778523451754347117770294062211178243160247802734375000000000000e+00
1.5757756590813343233747900740127079188823699951171875000000000000e+00
1.5737040148424357166589970802306197583675384521484375000000000000e+00
1.5716381938798122952505309513071551918983459472656250000000000000e+00
1.5695773837836262121214758735732175409793853759765625000000000000e+00
1.5675223402665918737142192185274325311183929443359375000000000000e+00
1.5654722843251343000758879497880116105079650878906250000000000000e+00
1.5634279314214734046828425562125630676746368408203125000000000000e+00
1.5613885504281781457791566936066374182701110839843750000000000000e+00
1.5593548022739154301774533450952731072902679443359375000000000000e+00
1.5573260176661030129707796731963753700256347656250000000000000000e+00
1.5553027894810200759678764370619319379329681396484375000000000000e+00
1.5532845232062337803569107563816942274570465087890625000000000000e+00
1.5512717314044957017671322319074533879756927490234375000000000000e+00
1.5492639057954695758212437795009464025497436523437500000000000000e+00
1.5472614680826086708265165725606493651866912841796875000000000000e+00
1.5452640057477489143877846800023689866065979003906250000000000000e+00
1.5432718411993917584368318784981966018676757812500000000000000000e+00
1.5412846649358147299579968603211455047130584716796875000000000000e+00
1.5393026940551377546029243603697977960109710693359375000000000000e+00
1.5373257267839259831987419602228328585624694824218750000000000000e+00
1.5353538715318888474570258040330372750759124755859375000000000000e+00
1.5333870362633488237946721710613928735256195068359375000000000000e+00
1.5314252200602096465331669605802744626998901367187500000000000000e+00
1.5294684398873199526747157506179064512252807617187500000000000000e+00
1.5275165875870413412229709138046018779277801513671875000000000000e+00
1.5255697857061965017066995642380788922309875488281250000000000000e+00
1.5236278235421767401902570782112888991832733154296875000000000000e+00
1.5216909233020206038133892434416338801383972167968750000000000000e+00
1.5197587788097945971088620353839360177516937255859375000000000000e+00
1.5178317037806190459292565719806589186191558837890625000000000000e+00
1.5159093057002472892946798310731537640094757080078125000000000000e+00
1.5139919797621186337011067735147662460803985595703125000000000000e+00
1.5120792579249067166813347284914925694465637207031250000000000000e+00
1.5101716053686693452817735305870883166790008544921875000000000000e+00
1.5082684905759686788684348357492126524448394775390625000000000000e+00
1.5063704362089938015856205311138182878494262695312500000000000000e+00
1.5044768601074673952666671539191156625747680664062500000000000000e+00
1.5025883293614619162781309569254517555236816406250000000000000000e+00
1.5007042243200250375423365767346695065498352050781250000000000000e+00
1.4988251433530377365599406402907334268093109130859375000000000000e+00
1.4969504423491026834369677089853212237358093261718750000000000000e+00
1.4950807381378092841828220116440206766128540039062500000000000000e+00
1.4932153746545080430507823621155694127082824707031250000000000000e+00
1.4913549750728933851462443271884694695472717285156250000000000000e+00
1.4894988830123334633270815174910239875316619873046875000000000000e+00
1.4876477168931896422066074592294171452522277832031250000000000000e+00
1.4858008305074965615943938246346078813076019287109375000000000000e+00
1.4839588276870958605258010720717720687389373779296875000000000000e+00
1.4821210815280838613006153536844067275524139404296875000000000000e+00
1.4802881728705357122777286349446512758731842041015625000000000000e+00
1.4784595017574813091698615608038380742073059082031250000000000000e+00
1.4766356191626488492119051443296484649181365966796875000000000000e+00
1.4748159581690079011906391315278597176074981689453125000000000000e+00
1.4730010345624973133737967145862057805061340332031250000000000000e+00
1.4711903190170991795326926876441575586795806884765625000000000000e+00
1.4693842883275998190129030263051390647888183593750000000000000000e+00
1.4675824538292192578126105217961594462394714355468750000000000000e+00
1.4657852509520832295919490206870250403881072998046875000000000000e+00
1.4639922333954318300897057270049117505550384521484375000000000000e+00
1.4622037941490888535156500438461080193519592285156250000000000000e+00
1.4604195297574966705411725342855788767337799072265625000000000000e+00
1.4586397908334087780701793235493823885917663574218750000000000000e+00
1.4568642161961871117625832994235679507255554199218750000000000000e+00
1.4550931151056547552258280120440758764743804931640625000000000000e+00
1.4533261672171400302744359578355215489864349365234375000000000000e+00
1.4515636422381452685925751211470924317836761474609375000000000000e+00
1.4498052585380123424840803636470809578895568847656250000000000000e+00
1.4480512486627241663939003046834841370582580566406250000000000000e+00
1.4463013670707549618299481153371743857860565185546875000000000000e+00
1.4445558119576842326381438397220335900783538818359375000000000000e+00
1.4428143709077820844299822056200355291366577148437500000000000000e+00
1.4410772108375544675595847365912050008773803710937500000000000000e+00
1.4393441493056950974960273015312850475311279296875000000000000000e+00
1.4376153251419487855145007415558211505413055419921875000000000000e+00
1.4358905826679673189971708779921755194664001464843750000000000000e+00
1.4341700358255682345998138771392405033111572265625000000000000000e+00
1.4324535525308776939823474094737321138381958007812500000000000000e+00
1.4307412249477602372849105449859052896499633789062500000000000000e+00
1.4290329415463096651706109696533530950546264648437500000000000000e+00
1.4273287756623067590311393360025249421596527099609375000000000000e+00
1.4256286334672207960494461076450534164905548095703125000000000000e+00
1.4239325722074014368701000421424396336078643798828125000000000000e+00
1.4222405131329296512632254234631545841693878173828125000000000000e+00
1.4205524998952159254628213602700270712375640869140625000000000000e+00
1.4188684664543411706461029098136350512504577636718750000000000000e+00
1.4171884451008229799384707803255878388881683349609375000000000000e+00
1.4155123804006155552315249224193394184112548828125000000000000000e+00
1.4138402952521678113129155462956987321376800537109375000000000000e+00
1.4121721429861890939605473249685019254684448242187500000000000000e+00
1.4105079388186485545020332210697233676910400390625000000000000000e+00
1.4088476432568386442767405242193490266799926757812500000000000000e+00
1.4071912653000619997101239277981221675872802734375000000000000000e+00
1.4055387712788343090863918405375443398952484130859375000000000000e+00
1.4038901652152273591411812958540394902229309082031250000000000000e+00
1.4022454181262558048359778695157729089260101318359375000000000000e+00
1.4006045300911897921736226635402999818325042724609375000000000000e+00
1.3989674758689913947051763898343779146671295166015625000000000000e+00
1.3973342524515046658706296511809341609477996826171875000000000000e+00
1.3957048375629774739081767620518803596496582031250000000000000000e+00
1.3940792258049596874514008959522470831871032714843750000000000000e+00
1.3924573972374008068442208241322077810764312744140625000000000000e+00
1.3908393446344569088779508092557080090045928955078125000000000000e+00
1.3892250498853453422043457976542413234710693359375000000000000000e+00
1.3876145043860090844134447252145037055015563964843750000000000000e+00
1.3860076914523611346652387510403059422969818115234375000000000000e+00
1.3844046014574802327956604131031781435012817382812500000000000000e+00
1.3828052188265607114203703531529754400253295898437500000000000000e+00
1.3812095331875486881045844711479730904102325439453125000000000000e+00
1.3796175298281398990951629457413218915462493896484375000000000000e+00
1.3780291978455967427663608759758062660694122314453125000000000000e+00
1.3764445231988893247887517645722255110740661621093750000000000000e+00
1.3748634946202409334858884903951548039913177490234375000000000000e+00
1.3732860985932655584207395804696716368198394775390625000000000000e+00
1.3717123236094974636500865017296746373176574707031250000000000000e+00
1.3701421565669598123804462375119328498840332031250000000000000000e+00
1.3685755858103394455582701993989758193492889404296875000000000000e+00
1.3670125985680698921242992582847364246845245361328125000000000000e+00
1.3654531831083969173334935476304963231086730957031250000000000000e+00
1.3638973269276866151500371415750123560428619384765625000000000000e+00
1.3623450182684511133857085951603949069976806640625000000000000000e+00
1.3607962448491250917470551939914003014564514160156250000000000000e+00
1.3592509949240898503575181166524998843669891357421875000000000000e+00
1.3577092563994568319429845359991304576396942138671875000000000000e+00
1.3561710175681398471425609386642463505268096923828125000000000000e+00
1.3546362664993556457204704202013090252876281738281250000000000000e+00
1.3531049915437287634034646544023416936397552490234375000000000000e+00
1.3515771809146721604832919183536432683467864990234375000000000000e+00
1.3500528230339952084904098228435032069683074951171875000000000000e+00
1.3485319062462763906040663641761057078838348388671875000000000000e+00
1.3470144190535096040406415340839885175228118896484375000000000000e+00
1.3455003499217703666346324098412878811359405517578125000000000000e+00
1.3439896874390517833575131589896045625209808349609375000000000000e+00
1.3424824201858205352522190878516994416713714599609375000000000000e+00
1.3409785368403541738757667189929634332656860351562500000000000000e+00
1.3394780260920446934846950171049684286117553710937500000000000000e+00
1.3379808767114895751149106217781081795692443847656250000000000000e+00
1.3364870774932975372450982831651344895362854003906250000000000000e+00
1.3349966173020240134405867138411849737167358398437500000000000000e+00
1.3335094850341384642433695262297987937927246093750000000000000000e+00
1.3320256696484835678973013273207470774650573730468750000000000000e+00
1.3305451601413491591330284791183657944202423095703125000000000000e+00
1.3290679455657838925475289215683005750179290771484375000000000000e+00
1.3275940150157694574772904161363840103149414062500000000000000000e+00
1.3261233576385951238307825406081974506378173828125000000000000000e+00
1.3246559626241436458116140784113667905330657958984375000000000000e+00
1.3231918192133051981329572299728170037269592285156250000000000000e+00
1.3217309166908945972096489640534855425357818603515625000000000000e+00
1.3202732443902371883837076893541961908340454101562500000000000000e+00
1.3188187916895388607230188426910899579524993896484375000000000000e+00
1.3173675480145241589724491859669797122478485107421875000000000000e+00
1.3159195028353767309425847997772507369518280029296875000000000000e+00
1.3144746456689246905114032415440306067466735839843750000000000000e+00
1.3130329660767037225355124974157661199569702148437500000000000000e+00
1.3115944536658794561390095623210072517395019531250000000000000000e+00
1.3101590980879924686064441630151122808456420898437500000000000000e+00
1.3087268890395009623972555345972068607807159423828125000000000000e+00
1.3072978162611066377252200254588387906551361083984375000000000000e+00
1.3058718695379194496553054705145768821239471435546875000000000000e+00
1.3044490386985190255586530838627368211746215820312500000000000000e+00
1.3030293136156443356554746060282923281192779541015625000000000000e+00
1.3016126842053468148918682345538400113582611083984375000000000000e+00
1.3001991404266557417201966018183156847953796386718750000000000000e+00
1.2987886722818298146364668355090543627738952636718750000000000000e+00
1.2973812698160180900686100358143448829650878906250000000000000000e+00
1.2959769231165136904593282451969571411609649658203125000000000000e+00
1.2945756223132536266717806938686408102512359619140625000000000000e+00
1.2931773575783289675911191807244904339313507080078125000000000000e+00
1.2917821191253175960866883542621508240699768066406250000000000000e+00
1.2903898972097362918276530763250775635242462158203125000000000000e+00
1.2890006821285908689134203086723573505878448486328125000000000000e+00
1.2876144642198985579284453706350177526473999023437500000000000000e+00
1.2862312338627810426316955272341147065162658691406250000000000000e+00
1.2848509814771780224162966987933032214641571044921875000000000000e+00
1.2834736975235170319820099393837153911590576171875000000000000000e+00
1.2820993725025957576946211702306754887104034423828125000000000000e+00
1.2807279969553879706012367023504339158535003662109375000000000000e+00
1.2793595614628818779578978137578815221786499023437500000000000000e+00
1.2779940566456891026803077693330124020576477050781250000000000000e+00
1.2766314731638561674742504692403599619865417480468750000000000000e+00
1.2752718017169624165063623877358622848987579345703125000000000000e+00
1.2739150330435844438170533976517617702484130859375000000000000000e+00
1.2725611579211544288625646004220470786094665527343750000000000000e+00
1.2712101671659226109767359957913868129253387451171875000000000000e+00
1.2698620516325798135426339285913854837417602539062500000000000000e+00
1.2685168022140846932899194143828935921192169189453125000000000000e+00
1.2671744098416328760947635601041838526725769042968750000000000000e+00
1.2658348654842204172865649525192566215991973876953125000000000000e+00
1.2644981601485087985281552391825243830680847167968750000000000000e+00
1.2631642848788260380388237535953521728515625000000000000000000000e+00
1.2618332307568009831300059886416420340538024902343750000000000000e+00
1.2605049889010577768289067535079084336757659912109375000000000000e+00
1.2591795504672833594383973832009360194206237792968750000000000000e+00
1.2578569066479035054584301178692840039730072021484375000000000000e+00
1.2565370486718572262674342709942720830440521240234375000000000000e+00
1.2552199678045528052905410731909796595573425292968750000000000000e+00
1.2539056553474374755552389615331776440143585205078125000000000000e+00
1.2525941026380440490584078361280262470245361328125000000000000000e+00
1.2512853010498687922336102928966283798217773437500000000000000000e+00
1.2499792419918069885653721939888782799243927001953125000000000000e+00
1.2486759169082470855016708810580894351005554199218750000000000000e+00
1.2473753172790360554955668703769333660602569580078125000000000000e+00
1.2460774346188887573561032695579342544078826904296875000000000000e+00
1.2447822604775220511896804964635521173477172851562500000000000000e+00
1.2434897864394620636829813520307652652263641357421875000000000000e+00
1.2422000041236902490027205203659832477569580078125000000000000000e+00
1.2409129051836613744086434962810017168521881103515625000000000000e+00
1.2396284813069664565432503877673298120498657226562500000000000000e+00
1.2383467242151846576803109201136976480484008789062500000000000000e+00
1.2370676256639245860213804917293600738048553466796875000000000000e+00
1.2357911774423280260037927291705273091793060302734375000000000000e+00
1.2345173713731327769238532710005529224872589111328125000000000000e+00
1.2332461993125238830515399968135170638561248779296875000000000000e+00
1.2319776531495878479915973002789542078971862792968750000000000000e+00
1.2307117248067005466083401188370771706104278564453125000000000000e+00
1.2294484062390629297567556932335719466209411621093750000000000000e+00
1.2281876894343366490858215911430306732654571533203125000000000000e+00
1.2269295664129720169199799784109927713871002197265625000000000000e+00
1.2256740292276671056015402427874505519866943359375000000000000000e+00
1.2244210699632318561924648747663013637065887451171875000000000000e+00
1.2231706807366373723766628245357424020767211914062500000000000000e+00
1.2219228536966739717684049537638202309608459472656250000000000000e+00
1.2206775810238674750962672987952828407287597656250000000000000000e+00
1.2194348549302758133450197419733740389347076416015625000000000000e+00
1.2181946676593471412530789166339673101902008056640625000000000000e+00
1.2169570114858048182071570408879779279232025146484375000000000000e+00
1.2157218787154502326330884898197837173938751220703125000000000000e+00
1.2144892616850004873896295976010151207447052001953125000000000000e+00
1.2132591527619256410730486095417290925979614257812500000000000000e+00
1.2120315443443752112528954967274330556392669677734375000000000000e+00
1.2108064288609374781202632220811210572719573974609375000000000000e+00
1.2095837987705087002154868969228118658065795898437500000000000000e+00
1.2083636465621672151371512882178649306297302246093750000000000000e+00
1.2071459647550391025561111746355891227722167968750000000000000000e+00
1.2059307458980970118034292681841179728507995605468750000000000000e+00
1.2047179825700282673750507456134073436260223388671875000000000000e+00
1.2035076673791291756998589335125871002674102783203125000000000000e+00
1.2022997929630820923563305768766440451145172119140625000000000000e+00
1.2010943519888741537471332776476629078388214111328125000000000000e+00
1.1998913371526815918599595534033142030239105224609375000000000000e+00
1.1986907411796587918928480576141737401485443115234375000000000000e+00
1.1974925568237548834105155037832446396350860595703125000000000000e+00
1.1962967768676644464420633084955625236034393310546875000000000000e+00
1.1951033941227029444576146488543599843978881835937500000000000000e+00
1.1939124014285753538899825798580422997474670410156250000000000000e+00
1.1927237916532780204192931705620139837265014648437500000000000000e+00
1.1915375576930278267440144190913997590541839599609375000000000000e+00
1.1903536924719757550406029622536152601242065429687500000000000000e+00
1.1891721889421784652540736715309321880340576171875000000000000000e+00
1.1879930400834532999709836076362989842891693115234375000000000000e+00
1.1868162389032159698132318226271308958530426025390625000000000000e+00
1.1856417784364139400565818505128845572471618652343750000000000000e+00
1.1844696517452397710457034918363206088542938232421875000000000000e+00
1.1832998519191384456661353397066704928874969482421875000000000000e+00
1.1821323720746850227669710875488817691802978515625000000000000000e+00
1.1809672053552957571298520633717998862266540527343750000000000000e+00
1.1798043449312780595050753618124872446060180664062500000000000000e+00
1.1786437839996659615593443959369324147701263427734375000000000000e+00
1.1774855157838803876302335993386805057525634765625000000000000000e+00
1.1763295335339487568404592821025289595127105712890625000000000000e+00
1.1751758305261603698710359822143800556659698486328125000000000000e+00
1.1740244000628574649880420111003331840038299560546875000000000000e+00
1.1728752354725624496012414965662173926830291748046875000000000000e+00
1.1717283301097056735784462944138795137405395507812500000000000000e+00
1.1705836773544540108105138642713427543640136718750000000000000000e+00
1.1694412706126682266472016635816544294357299804687500000000000000e+00
1.1683011033158006153342967081698589026927947998046875000000000000e+00
1.1671631689206671822489624901209026575088500976562500000000000000e+00
1.1660274609094380959817272014333866536617279052734375000000000000e+00
1.1648939727894427331733595565310679376125335693359375000000000000e+00
1.1637626980930730891117264036438427865505218505859375000000000000e+00
1.1626336303776896308193045115331187844276428222656250000000000000e+00
1.1615067632254516549750178455724380910396575927734375000000000000e+00
1.1603820902432375739010694815078750252723693847656250000000000000e+00
1.1592596050624852654920005079475231468677520751953125000000000000e+00
1.1581393013391629853714448472601361572742462158203125000000000000e+00
1.1570211727535508750008830247679725289344787597656250000000000000e+00
1.1559052130101561406405608067871071398258209228515625000000000000e+00
1.1547914158376544335737889923620969057083129882812500000000000000e+00
1.1536797749886846808919926843373104929924011230468750000000000000e+00
1.1525702842397915759420357062481343746185302734375000000000000000e+00
1.1514629373913585208555332428659312427043914794921875000000000000e+00
1.1503577282673609349927801304147578775882720947265625000000000000e+00
1.1492546507153384993671352276578545570373535156250000000000000000e+00
1.1481536986063372030031359827262349426746368408203125000000000000e+00
1.1470548658347035075877329290960915386676788330078125000000000000e+00
1.1459581463179939753160851978464052081108093261718750000000000000e+00
1.1448635339968953328337875063880346715450286865234375000000000000e+00
1.1437710228351127828005928677157498896121978759765625000000000000e+00
1.1426806068192396637073215970303863286972045898437500000000000000e+00
1.1415922799586635250079780234955251216888427734375000000000000000e+00
1.1405060362854542166388682744582183659076690673828125000000000000e+00
1.1394218698542397660844471829477697610855102539062500000000000000e+00
1.1383397747421444279325442039407789707183837890625000000000000000e+00
1.1372597450487076375935657779336906969547271728515625000000000000e+00
1.1361817748956244411573379693436436355113983154296875000000000000e+00
1.1351058584267998963213130991789512336254119873046875000000000000e+00
1.1340319898082704686004262839560396969318389892578125000000000000e+00
1.1329601632278647471707699878606945276260375976562500000000000000e+00
1.1318903728953539911117331939749419689178466796875000000000000000e+00
1.1308226130423568722704885658458806574344635009765625000000000000e+00
1.1297568779219138157543511624680832028388977050781250000000000000e+00
1.1286931618087472362077505749766714870929718017578125000000000000e+00
1.1276314589991287551384857579250819981098175048828125000000000000e+00
1.1265717638104002507049017367535270750522613525390625000000000000e+00
1.1255140705813539980795212613884359598159790039062500000000000000e+00
1.1244583736720177302714773759362287819385528564453125000000000000e+00
1.1234046674631361639740134705789387226104736328125000000000000000e+00
1.1223529463567158970249693084042519330978393554687500000000000000e+00
1.1213032047756221754042371685500256717205047607421875000000000000e+00
1.1202554371631021634669878039858303964138031005859375000000000000e+00
1.1192096379835496655630322493379935622215270996093750000000000000e+00
1.1181658017218074618881473725195974111557006835937500000000000000e+00
1.1171239228827545275635202415287494659423828125000000000000000000e+00
1.1160839959923145592313176166499033570289611816406250000000000000e+00
1.1150460155964427855224130325950682163238525390625000000000000000e+00
1.1140099762607835742755924002267420291900634765625000000000000000e+00
1.1129758725720166889772144713788293302059173583984375000000000000e+00
1.1119436991363182976044754468603059649467468261718750000000000000e+00
1.1109134505792535030366252613021060824394226074218750000000000000e+00
1.1098851215474780929071130231022834777832031250000000000000000000e+00
1.1088587067065136526622382007190026342868804931640625000000000000e+00
1.1078342007410428848857009143102914094924926757812500000000000000e+00
1.1068115983569215554638276444165967404842376708984375000000000000e+00
1.1057908942781640160291090069222263991832733154296875000000000000e+00
1.1047720832477467833854234413593076169490814208984375000000000000e+00
1.1037551600300099519103014245047233998775482177734375000000000000e+00
1.1027401194065535872113059667753987014293670654296875000000000000e+00
1.1017269561778799680240581437828950583934783935546875000000000000e+00
1.1007156651661242907636051313602365553379058837890625000000000000e+00
1.0997062412095630623554143312503583729267120361328125000000000000e+00
1.0986986791654647088734009230392985045909881591796875000000000000e+00
1.0976929739130747432085399850620888173580169677734375000000000000e+00
1.0966891203464506077125406591221690177917480468750000000000000000e+00
1.0956871133789216621323703293455764651298522949218750000000000000e+00
1.0946869479461662777453057060483843088150024414062500000000000000e+00
1.0936886189970558280748491597478277981281280517578125000000000000e+00
1.0926921215003420062572558890678919851779937744140625000000000000e+00
1.0916974504475214224896717496449127793312072753906250000000000000e+00
1.0907046008412639714890701725380495190620422363281250000000000000e+00
1.0897135677051221769318090082379058003425598144531250000000000000e+00
1.0887243460858071486541120975743979215621948242187500000000000000e+00
1.0877369310387754453017805644776672124862670898437500000000000000e+00
1.0867513176418206466422589073772542178630828857421875000000000000e+00
1.0857675009962808321262173194554634392261505126953125000000000000e+00
1.0847854762093120939425716642290353775024414062500000000000000000e+00
1.0838052384124408078491796914022415876388549804687500000000000000e+00
1.0828267827611146589816826235619373619556427001953125000000000000e+00
1.0818501044130286459221679251641035079956054687500000000000000000e+00
1.0808751985530087313946978611056692898273468017578125000000000000e+00
1.0799020603901003934055324862129054963588714599609375000000000000e+00
1.0789306851312934210085359154618345201015472412109375000000000000e+00
1.0779610680143898449045991583261638879776000976562500000000000000e+00
1.0769932043015799649765540380030870437622070312500000000000000000e+00
1.0760270892477696857980618005967698991298675537109375000000000000e+00
1.0750627181435212786908550697262398898601531982421875000000000000e+00
1.0741000863037588608506212040083482861518859863281250000000000000e+00
1.0731391890297774516227491403697058558464050292968750000000000000e+00
1.0721800216648509351813345347181893885135650634765625000000000000e+00
1.0712225795762577718051034025847911834716796875000000000000000000e+00
1.0702668581099665789935215798323042690753936767578125000000000000e+00
1.0693128526621240581562233273871243000030517578125000000000000000e+00
1.0683605586520024122165750668500550091266632080078125000000000000e+00
1.0674099714682874218141250821645371615886688232421875000000000000e+00
1.0664610865604231548786628991365432739257812500000000000000000000e+00
1.0655138993993420459815979484119452536106109619140625000000000000e+00
1.0645684054142239283180515485582873225212097167968750000000000000e+00
1.0636246001085356560622585675446316599845886230468750000000000000e+00
1.0626824790045172886010504953446798026561737060546875000000000000e+00
1.0617420375693336076494688313687220215797424316406250000000000000e+00
1.0608032713615527242723146628122776746749877929687500000000000000e+00
1.0598661759543148708218041065265424549579620361328125000000000000e+00
1.0589307468500377407139012575498782098293304443359375000000000000e+00
1.0579969796638046819481360216741450130939483642578125000000000000e+00
1.0570648700190585778102558833779767155647277832031250000000000000e+00
1.0561344134506744918411413891590200364589691162109375000000000000e+00
1.0552056056320384680446977654355578124523162841796875000000000000e+00
1.0542784422358606466474384433240629732608795166015625000000000000e+00
1.0533529188267836129710985915153287351131439208984375000000000000e+00
1.0524290311388517782376084142015315592288970947265625000000000000e+00
1.0515067748921986812149498291546478867530822753906250000000000000e+00
1.0505861456786709240418531408067792654037475585937500000000000000e+00
1.0496671392962719782104841215186752378940582275390625000000000000e+00
1.0487497515097614630974476312985643744468688964843750000000000000e+00
1.0478339779353418315110957337310537695884704589843750000000000000e+00
1.0469198144395102101356087587191723287105560302734375000000000000e+00
1.0460072568284699556784289597999304533004760742187500000000000000e+00
1.0450963007388900383176633113180287182331085205078125000000000000e+00
1.0441869421109630788890854091732762753963470458984375000000000000e+00
1.0432791767904410207279397582169622182846069335937500000000000000e+00
1.0423730004293105810830866175820119678974151611328125000000000000e+00
1.0414684090447994257999653200386092066764831542968750000000000000e+00
1.0405653985236902325794972057337872684001922607421875000000000000e+00
1.0396639645293181963836559589253738522529602050781250000000000000e+00
1.0387641031526395618556080080452375113964080810546875000000000000e+00
1.0378658103259219558367476565763354301452636718750000000000000000e+00
1.0369690817283507833224120986415073275566101074218750000000000000e+00
1.0360739135103649299907146996702067553997039794921875000000000000e+00
1.0351803016495499942806191029376350343227386474609375000000000000e+00
1.0342882418648076114919831525185145437717437744140625000000000000e+00
1.0333977303447809958925063256174325942993164062500000000000000000e+00
1.0325087630903238000712462962837889790534973144531250000000000000e+00
1.0316213359070494082203595098690129816532135009765625000000000000e+00
1.0307354450161920755846267638844437897205352783203125000000000000e+00
1.0298510863811536353296105517074465751647949218750000000000000000e+00
1.0289682559379325077486555528594180941581726074218750000000000000e+00
1.0280869499919900178497300657909363508224487304687500000000000000e+00
1.0272071643867450863041312913992442190647125244140625000000000000e+00
1.0263288951521474245964782312512397766113281250000000000000000000e+00
1.0254521388132249448688071424840018153190612792968750000000000000e+00
1.0245768910834702758450021065073087811470031738281250000000000000e+00
1.0237031478724281097214543478912673890590667724609375000000000000e+00
1.0228309060753788539699371540336869657039642333984375000000000000e+00
1.0219601615011426609669342724373564124107360839843750000000000000e+00
1.0210909095655085199183531585731543600559234619140625000000000000e+00
1.0202231474682961209765608145971782505512237548828125000000000000e+00
1.0193568716347747304951099067693576216697692871093750000000000000e+00
1.0184920767908134386914298374904319643974304199218750000000000000e+00
1.0176287598795099587078993863542564213275909423828125000000000000e+00
1.0167669184214520594622399585205130279064178466796875000000000000e+00
1.0159065470486943194572404536302201449871063232421875000000000000e+00
1.0150476414445284145671166697866283357143402099609375000000000000e+00
1.0141901998701656761880940393893979489803314208984375000000000000e+00
1.0133342185979468119683133409125730395317077636718750000000000000e+00
1.0124796913947078369488963289768435060977935791015625000000000000e+00
1.0116266154026731793891258348594419658184051513671875000000000000e+00
1.0107749904361131854102495708502829074859619140625000000000000000e+00
1.0099248094256227936682535073487088084220886230468750000000000000e+00
1.0090760660330020392905225889990106225013732910156250000000000000e+00
1.0082287631614046397032780078006908297538757324218750000000000000e+00
1.0073828952165599925905326017527841031551361083984375000000000000e+00
1.0065384533006680456423964642453938722610473632812500000000000000e+00
1.0056954391575221308130494435317814350128173828125000000000000000e+00
1.0048538503158195300812849382054992020130157470703125000000000000e+00
1.0040136788072393514426039473619312047958374023437500000000000000e+00
1.0031749217125995876642718940274789929389953613281250000000000000e+00
1.0023375788309332179437660670373588800430297851562500000000000000e+00
1.0015016449145193178082990925759077072143554687500000000000000000e+00
1.0006671152297357263449839592794887721538543701171875000000000000e+00
