-6.7591974801960136298717429781390819698572158813476562500000000000e-02
-6.7424646564063897558050086900038877502083778381347656250000000000e-02
-6.7258375277192972152562333576497621834278106689453125000000000000e-02
-6.7091834444018214056448812243615975603461265563964843750000000000e-02
-6.6927000400327493756513774769700830802321434020996093750000000000e-02
-6.6762483452014714790934135635325219482183456420898437500000000000e-02
-6.6598915451774196028189578555611660704016685485839843750000000000e-02
-6.6436156063474360866649703893926925957202911376953125000000000000e-02
-6.6274119432475034341400998982862802222371101379394531250000000000e-02
-6.6112911167404947443415608177019748836755752563476562500000000000e-02
-6.5952454397063042801363508260692469775676727294921875000000000000e-02
-6.5792770328545760460947633418982150033116340637207031250000000000e-02
-6.5633852554686872293743249429098796099424362182617187500000000000e-02
-6.5475689076441578873044591091456823050975799560546875000000000000e-02
-6.5318279601715961701913215620152186602354049682617187500000000000e-02
-6.5161617165399324247410106636380078271031379699707031250000000000e-02
-6.5005696472741042457599291992664802819490432739257812500000000000e-02
-6.4850512845776836501343609597824979573488235473632812500000000000e-02
-6.4696060973455787879160538977885153144598007202148437500000000000e-02
-6.4542335872317876943604630923800868913531303405761718750000000000e-02
-6.4389332600986351473615343365963781252503395080566406250000000000e-02
-6.4237046224327729038172662967554060742259025573730468750000000000e-02
-6.4085471882584510439073710585944354534149169921875000000000000000e-02
-6.3934604760936555867267827579780714586377143859863281250000000000e-02
-6.3784440090519867183616042893845587968826293945312500000000000000e-02
-6.3634973150841225852936133833281928673386573791503906250000000000e-02
-6.3486199266595710888338999211555346846580505371093750000000000000e-02
-6.3338113806881285450245400170388165861368179321289062500000000000e-02
-6.3190712184220440561510656607424607500433921813964843750000000000e-02
-6.3043989853428850089755997032625600695610046386718750000000000000e-02
-6.2897942310539189936235970890265889465808868408203125000000000000e-02
-6.2752565091850481815427542642282787710428237915039062500000000000e-02
-6.2607853772899568767229538934770971536636352539062500000000000000e-02
-6.2463803967507856851337777470689616166055202484130859375000000000e-02
-6.2320411326797789386411352552386233583092689514160156250000000000e-02
-6.2177671538223448777227275741097400896251201629638671875000000000e-02
-6.2035580324610949121133529615690349601209163665771484375000000000e-02
-6.1894133443113688586301179839210817590355873107910156250000000000e-02
-6.1753326684202129726042329593838076107203960418701171875000000000e-02
-6.1613155870516606027464945327665191143751144409179687500000000000e-02
-6.1473616855722980345522188372342498041689395904541015625000000000e-02
-6.1334705523218874256841104397608432918787002563476562500000000000e-02
-6.1196417784710889498089869675823138095438480377197265625000000000e-02
-6.1058749578656611178839597187106846831738948822021484375000000000e-02
-6.0921696868505063882093253369021113030612468719482421875000000000e-02
-6.0785255640720702030588284969780943356454372406005859375000000000e-02
-6.0649421902467866296593257402491872198879718780517578125000000000e-02
-6.0514191678997922285709876177861588075757026672363281250000000000e-02
-6.0379561010582026570059355208286433480679988861083984375000000000e-02
-6.0245525948959613438127291829005116596817970275878906250000000000e-02
-6.0112082553152250408157186711832764558494091033935546875000000000e-02
-5.9979226884508282657826327977090841159224510192871093750000000000e-02
-5.9846955000922852363487436377909034490585327148437500000000000000e-02
-5.9715262949952732651759390591905685141682624816894531250000000000e-02
-5.9584146760597832270800466858418076299130916595458984375000000000e-02
-5.9453602433644926750222481359742232598364353179931640625000000000e-02
-5.9323625930172964315634231979856849648058414459228515625000000000e-02
-5.9194213157732995800319741874773171730339527130126953125000000000e-02
-5.9065359954272436682209956870792666450142860412597656250000000000e-02
-5.8937062068946902138044663388427579775452613830566406250000000000e-02
-5.8809315138451320748025352713739266619086265563964843750000000000e-02
-5.8682114662299070251272326004254864528775215148925781250000000000e-02
-5.8555455967829218855147388467230484820902347564697265625000000000e-02
-5.8429334171655501750652916825856664218008518218994140625000000000e-02
-5.8303744149581476774457655665173660963773727416992187500000000000e-02
-5.8178680443930527732554480735416291281580924987792968750000000000e-02
-5.8054137254953550040248444474855205044150352478027343750000000000e-02
-5.7930108361872477418241800251053064130246639251708984375000000000e-02
-5.7806586828412789835773821778275305405259132385253906250000000000e-02
-5.7683565477457482417733558577310759574174880981445312500000000000e-02
-5.7561035839538400582515720316223450936377048492431640625000000000e-02
-5.7438988426546148946538750124091166071593761444091796875000000000e-02
-5.7317414521494462753548049249729956500232219696044921875000000000e-02
-5.7196298685442334419626320141105679795145988464355468750000000000e-02
-5.7075631722239214549396990605600876733660697937011718750000000000e-02
-5.6955397355567656536567966440998134203255176544189453125000000000e-02
-5.6835563049614450104041196709658834151923656463623046875000000000e-02
-5.6716145647739864277259158598099020309746265411376953125000000000e-02
-5.6597050168841311901246626803185790777206420898437500000000000000e-02
-5.6478284902505858366961177807752392254769802093505859375000000000e-02
-5.6360012960132432890958398274960927665233612060546875000000000000e-02
-5.6242407342850991858185238925216253846883773803710937500000000000e-02
-5.6125509778916678194082834352229838259518146514892578125000000000e-02
-5.6009215554995113450775789942781557328999042510986328125000000000e-02
-5.5893517713183245299024548558008973486721515655517578125000000000e-02
-5.5778383146646841328486488009730237536132335662841796875000000000e-02
-5.5663785044372179888760854282736545428633689880371093750000000000e-02
-5.5549712118014522854725356637572986073791980743408203125000000000e-02
-5.5436146487636693558354039623736753128468990325927734375000000000e-02
-5.5323076897928494255474163310282165184617042541503906250000000000e-02
-5.5210494115373820456227349495748057961463928222656250000000000000e-02
-5.5098388726994483588494944115154794417321681976318359375000000000e-02
-5.4986753786688685741168569620640482753515243530273437500000000000e-02
-5.4875582858167411270944313628206145949661731719970703125000000000e-02
-5.4764870058979599198867305176463560201227664947509765625000000000e-02
-5.4654610403206876911852418743364978581666946411132812500000000000e-02
-5.4544799214850767099527217851573368534445762634277343750000000000e-02
-5.4435432210769789385107486623383010737597942352294921875000000000e-02
-5.4326505489823526118264851447747787460684776306152343750000000000e-02
-5.4218015360455756868063303954841103404760360717773437500000000000e-02
-5.4109958358691229163284219794149976223707199096679687500000000000e-02
-5.4002331213603357862318432580650551244616508483886718750000000000e-02
-5.3895130790286384370180172709297039546072483062744140625000000000e-02
-5.3788354086012825361340361496331752277910709381103515625000000000e-02
-5.3681998208617617840410218832403188571333885192871093750000000000e-02
-5.3576060353971471927891911946062464267015457153320312500000000000e-02
-5.3470537799071529705408067911776015534996986389160156250000000000e-02
-5.3365427890325042858954418534267460927367210388183593750000000000e-02
-5.3260728033103284240201702459671651013195514678955078125000000000e-02
-5.3156435686260529449587153294487507082521915435791015625000000000e-02
-5.3052548355830841941838116326835006475448608398437500000000000000e-02
-5.2949063589579251076777666185080306604504585266113281250000000000e-02
-5.2845978973344261142575106759977643378078937530517578125000000000e-02
-5.2743292127527867385605730987663264386355876922607421875000000000e-02
-5.2641000704045821934062843183710356242954730987548828125000000000e-02
-5.2539102383968722120854977220005821436643600463867187500000000000e-02
-5.2437594875524115578535599979659309610724449157714843750000000000e-02
-5.2336475912265659204969381335104117169976234436035156250000000000e-02
-5.2235743251601289560692720215229201130568981170654296875000000000e-02
-5.2135394673548218769099094060948118567466735839843750000000000000e-02
-5.2035427979632620232308681806898675858974456787109375000000000000e-02
-5.1935840991941893685091002907938673160970211029052734375000000000e-02
-5.1836631552304439363165755594309302978217601776123046875000000000e-02
-5.1737797521606031236895972824640921317040920257568359375000000000e-02
-5.1639336779158190315897059008420910686254501342773437500000000000e-02
-5.1541247222130513738758139652418321929872035980224609375000000000e-02
-5.1443526765099188702290433639063849113881587982177734375000000000e-02
-5.1346173339628924103816842716696555726230144500732421875000000000e-02
-5.1249184893819091368705187505838694050908088684082031250000000000e-02
-5.1152559392043238373215530145898810587823390960693359375000000000e-02
-5.1056294814591167419148831640995922498404979705810546875000000000e-02
-5.0960389157367350088101431992981815710663795471191406250000000000e-02
-5.0864840431686673960509637026916607283055782318115234375000000000e-02
-5.0769646663991488400036189432285027578473091125488281250000000000e-02
-5.0674805895613052320047842158601270057260990142822265625000000000e-02
-5.0580316182616519293802070933452341705560684204101562500000000000e-02
-5.0486175595566520901691376366215990856289863586425781250000000000e-02
-5.0392382219331149917351808653620537370443344116210937500000000000e-02
-5.0298934152949587028658129383984487503767013549804687500000000000e-02
-5.0205829509431962320853415349120041355490684509277343750000000000e-02
-5.0113066415624005212059444147598696872591972351074218750000000000e-02
-5.0020643012038672192698385288167628459632396697998046875000000000e-02
-4.9928557452704934449538853868943988345563411712646484375000000000e-02
-4.9836807905047728062264411619253223761916160583496093750000000000e-02
-4.9745392549743312760046620724097010679543018341064453125000000000e-02
-4.9654309580585781480621676564624067395925521850585937500000000000e-02
-4.9563557204345694284786105754392337985336780548095703125000000000e-02
-4.9473133640665134524994073217385448515415191650390625000000000000e-02
-4.9383037121923878398632723474293015897274017333984375000000000000e-02
-4.9293265893118297371611191692863940261304378509521484375000000000e-02
-4.9203818211756518430366469374348525889217853546142578125000000000e-02
-4.9114692347733725219516287552323774434626102447509765625000000000e-02
-4.9025886583214946246034315890938160009682178497314453125000000000e-02
-4.8937399212528973069247228977474151179194450378417968750000000000e-02
-4.8849228542074948911100307213928317651152610778808593750000000000e-02
-4.8761372890183181383338961722984095104038715362548828125000000000e-02
-4.8673830587035872563550498171025537885725498199462890625000000000e-02
-4.8586599974556332615094333959859795868396759033203125000000000000e-02
-4.8499679406281900884145841246208874508738517761230468750000000000e-02
-4.8413067247310995200315630881959805265069007873535156250000000000e-02
-4.8326761874162522947262488060005125589668750762939453125000000000e-02
-4.8240761674684946858082668086353805847465991973876953125000000000e-02
-4.8155065047982420489702803934051189571619033813476562500000000000e-02
-4.8069670404276787500918999285204336047172546386718750000000000000e-02
-4.7984576164840822554147337086760671809315681457519531250000000000e-02
-4.7899780761910197568465008544080774299800395965576171875000000000e-02
-4.7815282638549727600718597386730834841728210449218750000000000000e-02
-4.7731080248614422834041448595598922111093997955322265625000000000e-02
-4.7647172056619571667290813365980284288525581359863281250000000000e-02
-4.7563556537648994659850387733968091197311878204345703125000000000e-02
-4.7480232177304980412113621923708706162869930267333984375000000000e-02
-4.7397197471572741211964796548272715881466865539550781250000000000e-02
-4.7314450926749490600187186828406993299722671508789062500000000000e-02
-4.7231991059369461682937441082685836590826511383056640625000000000e-02
-4.7149816396112202709911542797271977178752422332763671875000000000e-02
-4.7067925473704835814814373406989034265279769897460937500000000000e-02
-4.6986316838837742515533335563304717652499675750732421875000000000e-02
-4.6904989048097284198846068647981155663728713989257812500000000000e-02
-4.6823940667881626398472150185625650919973850250244140625000000000e-02
-4.6743170274303608158206202460860367864370346069335937500000000000e-02
-4.6662676453102451545884576944445143453776836395263671875000000000e-02
-4.6582457799594433056622477806740789674222469329833984375000000000e-02
-4.6502512918580325707029743398379650898277759552001953125000000000e-02
-4.6422840424240163770264189224690198898315429687500000000000000000e-02
-4.6343438940091970235091167751306784339249134063720703125000000000e-02
-4.6264307098911675031338575081463204696774482727050781250000000000e-02
-4.6185443542611968881228534655747353099286556243896484375000000000e-02
-4.6106846922200982186179629707112326286733150482177734375000000000e-02
-4.6028515897730971906387509307023719884455204010009765625000000000e-02
-4.5950449138169174867485367030894849449396133422851562500000000000e-02
-4.5872645321352913116985661190483369864523410797119140625000000000e-02
-4.5795103133927754501808493614589679054915904998779296875000000000e-02
-4.5717821271243852532251139564323239028453826904296875000000000000e-02
-4.5640798437305826751320125822530826553702354431152343750000000000e-02
-4.5564033344684277959668605717524769715964794158935546875000000000e-02
-4.5487524714469713960074415126655367203056812286376953125000000000e-02
-4.5411271276202057334270278943222365342080593109130859375000000000e-02
-4.5335271767751324223372222377292928285896778106689453125000000000e-02
-4.5259524935310165016932870685195666737854480743408203125000000000e-02
-4.5184029533303061987314919178970740176737308502197265625000000000e-02
-4.5108784324297691858962622291073785163462162017822265625000000000e-02
-4.5033788078970460322381086371024139225482940673828125000000000000e-02
-4.4959039576025497386702056701324181631207466125488281250000000000e-02
-4.4884537602128168898296678435144713148474693298339843750000000000e-02
-4.4810280951841412189207147775960038416087627410888671875000000000e-02
-4.4736268427560593741176830917538609355688095092773437500000000000e-02
-4.4662498839456624133426032585703069344162940979003906250000000000e-02
-4.4588971005402884550949949016285245306789875030517578125000000000e-02
-4.4515683750899710802162445588692207820713520050048828125000000000e-02
-4.4442635909062618015941126259349402971565723419189453125000000000e-02
-4.4369826320512235906523557105174404568970203399658203125000000000e-02
-4.4297253833308999904083691490086494013667106628417968750000000000e-02
-4.4224917302937045981980901387942139990627765655517578125000000000e-02
-4.4152815592214074424948222485909354873001575469970703125000000000e-02
-4.4080947571230939818764937854211893863976001739501953125000000000e-02
-4.4009312117305077194373552629258483648300170898437500000000000000e-02
-4.3937908114918419744121536041348008438944816589355468750000000000e-02
-4.3866734455645178814009454981714952737092971801757812500000000000e-02
-4.3795790038119966625096424195362487807869911193847656250000000000e-02
-4.3725073767971474325566560992228914983570575714111328125000000000e-02
-4.3654584557754609608348772553654271177947521209716796875000000000e-02
-4.3584321326914136907060282055681454949080944061279296875000000000e-02
-4.3514283001706358100513227782357716932892799377441406250000000000e-02
-4.3444468515165909905384467037947615608572959899902343750000000000e-02
-4.3374876807058912464576394540927140042185783386230468750000000000e-02
-4.3305506823791042880777979462436633184552192687988281250000000000e-02
-4.3236357518383380926785264364298200234770774841308593750000000000e-02
-4.3167427850434321456862818422450800426304340362548828125000000000e-02
-4.3098716786029986347550391201366437599062919616699218750000000000e-02
-4.3030223297708482255163886520676896907389163970947265625000000000e-02
-4.2961946364434795697651026102903415448963642120361328125000000000e-02
-4.2893884971504502023886828965260065160691738128662109375000000000e-02
-4.2826038110519486223903840027560363523662090301513671875000000000e-02
-4.2758404779350688007522052203057683072984218597412109375000000000e-02
-4.2690983982057992274228297446825308725237846374511718750000000000e-02
-4.2623774728872548811509091137850191444158554077148437500000000000e-02
-4.2556776036126689466421169072418706491589546203613281250000000000e-02
-4.2489986926202046035871973117536981590092182159423828125000000000e-02
-4.2423406427510350347187539910009945742785930633544921875000000000e-02
-4.2357033574424121646906371552177006378769874572753906250000000000e-02
-4.2290867407235241404173109458497492596507072448730468750000000000e-02
-4.2224906972117441650294011878941091708838939666748046875000000000e-02
-4.2159151321053245364822714691399596631526947021484375000000000000e-02
-4.2093599511822385461634610237524611875414848327636718750000000000e-02
-4.2028250607961559204284185398137196898460388183593750000000000000e-02
-4.1963103678675520158414258276025066152215003967285156250000000000e-02
-4.1898157798824380015911827968011493794620037078857421875000000000e-02
-4.1833412048890870893469440261469571851193904876708984375000000000e-02
-4.1768865514912295600069569445622619241476058959960937500000000000e-02
-4.1704517288444042932837874104734510183334350585937500000000000000e-02
-4.1640366466537813427972736235460615716874599456787109375000000000e-02
-4.1576412151666658489901351458684075623750686645507812500000000000e-02
-4.1512653451707230700673534329325775615870952606201171875000000000e-02
-4.1449089479898171273219986687763594090938568115234375000000000000e-02
-4.1385719354785646673100529824296245351433753967285156250000000000e-02
-4.1322542200194885275710277028338168747723102569580078125000000000e-02
-4.1259557145192651828047303297353209927678108215332031250000000000e-02
-4.1196763324025824359875258551255683414638042449951171875000000000e-02
-4.1134159876115961029796608272590674459934234619140625000000000000e-02
-4.1071745945983194336914579025687999092042446136474609375000000000e-02
-4.1009520683242609018215318883449072018265724182128906250000000000e-02
-4.0947483242547981496795017619660939089953899383544921875000000000e-02
-4.0885632783566244752293528108566533774137496948242187500000000000e-02
-4.0823968470897364912985949558787979185581207275390625000000000000e-02
-4.0762489474119804888641027673656935803592205047607421875000000000e-02
-4.0701194967653779588356854901576298289000988006591796875000000000e-02
-4.0640084130836647002826822472343337722122669219970703125000000000e-02
-4.0579156147740678972635208765495917759835720062255859375000000000e-02
-4.0518410207349080109917593972568283788859844207763671875000000000e-02
-4.0457845503214476257092258038028376176953315734863281250000000000e-02
-4.0397461233853591833220519902170053683221340179443359375000000000e-02
-4.0337256602137459837731370271285413764417171478271484375000000000e-02
-4.0277230815987365153407750995029346086084842681884765625000000000e-02
-4.0217383087427768795230065279611153528094291687011718750000000000e-02
-4.0157712633728380458020268406471586786210536956787109375000000000e-02
-4.0098218675830812895988231048249872401356697082519531250000000000e-02
-4.0038900440303927530383276689462945796549320220947265625000000000e-02
-3.9979757156763197356585948227802873589098453521728515625000000000e-02
-3.9920788061114181877186979363614227622747421264648437500000000000e-02
-3.9861992391324756190851275050590629689395427703857421875000000000e-02
-3.9803369392726967168627538740111049264669418334960937500000000000e-02
-3.9744918311217895812159639490346307866275310516357421875000000000e-02
-3.9686638401810588050455663733373512513935565948486328125000000000e-02
-3.9628528917755000138267718057250021956861019134521484375000000000e-02
-3.9570589124153503213232596635862137190997600555419921875000000000e-02
-3.9512818280819553273808253379684174433350563049316406250000000000e-02
-3.9455215663669093717480507166328607127070426940917968750000000000e-02
-3.9397780537922810761841674320749007165431976318359375000000000000e-02
-3.9340512191418507137452564847990288399159908294677734375000000000e-02
-3.9283409893197979156909127596009057015180587768554687500000000000e-02
-3.9226472944691191668820096083436510525643825531005859375000000000e-02
-3.9169700616465741305205483513418585062026977539062500000000000000e-02
-3.9113092226034144871515962904595653526484966278076171875000000000e-02
-3.9056647042294091731751137785977334715425968170166015625000000000e-02
-3.9000364402383351503100783475019852630794048309326171875000000000e-02
-3.8944243569045161601493987291178200393915176391601562500000000000e-02
-3.8888283904131723534014497545285848900675773620605468750000000000e-02
-3.8832484657996817201119910123452427797019481658935546875000000000e-02
-3.8776845224277205204099772117842803709208965301513671875000000000e-02
-3.8721364832418836421368268929654732346534729003906250000000000000e-02
-3.8666042917582195415082679801344056613743305206298828125000000000e-02
-3.8610878676705900902632606630504596978425979614257812500000000000e-02
-3.8555871599679124306359057072768337093293666839599609375000000000e-02
-3.8501020835469038083864745658502215519547462463378906250000000000e-02
-3.8446325946319338806578258527224534191191196441650390625000000000e-02
-3.8391786012708081776700907994381850585341453552246093750000000000e-02
-3.8337400692515274935878721862536622211337089538574218750000000000e-02
-3.8283168970952963228171483933692798018455505371093750000000000000e-02
-3.8229090631762815966077084794960683211684226989746093750000000000e-02
-3.8175164530421919206748526676165056414902210235595703125000000000e-02
-3.8121390615269784563068355964787770062685012817382812500000000000e-02
-3.8067767568222679597234048287646146491169929504394531250000000000e-02
-3.8014295551182963883718457509530708193778991699218750000000000000e-02
-3.7960973017549519414881586953924852423369884490966796875000000000e-02
-3.7907800403777572317842725624359445646405220031738281250000000000e-02
-3.7854775866907532100302802291480475105345249176025390625000000000e-02
-3.7801900192762596941697950114757986739277839660644531250000000000e-02
-3.7749171159387244489646917600111919455230236053466796875000000000e-02
-3.7696589992452657347232758411337272264063358306884765625000000000e-02
-3.7644153991940196291032805220311274752020835876464843750000000000e-02
-3.7591864931004179140039411777252098545432090759277343750000000000e-02
-3.7539719514688617285624872010885155759751796722412109375000000000e-02
-3.7487720189626476396949072977804462425410747528076171875000000000e-02
-3.7435862930304875106912732007913291454315185546875000000000000000e-02
-3.7384151001800390579088428921750164590775966644287109375000000000e-02
-3.7332579493405786130733048366892035119235515594482421875000000000e-02
-3.7281152652432855698627633955766214057803153991699218750000000000e-02
-3.7229864509969810837386461344067356549203395843505859375000000000e-02
-3.7178720477021039159115645134079386480152606964111328125000000000e-02
-3.7127713336819724576631784884739317931234836578369140625000000000e-02
-3.7076849860825066007574690729597932659089565277099609375000000000e-02
-3.7026121381132974519356793052793364040553569793701171875000000000e-02
-3.6975536238002294775473188792602741159498691558837890625000000000e-02
-3.6925084099985287788836529898617300204932689666748046875000000000e-02
-3.6874775090752480444233896150763030163943767547607421875000000000e-02
-3.6824596999864803170687821420870022848248481750488281250000000000e-02
-3.6774561948472464512072122033714549615979194641113281250000000000e-02
-3.6724655636255383595045742595175397582352161407470703125000000000e-02
-3.6674892386943658273423807258950546383857727050781250000000000000e-02
-3.6625255613160163925545731444799457676708698272705078125000000000e-02
-3.6575762027537012111011449633224401623010635375976562500000000000e-02
-3.6526392582625008542684952317358693107962608337402343750000000000e-02
-3.6477166536509814109834337614302057772874832153320312500000000000e-02
-3.6428062244201225849948855284310411661863327026367187500000000000e-02
-3.6379101624327087050048135097313206642866134643554687500000000000e-02
-3.6330260344363596303196572989691048860549926757812500000000000000e-02
-3.6281563045115323984379784860720974393188953399658203125000000000e-02
-3.6232982675834531083314260513361659832298755645751953125000000000e-02
-3.6184546596189803846499444262008182704448699951171875000000000000e-02
-3.6136225076852095117185825756678241305053234100341796875000000000e-02
-3.6088048117668129755042372153184260241687297821044921875000000000e-02
-3.6039983430332475644597423070081276819109916687011718750000000000e-02
-3.5992063492230448595865510696967248804867267608642578125000000000e-02
-3.5944253662961944684184345533140003681182861328125000000000000000e-02
-3.5896588644942460655240523692555143497884273529052734375000000000e-02
-3.5849031744181504566260088040507980622351169586181640625000000000e-02
-3.5801619543159773906282339339668396860361099243164062500000000000e-02
-3.5754313685198282901644972753274487331509590148925781250000000000e-02
-3.5707152196541774857863060788076836615800857543945312500000000000e-02
-3.5660095537828978562444603994663339108228683471679687500000000000e-02
-3.5613182657041810019737937409445294179022312164306640625000000000e-02
-3.5566373393479865094857217400203808210790157318115234375000000000e-02
-3.5519707018928571573557206875193514861166477203369140625000000000e-02
-3.5473143382075571217182385908017749898135662078857421875000000000e-02
-3.5426721418803978902456464084025355987250804901123046875000000000e-02
-3.5380401671041845912402123985884827561676502227783203125000000000e-02
-3.5334222035492308944260031466910731978714466094970703125000000000e-02
-3.5288144464443046977031315236672526225447654724121093750000000000e-02
-3.5242205089900176251394015025653061456978321075439453125000000000e-02
-3.5196368002199600322210670810818555764853954315185546875000000000e-02
-3.5150666844710840019949671386711997911334037780761718750000000000e-02
-3.5105068559472790701292410631140228360891342163085937500000000000e-02
-3.5059603603931753512679136974838911555707454681396484375000000000e-02
-3.5014242446209375980714639808866195380687713623046875000000000000e-02
-3.4969011712335885955216241427478962577879428863525390625000000000e-02
-3.4923886006864135467253618116956204175949096679687500000000000000e-02
-3.4878887554699429529581067299659480340778827667236328125000000000e-02
-3.4833995620273019988566431948129320517182350158691406250000000000e-02
-3.4789227554893505101052397776584257371723651885986328125000000000e-02
-3.4744567699686139394810169278571265749633312225341796875000000000e-02
-3.4700028174921036805411489467587671242654323577880859375000000000e-02
-3.4655598692897637835841351261478848755359649658203125000000000000e-02
-3.4611285913787197265900630327450926415622234344482421875000000000e-02
-3.4567085082488895053653976674468140117824077606201171875000000000e-02
-3.4522997306356793811854544173911563120782375335693359375000000000e-02
-3.4479023386112077342868786899998667649924755096435546875000000000e-02
-3.4435158922214118004667682271247031167149543762207031250000000000e-02
-3.4391410156744704751385910412864177487790584564208984375000000000e-02
-3.4347767364491556263406124571702093817293643951416015625000000000e-02
-3.4304241982965187618415114911840646527707576751708984375000000000e-02
-3.4260819268855595420841808618206414394080638885498046875000000000e-02
-3.4217515489093471015014102931672823615372180938720703125000000000e-02
-3.4174311302505006038288115632894914597272872924804687500000000000e-02
-3.4131227335270207523532093318863189779222011566162109375000000000e-02
-3.4088240163366867463423659501131623983383178710937500000000000000e-02
-3.4045374217392156135364444935476058162748813629150390625000000000e-02
-3.4002602579409249572428564079018542543053627014160156250000000000e-02
-3.3959952866895848355710541000007651746273040771484375000000000000e-02
-3.3917395308114724195025502240241621620953083038330078125000000000e-02
-3.3874960050428636060271259111686958931386470794677734375000000000e-02
-3.3832615136099856989471135193525697104632854461669921875000000000e-02
-3.3790392569336691330761368590174242854118347167968750000000000000e-02
-3.3748258878900781743137571311308420263230800628662109375000000000e-02
-3.3706247259088106815738683508243411779403686523437500000000000000e-02
-3.3664323380844754507457139425241621211171150207519531250000000000e-02
-3.3622520988541633457646895521975238807499408721923828125000000000e-02
-3.3580805515060818677852694236207753419876098632812500000000000000e-02
-3.3539210659169933770318294818935100920498371124267578125000000000e-02
-3.3497702183517101548471117666849750094115734100341796875000000000e-02
-3.3456313204254892190725456657673930749297142028808593750000000000e-02
-3.3415010317140114715073195839067921042442321777343750000000000000e-02
-3.3373825588014896514899021440214710310101509094238281250000000000e-02
-3.3332726875913099018333696221816353499889373779296875000000000000e-02
-3.3291744804807357760445540861837798729538917541503906250000000000e-02
-3.3250848848971073512537088845419930294156074523925781250000000000e-02
-3.3210067878317588163650242449875804595649242401123046875000000000e-02
-3.3169373254676538798069174163174466229975223541259765625000000000e-02
-3.3128791860840688110467766591682448051869869232177734375000000000e-02
-3.3088297140607278445934014143858803436160087585449218750000000000e-02
-3.3047913832596018113285651907062856480479240417480468750000000000e-02
-3.3007617583505663438891986061207717284560203552246093750000000000e-02
-3.2967430901149084865320304515989846549928188323974609375000000000e-02
-3.2927331689164278383241679648563149385154247283935546875000000000e-02
-3.2887340200910712695314686015990446321666240692138671875000000000e-02
-3.2847436592216644468678055091004353016614913940429687500000000000e-02
-3.2807638892678195330354640191217185929417610168457031250000000000e-02
-3.2767929455864326648839579547711764462292194366455078125000000000e-02
-3.2728324163306690697261558398167835548520088195800781250000000000e-02
-3.2688807471601251386505992968523059971630573272705078125000000000e-02
-3.2649393225384681915812734587234444916248321533203125000000000000e-02
-3.2610067858779644145439391422769404016435146331787109375000000000e-02
-3.2570843317004903594291675972272059880197048187255859375000000000e-02
-3.2531707864271751373674845808636746369302272796630859375000000000e-02
-3.2492671701541277207159197359942481853067874908447265625000000000e-02
-3.2453724761994151570831945718964561820030212402343750000000000000e-02
-3.2414875667494513766797581411083228886127471923828125000000000000e-02
-3.2376115852487258317538021401560399681329727172851562500000000000e-02
-3.2337452528300197895916312518238555639982223510742187500000000000e-02
-3.2298878462463077865240990149686695076525211334228515625000000000e-02
-3.2260399622194839419631051669057342223823070526123046875000000000e-02
-3.2222009944355159416495837376714916899800300598144531250000000000e-02
-3.2183714312053898765064730014273663982748985290527343750000000000e-02
-3.2145507675900096555832163858212879858911037445068359375000000000e-02
-3.2107393985230159305643837797106243669986724853515625000000000000e-02
-3.2069369059726932080778283307154197245836257934570312500000000000e-02
-3.2031436053389025775395282380486605688929557800292968750000000000e-02
-3.1993591522943058691463846798797021619975566864013671875000000000e-02
-3.1955837952305991833679144065172295086085796356201171875000000000e-02
-3.1918172516784824865876402100184350274503231048583984375000000000e-02
-3.1880597141681496498044623422174481675028800964355468750000000000e-02
-3.1843109516270555470196512715119752101600170135498046875000000000e-02
-3.1805711104929780541628048240454518236219882965087890625000000000e-02
-3.1768400019841547265997405702364630997180938720703125000000000000e-02
-3.1731177348942984917101739483769051730632781982421875000000000000e-02
-3.1694041549089044251807933960662921890616416931152343750000000000e-02
-3.1656993403847304147102903471022727899253368377685546875000000000e-02
-3.1620031648451778216735164050987805239856243133544921875000000000e-02
-3.1583156822774786920415834856612491421401500701904296875000000000e-02
-3.1546367884920011037674925091778277419507503509521484375000000000e-02
-3.1509665181603696559875515958992764353752136230468750000000000000e-02
-3.1473047847815224797862754257948836311697959899902343750000000000e-02
-3.1436516078683432451335022506100358441472053527832031250000000000e-02
-3.1400069148487114167878075932094361633062362670898437500000000000e-02
-3.1363707134594472070165949162401375360786914825439453125000000000e-02
-3.1327429420118041436538192101579625159502029418945312500000000000e-02
-3.1291235991876352462437438362030661664903163909912109375000000000e-02
-3.1255126317444800743139410315052373334765434265136718750000000000e-02
-3.1219100314779920507524124673182086553424596786499023437500000000e-02
-3.1183157516550989024617379641313164029270410537719726562500000000e-02
-3.1147297788975694676771865943010197952389717102050781250000000000e-02
-3.1111520714645037738455002340742794331163167953491210937500000000e-02
-3.1075826121344574115568093475303612649440765380859375000000000000e-02
-3.1040213629792728911027666072186548262834548950195312500000000000e-02
-3.1004683039692105400719768226736050564795732498168945312500000000e-02
-3.0969234000762364128478409952549554873257875442504882812500000000e-02
-3.0933866292505805134505081355200672987848520278930664062500000000e-02
-3.0898579586735107349593221215400262735784053802490234375000000000e-02
-3.0863373648733222892603933473765209782868623733520507812500000000e-02
-3.0828248167129361501093143260732176713645458221435546875000000000e-02
-3.0793202897505558141011405837161873932927846908569335937500000000e-02
-3.0758237541377842633183448128875170368701219558715820312500000000e-02
-3.0723351847948568438262384461268084123730659484863281250000000000e-02
-3.0688545528694075731346302404745074454694986343383789062500000000e-02
-3.0653818328914367308257737931853625923395156860351562500000000000e-02
-3.0619169967876530558115177882427815347909927368164062500000000000e-02
-3.0584600188771567802481499143141263630241155624389648437500000000e-02
-3.0550108717083895165655960113326727878302335739135742187500000000e-02
-3.0515695295194530944904443003906635567545890808105468750000000000e-02
-3.0481359653634867989957513145782286301255226135253906250000000000e-02
-3.0447101534915369663858442095261125359684228897094726562500000000e-02
-3.0412920673791185577350404400931438431143760681152343750000000000e-02
-3.0378816813544408381719819089994416572153568267822265625000000000e-02
-3.0344789692556859567185156834057124797254800796508789062500000000e-02
-3.0310839055339353770301968893363664392381906509399414062500000000e-02
-3.0276964643464656518068167656565492507070302963256835937500000000e-02
-3.0243166202998168767823727876020711846649646759033203125000000000e-02
-3.0209443478394229498640299880207749083638191223144531250000000000e-02
-3.0175796217463780879430856884937384165823459625244140625000000000e-02
-3.0142224167331106016165520600225136149674654006958007812500000000e-02
-3.0108727077711699982032200750836636871099472045898437500000000000e-02
-3.0075304698224128441275126988330157473683357238769531250000000000e-02
-3.0041956780564350870665890624877647496759891510009765625000000000e-02
-3.0008683076742339451703500685653125401586294174194335937500000000e-02
-2.9975483340488988381888901812999392859637737274169921875000000000e-02
-2.9942357326107435500084363866335479542613029479980468750000000000e-02
-2.9909304789398100110631162351637613028287887573242187500000000000e-02
-2.9876325486894395044856764798169024288654327392578125000000000000e-02
-2.9843419176468769654642088084983697626739740371704101562500000000e-02
-2.9810585616842969619577630169260373804718255996704101562500000000e-02
-2.9777824567959285118057266572577646002173423767089843750000000000e-02
-2.9745135790677439124873870923693175427615642547607421875000000000e-02
-2.9712519047009444683737910963827744126319885253906250000000000000e-02
-2.9679974099914668145272500510145619045943021774291992187500000000e-02
-2.9647500713460953752909077252297720406204462051391601562500000000e-02
-2.9615098652688291724910385482871788553893566131591796875000000000e-02
-2.9582767683693833582481147459475323557853698730468750000000000000e-02
-2.9550507573565695101924788446012826170772314071655273437500000000e-02
-2.9518318090426990535357631983970350120216608047485351562500000000e-02
-2.9486199003380418603992296766591607592999935150146484375000000000e-02
-2.9454150082548327671538856975530507043004035949707031250000000000e-02
-2.9422171099037035951750951312533288728445768356323242187500000000e-02
-2.9390261824951708496955760097080201376229524612426757812500000000e-02
-2.9358422033368102022077295032431720755994319915771484375000000000e-02
-2.9326651498351240937578765510806988459080457687377929687500000000e-02
-2.9294949994935093329218034341465681791305541992187500000000000000e-02
-2.9263317299122966475000140462725539691746234893798828125000000000e-02
-2.9231753187879117722447475102853786665946245193481445312500000000e-02
-2.9200257439128303460496027810222585685551166534423828125000000000e-02
-2.9168829831749180231392770679121895227581262588500976562500000000e-02
-2.9137470145563133111510367712071456480771303176879882812500000000e-02
-2.9106178161335882065285929343190218787640333175659179687500000000e-02
-2.9074953660774692509871641732388525269925594329833984375000000000e-02
-2.9043796426513550368309068971939268521964550018310546875000000000e-02
-2.9012706242119053190453570323370513506233692169189453125000000000e-02
-2.8981682892077510749206936679911450482904911041259765625000000000e-02
-2.8950726161795687502165108639928803313523530960083007812500000000e-02
-2.8919835837591219979136880624537297990173101425170898437500000000e-02
-2.8889011706689594893848749279641197063028812408447265625000000000e-02
-2.8858253557222376256552465179083810653537511825561523437500000000e-02
-2.8827561178218746862356169913255143910646438598632812500000000000e-02
-2.8796934359598281433223476710736576933413743972778320312500000000e-02
-2.8766372892174478514970559217545087449252605438232421875000000000e-02
-2.8735876567645486645563579486406524665653705596923828125000000000e-02
-2.8705445178583643972558547829976305365562438964843750000000000000e-02
-2.8675078518443121444736476632897392846643924713134765625000000000e-02
-2.8644776381547019938889064860632061026990413665771484375000000000e-02
-2.8614538563081510363916848405096970964223146438598632812500000000e-02
-2.8584364859097880634530852717034576926380395889282226562500000000e-02
-2.8554255066504496962664916281937621533870697021484375000000000000e-02
-2.8524208983058945560129515683911449741572141647338867187500000000e-02
-2.8494226407369410009051691190506971906870603561401367187500000000e-02
-2.8464307138891926929336051443897304125130176544189453125000000000e-02
-2.8434450977913160174548323766430257819592952728271484375000000000e-02
-2.8404657725560705089362656394769146572798490524291992187500000000e-02
-2.8374927183792864049394211178878322243690490722656250000000000000e-02
-2.8345259155391214905828078940430714283138513565063476562500000000e-02
-2.8315653443963653690396142792451428249478340148925781250000000000e-02
-2.8286109853932331348325135422783205285668373107910156250000000000e-02
-2.8256628190532349226282704535151424352079629898071289062500000000e-02
-2.8227208259813025420514875918343022931367158889770507812500000000e-02
-2.8197849868627788277875012568074453156441450119018554687500000000e-02
-2.8168552824625828906457414291253371629863977432250976562500000000e-02
-2.8139316936257617596250923952538869343698024749755859375000000000e-02
-2.8110142012766823477187827506895700935274362564086914062500000000e-02
-2.8081027864183448483625937797114602290093898773193359375000000000e-02
-2.8051974301323886334946777765253500547260046005249023437500000000e-02
-2.8022981135789049034201525500975549221038818359375000000000000000e-02
-2.7994048179948785581849790560227120295166969299316406250000000000e-02
-2.7965175246951006621243251970554410945624113082885742187500000000e-02
-2.7936362150709888318989015942861442454159259796142578125000000000e-02
-2.7907608705903259871394794799925875850021839141845703125000000000e-02
-2.7878914727976596837910605586330348160117864608764648437500000000e-02
-2.7850280033126940254506465066697273869067430496215820312500000000e-02
-2.7821704438303052758785227638327341992408037185668945312500000000e-02
-2.7793187761208499458875920140599191654473543167114257812500000000e-02
-2.7764729820288810979711513482470763847231864929199218750000000000e-02
-2.7736330434728780763853350777026207651942968368530273437500000000e-02
-2.7707989424458179250621014944044873118400573730468750000000000000e-02
-2.7679706610136939337607486777415033429861068725585937500000000000e-02
-2.7651481813153171857022627477817877661436796188354492187500000000e-02
-2.7623314855628008923638105898135108873248100280761718750000000000e-02
-2.7595205560400209998661580357293132692575454711914062500000000000e-02
-2.7567153751028555808133546634053345769643783569335937500000000000e-02
-2.7539159251792327126606707565770193468779325485229492187500000000e-02
-2.7511221887678363740015186067466856911778450012207031250000000000e-02
-2.7483341484383607550290307131035660859197378158569335937500000000e-02
-2.7455517868311636597855596164663438685238361358642578125000000000e-02
-2.7427750866566492915499253513189614750444889068603515625000000000e-02
-2.7400040306948616336546464822276902850717306137084960937500000000e-02
-2.7372386017955149806191172956459922716021537780761718750000000000e-02
-2.7344787828773361310075173946643189992755651473999023437500000000e-02
-2.7317245569278038319627199825845309533178806304931640625000000000e-02
-2.7289759070030023685449194204011291731148958206176757812500000000e-02
-2.7262328162268156112046924022251914720982313156127929687500000000e-02
-2.7234952677910984064624244638253003358840942382812500000000000000e-02
-2.7207632449549393194310198396124178543686866760253906250000000000e-02
-2.7180367310442418715688006614072946831583976745605468750000000000e-02
-2.7153157094523455716839066553802695125341415405273437500000000000e-02
-2.7126001636384566850779265223536640405654907226562500000000000000e-02
-2.7098900771278543186948439824845991097390651702880859375000000000e-02
-2.7071854335117030709856322800987982191145420074462890625000000000e-02
-2.7044862164465357373677178998150338884443044662475585937500000000e-02
-2.7017924096540229389473708465629897546023130416870117187500000000e-02
-2.6991039969205137677432659870646602939814329147338867187500000000e-02
-2.6964209620969029068682232264109188690781593322753906250000000000e-02
-2.6937432890981063970947673169575864449143409729003906250000000000e-02
-2.6910709619028742867197223631592351011931896209716796875000000000e-02
-2.6884039645533239909491740604607912246137857437133789062500000000e-02
-2.6857422811549694352528661056567216292023658752441406250000000000e-02
-2.6830858958763813965076039380619477014988660812377929687500000000e-02
-2.6804347929481189133360530263416876550763845443725585937500000000e-02
-2.6777889566633617662860800123780791182070970535278320312500000000e-02
-2.6751483713774198980317464702238794416189193725585937500000000000e-02
-2.6725130215067175593057768878679780755192041397094726562500000000e-02
-2.6698828915293189301127796397850033827126026153564453125000000000e-02
-2.6672579659845020716435470831129350699484348297119140625000000000e-02
-2.6646382294720282607469741265049378853291273117065429687500000000e-02
-2.6620236666521451124323149883821315597742795944213867187500000000e-02
-2.6594142622454297608669548935722559690475463867187500000000000000e-02
-2.6568100010320502141203391488488705363124608993530273437500000000e-02
-2.6542108678518333553242314337694551795721054077148437500000000000e-02
-2.6516168476040859192099929941832670010626316070556640625000000000e-02
-2.6490279252469051129992294590920209884643554687500000000000000000e-02
-2.6464440857970089604478403089160565286874771118164062500000000000e-02
-2.6438653143296110548110533500221208669245243072509765625000000000e-02
-2.6412915959783355573931018511757429223507642745971679687500000000e-02
-2.6387229159342918960451385146370739676058292388916015625000000000e-02
-2.6361592594460511729259621915844036266207695007324218750000000000e-02
-2.6336006118201141928958364246682322118431329727172851562500000000e-02
-2.6310469584195254194591839791428355965763330459594726562500000000e-02
-2.6284982846639440984271018919571361038833856582641601562500000000e-02
-2.6259545760297584027220807456615148112177848815917968750000000000e-02
-2.6234158180495001366772100936941569671034812927246093750000000000e-02
-2.6208819963116899987021213291882304474711418151855468750000000000e-02
-2.6183530964603931451284424269942974206060171127319335937500000000e-02
-2.6158291041949225524954059096671699080616235733032226562500000000e-02
-2.6133100052701935950283385068360075820237398147583007812500000000e-02
-2.6107957854956724552675240147436852566897869110107421875000000000e-02
-2.6082864307350298732623983255507482681423425674438476562500000000e-02
-2.6057819269070608969585123304568696767091751098632812500000000000e-02
-2.6032822599843193078772429771561292000114917755126953125000000000e-02
-2.6007874159926749196847239886665192898362874984741210937500000000e-02
-2.5982973810121122448801855853162123821675777435302734375000000000e-02
-2.5958121411761906488502305023757799062877893447875976562500000000e-02
-2.5933316826706694080417747727551613934338092803955078125000000000e-02
-2.5908559917345037881819536096372758038341999053955078125000000000e-02
-2.5883850546595841418673344946910219732671976089477539062500000000e-02
-2.5859188577895476229828730652116064447909593582153320312500000000e-02
-2.5834573875203305226566641294994042254984378814697265625000000000e-02
-2.5810006302997304250546051207493292167782783508300781250000000000e-02
-2.5785485726269888329120760772639187052845954895019531250000000000e-02
-2.5761012010524896725938148733803245704621076583862304687500000000e-02
-2.5736585021779532361785314265034685377031564712524414062500000000e-02
-2.5712204626558515796475035131152253597974777221679687500000000000e-02
-2.5687870691891524776995225920472876168787479400634765625000000000e-02
-2.5663583085313683429529163504412281326949596405029296875000000000e-02
-2.5639341674860535030822106250525393988937139511108398437500000000e-02
-2.5615146329064621133486667758916155435144901275634765625000000000e-02
-2.5590996916956904039253117844054941087961196899414062500000000000e-02
-2.5566893308061611200798779464093968272209167480468750000000000000e-02
-2.5542835372393369458565715035547327715903520584106445312500000000e-02
-2.5518822980460979799044451965528423897922039031982421875000000000e-02
-2.5494856003254417337045012459384452085942029953002929687500000000e-02
-2.5470934312250684272704859267832944169640541076660156250000000000e-02
-2.5447057779413563560755306980354362167418003082275390625000000000e-02
-2.5423226277179779286630179058192879892885684967041015625000000000e-02
-2.5399439678469703379759536687743093352764844894409179687500000000e-02
-2.5375697856680066305523624237139301840215921401977539062500000000e-02
-2.5352000685672851365559665737237082794308662414550781250000000000e-02
-2.5328348039792034779305041070074366871267557144165039062500000000e-02
-2.5304739793850426071708525910253229085355997085571289062500000000e-02
-2.5281175823114294953786185260469210334122180938720703125000000000e-02
-2.5257656003330759136860095281917892862111330032348632812500000000e-02
-2.5234180210707272962178393527210573665797710418701171875000000000e-02
-2.5210748321897003682012794456568371970206499099731445312500000000e-02
-2.5187360214030729554934850966674275696277618408203125000000000000e-02
-2.5164015764689861426317563086740847211331129074096679687500000000e-02
-2.5140714851896013570797805414258618839085102081298828125000000000e-02
-2.5117457354145524689448265576174890156835317611694335937500000000e-02
-2.5094243150374784256939619808690622448921203613281250000000000000e-02
-2.5071072119953581591733637878860463388264179229736328125000000000e-02
-2.5047944142725906552238157587453315500169992446899414062500000000e-02
-2.5024859098962959347289825018378905951976776123046875000000000000e-02
-2.5001816869365880990905282033054390922188758850097656250000000000e-02
-2.4978817335110099773221037366965902037918567657470703125000000000e-02
-2.4955860377778495834411032205935043748468160629272460937500000000e-02
-2.4932945879385493004321006083046086132526397705078125000000000000e-02
-2.4910073722421471192900455093877098988741636276245117187500000000e-02
-2.4887243789763795892566733414241753052920103073120117187500000000e-02
-2.4864455964721650371718197902737301774322986602783203125000000000e-02
-2.4841710131083570567422924568745656870305538177490234375000000000e-02
-2.4819006173001683518419824281409091781824827194213867187500000000e-02
-2.4796343975063035725003857123738271184265613555908203125000000000e-02
-2.4773723422335962307538892446245881728827953338623046875000000000e-02
-2.4751144400227728659125148169550811871886253356933593750000000000e-02
-2.4728606794590140410816658800285949837416410446166992187500000000e-02
-2.4706110491755053221174520672320795711129903793334960937500000000e-02
-2.4683655378363936194752170649735489860177040100097656250000000000e-02
-2.4661241341516051961413324988825479522347450256347656250000000000e-02
-2.4638868268792080140627831497113220393657684326171875000000000000e-02
-2.4616536048047903822988402566807053517550230026245117187500000000e-02
-2.4594244567617180169394330846444063354283571243286132812500000000e-02
-2.4571993716311961442055888937829877249896526336669921875000000000e-02
-2.4549783383182359475238598633950459770858287811279296875000000000e-02
-2.4527613457782305311782877765836019534617662429809570312500000000e-02
-2.4505483830139528078628785578985116444528102874755859375000000000e-02
-2.4483394390480126001641281163756502792239189147949218750000000000e-02
-2.4461345029563073133482831167384574655443429946899414062500000000e-02
-2.4439335638616443979742598457960411906242370605468750000000000000e-02
-2.4417366109023130177346772029522981029003858566284179687500000000e-02
-2.4395436332733774070780086162812949623912572860717773437500000000e-02
-2.4373546202162893470344329216459300369024276733398437500000000000e-02
-2.4351695609830525945938006771029904484748840332031250000000000000e-02
-2.4329884448862582058126236006501130759716033935546875000000000000e-02
-2.4308112612847009026406652765217586420476436614990234375000000000e-02
-2.4286379995424978855966813284794625360518693923950195312500000000e-02
-2.4264686490878626529132944256161863449960947036743164062500000000e-02
-2.4243031993960450359848479706670332234352827072143554687500000000e-02
-2.4221416399415031384112495516092167235910892486572265625000000000e-02
-2.4199839602658982512517482632574683520942926406860351562500000000e-02
-2.4178301499602965901614126664753712248057126998901367187500000000e-02
-2.4156801986076673754988419773326313588768243789672851562500000000e-02
-2.4135340958610473904855098226107656955718994140625000000000000000e-02
-2.4113918314270624959627653538518643472343683242797851562500000000e-02
-2.4092533949949836852288953537026827689260244369506835937500000000e-02
-2.4071187763268529075100232716977188829332590103149414062500000000e-02
-2.4049879652453472894668706771881261374801397323608398437500000000e-02
-2.4028609515431741810997934294391598086804151535034179687500000000e-02
-2.4007377250891508840835442128991417121142148971557617187500000000e-02
-2.3986182758236201245649610314103483688086271286010742187500000000e-02
-2.3965025936386576826953032082201389130204916000366210937500000000e-02
-2.3943906685071535134223807972375652752816677093505859375000000000e-02
-2.3922824904907220855410088233838905580341815948486328125000000000e-02
-2.3901780495758133404660128462637658230960369110107421875000000000e-02
-2.3880773358347536644563646746064478065818548202514648437500000000e-02
-2.3859803394562902056907915948613663204014301300048828125000000000e-02
-2.3838870505182761794227275231605744920670986175537109375000000000e-02
-2.3817974591837456216358859251158719416707754135131835937500000000e-02
-2.3797115557731219476211848018465389031916856765747070312500000000e-02
-2.3776293304601073957948997872335894498974084854125976562500000000e-02
-2.3755507734873840958167434678216523025184869766235351562500000000e-02
-2.3734758753009000536993156060816545505076646804809570312500000000e-02
-2.3714046261852424202221101268150960095226764678955078125000000000e-02
-2.3693370164626796625650939631668734364211559295654296875000000000e-02
-2.3672730366752516711903453483500925358384847640991210937500000000e-02
-2.3652126772296378637294722580008965451270341873168945312500000000e-02
-2.3631559285663201325222715354357205796986818313598632812500000000e-02
-2.3611027812784929347245110875519458204507827758789062500000000000e-02
-2.3590532258538691318117130890641419682651758193969726562500000000e-02
-2.3570072529429633018116518883289245422929525375366210937500000000e-02
-2.3549648531989302718825385341006040107458829879760742187500000000e-02
-2.3529260170358116260880265713240078184753656387329101562500000000e-02
-2.3508907353820759911222637583705363795161247253417968750000000000e-02
-2.3488589991547383084569133870900259353220462799072265625000000000e-02
-2.3468307984718616426844661759787413757294416427612304687500000000e-02
-2.3448061243288253335803617005694832187145948410034179687500000000e-02
-2.3427849683775574946009712107297673355787992477416992187500000000e-02
-2.3407673205179481412674391549444408155977725982666015625000000000e-02
-2.3387531709889067266239237596892053261399269104003906250000000000e-02
-2.3367425125409940073195613763346045743674039840698242187500000000e-02
-2.3347353359630219210574253452250559348613023757934570312500000000e-02
-2.3327316294524988449232694165402790531516075134277343750000000000e-02
-2.3307313859423989949037903102180280257016420364379882812500000000e-02
-2.3287345996373474271701198290429601911455392837524414062500000000e-02
-2.3267412565233687449239852185201016254723072052001953125000000000e-02
-2.3247513461025905850965145305053738411515951156616210937500000000e-02
-2.3227648682228783927339321735416888259351253509521484375000000000e-02
-2.3207818108237712045882616962444444652646780014038085937500000000e-02
-2.3188021544708895677056048612030281219631433486938476562500000000e-02
-2.3168259010605343067856765060241741593927145004272460937500000000e-02
-2.3148530512222126320764914453320670872926712036132812500000000000e-02
-2.3128835759829782792174057703959988430142402648925781250000000000e-02
-2.3109174626126102042311671880270296242088079452514648437500000000e-02
-2.3089547361397854546849472967551264446228742599487304687500000000e-02
-2.3069953755197904893270433035468158777803182601928710937500000000e-02
-2.3050393253618416816719260964418936055153608322143554687500000000e-02
-2.3030866272136515243706966771242150571197271347045898437500000000e-02
-2.3011373112469622054243600928202795330435037612915039062500000000e-02
-2.2991912683340956502497931523976149037480354309082031250000000000e-02
-2.2972484993932864444365904432743263896554708480834960937500000000e-02
-2.2953091303383920535052808986620220821350812911987304687500000000e-02
-2.2933730652737755600911739861658134032040834426879882812500000000e-02
-2.2914401531769962305773447042156476527452468872070312500000000000e-02
-2.2895105792422990736989518723021319601684808731079101562500000000e-02
-2.2875844587324400264405355187591339927166700363159179687500000000e-02
-2.2856614082493637712945044881962530780583620071411132812500000000e-02
-2.2837414480699740754188198366136930417269468307495117187500000000e-02
-2.2818251479610116710938783057827095035463571548461914062500000000e-02
-2.2799120283714613410808169646770693361759185791015625000000000000e-02
-2.2780016126816571286894941295031458139419555664062500000000000000e-02
-2.2760948532836892260755590200460574124008417129516601562500000000e-02
-2.2741916538524465513093630875118833500891923904418945312500000000e-02
-2.2722909517520154670799925611390790436416864395141601562500000000e-02
-2.2703933705175566304390599725593347102403640747070312500000000000e-02
-2.2684998207509049494845498884387779980897903442382812500000000000e-02
-2.2666092020894163666655529709714755881577730178833007812500000000e-02
-2.2647207215564266885587940691948460880666971206665039062500000000e-02
-2.2628362479098659137966009780029708053916692733764648437500000000e-02
-2.2609555902974611679701055777513829525560140609741210937500000000e-02
-2.2590775222805965088967994347513013053685426712036132812500000000e-02
