-2.6441252388344058665836655563907697796821594238281250000000000000e+00
-2.6442295710145788945055755903013050556182861328125000000000000000e+00
-2.6443237502064489419240089773666113615036010742187500000000000000e+00
-2.6444226345323658122765664302278310060501098632812500000000000000e+00
-2.6445191376417209738747260416857898235321044921875000000000000000e+00
-2.6446153878574807372103805391816422343254089355468750000000000000e+00
-2.6447113717049619552312833548057824373245239257812500000000000000e+00
-2.6448066166017900613383062591310590505599975585937500000000000000e+00
-2.6449014864019910753256681346101686358451843261718750000000000000e+00
-2.6449958321043176567854970926418900489807128906250000000000000000e+00
-2.6450896848170022401802725653396919369697570800781250000000000000e+00
-2.6451830640125981730648163647856563329696655273437500000000000000e+00
-2.6452759568627648434357979567721486091613769531250000000000000000e+00
-2.6453683746705540791310795611934736371040344238281250000000000000e+00
-2.6454603198484791803934967902023345232009887695312500000000000000e+00
-2.6455517951478784155483481299597769975662231445312500000000000000e+00
-2.6456428048491269500175349094206467270851135253906250000000000000e+00
-2.6457333521367747408703507971949875354766845703125000000000000000e+00
-2.6458234403963505343426731997169554233551025390625000000000000000e+00
-2.6459130729993018960044537379872053861618041992187500000000000000e+00
-2.6460022531779383569983110646717250347137451171875000000000000000e+00
-2.6460909841329289804434665711596608161926269531250000000000000000e+00
-2.6461792690036531894293148070573806762695312500000000000000000000e+00
-2.6462671108673014863654771033907309174537658691406250000000000000e+00
-2.6463545127470076145925759192323312163352966308593750000000000000e+00
-2.6464414776109901339395946706645190715789794921875000000000000000e+00
-2.6465280083744491257391473482130095362663269042968750000000000000e+00
-2.6466141079016174408877759560709819197654724121093750000000000000e+00
-2.6466997790073576446445713372668251395225524902343750000000000000e+00
-2.6467850244588988495308967685559764504432678222656250000000000000e+00
-2.6468698469776619219828717177733778953552246093750000000000000000e+00
-2.6469542492410069733921318402281031012535095214843750000000000000e+00
-2.6470382338840678926317195873707532882690429687500000000000000000e+00
-2.6471218035015930958309127163374796509742736816406250000000000000e+00
-2.6472049606498386786768151068827137351036071777343750000000000000e+00
-2.6472877078485583801636948919622227549552917480468750000000000000e+00
-2.6473700475830059808401983900694176554679870605468750000000000000e+00
-2.6474519823060895795663327589863911271095275878906250000000000000e+00
-2.6475335144406235698966156633105129003524780273437500000000000000e+00
-2.6476146463817209486535375617677345871925354003906250000000000000e+00
-2.6476953804993645924525935697602108120918273925781250000000000000e+00
-2.6477757191411677162307114485884085297584533691406250000000000000e+00
-2.6478556646353941239624418813036754727363586425781250000000000000e+00
-2.6479352192942386956531208852538838982582092285156250000000000000e+00
-2.6480143854174387207933705212781205773353576660156250000000000000e+00
-2.6480931652962600431067130557494238018989562988281250000000000000e+00
-2.6481715612179308472207139857346192002296447753906250000000000000e+00
-2.6482495754705426271868873300263658165931701660156250000000000000e+00
-2.6483272103485799853217486088396981358528137207031250000000000000e+00
-2.6484044681590641623358806100441142916679382324218750000000000000e+00
-2.6484813512285083625386050698580220341682434082031250000000000000e+00
-2.6485578619107110753816414216998964548110961914062500000000000000e+00
-2.6486340025955987798056412430014461278915405273437500000000000000e+00
-2.6487097757191864211279153096256777644157409667968750000000000000e+00
-2.6487851837748928041094131913268938660621643066406250000000000000e+00
-2.6488602293263170395221095532178878784179687500000000000000000000e+00
-2.6489349150217456063671761512523517012596130371093750000000000000e+00
-2.6490092436105370232723998924484476447105407714843750000000000000e+00
-2.6490832179616323749371531448559835553169250488281250000000000000e+00
-2.6491568410844967829120832902844995260238647460937500000000000000e+00
-2.6492301161524136610125879087718203663825988769531250000000000000e+00
-2.6493030465289124641969920048722997307777404785156250000000000000e+00
-2.6493756357971691706154615530977025628089904785156250000000000000e+00
-2.6494478877916165515671309549361467361450195312500000000000000000e+00
-2.6495198066356380195429665036499500274658203125000000000000000000e+00
-2.6495913967795536869687111902749165892601013183593750000000000000e+00
-2.6496626630409609859384545416105538606643676757812500000000000000e+00
-2.6497336106642968012181427184259518980979919433593750000000000000e+00
-2.6498042453484118574635886034229770302772521972656250000000000000e+00
-2.6498745733178665773266402538865804672241210937500000000000000000e+00
-2.6499446014199703469671476341318339109420776367187500000000000000e+00
-2.6500143370312043700209869712125509977340698242187500000000000000e+00
-2.6500837884041543723867562221130356192588806152343750000000000000e+00
-2.6501529645348322894449211162282153964042663574218750000000000000e+00
-2.6502218748315398144654864154290407896041870117187500000000000000e+00
-2.6502905309423323565454211347969248890876770019531250000000000000e+00
-2.6503589435043726219021209544735029339790344238281250000000000000e+00
-2.6504271253920976825213529082247987389564514160156250000000000000e+00
-2.6504950939739138071615798253333196043968200683593750000000000000e+00
-2.6505628550242970042916113015962764620780944824218750000000000000e+00
-2.6506304393350164083642539480933919548988342285156250000000000000e+00
-2.6506978588021214982006767968414351344108581542968750000000000000e+00
-2.6507651013818631646756784903118386864662170410156250000000000000e+00
-2.6508321239789154333266196772456169128417968750000000000000000000e+00
-2.6508988930103303260921165929175913333892822265625000000000000000e+00
-2.6509653936238501970024117326829582452774047851562500000000000000e+00
-2.6510316087558316588967954885447397828102111816406250000000000000e+00
-2.6510975283353501730232437694212421774864196777343750000000000000e+00
-2.6511631457429296609973334852838888764381408691406250000000000000e+00
-2.6512284553413283383349607902346178889274597167968750000000000000e+00
-2.6512934541911246100198695785365998744964599609375000000000000000e+00
-2.6513581404128570007117104978533461689949035644531250000000000000e+00
-2.6514225129874242625760416558478027582168579101562500000000000000e+00
-2.6514865718880460399020648765144869685173034667968750000000000000e+00
-2.6515503175665884327827370725572109222412109375000000000000000000e+00
-2.6516137509254629200938779831631109118461608886718750000000000000e+00
-2.6516768732596500690590346493991091847419738769531250000000000000e+00
-2.6517396860940385394656004791613668203353881835937500000000000000e+00
-2.6518021911600109241646805458003655076026916503906250000000000000e+00
-2.6518643903499667935363959259120747447013854980468750000000000000e+00
-2.6519262856591532262484633974963799118995666503906250000000000000e+00
-2.6519878791680451257661843555979430675506591796875000000000000000e+00
-2.6520491730182897960332866205135360360145568847656250000000000000e+00
-2.6521101693890769546158026059856638312339782714843750000000000000e+00
-2.6521708704863824479502909525763243436813354492187500000000000000e+00
-2.6522312785311830118928355659591034054756164550781250000000000000e+00
-2.6522913957489966385594470921205356717109680175781250000000000000e+00
-2.6523512243640308128078686422668397426605224609375000000000000000e+00
-2.6524107665935212629904071945929899811744689941406250000000000000e+00
-2.6524700246429819827653773245401680469512939453125000000000000000e+00
-2.6525290007032347183724141359562054276466369628906250000000000000e+00
-2.6525876969478190403606276959180831909179687500000000000000000000e+00
-2.6526461155308700412547295854892581701278686523437500000000000000e+00
-2.6527042585857847356578531616833060979843139648437500000000000000e+00
-2.6527621282241300448845322534907609224319458007812500000000000000e+00
-2.6528197265348283373498361470410600304603576660156250000000000000e+00
-2.6528770555836818090256201685406267642974853515625000000000000000e+00
-2.6529341174130540714770631893770769238471984863281250000000000000e+00
-2.6529909140416867430189995502587407827377319335937500000000000000e+00
-2.6530474474646821292367349087726324796676635742187500000000000000e+00
-2.6531037196535725009027828491525724530220031738281250000000000000e+00
-2.6531597325564431066879933496238663792610168457031250000000000000e+00
-2.6532154880981471123391202127095311880111694335937500000000000000e+00
-2.6532709881805573992608060507336631417274475097656250000000000000e+00
-2.6533262346828472288962075253948569297790527343750000000000000000e+00
-2.6533812294618006610846805415349081158638000488281250000000000000e+00
-2.6534359743521562791102041956037282943725585937500000000000000000e+00
-2.6534904711669486943037554738111793994903564453125000000000000000e+00
-2.6535447216978553797162021510303020477294921875000000000000000000e+00
-2.6535987277155812513740329450229182839393615722656250000000000000e+00
-2.6536524909702010610601519147166982293128967285156250000000000000e+00
-2.6537060131915359839638313133036717772483825683593750000000000000e+00
-2.6537592960895164395651590893976390361785888671875000000000000000e+00
-2.6538123413545369189137090870644897222518920898437500000000000000e+00
-2.6538651506578188055129885469796136021614074707031250000000000000e+00
-2.6539177256517514358336029545171186327934265136718750000000000000e+00
-2.6539700679702451502350868395296856760978698730468750000000000000e+00
-2.6540221792290674684977602737490087747573852539062500000000000000e+00
-2.6540740610261659426782898663077503442764282226562500000000000000e+00
-2.6541257149420003358386566105764359235763549804687500000000000000e+00
-2.6541771425398588135635691287461668252944946289062500000000000000e+00
-2.6542283453661621450692109647206962108612060546875000000000000000e+00
-2.6542793249507656838659386266954243183135986328125000000000000000e+00
-2.6543300828072609043317697796737775206565856933593750000000000000e+00
-2.6543806204332516252009099844144657254219055175781250000000000000e+00
-2.6544309393106373384796370373805984854698181152343750000000000000e+00
-2.6544810409058938738269262103131040930747985839843750000000000000e+00
-2.6545309266703229766903859854210168123245239257812500000000000000e+00
-2.6545805980403258672595256939530372619628906250000000000000000000e+00
-2.6546300564376452690851238003233447670936584472656250000000000000e+00
-2.6546793032696176517504227376775816082954406738281250000000000000e+00
-2.6547283399294046013494607905158773064613342285156250000000000000e+00
-2.6547771677962317404819714283803477883338928222656250000000000000e+00
-2.6548257882356156578396166878519579768180847167968750000000000000e+00
-2.6548742025995797355619743029819801449775695800781250000000000000e+00
-2.6549224122268744174846233363496139645576477050781250000000000000e+00
-2.6549704184431850428893540083663538098335266113281250000000000000e+00
-2.6550182225613365716299085761420428752899169921875000000000000000e+00
-2.6550658258814916479195744614116847515106201171875000000000000000e+00
-2.6551132296913504404756167787127196788787841796875000000000000000e+00
-2.6551604352663336072737365611828863620758056640625000000000000000e+00
-2.6552074438697683689269979367963969707489013671875000000000000000e+00
-2.6552542567530750261539651546627283096313476562500000000000000000e+00
-2.6553008751559352695892357587581500411033630371093750000000000000e+00
-2.6553473003064689272889609128469601273536682128906250000000000000e+00
-2.6553935334214000540953293238999322056770324707031250000000000000e+00
-2.6554395757062176919305329647613689303398132324218750000000000000e+00
-2.6554854283553415150720411475049331784248352050781250000000000000e+00
-2.6555310925522754850192086450988426804542541503906250000000000000e+00
-2.6555765694697615053598838130710646510124206542968750000000000000e+00
-2.6556218602699233066744000097969546914100646972656250000000000000e+00
-2.6556669661044218777590231184149160981178283691406250000000000000e+00
-2.6557118881145864719428573152981698513031005859375000000000000000e+00
-2.6557566274315624887947251409059390425682067871093750000000000000e+00
-2.6558011851764451449753323686309158802032470703125000000000000000e+00
-2.6558455624604122569110131735214963555335998535156250000000000000e+00
-2.6558897603848534707537965005030855536460876464843750000000000000e+00
-2.6559337800415021568767315329750999808311462402343750000000000000e+00
-2.6559776225125579784958063100930303335189819335937500000000000000e+00
-2.6560212888708054634889776934869587421417236328125000000000000000e+00
-2.6560647801797405698209786351071670651435852050781250000000000000e+00
-2.6561080974936821519349905429407954216003417968750000000000000000e+00
-2.6561512418578918648393027979182079434394836425781250000000000000e+00
-2.6561942143086842982313555694418027997016906738281250000000000000e+00
-2.6562370158735340019973136804765090346336364746093750000000000000e+00
-2.6562796475711922816742571740178391337394714355468750000000000000e+00
-2.6563221104117862303439778770552948117256164550781250000000000000e+00
-2.6563644053969213132404547650367021560668945312500000000000000000e+00
-2.6564065335197932782307361776474863290786743164062500000000000000e+00
-2.6564484957652774177461196813965216279029846191406250000000000000e+00
-2.6564902931100329297464668343309313058853149414062500000000000000e+00
-2.6565319265225966205434815492480993270874023437500000000000000000e+00
-2.6565733969634814926052968075964599847793579101562500000000000000e+00
-2.6566147053852642301308151218108832836151123046875000000000000000e+00
-2.6566558527326802341406164487125352025032043457031250000000000000e+00
-2.6566968399427146607649774523451924324035644531250000000000000000e+00
-2.6567376679446841336584839154966175556182861328125000000000000000e+00
-2.6567783376603268941096303024096414446830749511718750000000000000e+00
-2.6568188500038956156856784218689426779747009277343750000000000000e+00
-2.6568592058822249057925546367187052965164184570312500000000000000e+00
-2.6568994061948263407657577772624790668487548828125000000000000000e+00
-2.6569394518339657373928730521583929657936096191406250000000000000e+00
-2.6569793436847404244360859593143686652183532714843750000000000000e+00
-2.6570190826251596227791651472216472029685974121093750000000000000e+00
-2.6570586695262194965039270755369216203689575195312500000000000000e+00
-2.6570981052519822007695893262280151247978210449218750000000000000e+00
-2.6571373906596451597295072133420035243034362792968750000000000000e+00
-2.6571765265996214466781566443387418985366821289062500000000000000e+00
-2.6572155139156010683620934287318959832191467285156250000000000000e+00
-2.6572543534446353419298247899860143661499023437500000000000000000e+00
-2.6572930460171950706182997237192466855049133300781250000000000000e+00
-2.6573315924572478152754229085985571146011352539062500000000000000e+00
-2.6573699935823165141357549146050587296485900878906250000000000000e+00
-2.6574082502035607511459147644927725195884704589843750000000000000e+00
-2.6574463631258251616884535906137898564338684082031250000000000000e+00
-2.6574843331477140395691094454377889633178710937500000000000000000e+00
-2.6575221610616592826659143611323088407516479492187500000000000000e+00
-2.6575598476539736836343763570766896009445190429687500000000000000e+00
-2.6575973937049135464860682986909523606300354003906250000000000000e+00
-2.6576347999887528494866728578926995396614074707031250000000000000e+00
-2.6576720672738276540769675193587318062782287597656250000000000000e+00
-2.6577091963225991655406232894165441393852233886718750000000000000e+00
-2.6577461878917230109209413058124482631683349609375000000000000000e+00
-2.6577830427320967565663067944115027785301208496093750000000000000e+00
-2.6578197615889154192814203270245343446731567382812500000000000000e+00
-2.6578563452017340829058866802370175719261169433593750000000000000e+00
-2.6578927943045238535546559432987123727798461914062500000000000000e+00
-2.6579291096257220416987365751992911100387573242187500000000000000e+00
-2.6579652918882850087811675621196627616882324218750000000000000000e+00
-2.6580013418097512278848171263234689831733703613281250000000000000e+00
-2.6580372601022825840288987819803878664970397949218750000000000000e+00
-2.6580730474727198853202025929931551218032836914062500000000000000e+00
-2.6581087046226410386395855312002822756767272949218750000000000000e+00
-2.6581442322484005735816481319488957524299621582031250000000000000e+00
-2.6581796310411882622304347023600712418556213378906250000000000000e+00
-2.6582149016870730839912084775278344750404357910156250000000000000e+00
-2.6582500448670591808308927284087985754013061523437500000000000000e+00
-2.6582850612571209403256489167688414454460144042968750000000000000e+00
-2.6583199515282691649531443545129150152206420898437500000000000000e+00
-2.6583547163465763851775136572541669011116027832031250000000000000e+00
-2.6583893563732456932768855040194466710090637207031250000000000000e+00
-2.6584238722646378327851834910688921809196472167968750000000000000e+00
-2.6584582646723253773757278395351022481918334960937500000000000000e+00
-2.6584925342431402484066893521230667829513549804687500000000000000e+00
-2.6585266816192123506823463685577735304832458496093750000000000000e+00
-2.6585607074380135372848599217832088470458984375000000000000000000e+00
-2.6585946123324046830305178445996716618537902832031250000000000000e+00
-2.6586283969306774288554606755496934056282043457031250000000000000e+00
-2.6586620618565874885064204136142507195472717285156250000000000000e+00
-2.6586956077294150446732601267285645008087158203125000000000000000e+00
-2.6587290351639851770926270546624436974525451660156250000000000000e+00
-2.6587623447707264823236528172856196761131286621093750000000000000e+00
-2.6587955371556981631897542683873325586318969726562500000000000000e+00
-2.6588286129206353258780382020631805062294006347656250000000000000e+00
-2.6588615726629925006818666588515043258666992187500000000000000000e+00
-2.6588944169759729518887070298660546541213989257812500000000000000e+00
-2.6589271464485770835040057136211544275283813476562500000000000000e+00
-2.6589597616656344136742973205400630831718444824218750000000000000e+00
-2.6589922632078435427160911785904318094253540039062500000000000000e+00
-2.6590246516518063479850297881057485938072204589843750000000000000e+00
-2.6590569275700755014213427784852683544158935546875000000000000000e+00
-2.6590890915311686804045621101977303624153137207031250000000000000e+00
-2.6591211440996356252242094342363998293876647949218750000000000000e+00
-2.6591530858360612477042650425573810935020446777343750000000000000e+00
-2.6591849172971349091199044778477400541305541992187500000000000000e+00
-2.6592166390356406502348818321479484438896179199218750000000000000e+00
-2.6592482516005566672845361608779057860374450683593750000000000000e+00
-2.6592797555369993567353503749473020434379577636718750000000000000e+00
-2.6593111513863818551328677131095901131629943847656250000000000000e+00
-2.6593424396862701541977003216743469238281250000000000000000000000e+00
-2.6593736209706650974737840442685410380363464355468750000000000000e+00
-2.6594046957696968469520015787566080689430236816406250000000000000e+00
-2.6594356646101062757736599451163783669471740722656250000000000000e+00
-2.6594665280146898567181779071688652038574218750000000000000000000e+00
-2.6594972865031007991376554855378344655036926269531250000000000000e+00
-2.6595279405908653913570560689549893140792846679687500000000000000e+00
-2.6595584907907472427268658066168427467346191406250000000000000000e+00
-2.6595889376110424251464792178012430667877197265625000000000000000e+00
-2.6596192815578594270675694133387878537178039550781250000000000000e+00
-2.6596495231322383467897907394217327237129211425781250000000000000e+00
-2.6596796628339429702236884622834622859954833984375000000000000000e+00
-2.6597097011566392943393566383747383952140808105468750000000000000e+00
-2.6597396385941594054713732475647702813148498535156250000000000000e+00
-2.6597694756325407361430279706837609410285949707031250000000000000e+00
-2.6597992127602645417994153831386938691139221191406250000000000000e+00
-2.6598288504552742850250979245174676179885864257812500000000000000e+00
-2.6598583892015348340009950334206223487854003906250000000000000000e+00
-2.6598878294681185252557042986154556274414062500000000000000000000e+00
-2.6599171717356822064459720422746613621711730957031250000000000000e+00
-2.6599464164631783091863326262682676315307617187500000000000000000e+00
-2.6599755641297373465192777075571939349174499511718750000000000000e+00
-2.6600046151822529516550730477320030331611633300781250000000000000e+00
-2.6600335701009298894348376052221283316612243652343750000000000000e+00
-2.6600624293176782231284960289485752582550048828125000000000000000e+00
-2.6600911933175570567300383117981255054473876953125000000000000000e+00
-2.6601198625131416974909370765089988708496093750000000000000000000e+00
-2.6601484373998314225673311739228665828704833984375000000000000000e+00
-2.6601769183644914384956337016774341464042663574218750000000000000e+00
-2.6602053059207246832329474273137748241424560546875000000000000000e+00
-2.6602336004205082709006546792807057499885559082031250000000000000e+00
-2.6602618024068021007622064644237980246543884277343750000000000000e+00
-2.6602899121836451890033004019642248749732971191406250000000000000e+00
-2.6603179303390462884237877005944028496742248535156250000000000000e+00
-2.6603458571107752028694903856376186013221740722656250000000000000e+00
-2.6603736931536774434903236397076398134231567382812500000000000000e+00
-2.6604014386138739034493028157157823443412780761718750000000000000e+00
-2.6604290942429758004550421901512891054153442382812500000000000000e+00
-2.6604566600606984749788352928590029478073120117187500000000000000e+00
-2.6604841369560876529476445284672081470489501953125000000000000000e+00
-2.6605115247754440588323632255196571350097656250000000000000000000e+00
-2.6605388245998318197393928130622953176498413085937500000000000000e+00
-2.6605660360393548202750935161020606756210327148437500000000000000e+00
-2.6605931604395078871050372981699183583259582519531250000000000000e+00
-2.6606201970913332388590788468718528747558593750000000000000000000e+00
-2.6606471476996951253113365964964032173156738281250000000000000000e+00
-2.6606740111285227534665409621084108948707580566406250000000000000e+00
-2.6607007895650358619832331896759569644927978515625000000000000000e+00
-2.6607274813068753083200590481283143162727355957031250000000000000e+00
-2.6607540891810046446153137367218732833862304687500000000000000000e+00
-2.6607806107417051322272527613677084445953369140625000000000000000e+00
-2.6608070496546636363177640305366367101669311523437500000000000000e+00
-2.6608334025082545082341312081553041934967041015625000000000000000e+00
-2.6608596740553718262844995479099452495574951171875000000000000000e+00
-2.6608858596422724218655275763012468814849853515625000000000000000e+00
-2.6609119654154693712655443960102275013923645019531250000000000000e+00
-2.6609379851405985384360519674373790621757507324218750000000000000e+00
-2.6609639267308917709442539489828050136566162109375000000000000000e+00
-2.6609897819618000269770163868088275194168090820312500000000000000e+00
-2.6610155609617294203417259268462657928466796875000000000000000000e+00
-2.6610412530268496844598757888888940215110778808593750000000000000e+00
-2.6610668710327023411821301124291494488716125488281250000000000000e+00
-2.6610924012198653443306284316349774599075317382812500000000000000e+00
-2.6611178598335558653786847571609541773796081542968750000000000000e+00
-2.6611432293889256683883104415144771337509155273437500000000000000e+00
-2.6611685302193377467006030201446264982223510742187500000000000000e+00
-2.6611937403469556606694368383614346385002136230468750000000000000e+00
-2.6612188850105957804714762460207566618919372558593750000000000000e+00
-2.6612439368726952260146845219423994421958923339843750000000000000e+00
-2.6612689269934528546457386255497112870216369628906250000000000000e+00
-2.6612938217117720895998900232370942831039428710937500000000000000e+00
-2.6613186589196042852734080952359363436698913574218750000000000000e+00
-2.6613433975777995854627988592255860567092895507812500000000000000e+00
-2.6613680835062045737515745713608339428901672363281250000000000000e+00
-2.6613926671535637069609947502613067626953125000000000000000000000e+00
-2.6614172034357190810283100290689617395401000976562500000000000000e+00
-2.6614416330922332498687410407001152634620666503906250000000000000e+00
-2.6614660213557304047071738750673830509185791015625000000000000000e+00
-2.6614902980185597414219955680891871452331542968750000000000000000e+00
-2.6615145398787349861891016189474612474441528320312500000000000000e+00
-2.6615386645300320722640208259690552949905395507812500000000000000e+00
-2.6615627615820041107497218035859987139701843261718750000000000000e+00
-2.6615867351979711763476643682224676012992858886718750000000000000e+00
-2.6616106890075097446413110446883365511894226074218750000000000000e+00
-2.6616345125684759409523394424468278884887695312500000000000000000e+00
-2.6616583246619960334555798908695578575134277343750000000000000000e+00
-2.6616819991632012509796822996577247977256774902343750000000000000e+00
-2.6617056710172173339401524572167545557022094726562500000000000000e+00
-2.6617291974799446307997641270048916339874267578125000000000000000e+00
-2.6617527305103840795652558881556615233421325683593750000000000000e+00
-2.6617761099929655443929732427932322025299072265625000000000000000e+00
-2.6617995055448506747097781044431030750274658203125000000000000000e+00
-2.6618227391530600023372699070023372769355773925781250000000000000e+00
-2.6618459984910520788048415852244943380355834960937500000000000000e+00
-2.6618690873873647184666424436727538704872131347656250000000000000e+00
-2.6618922116876766459370173834031447768211364746093750000000000000e+00
-2.6619151570988801580597282736562192440032958984375000000000000000e+00
-2.6619381474431063061558688787044957280158996582031250000000000000e+00
-2.6619609506657981867761009198147803544998168945312500000000000000e+00
-2.6619838080370250565920287044718861579895019531250000000000000000e+00
-2.6620064704405916877760773786576464772224426269531250000000000000e+00
-2.6620291957222059764376353996340185403823852539062500000000000000e+00
-2.6620517187489851629322856751969084143638610839843750000000000000e+00
-2.6620743127263781779845430719433352351188659667968750000000000000e+00
-2.6620966978888458420726692565949633717536926269531250000000000000e+00
-2.6621191612541186266582826647209003567695617675781250000000000000e+00
-2.6621414101290756804019110859371721744537353515625000000000000000e+00
-2.6621637434887053252907662681536749005317687988281250000000000000e+00
-2.6621858577085744101964337460231035947799682617187500000000000000e+00
-2.6622080615938257253105803101789206266403198242187500000000000000e+00
-2.6622300428353580237228470650734379887580871582031250000000000000e+00
-2.6622521177150928473054136702558025717735290527343750000000000000e+00
-2.6622739676858935276015927229309454560279846191406250000000000000e+00
-2.6622959139813047180211924569448456168174743652343750000000000000e+00
-2.6623176344047099206591155962087213993072509765625000000000000000e+00
-2.6623394525053925008251098915934562683105468750000000000000000000e+00
-2.6623610451043147051564119465183466672897338867187500000000000000e+00
-2.6623827353850191279605041927425190806388854980468750000000000000e+00
-2.6624042018654527907983720069751143455505371093750000000000000000e+00
-2.6624257647028470863403981638839468359947204589843750000000000000e+00
-2.6624471067376989097397199657279998064041137695312500000000000000e+00
-2.6624685425264433824565912800608202815055847167968750000000000000e+00
-2.6624897617403613381270588433835655450820922851562500000000000000e+00
-2.6625110709078856352505226823268458247184753417968750000000000000e+00
-2.6625321688636880423928232630714774131774902343750000000000000000e+00
-2.6625533518830919454956074332585558295249938964843750000000000000e+00
-2.6625743300702775506749730993760749697685241699218750000000000000e+00
-2.6625953874709340496451659419108182191848754882812500000000000000e+00
-2.6626162472966794503292931040050461888313293457031250000000000000e+00
-2.6626371796722088092224112187977880239486694335937500000000000000e+00
-2.6626579224550881441757610446074977517127990722656250000000000000e+00
-2.6626787304685333168663419201038777828216552734375000000000000000e+00
-2.6626993574350619198298772971611469984054565429687500000000000000e+00
-2.6627200418212346733071171911433339118957519531250000000000000000e+00
-2.6627405541052047155403670330997556447982788085937500000000000000e+00
-2.6627611156703006045631809683982282876968383789062500000000000000e+00
-2.6627815143147501864007153926650062203407287597656250000000000000e+00
-2.6628019539334526477603048988385125994682312011718750000000000000e+00
-2.6628222398949796811962187348399311304092407226562500000000000000e+00
-2.6628425585053840940474856324726715683937072753906250000000000000e+00
-2.6628627326604523695152693107957020401954650878906250000000000000e+00
-2.6628829312571902221407071920111775398254394531250000000000000000e+00
-2.6629029944100235383075414574705064296722412109375000000000000000e+00
-2.6629230740360370077723928261548280715942382812500000000000000000e+00
-2.6629430269276044285220450547058135271072387695312500000000000000e+00
-2.6629629886650265646608204406220465898513793945312500000000000000e+00
-2.6629828319827266724928449548315256834030151367187500000000000000e+00
-2.6630026769432992850283881125506013631820678710937500000000000000e+00
-2.6630224113308509359399067761842161417007446289062500000000000000e+00
-2.6630421406463304911937939323252066969871520996093750000000000000e+00
-2.6630617667135103587838784733321517705917358398437500000000000000e+00
-2.6630813815263945087963293190114200115203857421875000000000000000e+00
-2.6631008998582754720985121821286156773567199707031250000000000000e+00
-2.6631204013131726249241637560771778225898742675781250000000000000e+00
-2.6631398124785818914972423954168334603309631347656250000000000000e+00
-2.6631592017144600781364260910777375102043151855468750000000000000e+00
-2.6631785062734767421943615772761404514312744140625000000000000000e+00
-2.6631977844169560931675277970498427748680114746093750000000000000e+00
-2.6632169829272944738818296173121780157089233398437500000000000000e+00
-2.6632361510870605769696339848451316356658935546875000000000000000e+00
-2.6632552441093153561268991325050592422485351562500000000000000000e+00
-2.6632743033717125591408603213494643568992614746093750000000000000e+00
-2.6632932914734208651452718186192214488983154296875000000000000000e+00
-2.6633122428991642394180416886229068040847778320312500000000000000e+00
-2.6633311266577677223210685042431578040122985839843750000000000000e+00
-2.6633499712797488179205629421630874276161193847656250000000000000e+00
-2.6633687512845347633572146150982007384300231933593750000000000000e+00
-2.6633874901065515139464423555182293057441711425781250000000000000e+00
-2.6634061669596817978344915900379419326782226562500000000000000000e+00
-2.6634248009560499426129354105796664953231811523437500000000000000e+00
-2.6634433752728208233406803628895431756973266601562500000000000000e+00
-2.6634619053886519068896632234100252389907836914062500000000000000e+00
-2.6634803777971249871825420996174216270446777343750000000000000000e+00
-2.6634988049491692407855225610546767711639404296875000000000000000e+00
-2.6635171760893103787282143457559868693351745605468750000000000000e+00
-2.6635355011672232627972789487103000283241271972656250000000000000e+00
-2.6635537716896764415253073821077123284339904785156250000000000000e+00
-2.6635719955575769546385345165617763996124267578125000000000000000e+00
-2.6635901661222152192465273401467129588127136230468750000000000000e+00
-2.6636082896204160697095630894182249903678894042968750000000000000e+00
-2.6636263608947485792555198713671416044235229492187500000000000000e+00
-2.6636443848415853885569504200248047709465026855468750000000000000e+00
-2.6636623574991142859857973235193639993667602539062500000000000000e+00
-2.6636802826927712395388425647979602217674255371093750000000000000e+00
-2.6636981574113800519398864707909524440765380859375000000000000000e+00
-2.6637159846316604827620722062420099973678588867187500000000000000e+00
-2.6637337620920771286137096467427909374237060546875000000000000000e+00
-2.6637514921020839508969402231741696596145629882812500000000000000e+00
-2.6637691729864481082756810792488977313041687011718750000000000000e+00
-2.6637868065341288037473077565664425492286682128906250000000000000e+00
-2.6638043915246996107271115761250257492065429687500000000000000000e+00
-2.6638219293442451096609602245735004544258117675781250000000000000e+00
-2.6638394191222611873115511116338893771171569824218750000000000000e+00
-2.6638568619353542032968107378110289573669433593750000000000000000e+00
-2.6638742571800420044780821626773104071617126464843750000000000000e+00
-2.6638916056969486056971163634443655610084533691406250000000000000e+00
-2.6639089070846710960438485926715657114982604980468750000000000000e+00
-2.6639261620051932766273239394649863243103027343750000000000000000e+00
-2.6639433702087487176868307869881391525268554687500000000000000000e+00
-2.6639605322230268669159158889669924974441528320312500000000000000e+00
-2.6639776479110781615133873856393620371818542480468750000000000000e+00
-2.6639947177002820666302795871160924434661865234375000000000000000e+00
-2.6640117415368753661653045128332450985908508300781250000000000000e+00
-2.6640287197737881896841827256139367818832397460937500000000000000e+00
-2.6640456524180038400118064600974321365356445312500000000000000000e+00
-2.6640625397674897456568032794166356325149536132812500000000000000e+00
-2.6640793818731554054579646617639809846878051757812500000000000000e+00
-2.6640961789925801106448943755822256207466125488281250000000000000e+00
-2.6641129312080615854085863247746601700782775878906250000000000000e+00
-2.6641296387476089968515680084237828850746154785156250000000000000e+00
-2.6641463017156699066845249035395681858062744140625000000000000000e+00
-2.6641629203186338870068539108615368604660034179687500000000000000e+00
-2.6641794946763255325095087755471467971801757812500000000000000000e+00
-2.6641960249793328330270014703273773193359375000000000000000000000e+00
-2.6642125113579409045883039652835577726364135742187500000000000000e+00
-2.6642289539911492290968908491777256131172180175781250000000000000e+00
-2.6642453530161627206496177677763625979423522949218750000000000000e+00
-2.6642617086034219298085190530400723218917846679687500000000000000e+00
-2.6642780208945269215803364204475656151771545410156250000000000000e+00
-2.6642942900535220296376337500987574458122253417968750000000000000e+00
-2.6643105162246185635410711256554350256919860839843750000000000000e+00
-2.6643266995669954155800951411947607994079589843750000000000000000e+00
-2.6643428402262161469593593210447579622268676757812500000000000000e+00
-2.6643589383576848916845847270451486110687255859375000000000000000e+00
-2.6643749941074430509502235508989542722702026367187500000000000000e+00
-2.6643910076278758403134361287811771035194396972656250000000000000e+00
-2.6644069790649056450604348356137052178382873535156250000000000000e+00
-2.6644229085684263402811211562948301434516906738281250000000000000e+00
-2.6644387962838305128343563410453498363494873046875000000000000000e+00
-2.6644546423588995054387851268984377384185791015625000000000000000e+00
-2.6644704469382154421452923998003825545310974121093750000000000000e+00
-2.6644862101676984877940412843599915504455566406250000000000000000e+00
-2.6645019321909440002116298273904249072074890136718750000000000000e+00
-2.6645176131521921547573583666235208511352539062500000000000000000e+00
-2.6645332531939334153037179930834099650382995605468750000000000000e+00
-2.6645488524588465395481762243434786796569824218750000000000000000e+00
-2.6645644110882509281168495363090187311172485351562500000000000000e+00
-2.6645799292233505184412933886051177978515625000000000000000000000e+00
-2.6645954070042479067126350855687633156776428222656250000000000000e+00
-2.6646108445707397116564152383944019675254821777343750000000000000e+00
-2.6646262420616873001222302264068275690078735351562500000000000000e+00
-2.6646415996155239369613809685688465833663940429687500000000000000e+00
-2.6646569173698591015408965176902711391448974609375000000000000000e+00
-2.6646721954618017846883049060124903917312622070312500000000000000e+00
-2.6646874340277100223772777098929509520530700683593750000000000000e+00
-2.6647026332033911799612724280450493097305297851562500000000000000e+00
-2.6647177931239536263774425606243312358856201171875000000000000000e+00
-2.6647329139239350759282842773245647549629211425781250000000000000e+00
-2.6647479957372004477633709029760211706161499023437500000000000000e+00
-2.6647630386970280191860638296930119395256042480468750000000000000e+00
-2.6647780429360561349483305093599483370780944824218750000000000000e+00
-2.6647930085863298366177787102060392498970031738281250000000000000e+00
-2.6648079357792586741027207608567550778388977050781250000000000000e+00
-2.6648228246456682200005161575973033905029296875000000000000000000e+00
-2.6648376753157676510852525098016485571861267089843750000000000000e+00
-2.6648524879191697323221887927502393722534179687500000000000000000e+00
-2.6648672625848890405109159473795443773269653320312500000000000000e+00
-2.6648819994413508460695538815343752503395080566406250000000000000e+00
-2.6648966986163840076073938689660280942916870117187500000000000000e+00
-2.6649113602372382914040827017743140459060668945312500000000000000e+00
-2.6649259844305719369117468886543065309524536132812500000000000000e+00
-2.6649405713224703085018063575262203812599182128906250000000000000e+00
-2.6649551210384365695915676042204722762107849121093750000000000000e+00
-2.6649696337034045612313093442935496568679809570312500000000000000e+00
-2.6649841094417356934798135625896975398063659667968750000000000000e+00
-2.6649985483772233862964640138670802116394042968750000000000000000e+00
-2.6650129506331001749686038237996399402618408203125000000000000000e+00
-2.6650273163320323810410172882257029414176940917968750000000000000e+00
-2.6650416455961352113490647752769291400909423828125000000000000000e+00
-2.6650559385469620998776463238755241036415100097656250000000000000e+00
-2.6650701953055220272403857961762696504592895507812500000000000000e+00
-2.6650844159922697507170141761889681220054626464843750000000000000e+00
-2.6650986007271186828404552215943112969398498535156250000000000000e+00
-2.6651127496294368945939368131803348660469055175781250000000000000e+00
-2.6651268628180542208383485558442771434783935546875000000000000000e+00
-2.6651409404112653689367107290308922529220581054687500000000000000e+00
-2.6651549825268281423973348864819854497909545898437500000000000000e+00
-2.6651689892819732108364405576139688491821289062500000000000000000e+00
-2.6651829607934010013536862970795482397079467773437500000000000000e+00
-2.6651968971772888039595272857695817947387695312500000000000000000e+00
-2.6652107985492898833967956306878477334976196289062500000000000000e+00
-2.6652246650245414727464776660781353712081909179687500000000000000e+00
-2.6652384967176625529816647031111642718315124511718750000000000000e+00
-2.6652522937427569615920219803228974342346191406250000000000000000e+00
-2.6652660562134231625464053649920970201492309570312500000000000000e+00
-2.6652797842427453645086643518880009651184082031250000000000000000e+00
-2.6652934779433077316923572652740404009819030761718750000000000000e+00
-2.6653071374271886107010232080938294529914855957031250000000000000e+00
-2.6653207628059703004907987633487209677696228027343750000000000000e+00
-2.6653343541907319469430603930959478020668029785156250000000000000e+00
-2.6653479116920664182543987408280372619628906250000000000000000000e+00
-2.6653614354200687586171625298447906970977783203125000000000000000e+00
-2.6653749254843459581820752646308392286300659179687500000000000000e+00
-2.6653883819940205057719140313565731048583984375000000000000000000e+00
-2.6654018050577312770599291980033740401268005371093750000000000000e+00
-2.6654151947836326463914247142383828759193420410156250000000000000e+00
-2.6654285512794051449247945129172876477241516113281250000000000000e+00
-2.6654418746522501315610043093329295516014099121093750000000000000e+00
-2.6654551650088924574788507015909999608993530273437500000000000000e+00
-2.6654684224555937888112566724885255098342895507812500000000000000e+00
-2.6654816470981383957905563875101506710052490234375000000000000000e+00
-2.6654948390418522485845187475206330418586730957031250000000000000e+00
-2.6655079983915950236905700876377522945404052734375000000000000000e+00
-2.6655211252517614362034237274201586842536926269531250000000000000e+00
-2.6655342197262910097776966722449287772178649902343750000000000000e+00
-2.6655472819186702970739588636206462979316711425781250000000000000e+00
-2.6655603119319217775284869276219978928565979003906250000000000000e+00
-2.6655733098686273940813862282084301114082336425781250000000000000e+00
-2.6655862758309161186787150654708966612815856933593750000000000000e+00
-2.6655992099204652845401142258197069168090820312500000000000000000e+00
-2.6656121122385156851919418841134756803512573242187500000000000000e+00
-2.6656249828858604722370273520937189459800720214843750000000000000e+00
-2.6656378219628522607820286793867126107215881347656250000000000000e+00
-2.6656506295694124553108395048184320330619812011718750000000000000e+00
-2.6656634058050205915435526549117639660835266113281250000000000000e+00
-2.6656761507687272150235457957023754715919494628906250000000000000e+00
-2.6656888645591485520469632319873198866844177246093750000000000000e+00
-2.6657015472744771678037523088278248906135559082031250000000000000e+00
-2.6657141990124726405042565602343529462814331054687500000000000000e+00
-2.6657268198704766604123506112955510616302490234375000000000000000e+00
-2.6657394099454059244180825771763920783996582031250000000000000000e+00
-2.6657519693337574651081922638695687055587768554687500000000000000e+00
-2.6657644981316122034797899686964228749275207519531250000000000000e+00
-2.6657769964346336166727269301190972328186035156250000000000000000e+00
-2.6657894643380717347724839783040806651115417480468750000000000000e+00
-2.6658019019367675817022700357483699917793273925781250000000000000e+00
-2.6658143093251491784201334667159244418144226074218750000000000000e+00
-2.6658266865972417569707886286778375506401062011718750000000000000e+00
-2.6658390338466650959503567719366401433944702148437500000000000000e+00
-2.6658513511666313000603167893132194876670837402343750000000000000e+00
-2.6658636386499576786945908679626882076263427734375000000000000000e+00
-2.6658758963890569759769277879968285560607910156250000000000000000e+00
-2.6658881244759511375264082744251936674118041992187500000000000000e+00
-2.6659003230022624286732479959027841687202453613281250000000000000e+00
-2.6659124920592227603322044160449877381324768066406250000000000000e+00
-2.6659246317376705803781078429892659187316894531250000000000000000e+00
-2.6659367421280579790732190303970128297805786132812500000000000000e+00
-2.6659488233204471363535503769526258111000061035156250000000000000e+00
-2.6659608754045192036130629276158288121223449707031250000000000000e+00
-2.6659728984695720832576171233085915446281433105468750000000000000e+00
-2.6659848926045182082589235506020486354827880859375000000000000000e+00
-2.6659968578978920916711103927809745073318481445312500000000000000e+00
-2.6660087944378547675228219304699450731277465820312500000000000000e+00
-2.6660207023121853531222313904436305165290832519531250000000000000e+00
-2.6660325816082952599117561476305127143859863281250000000000000000e+00
-2.6660444324132201998622804239857941865921020507812500000000000000e+00
-2.6660562548136290672573522897437214851379394531250000000000000000e+00
-2.6660680488958186096226654626661911606788635253906250000000000000e+00
-2.6660798147457227535994661593576893210411071777343750000000000000e+00
-2.6660915524489090522308742947643622756004333496093750000000000000e+00
-2.6661032620905835699431918328627943992614746093750000000000000000e+00
-2.6661149437555877739214338362216949462890625000000000000000000000e+00
-2.6661265975284109686072042677551507949829101562500000000000000000e+00
-2.6661382234931778612008201889693737030029296875000000000000000000e+00
-2.6661498217336609961591875617159530520439147949218750000000000000e+00
-2.6661613923332780906605421478161588311195373535156250000000000000e+00
-2.6661729353750982518533874099375680088996887207031250000000000000e+00
-2.6661844509418313187154581100912764668464660644531250000000000000e+00
-2.6661959391158482901573734125122427940368652343750000000000000000e+00
-2.6662073999791688905247610819060355424880981445312500000000000000e+00
-2.6662188336134620136874673335114493966102600097656250000000000000e+00
-2.6662302401000612661619015852920711040496826171875000000000000000e+00
-2.6662416195199547530592099064961075782775878906250000000000000000e+00
-2.6662529719537886307989538181573152542114257812500000000000000000e+00
-2.6662642974818728802688383439090102910995483398437500000000000000e+00
-2.6662755961841781982002430595457553863525390625000000000000000000e+00
-2.6662868681403404380603205936495214700698852539062500000000000000e+00
-2.6662981134296632745872557279653847217559814453125000000000000000e+00
-2.6663093321311142069873767468379810452461242675781250000000000000e+00
-2.6663205243233312202733031881507486104965209960937500000000000000e+00
-2.6663316900846276702452541940147057175636291503906250000000000000e+00
-2.6663428294929811812608022592030465602874755859375000000000000000e+00
-2.6663539426260478570895884331548586487770080566406250000000000000e+00
-2.6663650295611613927349026198498904705047607421875000000000000000e+00
-2.6663760903753299658092146273702383041381835937500000000000000000e+00
-2.6663871251452349042665446177124977111816406250000000000000000000e+00
-2.6663981339472502263276965095428749918937683105468750000000000000e+00
-2.6664091168574204360197654750663787126541137695312500000000000000e+00
-2.6664200739514769544769023923436179757118225097656250000000000000e+00
-2.6664310053048358994942645949777215719223022460937500000000000000e+00
-2.6664419109926003059740651224274188280105590820312500000000000000e+00
-2.6664527910895552409442643693182617425918579101562500000000000000e+00
-2.6664636456701806821456557372584939002990722656250000000000000000e+00
-2.6664744748086470771397671342128887772560119628906250000000000000e+00
-2.6664852785788126787736018741270527243614196777343750000000000000e+00
-2.6664960570542310946962061279918998479843139648437500000000000000e+00
-2.6665068103081526196262984740315005183219909667968750000000000000e+00
-2.6665175384135197944601713970769196748733520507812500000000000000e+00
-2.6665282414429727353422094893176108598709106445312500000000000000e+00
-2.6665389194688544627354076510528102517127990722656250000000000000e+00
-2.6665495725632055723508528899401426315307617187500000000000000000e+00
-2.6665602007977660115045637212460860610008239746093750000000000000e+00
-2.6665708042439848490801068692235276103019714355468750000000000000e+00
-2.6665813829730087292091411654837429523468017578125000000000000000e+00
-2.6665919370556960821261327510001137852668762207031250000000000000e+00
-2.6666024665626082423841580748558044433593750000000000000000000000e+00
-2.6666129715640161101930516451830044388771057128906250000000000000e+00
-2.6666234521299005955086158792255446314811706542968750000000000000e+00
-2.6666339083299530621218309534015133976936340332031250000000000000e+00
-2.6666443402335775481049040536163374781608581542968750000000000000e+00
-2.6666547479098952067033678758889436721801757812500000000000000000e+00
-2.6666651314277358686410934751620516180992126464843750000000000000e+00
-2.6666754908556469239044872665544971823692321777343750000000000000e+00
-2.6666858262618999830806387763004750013351440429687500000000000000e+00
-2.6666961377144762224133955896832048892974853515625000000000000000e+00
-2.6667064252810810387472884031012654304504394531250000000000000000e+00
-2.6667166890291444936167408741312101483345031738281250000000000000e+00
-2.6667269290258128755510824703378602862358093261718750000000000000e+00
-2.6667371453379602463940045709023252129554748535156250000000000000e+00
-2.6667473380321853326790915161836892366409301757812500000000000000e+00
-2.6667575071748124138082403078442439436912536621093750000000000000e+00
-2.6667676528318922102300803089747205376625061035156250000000000000e+00
-2.6667777750692063243320717447204515337944030761718750000000000000e+00
-2.6667878739522667963512958522187545895576477050781250000000000000e+00
-2.6667979495463129957499859301606193184852600097656250000000000000e+00
-2.6668080019163173943752553896047174930572509765625000000000000000e+00
-2.6668180311269882309943568543531000614166259765625000000000000000e+00
-2.6668280372427703994731018610764294862747192382812500000000000000e+00
-2.6668380203278347906348244578111916780471801757812500000000000000e+00
-2.6668479804461018289885032572783529758453369140625000000000000000e+00
-2.6668579176612241532495772844413295388221740722656250000000000000e+00
-2.6668678320365879486075755266938358545303344726562500000000000000e+00
-2.6668777236353302662053010863019153475761413574218750000000000000e+00
-2.6668875925203248122841159784002229571342468261718750000000000000e+00
-2.6668974387541779513810524804284796118736267089843750000000000000e+00
-2.6669072623992660098224405373912304639816284179687500000000000000e+00
-2.6669170635176855377324045548448339104652404785156250000000000000e+00
-2.6669268421712759575825657520908862352371215820312500000000000000e+00
-2.6669365984216573117748794174985960125923156738281250000000000000e+00
-2.6669463323301618729033179988618940114974975585937500000000000000e+00
-2.6669560439578723354259182087844237685203552246093750000000000000e+00
-2.6669657333656684450318152812542393803596496582031250000000000000e+00
-2.6669754006141173086064100061776116490364074707031250000000000000e+00
-2.6669850457635599916272894915891811251640319824218750000000000000e+00
-2.6669946688741452689441757684107869863510131835937500000000000000e+00
-2.6670042700056812989828358695376664400100708007812500000000000000e+00
-2.6670138492177808409167028003139421343803405761718750000000000000e+00
-2.6670234065698759096108005905989557504653930664062500000000000000e+00
-2.6670329421210108300499541655881330370903015136718750000000000000e+00
-2.6670424559300913713855152309406548738479614257812500000000000000e+00
-2.6670519480558430025496363668935373425483703613281250000000000000e+00
-2.6670614185565435505509412905666977167129516601562500000000000000e+00
-2.6670708674904139989791929110651835799217224121093750000000000000e+00
-2.6670802949154799321718201099429279565811157226562500000000000000e+00
-2.6670897008892424651094188448041677474975585937500000000000000000e+00
-2.6670990854692746552245807833969593048095703125000000000000000000e+00
-2.6671084487129044227060603589052334427833557128906250000000000000e+00
-2.6671177906768401832948711671633645892143249511718750000000000000e+00
-2.6671271114180550299010974413249641656875610351562500000000000000e+00
-2.6671364109931690045129926147637888789176940917968750000000000000e+00
-2.6671456894580782837067545187892392277717590332031250000000000000e+00
-2.6671549468692217210730177612276747822761535644531250000000000000e+00
-2.6671641832824897200282521225744858384132385253906250000000000000e+00
-2.6671733987529449017017668666085228323936462402343750000000000000e+00
-2.6671825933365682637088411865988746285438537597656250000000000000e+00
-2.6671917670884845996681633550906553864479064941406250000000000000e+00
-2.6672009200628985503556123148882761597633361816406250000000000000e+00
-2.6672100523154345097509576589800417423248291015625000000000000000e+00
-2.6672191639003903773641468433197587728500366210937500000000000000e+00
-2.6672282548710994909413329878589138388633728027343750000000000000e+00
-2.6672373252829451040213371015852317214012145996093750000000000000e+00
-2.6672463751892960814871003094594925642013549804687500000000000000e+00
-2.6672554046426260043745060102082788944244384765625000000000000000e+00
-2.6672644136982230911314672994194552302360534667968750000000000000e+00
-2.6672734024083557535789168468909338116645812988281250000000000000e+00
-2.6672823708246808926958237861981615424156188964843750000000000000e+00
-2.6672913190026079632843902800232172012329101562500000000000000000e+00
-2.6673002469930349178639517049305140972137451171875000000000000000e+00
-2.6673091548468064182486614299705252051353454589843750000000000000e+00
-2.6673180426198386250291605392703786492347717285156250000000000000e+00
-2.6673269103613232999805404688231647014617919921875000000000000000e+00
-2.6673357581211165623358283482957631349563598632812500000000000000e+00
-2.6673445859562101567519221134716644883155822753906250000000000000e+00
-2.6673533939139337789470118877943605184555053710937500000000000000e+00
-2.6673621820426132167369814851554110646247863769531250000000000000e+00
-2.6673709504007656612145638064248487353324890136718750000000000000e+00
-2.6673796990343476842610925814369693398475646972656250000000000000e+00
-2.6673884279895010429584090161370113492012023925781250000000000000e+00
-2.6673971373256790684536099433898925781250000000000000000000000000e+00
-2.6674058270887037735974445240572094917297363281250000000000000000e+00
-2.6674144973232483124547798070125281810760498046875000000000000000e+00
-2.6674231480870385091463958815438672900199890136718750000000000000e+00
-2.6674317794258923797201532579492777585983276367187500000000000000e+00
-2.6674403913878594885034090111730620265007019042968750000000000000e+00
-2.6674489840257522565991621377179399132728576660156250000000000000e+00
-2.6674575573789036653238326834980398416519165039062500000000000000e+00
-2.6674661115082010098831233335658907890319824218750000000000000000e+00
-2.6674746464669167878014377492945641279220581054687500000000000000e+00
-2.6674831622685526433258473844034597277641296386718750000000000000e+00
-2.6674916589894013263517535961000248789787292480468750000000000000e+00
-2.6675001367148198916368073696503415703773498535156250000000000000e+00
-2.6675085954078290306767939910059794783592224121093750000000000000e+00
-2.6675170351229913201507315534399822354316711425781250000000000000e+00
-2.6675254560432559713945011026225984096527099609375000000000000000e+00
-2.6675338580978333880011632572859525680541992187500000000000000000e+00
-2.6675422412055920240447903779568150639533996582031250000000000000e+00
-2.6675506056919577879682492493884637951850891113281250000000000000e+00
-2.6675589515996560585620045458199456334114074707031250000000000000e+00
-2.6675672785631534544847909273812547326087951660156250000000000000e+00
-2.6675755868969517337063734885305166244506835937500000000000000000e+00
-2.6675838770769608743194112321361899375915527343750000000000000000e+00
-2.6675921485407090294472709501860663294792175292968750000000000000e+00
-2.6676004009859988208575032331282272934913635253906250000000000000e+00
-2.6676086355575208131085673812776803970336914062500000000000000000e+00
-2.6676168523757395334428110800217837095260620117187500000000000000e+00
-2.6676250495096822668017466639867052435874938964843750000000000000e+00
-2.6676332280718044742684469383675605058670043945312500000000000000e+00
-2.6676413909007323788102894468465819954872131347656250000000000000e+00
-2.6676495342012880307436262228293344378471374511718750000000000000e+00
-2.6676576561858107439206833078060299158096313476562500000000000000e+00
-2.6676657642426842009797383070690557360649108886718750000000000000e+00
-2.6676738563699999851053235033759847283363342285156250000000000000e+00
-2.6676819229763917284969920729054138064384460449218750000000000000e+00
-2.6676899721456202030367421684786677360534667968750000000000000000e+00
-2.6676980152559957026880965713644400238990783691406250000000000000e+00
-2.6677060337320082084033856517635285854339599609375000000000000000e+00
-2.6677140166697586032285016699461266398429870605468750000000000000e+00
-2.6677220062155866386888192209880799055099487304687500000000000000e+00
-2.6677299930278852713172454969026148319244384765625000000000000000e+00
-2.6677379079871594846906646125717088580131530761718750000000000000e+00
-2.6677458267320681706280538492137566208839416503906250000000000000e+00
-2.6677537960854067478067008778452873229980468750000000000000000000e+00
-2.6677616716932712748189260310027748346328735351562500000000000000e+00
-2.6677694926257142782333176000975072383880615234375000000000000000e+00
-2.6677774301727432693098762683803215622901916503906250000000000000e+00
-2.6677853732468297387470101966755464673042297363281250000000000000e+00
-2.6677931038449713696536491625010967254638671875000000000000000000e+00
-2.6678009056007065957771828834665939211845397949218750000000000000e+00
-2.6678091622856721087941878067795187234878540039062500000000000000e+00
-2.6678170970664276673289805330568924546241760253906250000000000000e+00
-2.6678247044522773734342990792356431484222412109375000000000000000e+00
