-2.7858021105173975229263305664062500000000000000000000000000000000e+01
-2.7858021105173975229263305664062500000000000000000000000000000000e+01
-1.0337056653224863111972808837890625000000000000000000000000000000e+02
-9.6349902512971311807632446289062500000000000000000000000000000000e+01
-8.9519937620498239994049072265625000000000000000000000000000000000e+01
-8.3113922872114926576614379882812500000000000000000000000000000000e+01
-7.7398297471227124333381652832031250000000000000000000000000000000e+01
-7.2147337395465001463890075683593750000000000000000000000000000000e+01
-6.7373621557140722870826721191406250000000000000000000000000000000e+01
-6.3013471931917592883110046386718750000000000000000000000000000000e+01
-5.9034996406640857458114624023437500000000000000000000000000000000e+01
-5.5399140541441738605499267578125000000000000000000000000000000000e+01
-5.2073029416846111416816711425781250000000000000000000000000000000e+01
-4.9030042336322367191314697265625000000000000000000000000000000000e+01
-4.6258089275797829031944274902343750000000000000000000000000000000e+01
-4.3707545207114890217781066894531250000000000000000000000000000000e+01
-4.1270074935397133231163024902343750000000000000000000000000000000e+01
-3.8923354397527873516082763671875000000000000000000000000000000000e+01
-3.6748550128191709518432617187500000000000000000000000000000000000e+01
-3.4772708039963617920875549316406250000000000000000000000000000000e+01
-3.2968027027323842048645019531250000000000000000000000000000000000e+01
-3.1312636942835524678230285644531250000000000000000000000000000000e+01
-2.9788655559066683053970336914062500000000000000000000000000000000e+01
-2.8381044695153832435607910156250000000000000000000000000000000000e+01
-2.7077099737711250782012939453125000000000000000000000000000000000e+01
-2.5865999005036428570747375488281250000000000000000000000000000000e+01
-2.4738476869650185108184814453125000000000000000000000000000000000e+01
-2.3686564828967675566673278808593750000000000000000000000000000000e+01
-2.2703392328228801488876342773437500000000000000000000000000000000e+01
-2.1783033090410754084587097167968750000000000000000000000000000000e+01
-2.0920389625942334532737731933593750000000000000000000000000000000e+01
-2.0111110773868858814239501953125000000000000000000000000000000000e+01
-1.9351539931492879986763000488281250000000000000000000000000000000e+01
-1.8638694304740056395530700683593750000000000000000000000000000000e+01
-1.7970278391148895025253295898437500000000000000000000000000000000e+01
-1.7344738384708762168884277343750000000000000000000000000000000000e+01
-1.6761369062354788184165954589843750000000000000000000000000000000e+01
-1.6220491413958370685577392578125000000000000000000000000000000000e+01
-1.5723728939192369580268859863281250000000000000000000000000000000e+01
-1.5274425185518339276313781738281250000000000000000000000000000000e+01
-1.4878267107298597693443298339843750000000000000000000000000000000e+01
-1.4544212439097464084625244140625000000000000000000000000000000000e+01
-1.4285871574655175209045410156250000000000000000000000000000000000e+01
-1.4123575017321854829788208007812500000000000000000000000000000000e+01
-1.4087488026823848485946655273437500000000000000000000000000000000e+01
-1.4222322648158296942710876464843750000000000000000000000000000000e+01
-1.4594587892526760697364807128906250000000000000000000000000000000e+01
-1.5303558101179078221321105957031250000000000000000000000000000000e+01
-1.6499949846649542450904846191406250000000000000000000000000000000e+01
-1.8416068212362006306648254394531250000000000000000000000000000000e+01
-2.0323261386947706341743469238281250000000000000000000000000000000e+01
-2.0762621464207768440246582031250000000000000000000000000000000000e+01
-1.9866455534938722848892211914062500000000000000000000000000000000e+01
-1.8708375831367447972297668457031250000000000000000000000000000000e+01
-1.7634902057936415076255798339843750000000000000000000000000000000e+01
-1.6636805000249296426773071289062500000000000000000000000000000000e+01
-1.5707473195856437087059020996093750000000000000000000000000000000e+01
-1.4841225573094561696052551269531250000000000000000000000000000000e+01
-1.4032908420311287045478820800781250000000000000000000000000000000e+01
-1.3277875993167981505393981933593750000000000000000000000000000000e+01
-1.2571928300429135560989379882812500000000000000000000000000000000e+01
-1.1911263167858123779296875000000000000000000000000000000000000000e+01
-1.1292430233908817172050476074218750000000000000000000000000000000e+01
-1.0712290623690932989120483398437500000000000000000000000000000000e+01
-1.0167981934966519474983215332031250000000000000000000000000000000e+01
-9.6568883615545928478240966796875000000000000000000000000000000000e+00
-9.1766152803320437669754028320312500000000000000000000000000000000e+00
-8.7249675258062779903411865234375000000000000000000000000000000000e+00
-8.2999305492267012596130371093750000000000000000000000000000000000e+00
-7.8996537968050688505172729492187500000000000000000000000000000000e+00
-7.5224358318373560905456542968750000000000000000000000000000000000e+00
-7.1667108780238777399063110351562500000000000000000000000000000000e+00
-6.8310365912038832902908325195312500000000000000000000000000000000e+00
-6.5140829279553145170211791992187500000000000000000000000000000000e+00
-6.2146220302674919366836547851562500000000000000000000000000000000e+00
-5.9315190964844077825546264648437500000000000000000000000000000000e+00
-5.6637241854332387447357177734375000000000000000000000000000000000e+00
-5.4102648471016436815261840820312500000000000000000000000000000000e+00
-5.1702395034953951835632324218750000000000000000000000000000000000e+00
-4.9428115377668291330337524414062500000000000000000000000000000000e+00
-4.7272039884701371192932128906250000000000000000000000000000000000e+00
-4.5226947467308491468429565429687500000000000000000000000000000000e+00
-4.3286122181452810764312744140625000000000000000000000000000000000e+00
-4.1443313886411488056182861328125000000000000000000000000000000000e+00
-3.9692702365573495626449584960937500000000000000000000000000000000e+00
-3.8028864427469670772552490234375000000000000000000000000000000000e+00
-3.6446743735577911138534545898437500000000000000000000000000000000e+00
-3.4941623269114643335342407226562500000000000000000000000000000000e+00
-3.3509099895600229501724243164062500000000000000000000000000000000e+00
-3.2145060901530086994171142578125000000000000000000000000000000000e+00
-3.0845662571955472230911254882812500000000000000000000000000000000e+00
-2.9607310406863689422607421875000000000000000000000000000000000000e+00
-2.8426640753168612718582153320312500000000000000000000000000000000e+00
-2.7300504178274422883987426757812500000000000000000000000000000000e+00
-2.6225950072985142469406127929687500000000000000000000000000000000e+00
-2.5200212281197309494018554687500000000000000000000000000000000000e+00
-2.4220696154516190290451049804687500000000000000000000000000000000e+00
-2.3284966531209647655487060546875000000000000000000000000000000000e+00
-2.2390736518427729606628417968750000000000000000000000000000000000e+00
-2.1535857315175235271453857421875000000000000000000000000000000000e+00
-2.0718308798968791961669921875000000000000000000000000000000000000e+00
-1.9936190750449895858764648437500000000000000000000000000000000000e+00
-1.9187714811414480209350585937500000000000000000000000000000000000e+00
-1.8471196985337883234024047851562500000000000000000000000000000000e+00
-1.7785050764214247465133666992187500000000000000000000000000000000e+00
-1.7127780786249786615371704101562500000000000000000000000000000000e+00
-1.6497976798564195632934570312500000000000000000000000000000000000e+00
-1.5894308208953589200973510742187500000000000000000000000000000000e+00
-1.5315518996212631464004516601562500000000000000000000000000000000e+00
-1.4760422920808196067810058593750000000000000000000000000000000000e+00
-1.4227899133693426847457885742187500000000000000000000000000000000e+00
-1.3716888048220425844192504882812500000000000000000000000000000000e+00
-1.3226387542672455310821533203125000000000000000000000000000000000e+00
-1.2755449400283396244049072265625000000000000000000000000000000000e+00
-1.2303175993729382753372192382812500000000000000000000000000000000e+00
-1.1868717235047370195388793945312500000000000000000000000000000000e+00
-1.1451267588417977094650268554687500000000000000000000000000000000e+00
-1.1050063455477356910705566406250000000000000000000000000000000000e+00
-1.0664380742236971855163574218750000000000000000000000000000000000e+00
-1.0293532335199415683746337890625000000000000000000000000000000000e+00
-9.9368660734035074710845947265625000000000000000000000000000000000e-01
-9.5937627041712403297424316406250000000000000000000000000000000000e-01
-9.2636338341981172561645507812500000000000000000000000000000000000e-01
-8.9459203043952584266662597656250000000000000000000000000000000000e-01
-8.6400904785841703414916992187500000000000000000000000000000000000e-01
-8.3456385950557887554168701171875000000000000000000000000000000000e-01
-8.0620833951979875564575195312500000000000000000000000000000000000e-01
-7.7889667870476841926574707031250000000000000000000000000000000000e-01
-7.5258525134995579719543457031250000000000000000000000000000000000e-01
-7.2723249136470258235931396484375000000000000000000000000000000000e-01
-7.0279878401197493076324462890625000000000000000000000000000000000e-01
-6.7924636998213827610015869140625000000000000000000000000000000000e-01
-6.5653923363424837589263916015625000000000000000000000000000000000e-01
-6.3464300776831805706024169921875000000000000000000000000000000000e-01
-6.1352490098215639591217041015625000000000000000000000000000000000e-01
-5.9315360733307898044586181640625000000000000000000000000000000000e-01
-5.7349922996945679187774658203125000000000000000000000000000000000e-01
-5.5453321011736989021301269531250000000000000000000000000000000000e-01
-5.3622825839556753635406494140625000000000000000000000000000000000e-01
-5.1855829288251698017120361328125000000000000000000000000000000000e-01
-5.0149837159551680088043212890625000000000000000000000000000000000e-01
-4.8502464476041495800018310546875000000000000000000000000000000000e-01
-4.6911430568434298038482666015625000000000000000000000000000000000e-01
-4.5374552370049059391021728515625000000000000000000000000000000000e-01
-4.3889740435406565666198730468750000000000000000000000000000000000e-01
-4.2454995424486696720123291015625000000000000000000000000000000000e-01
-4.1068402607925236225128173828125000000000000000000000000000000000e-01
-3.9728128304705023765563964843750000000000000000000000000000000000e-01
-3.8432416110299527645111083984375000000000000000000000000000000000e-01
-3.7179583194665610790252685546875000000000000000000000000000000000e-01
-3.5968017252162098884582519531250000000000000000000000000000000000e-01
-3.4796172869391739368438720703125000000000000000000000000000000000e-01
-3.3662568591535091400146484375000000000000000000000000000000000000e-01
-3.2565784314647316932678222656250000000000000000000000000000000000e-01
-3.1504458398558199405670166015625000000000000000000000000000000000e-01
-3.0477284686639904975891113281250000000000000000000000000000000000e-01
-2.9483010410331189632415771484375000000000000000000000000000000000e-01
-2.8520434070378541946411132812500000000000000000000000000000000000e-01
-2.7588402736000716686248779296875000000000000000000000000000000000e-01
-2.6685810019262135028839111328125000000000000000000000000000000000e-01
-2.5811594328843057155609130859375000000000000000000000000000000000e-01
-2.4964736681431531906127929687500000000000000000000000000000000000e-01
-2.4144258815795183181762695312500000000000000000000000000000000000e-01
-2.3349221609532833099365234375000000000000000000000000000000000000e-01
-2.2578723356127738952636718750000000000000000000000000000000000000e-01
-2.1831897948868572711944580078125000000000000000000000000000000000e-01
-2.1107913530431687831878662109375000000000000000000000000000000000e-01
-2.0405971212312579154968261718750000000000000000000000000000000000e-01
-1.9725303491577506065368652343750000000000000000000000000000000000e-01
-1.9065172364935278892517089843750000000000000000000000000000000000e-01
-1.8424869282171130180358886718750000000000000000000000000000000000e-01
-1.7803712724708020687103271484375000000000000000000000000000000000e-01
-1.7201047926209867000579833984375000000000000000000000000000000000e-01
-1.6616245172917842864990234375000000000000000000000000000000000000e-01
-1.6048699361272156238555908203125000000000000000000000000000000000e-01
-1.5497828274965286254882812500000000000000000000000000000000000000e-01
-1.4963072538375854492187500000000000000000000000000000000000000000e-01
-1.4443893101997673511505126953125000000000000000000000000000000000e-01
-1.3939773617312312126159667968750000000000000000000000000000000000e-01
-1.3450215267948806285858154296875000000000000000000000000000000000e-01
-1.2974740169011056423187255859375000000000000000000000000000000000e-01
-1.2512886943295598030090332031250000000000000000000000000000000000e-01
-1.2064213980920612812042236328125000000000000000000000000000000000e-01
-1.1628293269313871860504150390625000000000000000000000000000000000e-01
-1.1204716889187693595886230468750000000000000000000000000000000000e-01
-1.0793088190257549285888671875000000000000000000000000000000000000e-01
-1.0393029497936367988586425781250000000000000000000000000000000000e-01
-1.0004172567278146743774414062500000000000000000000000000000000000e-01
-9.6261675003916025161743164062500000000000000000000000000000000000e-02
-9.2586726648733019828796386718750000000000000000000000000000000000e-02
-8.9013637742027640342712402343750000000000000000000000000000000000e-02
-8.5539227118715643882751464843750000000000000000000000000000000000e-02
-8.2160484045743942260742187500000000000000000000000000000000000000e-02
-7.8874455532059073448181152343750000000000000000000000000000000000e-02
-7.5678334105759859085083007812500000000000000000000000000000000000e-02
-7.2569379583001136779785156250000000000000000000000000000000000000e-02
-6.9544973550364375114440917968750000000000000000000000000000000000e-02
-6.6602579550817608833312988281250000000000000000000000000000000000e-02
-6.3739740755409002304077148437500000000000000000000000000000000000e-02
-6.0954120941460132598876953125000000000000000000000000000000000000e-02
-5.8243402279913425445556640625000000000000000000000000000000000000e-02
-5.5605448549613356590270996093750000000000000000000000000000000000e-02
-5.3038054844364523887634277343750000000000000000000000000000000000e-02
-5.0539295887574553489685058593750000000000000000000000000000000000e-02
-4.8107033595442771911621093750000000000000000000000000000000000000e-02
-4.5739572960883378982543945312500000000000000000000000000000000000e-02
-4.3434795457869768142700195312500000000000000000000000000000000000e-02
-4.1191287338733673095703125000000000000000000000000000000000000000e-02
-3.9006847422569990158081054687500000000000000000000000000000000000e-02
-3.6880452651530504226684570312500000000000000000000000000000000000e-02
-3.4809654112905263900756835937500000000000000000000000000000000000e-02
-3.2794007565826177597045898437500000000000000000000000000000000000e-02
-3.0830546282231807708740234375000000000000000000000000000000000000e-02
-2.8919752920046448707580566406250000000000000000000000000000000000e-02
-2.7057663770392537117004394531250000000000000000000000000000000000e-02
-2.5246283970773220062255859375000000000000000000000000000000000000e-02
-2.3479869589209556579589843750000000000000000000000000000000000000e-02
-2.1762949181720614433288574218750000000000000000000000000000000000e-02
-2.0086709177121520042419433593750000000000000000000000000000000000e-02
-1.8459807615727186203002929687500000000000000000000000000000000000e-02
-1.6868316568434238433837890625000000000000000000000000000000000000e-02
-1.5327580971643328666687011718750000000000000000000000000000000000e-02
-1.3815373415127396583557128906250000000000000000000000000000000000e-02
-1.2357641244307160377502441406250000000000000000000000000000000000e-02
-1.0919034713879227638244628906250000000000000000000000000000000000e-02
-9.5419806893914937973022460937500000000000000000000000000000000000e-03
-8.1708719953894615173339843750000000000000000000000000000000000000e-03
-6.8731994833797216415405273437500000000000000000000000000000000000e-03
-5.5628006812185049057006835937500000000000000000000000000000000000e-03
-4.3444803450256586074829101562500000000000000000000000000000000000e-03
-3.0870423652231693267822265625000000000000000000000000000000000000e-03
-1.9495792221277952194213867187500000000000000000000000000000000000e-03
-7.3606846854090690612792968750000000000000000000000000000000000000e-04
3.1720241531729698181152343750000000000000000000000000000000000000e-04
1.4974127989262342453002929687500000000000000000000000000000000000e-03
2.4610734544694423675537109375000000000000000000000000000000000000e-03
3.6204522475600242614746093750000000000000000000000000000000000000e-03
4.4868255499750375747680664062500000000000000000000000000000000000e-03
5.6398145388811826705932617187500000000000000000000000000000000000e-03
6.3989411573857069015502929687500000000000000000000000000000000000e-03
7.5618722476065158843994140625000000000000000000000000000000000000e-03
8.2017844542860984802246093750000000000000000000000000000000000000e-03
9.3924754764884710311889648437500000000000000000000000000000000000e-03
9.8998036701232194900512695312500000000000000000000000000000000000e-03
1.1136695044115185737609863281250000000000000000000000000000000000e-02
1.1497822124511003494262695312500000000000000000000000000000000000e-02
1.2798605952411890029907226562500000000000000000000000000000000000e-02
1.3001363025978207588195800781250000000000000000000000000000000000e-02
1.4380940236151218414306640625000000000000000000000000000000000000e-02
1.4416982652619481086730957031250000000000000000000000000000000000e-02
1.5884810360148549079895019531250000000000000000000000000000000000e-02
1.5752585139125585556030273437500000000000000000000000000000000000e-02
1.7309441231191158294677734375000000000000000000000000000000000000e-02
1.7017669975757598876953125000000000000000000000000000000000000000e-02
1.8652027938514947891235351562500000000000000000000000000000000000e-02
1.8223411170765757560729980468750000000000000000000000000000000000e-02
1.9907760899513959884643554687500000000000000000000000000000000000e-02
1.9382528960704803466796875000000000000000000000000000000000000000e-02
2.1070110844448208808898925781250000000000000000000000000000000000e-02
2.0508899353444576263427734375000000000000000000000000000000000000e-02
2.2131413919851183891296386718750000000000000000000000000000000000e-02
2.1616819780319929122924804687500000000000000000000000000000000000e-02
2.3083762032911181449890136718750000000000000000000000000000000000e-02
2.2719946689903736114501953125000000000000000000000000000000000000e-02
2.3920253152027726173400878906250000000000000000000000000000000000e-02
2.3829984944313764572143554687500000000000000000000000000000000000e-02
2.4636419489979743957519531250000000000000000000000000000000000000e-02
2.4955156259238719940185546875000000000000000000000000000000000000e-02
2.5231835199519991874694824218750000000000000000000000000000000000e-02
2.6098662987351417541503906250000000000000000000000000000000000000e-02
2.5711581110954284667968750000000000000000000000000000000000000000e-02
2.7257320471107959747314453125000000000000000000000000000000000000e-02
2.6087473612278699874877929687500000000000000000000000000000000000e-02
2.8420622693374752998352050781250000000000000000000000000000000000e-02
2.6378729846328496932983398437500000000000000000000000000000000000e-02
2.9570419806987047195434570312500000000000000000000000000000000000e-02
2.6611897628754377365112304687500000000000000000000000000000000000e-02
3.0681423144415020942687988281250000000000000000000000000000000000e-02
2.6819888036698102951049804687500000000000000000000000000000000000e-02
3.1722644809633493423461914062500000000000000000000000000000000000e-02
2.7040072251111268997192382812500000000000000000000000000000000000e-02
3.2659732736647129058837890625000000000000000000000000000000000000e-02
2.7311500394716858863830566406250000000000000000000000000000000000e-02
3.3458097372204065322875976562500000000000000000000000000000000000e-02
2.7671476360410451889038085937500000000000000000000000000000000000e-02
3.4086536848917603492736816406250000000000000000000000000000000000e-02
2.8151804348453879356384277343750000000000000000000000000000000000e-02
3.4520968794822692871093750000000000000000000000000000000000000000e-02
2.8775156475603580474853515625000000000000000000000000000000000000e-02
3.4747845027595758438110351562500000000000000000000000000000000000e-02
2.9552021529525518417358398437500000000000000000000000000000000000e-02
3.4766803029924631118774414062500000000000000000000000000000000000e-02
3.0478693777695298194885253906250000000000000000000000000000000000e-02
3.4592066192999482154846191406250000000000000000000000000000000000e-02
3.1536567257717251777648925781250000000000000000000000000000000000e-02
3.4252442885190248489379882812500000000000000000000000000000000000e-02
3.2693054061383008956909179687500000000000000000000000000000000000e-02
3.3789715031161904335021972656250000000000000000000000000000000000e-02
3.3903967589139938354492187500000000000000000000000000000000000000e-02
3.3255559857934713363647460937500000000000000000000000000000000000e-02
3.5117276944220066070556640625000000000000000000000000000000000000e-02
3.2707303995266556739807128906250000000000000000000000000000000000e-02
3.6277756793424487113952636718750000000000000000000000000000000000e-02
3.2202948583289980888366699218750000000000000000000000000000000000e-02
3.7332074949517846107482910156250000000000000000000000000000000000e-02
3.1796048860996961593627929687500000000000000000000000000000000000e-02
3.8233682978898286819458007812500000000000000000000000000000000000e-02
3.1531051965430378913879394531250000000000000000000000000000000000e-02
3.8946999702602624893188476562500000000000000000000000000000000000e-02
3.1439584679901599884033203125000000000000000000000000000000000000e-02
3.9450380951166152954101562500000000000000000000000000000000000000e-02
3.1538155628368258476257324218750000000000000000000000000000000000e-02
3.9737637387588620185852050781250000000000000000000000000000000000e-02
3.1827429076656699180603027343750000000000000000000000000000000000e-02
3.9817910874262452125549316406250000000000000000000000000000000000e-02
3.2293125754222273826599121093750000000000000000000000000000000000e-02
3.9714101469144225120544433593750000000000000000000000000000000000e-02
3.2908311113715171813964843750000000000000000000000000000000000000e-02
3.9460017345845699310302734375000000000000000000000000000000000000e-02
3.3636775566264986991882324218750000000000000000000000000000000000e-02
3.9096728665754199028015136718750000000000000000000000000000000000e-02
3.4436997724696993827819824218750000000000000000000000000000000000e-02
3.8668526802211999893188476562500000000000000000000000000000000000e-02
3.5266221268102526664733886718750000000000000000000000000000000000e-02
3.8218999514356255531311035156250000000000000000000000000000000000e-02
3.6084220744669437408447265625000000000000000000000000000000000000e-02
3.7787610199302434921264648437500000000000000000000000000000000000e-02
3.6856356775388121604919433593750000000000000000000000000000000000e-02
3.7407078780233860015869140625000000000000000000000000000000000000e-02
3.7555712275207042694091796875000000000000000000000000000000000000e-02
3.7101746303960680961608886718750000000000000000000000000000000000e-02
3.8164190482348203659057617187500000000000000000000000000000000000e-02
3.6886932095512747764587402343750000000000000000000000000000000000e-02
3.8672654191032052040100097656250000000000000000000000000000000000e-02
3.6769243655726313591003417968750000000000000000000000000000000000e-02
3.9080212824046611785888671875000000000000000000000000000000000000e-02
3.6747586680576205253601074218750000000000000000000000000000000000e-02
3.9392866194248199462890625000000000000000000000000000000000000000e-02
3.6814706167206168174743652343750000000000000000000000000000000000e-02
3.9621817180886864662170410156250000000000000000000000000000000000e-02
3.6959001794457435607910156250000000000000000000000000000000000000e-02
3.9781606290489435195922851562500000000000000000000000000000000000e-02
3.7166331196203827857971191406250000000000000000000000000000000000e-02
3.9888357510790228843688964843750000000000000000000000000000000000e-02
3.7421687738969922065734863281250000000000000000000000000000000000e-02
3.9958252804353833198547363281250000000000000000000000000000000000e-02
3.7710581207647919654846191406250000000000000000000000000000000000e-02
4.0006320457905530929565429687500000000000000000000000000000000000e-02
3.8020049454644322395324707031250000000000000000000000000000000000e-02
4.0045647183433175086975097656250000000000000000000000000000000000e-02
3.8339295191690325736999511718750000000000000000000000000000000000e-02
4.0086891502141952514648437500000000000000000000000000000000000000e-02
3.8659986341372132301330566406250000000000000000000000000000000000e-02
4.0138180600479245185852050781250000000000000000000000000000000000e-02
3.8976273965090513229370117187500000000000000000000000000000000000e-02
4.0205199504271149635314941406250000000000000000000000000000000000e-02
3.9284561760723590850830078125000000000000000000000000000000000000e-02
4.0291494224220514297485351562500000000000000000000000000000000000e-02
3.9583199890330433845520019531250000000000000000000000000000000000e-02
4.0398842422291636466979980468750000000000000000000000000000000000e-02
3.9872043300420045852661132812500000000000000000000000000000000000e-02
4.0527679957449436187744140625000000000000000000000000000000000000e-02
4.0152072208002209663391113281250000000000000000000000000000000000e-02
4.0677494136616587638854980468750000000000000000000000000000000000e-02
4.0424977894872426986694335937500000000000000000000000000000000000e-02
4.0847182273864746093750000000000000000000000000000000000000000000e-02
4.0692864451557397842407226562500000000000000000000000000000000000e-02
4.1035351809114217758178710937500000000000000000000000000000000000e-02
4.0957990568131208419799804687500000000000000000000000000000000000e-02
4.1240514721721410751342773437500000000000000000000000000000000000e-02
4.1222559055313467979431152343750000000000000000000000000000000000e-02
4.1461262153461575508117675781250000000000000000000000000000000000e-02
4.1488639079034328460693359375000000000000000000000000000000000000e-02
4.1696351952850818634033203125000000000000000000000000000000000000e-02
4.1758060920983552932739257812500000000000000000000000000000000000e-02
4.1944738011807203292846679687500000000000000000000000000000000000e-02
4.2032412718981504440307617187500000000000000000000000000000000000e-02
4.2205610778182744979858398437500000000000000000000000000000000000e-02
4.2313019046559929847717285156250000000000000000000000000000000000e-02
4.2478365823626518249511718750000000000000000000000000000000000000e-02
4.2600996559485793113708496093750000000000000000000000000000000000e-02
4.2762592900544404983520507812500000000000000000000000000000000000e-02
4.2897231411188840866088867187500000000000000000000000000000000000e-02
4.3058025650680065155029296875000000000000000000000000000000000000e-02
4.3202463304623961448669433593750000000000000000000000000000000000e-02
4.3364545330405235290527343750000000000000000000000000000000000000e-02
4.3517279904335737228393554687500000000000000000000000000000000000e-02
4.3682103743776679039001464843750000000000000000000000000000000000e-02
4.3842161307111382484436035156250000000000000000000000000000000000e-02
4.4010750949382781982421875000000000000000000000000000000000000000e-02
4.4177514966577291488647460937500000000000000000000000000000000000e-02
4.4350571464747190475463867187500000000000000000000000000000000000e-02
4.4523669406771659851074218750000000000000000000000000000000000000e-02
4.4701678911224007606506347656250000000000000000000000000000000000e-02
4.4880905188620090484619140625000000000000000000000000000000000000e-02
4.5064217178151011466979980468750000000000000000000000000000000000e-02
4.5249475864693522453308105468750000000000000000000000000000000000e-02
4.5438339002430438995361328125000000000000000000000000000000000000e-02
4.5629599830135703086853027343750000000000000000000000000000000000e-02
4.5824197353795170783996582031250000000000000000000000000000000000e-02
4.6021470334380865097045898437500000000000000000000000000000000000e-02
4.6221948461607098579406738281250000000000000000000000000000000000e-02
4.6425278531387448310852050781250000000000000000000000000000000000e-02
4.6631745528429746627807617187500000000000000000000000000000000000e-02
4.6841172035783529281616210937500000000000000000000000000000000000e-02
4.7053728019818663597106933593750000000000000000000000000000000000e-02
4.7269320348277688026428222656250000000000000000000000000000000000e-02
4.7488047275692224502563476562500000000000000000000000000000000000e-02
4.7709860140457749366760253906250000000000000000000000000000000000e-02
4.7934828093275427818298339843750000000000000000000000000000000000e-02
4.8162923660129308700561523437500000000000000000000000000000000000e-02
4.8394200624898076057434082031250000000000000000000000000000000000e-02
4.8628636403009295463562011718750000000000000000000000000000000000e-02
4.8866284079849720001220703125000000000000000000000000000000000000e-02
4.9107121070846915245056152343750000000000000000000000000000000000e-02
4.9351193243637681007385253906250000000000000000000000000000000000e-02
4.9598481040447950363159179687500000000000000000000000000000000000e-02
4.9849032424390316009521484375000000000000000000000000000000000000e-02
5.0102829467505216598510742187500000000000000000000000000000000000e-02
5.0359914544969797134399414062500000000000000000000000000000000000e-02
5.0620267167687416076660156250000000000000000000000000000000000000e-02
5.0883931573480367660522460937500000000000000000000000000000000000e-02
5.1150892861187458038330078125000000000000000000000000000000000000e-02
5.1421191543340682983398437500000000000000000000000000000000000000e-02
5.1694806432351469993591308593750000000000000000000000000000000000e-02
5.1971775246784090995788574218750000000000000000000000000000000000e-02
5.2252088673412799835205078125000000000000000000000000000000000000e-02
5.2535774884745478630065917968750000000000000000000000000000000000e-02
5.2822824800387024879455566406250000000000000000000000000000000000e-02
5.3113261004909873008728027343750000000000000000000000000000000000e-02
5.3407075582072138786315917968750000000000000000000000000000000000e-02
5.3704290650784969329833984375000000000000000000000000000000000000e-02
5.4004898061975836753845214843750000000000000000000000000000000000e-02
5.4308911086991429328918457031250000000000000000000000000000000000e-02
5.4616325302049517631530761718750000000000000000000000000000000000e-02
5.4927155142650008201599121093750000000000000000000000000000000000e-02
5.5241395253688097000122070312500000000000000000000000000000000000e-02
5.5559052852913737297058105468750000000000000000000000000000000000e-02
5.5880131665617227554321289062500000000000000000000000000000000000e-02
5.6204639608040452003479003906250000000000000000000000000000000000e-02
5.6532577844336628913879394531250000000000000000000000000000000000e-02
5.6863958016037940979003906250000000000000000000000000000000000000e-02
5.7198787340894341468811035156250000000000000000000000000000000000e-02
5.7537076761946082115173339843750000000000000000000000000000000000e-02
5.7878834893926978111267089843750000000000000000000000000000000000e-02
5.8224077569320797920227050781250000000000000000000000000000000000e-02
5.8572818757966160774230957031250000000000000000000000000000000000e-02
5.8925068471580743789672851562500000000000000000000000000000000000e-02
5.9280842542648315429687500000000000000000000000000000000000000000e-02
5.9640157036483287811279296875000000000000000000000000000000000000e-02
6.0003025457262992858886718750000000000000000000000000000000000000e-02
6.0369458515197038650512695312500000000000000000000000000000000000e-02
6.0739467851817607879638671875000000000000000000000000000000000000e-02
6.1113066738471388816833496093750000000000000000000000000000000000e-02
6.1490262160077691078186035156250000000000000000000000000000000000e-02
6.1871058540418744087219238281250000000000000000000000000000000000e-02
6.2255464727059006690979003906250000000000000000000000000000000000e-02
6.2643486540764570236206054687500000000000000000000000000000000000e-02
6.3035125145688652992248535156250000000000000000000000000000000000e-02
6.3430380541831254959106445312500000000000000000000000000000000000e-02
6.3829256221652030944824218750000000000000000000000000000000000000e-02
6.4231751952320337295532226562500000000000000000000000000000000000e-02
6.4637865871191024780273437500000000000000000000000000000000000000e-02
6.5047602169215679168701171875000000000000000000000000000000000000e-02
6.5460965037345886230468750000000000000000000000000000000000000000e-02
6.5877952380105853080749511718750000000000000000000000000000000000e-02
6.6298566525802016258239746093750000000000000000000000000000000000e-02
6.6722813760861754417419433593750000000000000000000000000000000000e-02
6.7150699673220515251159667968750000000000000000000000000000000000e-02
6.7582235205918550491333007812500000000000000000000000000000000000e-02
6.8017426179721951484680175781250000000000000000000000000000000000e-02
6.8456280743703246116638183593750000000000000000000000000000000000e-02
6.8898814031854271888732910156250000000000000000000000000000000000e-02
6.9345034658908843994140625000000000000000000000000000000000000000e-02
6.9794954266399145126342773437500000000000000000000000000000000000e-02
7.0248587755486369132995605468750000000000000000000000000000000000e-02
7.0705949328839778900146484375000000000000000000000000000000000000e-02
7.1167048998177051544189453125000000000000000000000000000000000000e-02
7.1631896542385220527648925781250000000000000000000000000000000000e-02
7.2100508492439985275268554687500000000000000000000000000000000000e-02
7.2572896024212241172790527343750000000000000000000000000000000000e-02
7.3049067985266447067260742187500000000000000000000000000000000000e-02
7.3529036482796072959899902343750000000000000000000000000000000000e-02
7.4012810830026865005493164062500000000000000000000000000000000000e-02
7.4500401038676500320434570312500000000000000000000000000000000000e-02
7.4991819914430379867553710937500000000000000000000000000000000000e-02
7.5487078633159399032592773437500000000000000000000000000000000000e-02
7.5986186508089303970336914062500000000000000000000000000000000000e-02
7.6489154715090990066528320312500000000000000000000000000000000000e-02
7.6995997689664363861083984375000000000000000000000000000000000000e-02
7.7506729867309331893920898437500000000000000000000000000000000000e-02
7.8021366149187088012695312500000000000000000000000000000000000000e-02
7.8539923299103975296020507812500000000000000000000000000000000000e-02
7.9062417382374405860900878906250000000000000000000000000000000000e-02
7.9588865395635366439819335937500000000000000000000000000000000000e-02
8.0119288759306073188781738281250000000000000000000000000000000000e-02
8.0653709825128316879272460937500000000000000000000000000000000000e-02
8.1192145356908440589904785156250000000000000000000000000000000000e-02
8.1734616309404373168945312500000000000000000000000000000000000000e-02
8.2281146897003054618835449218750000000000000000000000000000000000e-02
8.2831757375970482826232910156250000000000000000000000000000000000e-02
8.3386471262201666831970214843750000000000000000000000000000000000e-02
8.3945309044793248176574707031250000000000000000000000000000000000e-02
8.4508292842656373977661132812500000000000000000000000000000000000e-02
8.5075447801500558853149414062500000000000000000000000000000000000e-02
8.5646794643253087997436523437500000000000000000000000000000000000e-02
8.6222355021163821220397949218750000000000000000000000000000000000e-02
8.6802151054143905639648437500000000000000000000000000000000000000e-02
8.7386208353564143180847167968750000000000000000000000000000000000e-02
8.7974549736827611923217773437500000000000000000000000000000000000e-02
8.8567197090014815330505371093750000000000000000000000000000000000e-02
8.9164176490157842636108398437500000000000000000000000000000000000e-02
8.9765509823337197303771972656250000000000000000000000000000000000e-02
9.0371222235262393951416015625000000000000000000000000000000000000e-02
9.0981342364102602005004882812500000000000000000000000000000000000e-02
9.1595895122736692428588867187500000000000000000000000000000000000e-02
9.2214906355366110801696777343750000000000000000000000000000000000e-02
9.2838405631482601165771484375000000000000000000000000000000000000e-02
9.3466424150392413139343261718750000000000000000000000000000000000e-02
9.4098992412909865379333496093750000000000000000000000000000000000e-02
9.4736139290034770965576171875000000000000000000000000000000000000e-02
9.5377899240702390670776367187500000000000000000000000000000000000e-02
9.6024308353662490844726562500000000000000000000000000000000000000e-02
9.6675396896898746490478515625000000000000000000000000000000000000e-02
9.7331203054636716842651367187500000000000000000000000000000000000e-02
9.7991767572239041328430175781250000000000000000000000000000000000e-02
9.8657125607132911682128906250000000000000000000000000000000000000e-02
9.9327318137511610984802246093750000000000000000000000000000000000e-02
1.0000238777138292789459228515625000000000000000000000000000000000e-01
1.0068237502127885818481445312500000000000000000000000000000000000e-01
1.0136732039973139762878417968750000000000000000000000000000000000e-01
1.0205726884305477142333984375000000000000000000000000000000000000e-01
1.0275226668454706668853759765625000000000000000000000000000000000e-01
1.0345235839486122131347656250000000000000000000000000000000000000e-01
1.0415759216994047164916992187500000000000000000000000000000000000e-01
1.0486801271326839923858642578125000000000000000000000000000000000e-01
1.0558366868644952774047851562500000000000000000000000000000000000e-01
1.0630461317487061023712158203125000000000000000000000000000000000e-01
1.0703089484013617038726806640625000000000000000000000000000000000e-01
1.0776256467215716838836669921875000000000000000000000000000000000e-01
1.0849967645481228828430175781250000000000000000000000000000000000e-01
1.0924228420481085777282714843750000000000000000000000000000000000e-01
1.0999044193886220455169677734375000000000000000000000000000000000e-01
1.1074420716613531112670898437500000000000000000000000000000000000e-01
1.1150363925844430923461914062500000000000000000000000000000000000e-01
1.1226879688911139965057373046875000000000000000000000000000000000e-01
1.1303973873145878314971923828125000000000000000000000000000000000e-01
1.1381652904674410820007324218750000000000000000000000000000000000e-01
1.1459923302754759788513183593750000000000000000000000000000000000e-01
1.1538791283965110778808593750000000000000000000000000000000000000e-01
1.1618263600394129753112792968750000000000000000000000000000000000e-01
1.1698347376659512519836425781250000000000000000000000000000000000e-01
1.1779049574397504329681396484375000000000000000000000000000000000e-01
1.1860376852564513683319091796875000000000000000000000000000000000e-01
1.1942336801439523696899414062500000000000000000000000000000000000e-01
1.2024937430396676063537597656250000000000000000000000000000000000e-01
1.2108186259865760803222656250000000000000000000000000000000000000e-01
1.2192090833559632301330566406250000000000000000000000000000000000e-01
1.2276659137569367885589599609375000000000000000000000000000000000e-01
1.2361899949610233306884765625000000000000000000000000000000000000e-01
1.2447821372188627719879150390625000000000000000000000000000000000e-01
1.2534431880339980125427246093750000000000000000000000000000000000e-01
1.2621740926988422870635986328125000000000000000000000000000000000e-01
1.2709757126867771148681640625000000000000000000000000000000000000e-01
1.2798489211127161979675292968750000000000000000000000000000000000e-01
1.2887947238050401210784912109375000000000000000000000000000000000e-01
1.2978141312487423419952392578125000000000000000000000000000000000e-01
1.3069080654531717300415039062500000000000000000000000000000000000e-01
1.3160775322467088699340820312500000000000000000000000000000000000e-01
1.3253236096352338790893554687500000000000000000000000000000000000e-01
1.3346473453566431999206542968750000000000000000000000000000000000e-01
1.3440498081035912036895751953125000000000000000000000000000000000e-01
1.3535320991650223731994628906250000000000000000000000000000000000e-01
1.3630953640677034854888916015625000000000000000000000000000000000e-01
1.3727407879196107387542724609375000000000000000000000000000000000e-01
1.3824695395305752754211425781250000000000000000000000000000000000e-01
1.3922828016802668571472167968750000000000000000000000000000000000e-01
1.4021818479523062705993652343750000000000000000000000000000000000e-01
1.4121679589152336120605468750000000000000000000000000000000000000e-01
1.4222423941828310489654541015625000000000000000000000000000000000e-01
1.4324064948596060276031494140625000000000000000000000000000000000e-01
1.4426616439595818519592285156250000000000000000000000000000000000e-01
1.4530091988854110240936279296875000000000000000000000000000000000e-01
1.4634505892172455787658691406250000000000000000000000000000000000e-01
1.4739872864447534084320068359375000000000000000000000000000000000e-01
1.4846207574009895324707031250000000000000000000000000000000000000e-01
1.4953525178134441375732421875000000000000000000000000000000000000e-01
1.5061841183342039585113525390625000000000000000000000000000000000e-01
1.5171171468682587146759033203125000000000000000000000000000000000e-01
1.5281532471999526023864746093750000000000000000000000000000000000e-01
1.5392940980382263660430908203125000000000000000000000000000000000e-01
1.5505413501523435115814208984375000000000000000000000000000000000e-01
1.5618967474438250064849853515625000000000000000000000000000000000e-01
1.5733621106483042240142822265625000000000000000000000000000000000e-01
1.5849392139352858066558837890625000000000000000000000000000000000e-01
1.5966299059800803661346435546875000000000000000000000000000000000e-01
1.6084361099638044834136962890625000000000000000000000000000000000e-01
1.6203597490675747394561767578125000000000000000000000000000000000e-01
1.6324028256349265575408935546875000000000000000000000000000000000e-01
1.6445673815906047821044921875000000000000000000000000000000000000e-01
1.6568554518744349479675292968750000000000000000000000000000000000e-01
1.6692691645585000514984130859375000000000000000000000000000000000e-01
1.6818106872960925102233886718750000000000000000000000000000000000e-01
1.6944822249934077262878417968750000000000000000000000000000000000e-01
1.7072860454209148883819580078125000000000000000000000000000000000e-01
1.7202244652435183525085449218750000000000000000000000000000000000e-01
1.7332998476922512054443359375000000000000000000000000000000000000e-01
1.7465145676396787166595458984375000000000000000000000000000000000e-01
1.7598711070604622364044189453125000000000000000000000000000000000e-01
1.7733720410615205764770507812500000000000000000000000000000000000e-01
1.7870198888704180717468261718750000000000000000000000000000000000e-01
1.8008172279223799705505371093750000000000000000000000000000000000e-01
1.8147667963057756423950195312500000000000000000000000000000000000e-01
1.8288713227957487106323242187500000000000000000000000000000000000e-01
1.8431335687637329101562500000000000000000000000000000000000000000e-01
1.8575564143247902393341064453125000000000000000000000000000000000e-01
1.8721427815034985542297363281250000000000000000000000000000000000e-01
1.8868956086225807666778564453125000000000000000000000000000000000e-01
1.9018178968690335750579833984375000000000000000000000000000000000e-01
1.9169127661734819412231445312500000000000000000000000000000000000e-01
1.9321833830326795578002929687500000000000000000000000000000000000e-01
1.9476329372264444828033447265625000000000000000000000000000000000e-01
1.9632646813988685607910156250000000000000000000000000000000000000e-01
1.9790819520130753517150878906250000000000000000000000000000000000e-01
1.9950881507247686386108398437500000000000000000000000000000000000e-01
2.0112867373973131179809570312500000000000000000000000000000000000e-01
2.0276812510564923286437988281250000000000000000000000000000000000e-01
2.0442752377130091190338134765625000000000000000000000000000000000e-01
2.0610723434947431087493896484375000000000000000000000000000000000e-01
2.0780762867070734500885009765625000000000000000000000000000000000e-01
2.0952908112667500972747802734375000000000000000000000000000000000e-01
2.1127197984606027603149414062500000000000000000000000000000000000e-01
2.1303671249188482761383056640625000000000000000000000000000000000e-01
2.1482366696000099182128906250000000000000000000000000000000000000e-01
2.1663324674591422080993652343750000000000000000000000000000000000e-01
2.1846586395986378192901611328125000000000000000000000000000000000e-01
2.2032192605547606945037841796875000000000000000000000000000000000e-01
2.2220184560865163803100585937500000000000000000000000000000000000e-01
2.2410605032928287982940673828125000000000000000000000000000000000e-01
2.2603496862575411796569824218750000000000000000000000000000000000e-01
2.2798902657814323902130126953125000000000000000000000000000000000e-01
2.2996865981258451938629150390625000000000000000000000000000000000e-01
2.3197431140579283237457275390625000000000000000000000000000000000e-01
2.3400642420165240764617919921875000000000000000000000000000000000e-01
2.3606544220820069313049316406250000000000000000000000000000000000e-01
2.3815181176178157329559326171875000000000000000000000000000000000e-01
2.4026598548516631126403808593750000000000000000000000000000000000e-01
2.4240841646678745746612548828125000000000000000000000000000000000e-01
2.4457955313846468925476074218750000000000000000000000000000000000e-01
2.4677984835579991340637207031250000000000000000000000000000000000e-01
2.4900975893251597881317138671875000000000000000000000000000000000e-01
2.5126972794532775878906250000000000000000000000000000000000000000e-01
2.5356019777245819568634033203125000000000000000000000000000000000e-01
2.5588162336498498916625976562500000000000000000000000000000000000e-01
2.5823443639092147350311279296875000000000000000000000000000000000e-01
2.6061906316317617893218994140625000000000000000000000000000000000e-01
2.6303593418560922145843505859375000000000000000000000000000000000e-01
2.6548545993864536285400390625000000000000000000000000000000000000e-01
2.6796804368495941162109375000000000000000000000000000000000000000e-01
2.7048407890833914279937744140625000000000000000000000000000000000e-01
2.7303394442424178123474121093750000000000000000000000000000000000e-01
2.7561799623072147369384765625000000000000000000000000000000000000e-01
2.7823657309636473655700683593750000000000000000000000000000000000e-01
2.8089000075124204158782958984375000000000000000000000000000000000e-01
2.8357857535593211650848388671875000000000000000000000000000000000e-01
2.8630256652832031250000000000000000000000000000000000000000000000e-01
2.8906221571378409862518310546875000000000000000000000000000000000e-01
2.9185773222707211971282958984375000000000000000000000000000000000e-01
2.9468928580172359943389892578125000000000000000000000000000000000e-01
2.9755700798705220222473144531250000000000000000000000000000000000e-01
3.0046099470928311347961425781250000000000000000000000000000000000e-01
3.0340128717944025993347167968750000000000000000000000000000000000e-01
3.0637787538580596446990966796875000000000000000000000000000000000e-01
3.0939069297164678573608398437500000000000000000000000000000000000e-01
3.1243960303254425525665283203125000000000000000000000000000000000e-01
3.1552441674284636974334716796875000000000000000000000000000000000e-01
3.1864487007260322570800781250000000000000000000000000000000000000e-01
3.2180060679093003273010253906250000000000000000000000000000000000e-01
3.2499119848944246768951416015625000000000000000000000000000000000e-01
3.2821611966937780380249023437500000000000000000000000000000000000e-01
3.3147474145516753196716308593750000000000000000000000000000000000e-01
3.3476633229292929172515869140625000000000000000000000000000000000e-01
3.3809004770591855049133300781250000000000000000000000000000000000e-01
3.4144491748884320259094238281250000000000000000000000000000000000e-01
3.4482983080670237541198730468750000000000000000000000000000000000e-01
3.4824354201555252075195312500000000000000000000000000000000000000e-01
3.5168465692549943923950195312500000000000000000000000000000000000e-01
3.5515161533840000629425048828125000000000000000000000000000000000e-01
3.5864268103614449501037597656250000000000000000000000000000000000e-01
3.6215593526139855384826660156250000000000000000000000000000000000e-01
3.6568926461040973663330078125000000000000000000000000000000000000e-01
3.6924034520052373409271240234375000000000000000000000000000000000e-01
3.7280663591809570789337158203125000000000000000000000000000000000e-01
3.7638535886071622371673583984375000000000000000000000000000000000e-01
3.7997348769567906856536865234375000000000000000000000000000000000e-01
3.8356774044223129749298095703125000000000000000000000000000000000e-01
3.8716455968096852302551269531250000000000000000000000000000000000e-01
3.9076009672135114669799804687500000000000000000000000000000000000e-01
3.9435019344091415405273437500000000000000000000000000000000000000e-01
3.9793037972413003444671630859375000000000000000000000000000000000e-01
4.0149586508050560951232910156250000000000000000000000000000000000e-01
4.0504149626940488815307617187500000000000000000000000000000000000e-01
4.0856175520457327365875244140625000000000000000000000000000000000e-01
4.1205076314508914947509765625000000000000000000000000000000000000e-01
4.1550224600359797477722167968750000000000000000000000000000000000e-01
4.1890952852554619312286376953125000000000000000000000000000000000e-01
4.2226552264764904975891113281250000000000000000000000000000000000e-01
4.2556271189823746681213378906250000000000000000000000000000000000e-01
4.2879315186291933059692382812500000000000000000000000000000000000e-01
4.3194844690151512622833251953125000000000000000000000000000000000e-01
4.3501975596882402896881103515625000000000000000000000000000000000e-01
4.3799779051914811134338378906250000000000000000000000000000000000e-01
4.4087279168888926506042480468750000000000000000000000000000000000e-01
4.4363455055281519889831542968750000000000000000000000000000000000e-01
4.4627240928821265697479248046875000000000000000000000000000000000e-01
4.4877525209449231624603271484375000000000000000000000000000000000e-01
4.5113152870908379554748535156250000000000000000000000000000000000e-01
4.5332928025163710117340087890625000000000000000000000000000000000e-01
4.5535613503307104110717773437500000000000000000000000000000000000e-01
4.5719934045337140560150146484375000000000000000000000000000000000e-01
4.5884580584242939949035644531250000000000000000000000000000000000e-01
4.6028211829252541065216064453125000000000000000000000000000000000e-01
4.6149459760636091232299804687500000000000000000000000000000000000e-01
4.6246934030205011367797851562500000000000000000000000000000000000e-01
4.6319228759966790676116943359375000000000000000000000000000000000e-01
4.6364929573610424995422363281250000000000000000000000000000000000e-01
4.6382616693153977394104003906250000000000000000000000000000000000e-01
4.6370876650325953960418701171875000000000000000000000000000000000e-01
4.6328314440324902534484863281250000000000000000000000000000000000e-01
4.6253557899035513401031494140625000000000000000000000000000000000e-01
4.6145270066335797309875488281250000000000000000000000000000000000e-01
4.6002165088430047035217285156250000000000000000000000000000000000e-01
4.5823018415831029415130615234375000000000000000000000000000000000e-01
4.5606680819764733314514160156250000000000000000000000000000000000e-01
4.5352095807902514934539794921875000000000000000000000000000000000e-01
4.5058315270580351352691650390625000000000000000000000000000000000e-01
4.4724516547285020351409912109375000000000000000000000000000000000e-01
4.4350020471028983592987060546875000000000000000000000000000000000e-01
4.3934311834163963794708251953125000000000000000000000000000000000e-01
4.3477060366421937942504882812500000000000000000000000000000000000e-01
4.2978141061030328273773193359375000000000000000000000000000000000e-01
4.2437656410038471221923828125000000000000000000000000000000000000e-01
4.1855958453379571437835693359375000000000000000000000000000000000e-01
4.1233673482201993465423583984375000000000000000000000000000000000e-01
4.0571725997142493724822998046875000000000000000000000000000000000e-01
3.9871362317353487014770507812500000000000000000000000000000000000e-01
3.9134173933416604995727539062500000000000000000000000000000000000e-01
3.8362123793922364711761474609375000000000000000000000000000000000e-01
3.7557572498917579650878906250000000000000000000000000000000000000e-01
3.6723299440927803516387939453125000000000000000000000000000000000e-01
3.5862528532743453979492187500000000000000000000000000000000000000e-01
3.4978954400867223739624023437500000000000000000000000000000000000e-01
3.4076764597557485103607177734375000000000000000000000000000000000e-01
3.3160662860609591007232666015625000000000000000000000000000000000e-01
3.2235892908647656440734863281250000000000000000000000000000000000e-01
3.1308260583318769931793212890625000000000000000000000000000000000e-01
3.0384156643413007259368896484375000000000000000000000000000000000e-01
2.9470579512417316436767578125000000000000000000000000000000000000e-01
2.8575157746672630310058593750000000000000000000000000000000000000e-01
2.7706170314922928810119628906250000000000000000000000000000000000e-01
2.6872569089755415916442871093750000000000000000000000000000000000e-01
2.6084006112068891525268554687500000000000000000000000000000000000e-01
2.5350854569114744663238525390625000000000000000000000000000000000e-01
2.4684233451262116432189941406250000000000000000000000000000000000e-01
2.4096037284471094608306884765625000000000000000000000000000000000e-01
2.3598962929099798202514648437500000000000000000000000000000000000e-01
2.3206541547551751136779785156250000000000000000000000000000000000e-01
2.2933172597549855709075927734375000000000000000000000000000000000e-01
2.2794155986048281192779541015625000000000000000000000000000000000e-01
2.2805728483945131301879882812500000000000000000000000000000000000e-01
2.2985102655366063117980957031250000000000000000000000000000000000e-01
2.3350498918443918228149414062500000000000000000000000000000000000e-01
2.3921176185831427574157714843750000000000000000000000000000000000e-01
2.4717453191988170146942138671875000000000000000000000000000000000e-01
2.5760712614282965660095214843750000000000000000000000000000000000e-01
2.7073388150893151760101318359375000000000000000000000000000000000e-01
2.8678907360881567001342773437500000000000000000000000000000000000e-01
3.0601584538817405700683593750000000000000000000000000000000000000e-01
3.2866443879902362823486328125000000000000000000000000000000000000e-01
3.5498928558081388473510742187500000000000000000000000000000000000e-01
3.8524467498064041137695312500000000000000000000000000000000000000e-01
4.1967839864082634449005126953125000000000000000000000000000000000e-01
4.5852263784036040306091308593750000000000000000000000000000000000e-01
5.0198124093003571033477783203125000000000000000000000000000000000e-01
5.5021203542128205299377441406250000000000000000000000000000000000e-01
6.0330271930433809757232666015625000000000000000000000000000000000e-01
6.6123848524875938892364501953125000000000000000000000000000000000e-01
7.2385878837667405605316162109375000000000000000000000000000000000e-01
7.9080070275813341140747070312500000000000000000000000000000000000e-01
8.6142592062242329120635986328125000000000000000000000000000000000e-01
9.3472859659232199192047119140625000000000000000000000000000000000e-01
1.0092227691784501075744628906250000000000000000000000000000000000e+00
1.0828101243823766708374023437500000000000000000000000000000000000e+00
1.1526156410109251737594604492187500000000000000000000000000000000e+00
1.2145633476320654153823852539062500000000000000000000000000000000e+00
1.2596566819120198488235473632812500000000000000000000000000000000e+00
1.3339553291443735361099243164062500000000000000000000000000000000e+00
1.6620780280791223049163818359375000000000000000000000000000000000e+00
5.9166943631134927272796630859375000000000000000000000000000000000e-01
5.9166943631134927272796630859375000000000000000000000000000000000e-01
