5.9679289060168790037597119635393028147518634796142578125000000000e-02
4.8835426604826343011112044223409611731767654418945312500000000000e-02
4.2447738864494093113943762318740482442080974578857421875000000000e-02
3.7813050894686353609053242053050780668854713439941406250000000000e-02
3.4321840516233020901282202430593315511941909790039062500000000000e-02
3.1610997116220874991743272630628780461847782135009765625000000000e-02
2.9453087913204924197518863593359128572046756744384765625000000000e-02
2.7699497989694694261020302405995607841759920120239257812500000000e-02
2.6249586479411543549211671688681235536932945251464843750000000000e-02
2.5033064502195299938502870418233214877545833587646484375000000000e-02
2.3999512559736851241565247505604929756373167037963867187500000000e-02
2.3111906540470631560291181472166499588638544082641601562500000000e-02
2.2342492275000836593479291991570789832621812820434570312500000000e-02
2.1670080769029525374902434009527496527880430221557617187500000000e-02
2.1077722773046748266922989500926632899791002273559570312500000000e-02
2.0551981708523518049824829745375609491020441055297851562500000000e-02
2.0082712817499001611842857073497725650668144226074218750000000000e-02
1.9661880261095322081077441112029191572219133377075195312500000000e-02
1.9282865471601302875814809567600605078041553497314453125000000000e-02
1.8940172866701243670206622482510283589363098144531250000000000000e-02
1.8629202323661914197927558234368916600942611694335937500000000000e-02
1.8346076375268818847708018893172265961766242980957031250000000000e-02
1.8087505599273120959757932268985314294695854187011718750000000000e-02
1.7850682759786903192056328748549276497215032577514648437500000000e-02
1.7633198844074958466787705901879235170781612396240234375000000000e-02
1.7432975916165660557055616664001718163490295410156250000000000000e-02
1.7248213009544897944547159340800135396420955657958984375000000000e-02
1.7077342214480928372921653135563246905803680419921875000000000000e-02
1.6918992800586576952248663019418017938733100891113281250000000000e-02
1.6771961720575798843180237440719793085008859634399414062500000000e-02
1.6635189218140319922234482419298728927969932556152343750000000000e-02
1.6507738546423091768877711160712351556867361068725585937500000000e-02
1.6388779018789354641194577766327711287885904312133789062500000000e-02
1.6277571778358805587583191254452685825526714324951171875000000000e-02
1.6173457800026349445721152164878731127828359603881835937500000000e-02
1.6075847737923171232310437517298851162195205688476562500000000000e-02
1.5984213309486936666070633350500429514795541763305664062500000000e-02
1.5898079969909086062163083852283307351171970367431640625000000000e-02
1.5817020681783960228683483251188590656965970993041992187500000000e-02
1.5740650627696955304868353664460300933569669723510742187500000000e-02
1.5668622751224201006259306723222834989428520202636718750000000000e-02
1.5600624047199845162436915302350826095789670944213867187500000000e-02
1.5536372558193079981836426384234073339030146598815917968750000000e-02
1.5475615074752228569887613218725164188072085380554199218750000000e-02
1.5418125587216733110573763099182542646303772926330566406250000000e-02
1.5363704604371879527957567290741280885413289070129394531250000000e-02
1.5312179549238058226534597849877172848209738731384277343750000000e-02
1.5263406586011643920053337808440119260922074317932128906250000000e-02
1.5217274435180033753667316887003835290670394897460937500000000000e-02
1.5173711153826312247883123518477077595889568328857421875000000000e-02
1.5132695238442366372777492244949826272204518318176269531250000000e-02
1.5116077057976486791579517898753692861646413803100585937500000000e-02
1.5109901336594252704847995971704222029075026512145996093750000000e-02
1.5103928445613550371473543521005922229960560798645019531250000000e-02
1.5098143888140165211342313966724759666249155998229980468750000000e-02
1.5092534758582203460730575272918940754607319831848144531250000000e-02
1.5087089393028111500294485836093372199684381484985351562500000000e-02
1.5081797191619348078028828297192376339808106422424316406250000000e-02
1.5076648507908576093972108367324835853651165962219238281250000000e-02
1.5071634545634182353324170833275275072082877159118652343750000000e-02
1.5066747269060756439507109405440132832154631614685058593750000000e-02
1.5061979323790167933916350762046931777149438858032226562500000000e-02
1.5057323967151845650613850580157304648309946060180664062500000000e-02
1.5052775006896961310087768026733101578429341316223144531250000000e-02
1.5048326747114074489197754758151859277859330177307128906250000000e-02
1.5043973940384822510218931768122274661436676979064941406250000000e-02
1.5039711745320977556716890433108346769586205482482910156250000000e-02
1.5035535688755133701399735457471251720562577247619628906250000000e-02
1.5031441631979353817927247405350499320775270462036132812500000000e-02
1.5027425740512065366338845251448219642043113708496093750000000000e-02
1.5023484456976621617685374587836122373118996620178222656250000000e-02
1.5019614476744909750682843707636493491008877754211425781250000000e-02
1.5015812726024103593291947333909774897620081901550292968750000000e-02
1.5012076342121701694187763109766819979995489120483398437500000000e-02
1.5008402655661268881859271573375735897570848464965820312500000000e-02
1.5004789174533053955351569186404958600178360939025878906250000000e-02
1.5001233569392974712131128001146862516179680824279785156250000000e-02
1.4997733660531708393959249292493041139096021652221679687500000000e-02
1.4994287405974493845861594820689788321033120155334472656250000000e-02
1.4990892890683428506637397958911606110632419586181640625000000000e-02
1.4987548316728153963151015659605036489665508270263671875000000000e-02
1.4984251994335080065967602536147751379758119583129882812500000000e-02
1.4981002333726149353121392948651191545650362968444824218750000000e-02
1.4977797837663823013465425049162149662151932716369628906250000000e-02
1.4974637094630018074870037025903002358973026275634765625000000000e-02
1.4971518772580365633229071420373657019808888435363769531250000000e-02
1.4968441613227552802745101701020757900550961494445800781250000000e-02
1.4965404426793230824310754201178497169166803359985351562500000000e-02
1.4962406087185206246537028107468358939513564109802246093750000000e-02
1.4959445527573098089213488037785282358527183532714843750000000000e-02
1.4956521736320890075822021003659756388515233993530273437500000000e-02
1.4953633753234501710394077633736742427572607994079589843750000000e-02
1.4950780666107782099216727544899185886606574058532714843750000000e-02
1.4947961607547601697865147230004367884248495101928710937500000000e-02
1.4945175752037354044432504451833665370941162109375000000000000000e-02
1.4942422313221487284451427512976806610822677612304687500000000000e-02
1.4939700541403127392880989532386593054980039596557617187500000000e-02
1.4937009721228333355980133489993022521957755088806152343750000000e-02
1.4934349169540912100062612921647087205201387405395507812500000000e-02
1.4931718233393870276515258410654496401548385620117187500000000000e-02
1.4929116288208626323052996553997218143194913864135742187500000000e-02
1.4926542736068826658368813298238819697871804237365722656250000000e-02
1.4923997004128759444330221128893754212185740470886230468750000000e-02
1.4921478543136289587889287133748439373448491096496582031250000000e-02
1.4918986826068828324687309816454217070713639259338378906250000000e-02
1.4916521346854626911548891143866057973355054855346679687500000000e-02
1.4914081619175728957160664833736518630757927894592285156250000000e-02
1.4911667175367080209746895036460045957937836647033691406250000000e-02
1.4909277565384571051509965400327928364276885986328125000000000000e-02
1.4906912355833757885537060872138681588694453239440917968750000000e-02
1.4904571129070414217676621149166749091818928718566894531250000000e-02
1.4902253482360528977213043333449604688212275505065917968750000000e-02
1.4899959027093826260945697015358746284618973731994628906250000000e-02
1.4897687388042564829437885975949029671028256416320800781250000000e-02
1.4895438202670219576817522977307817200198769569396972656250000000e-02
1.4893211120492060722808602690747648011893033981323242187500000000e-02
1.4891005802463644705491141451147996122017502784729003906250000000e-02
1.4888821920408459517637389524225000059232115745544433593750000000e-02
1.4886659156490079577994656290229613659903407096862792968750000000e-02
1.4884517202709519195780174527499184478074312210083007812500000000e-02
1.4882395760431906331366924689518782543018460273742675781250000000e-02
1.4880294539941583270570291119838657323271036148071289062500000000e-02
1.4878213260026650760492472613805148284882307052612304687500000000e-02
1.4876151647588518184273098654557543341070413589477539062500000000e-02
1.4874109437268129632614410695623519131913781166076660156250000000e-02
1.4872086371095974768885561445586063200607895851135253906250000000e-02
1.4870082198167221959606010273091669660061597824096679687500000000e-02
1.4868096674330161938160088652693957556039094924926757812500000000e-02
1.4866129561889261309626242280046426458284258842468261718750000000e-02
1.4864180629331156038852590484111715340986847877502441406250000000e-02
1.4862249651062899025166785804685787297785282135009765625000000000e-02
1.4860336407162061042597223092798230936750769615173339843750000000e-02
1.4858440683142999302890352453232480911538004875183105468750000000e-02
1.4856562269737732390195716902780986856669187545776367187500000000e-02
1.4854700962681552725563882688675221288576722145080566406250000000e-02
1.4852856562511314655883332136454555438831448554992675781250000000e-02
1.4851028874385606079466803919331141514703631401062011718750000000e-02
1.4849217707898404450261864440108183771371841430664062500000000000e-02
1.4847422876907170885552034178545000031590461730957031250000000000e-02
1.4845644199374738794738881608736846828833222389221191406250000000e-02
1.4843881497212644063332653843190200859680771827697753906250000000e-02
1.4842134596140626329185963072632148396223783493041992187500000000e-02
1.4840403325542161211414438071187760215252637863159179687500000000e-02
1.4838687518327590628142154116630990756675601005554199218750000000e-02
1.4836987010818676949175376478251564549282193183898925781250000000e-02
1.4835301642624632717515353874659922439604997634887695312500000000e-02
1.4833631256520778476937216794340201886370778083801269531250000000e-02
1.4831975698346735320631850640893389936536550521850585937500000000e-02
1.4830334816900967581654313676153833512216806411743164062500000000e-02
1.4828708463840814188450245580952469026669859886169433593750000000e-02
1.4827096493584719649749814607275766320526599884033203125000000000e-02
1.4825498763222389256299926785231946269050240516662597656250000000e-02
1.4823915132435954572498459924645430874079465866088867187500000000e-02
1.4822345463406305307585419939186976989731192588806152343750000000e-02
1.4820789620734032762672249816660041688010096549987792968750000000e-02
1.4819247471374344740646655793625541264191269874572753906250000000e-02
1.4817718884556218758574708260766783496364951133728027343750000000e-02
1.4816203731710929705767121333792601944878697395324707031250000000e-02
1.4814701886410026540619178092583752004429697990417480468750000000e-02
1.4813213224300809250921773241316259372979402542114257812500000000e-02
1.4811737623047511319684943487118289340287446975708007812500000000e-02
1.4810274962264943082734802715094701852649450302124023437500000000e-02
1.4808825123465365822261752271060686325654387474060058593750000000e-02
1.4807387990012532003047951434382412116974592208862304687500000000e-02
1.4805963447059452067766649463465000735595822334289550781250000000e-02
1.4804551381501013934682831063582852948457002639770507812500000000e-02
1.4803151681930247149376889126415335340425372123718261718750000000e-02
1.4801764238590904218528798708121030358597636222839355468750000000e-02
1.4800388943329060090214888134596549207344651222229003906250000000e-02
1.4799025689554040977058413375289092073217034339904785156250000000e-02
1.4797674372202612724791492837539408355951309204101562500000000000e-02
1.4796334887688576686937125259646563790738582611083984375000000000e-02
1.4795007133873499735599033044763928046450018882751464843750000000e-02
1.4793691010030666707630864209477294934913516044616699218750000000e-02
1.4792386416805681365049807141076598782092332839965820312500000000e-02
1.4791093256183242971024682788083737250417470932006835937500000000e-02
1.4789811431456703627596027672552736476063728332519531250000000000e-02
1.4788540847197001112944825251815927913412451744079589843750000000e-02
1.4787281409226101999698776978675596183165907859802246093750000000e-02
1.4786033024574207761503430447191931307315826416015625000000000000e-02
1.4784795601466402606427585908477340126410126686096191406250000000e-02
1.4783569049287518387680862019806227181106805801391601562500000000e-02
1.4782353278566454438114341485288605326786637306213378906250000000e-02
1.4781148200928883804095015364055143436416983604431152343750000000e-02
1.4779953729099048684303419065599882742390036582946777343750000000e-02
1.4778769776854836295876260976456251228228211402893066406250000000e-02
1.4777596259025601796444071567293576663359999656677246093750000000e-02
1.4776433091440900266522184836048836586996912956237792968750000000e-02
1.4775280190947311792504237359935359563678503036499023437500000000e-02
1.4774137475351424575453762599863694049417972564697265625000000000e-02
1.4773004863431868707857042011255543911829590797424316406250000000e-02
1.4771882274879586174898271622168977046385407447814941406250000000e-02
1.4770769630341901504366752817531960317865014076232910156250000000e-02
1.4769666851325481335410749750280956504866480827331542968750000000e-02
1.4768573860257160762499140105319384019821882247924804687500000000e-02
1.4767490580399078928253153719651891151443123817443847656250000000e-02
1.4766416935897199239069443876815057592466473579406738281250000000e-02
1.4765352851692052638110652651448617689311504364013671875000000000e-02
1.4764298253585489764660998446288431296125054359436035156250000000e-02
1.4763253068147848962032853137316124048084020614624023437500000000e-02
1.4762217222769267663262660050804697675630450248718261718750000000e-02
1.4761190645586175218539892739499919116497039794921875000000000000e-02
1.4760173265522728500154236996877443743869662284851074218750000000e-02
1.4759165012238737238470243084975663805380463600158691406250000000e-02
1.4758165816129965863812145698830136097967624664306640625000000000e-02
1.4757175608324853144370791824258049018681049346923828125000000000e-02
1.4756194320638476094598168231186718912795186042785644531250000000e-02
1.4755221885640169496300977414193766890093684196472167968750000000e-02
1.4754258236493492453811349207626335555687546730041503906250000000e-02
1.4753303307176113268184280968853272497653961181640625000000000000e-02
1.4752357032135777342718441218494263011962175369262695312500000000e-02
1.4751419346752376801634731862122862366959452629089355468750000000e-02
1.4750490186671382994432200064238713821396231651306152343750000000e-02
1.4749569488682303525228789453649369534105062484741210937500000000e-02
1.4748657189519412402667342121276305988430976867675781250000000000e-02
1.4747753227445110218996049411543936002999544143676757812500000000e-02
1.4746857540108088829855503831822716165333986282348632812500000000e-02
1.4745970067376169485018344573745707748457789421081542968750000000e-02
1.4745090747567222294600597365388239268213510513305664062500000000e-02
1.4744219522382986942155014276067959144711494445800781250000000000e-02
1.4743356330426454423032645024704834213480353355407714843750000000e-02
1.4742501115661853228200328658203943632543087005615234375000000000e-02
1.4741653816368646690015964395570335909724235534667968750000000000e-02
1.4740814379446279605567760029316559666767716407775878906250000000e-02
1.4739982741926518916564248229406075552105903625488281250000000000e-02
1.4739158854745975854583228681349282851442694664001464843750000000e-02
1.4738342652269297364253652915522252442315220832824707031250000000e-02
1.4737534091127105911889216827148629818111658096313476562500000000e-02
1.4736733100920459613170088175593264168128371238708496093750000000e-02
1.4735939646486569121197618414953467436134815216064453125000000000e-02
1.4735153649550762969266948232416325481608510017395019531250000000e-02
1.4734375086823913586497880601200449746102094650268554687500000000e-02
1.4733603867735204501210333205563074443489313125610351562500000000e-02
1.4732839986077644195416880279481119941920042037963867187500000000e-02
1.4732083332748840617809626962753100087866187095642089843750000000e-02
1.4731333925883193999850639954729558667168021202087402343750000000e-02
1.4730591629343243662009221850439644185826182365417480468750000000e-02
1.4729856495433067339884125601656705839559435844421386718750000000e-02
1.4729128349577095755118527620197710348293185234069824218750000000e-02
1.4728407291247917060283967316536291036754846572875976562500000000e-02
1.4727693092622333448371563235923531465232372283935546875000000000e-02
1.4726985917015746052616265160395414568483829498291015625000000000e-02
1.4726285464600797486811600833789270836859941482543945312500000000e-02
1.4725591983377417371059436845825985074043273925781250000000000000e-02
1.4724905078470421071479279362392844632267951965332031250000000000e-02
1.4724225107732604594934500141789612825959920883178710937500000000e-02
1.4723551553881698839010283563766279257833957672119140625000000000e-02
1.4722884914007918280565156976535945432260632514953613281250000000e-02
1.4722224517121464473778935655445820884779095649719238281250000000e-02
1.4721571032429010134068292359188490081578493118286132812500000000e-02
1.4720923601028345489849513683111581485718488693237304687500000000e-02
1.4720283099271062529633802284934063209220767021179199218750000000e-02
1.4719648444973100140376054412172379670664668083190917968750000000e-02
1.4719020756590789344997460830199997872114181518554687500000000000e-02
1.4718398694819457769855652884416485903784632682800292968750000000e-02
1.4717783651985253887128912708703865064308047294616699218750000000e-02
1.4717174002921516728914497207370004616677761077880859375000000000e-02
1.4716571438331384549802471894963673548772931098937988281250000000e-02
1.4715974028064043865882126738142687827348709106445312500000000000e-02
1.4715383773596565561425641988080315059050917625427246093750000000e-02
1.4714798435415728933284285062654817011207342147827148437500000000e-02
1.4714220320646783507489985254323983099311590194702148437500000000e-02
1.4713646896403998268199053711668966570869088172912597656250000000e-02
1.4713080747197144343418884204766072798520326614379882812500000000e-02
1.4712519088501100836263724147556786192581057548522949218750000000e-02
1.4711964725776320236927396933879208518192172050476074218750000000e-02
1.4711414694971673006174128772727272007614374160766601562500000000e-02
1.4710871933857736296169527179245051229372620582580566406250000000e-02
1.4710333404468164605893854002260923152789473533630371093750000000e-02
1.4709802054021248532422738719560584286227822303771972656250000000e-02
1.4709274910604237460165499840059055713936686515808105468750000000e-02
1.4708754774271545415209594409589044516906142234802246093750000000e-02
1.4708238911388091946230716189347731415182352066040039062500000000e-02
1.4707729788352183128430361591654218500480055809020996093750000000e-02
1.4707225108702206076149998636992677347734570503234863281250000000e-02
1.4706726796106786223083950915224704658612608909606933593750000000e-02
1.4706233207725806153010061905206384835764765739440917968750000000e-02
1.4705745503819101990816697878017293987795710563659667968750000000e-02
1.4705262916474143297662635632150340825319290161132812500000000000e-02
1.4704785624415571063106078497639828128740191459655761718750000000e-02
1.4704313945433268237539259359891730127856135368347167968750000000e-02
1.4703846877585236702090654148378234822303056716918945312500000000e-02
1.4703386007382818895239395828866690862923860549926757812500000000e-02
1.4702928989645421692378235434262023773044347763061523437500000000e-02
1.4702478817415411127544899727581650950014591217041015625000000000e-02
1.4702031693249443047855073984919727081432938575744628906250000000e-02
1.4701592093184355503066029768888256512582302093505859375000000000e-02
1.4701154726826924298843657368252024753019213676452636718750000000e-02
1.4700725555382879866650469580235949251800775527954101562500000000e-02
1.4700297833873473066224057959061610745266079902648925781250000000e-02
1.4699878928351825524423190927336690947413444519042968750000000000e-02
1.4699460762058058280188355126938404282554984092712402343750000000e-02
1.4699051940868094676129196329839032841846346855163574218750000000e-02
1.4698643262299981165908135949393908958882093429565429687500000000e-02
1.4698244326896529876602670583451981656253337860107421875000000000e-02
1.4697845087842158207092069233112852089107036590576171875000000000e-02
1.4697455826336764533879275518302165437489748001098632812500000000e-02
1.4697065993431441752181676463351323036476969718933105468750000000e-02
1.4696686185601666452260616324565489776432514190673828125000000000e-02
1.4696305734725063560364155534898600308224558830261230468750000000e-02
1.4695935157955662686557474216897389851510524749755859375000000000e-02
1.4695564067901845106689506792463362216949462890625000000000000000e-02
1.4695202503627982290601572401556040858849883079528808593750000000e-02
1.4694840749604882318424259324274316895753145217895507812500000000e-02
1.4694487989585974796469258762954268604516983032226562500000000000e-02
1.4694135537149781781107726885693409712985157966613769531250000000e-02
1.4693791389062967056577946323159267194569110870361328125000000000e-02
1.4693448188994887027014613067876780405640602111816406250000000000e-02
1.4693112480833263322477222345696645788848400115966796875000000000e-02
1.4692778465416046068670041790937830228358507156372070312500000000e-02
1.4692451048353245487976259653351007727906107902526855468750000000e-02
1.4692126129279892143841834695194847881793975830078125000000000000e-02
1.4691806878790075394092262683898297837004065513610839843750000000e-02
1.4691490946875142287186832845691242255270481109619140625000000000e-02
1.4691179762123921653804714537727704737335443496704101562500000000e-02
1.4690872688644284610459678219740453641861677169799804687500000000e-02
1.4690569490296892171676823579673509811982512474060058593750000000e-02
1.4690271129832670193859911478284629993140697479248046875000000000e-02
1.4689975856577525137325324067205656319856643676757812500000000000e-02
1.4689686050877448497686827977304346859455108642578125000000000000e-02
1.4689398655121284689717420235410827444866299629211425781250000000e-02
1.4689117237660828316214711719567276304587721824645996093750000000e-02
1.4688837680744939312438290812679042574018239974975585937500000000e-02
1.4688564481468489517079767381346755428239703178405761718750000000e-02
1.4688292728953099633426582215633970918133854866027832031250000000e-02
1.4688027578796784139436581995141750667244195938110351562500000000e-02
1.4687763596120676640177649119323177728801965713500976562500000000e-02
1.4687506330969218523718744506822986295446753501892089843750000000e-02
1.4687250079831182247858123446349054574966430664062500000000000000e-02
1.4687000543663149623729857751186500536277890205383300781250000000e-02
1.4686751979288996741712658433698379667475819587707519531250000000e-02
1.4686510026385872496046403057334828190505504608154296875000000000e-02
1.4686269095763183900604786913390853442251682281494140625000000000e-02
1.4686034591913140617824851119621598627418279647827148437500000000e-02
1.4685801232997014106884670070485299220308661460876464843750000000e-02
1.4685574055830206627315526191068784100934863090515136718750000000e-02
1.4685348197587096835681208517598861362785100936889648437500000000e-02
1.4685128236102561530285193214240280212834477424621582031250000000e-02
1.4684909799225959181612211068568285554647445678710937500000000000e-02
1.4684696952763797231367171036708896281197667121887207031250000000e-02
1.4684485850899486880649646991514600813388824462890625000000000000e-02
1.4684280027689775027788243733084527775645256042480468750000000000e-02
1.4684076168950167123883332465084095019847154617309570312500000000e-02
1.4683877284491636538987791027466300874948501586914062500000000000e-02
1.4683680573065674077049003187767084455117583274841308593750000000e-02
1.4683488548461366349218160110012831864878535270690917968750000000e-02
1.4683298886209204120456561781793425325304269790649414062500000000e-02
1.4683113646598609097759791097814741078764200210571289062500000000e-02
1.4682930934466494055090635129090514965355396270751953125000000000e-02
1.4682752407677459802193276061643700813874602317810058593750000000e-02
1.4682576546913286494322470332463126396760344505310058593750000000e-02
1.4682404662326111952075358146885264432057738304138183593750000000e-02
1.4682235555412800898089642487320816144347190856933593750000000000e-02
1.4682070243128352710071382603018719237297773361206054687500000000e-02
1.4681907794471014266912689549826609436422586441040039062500000000e-02
1.4681748984700792801105784235460305353626608848571777343750000000e-02
1.4681593101057219610816595434243936324492096900939941406250000000e-02
1.4681440723770488449018145615809771697968244552612304687500000000e-02
1.4681291314487476817873812251491472125053405761718750000000000000e-02
1.4681145299220075411961161648832785431295633316040039062500000000e-02
1.4681002276296060971016999019411741755902767181396484375000000000e-02
1.4680862552124435832512361344015516806393861770629882812500000000e-02
1.4680725830144344262739863893330038990825414657592773437500000000e-02
1.4680592325750460580557898992992704734206199645996093750000000000e-02
1.4680461821764552790559044126439403044059872627258300781250000000e-02
1.4680334465561276774403509648436738643795251846313476562500000000e-02
1.4680210098879610189359645744389126775786280632019042968750000000e-02
1.4680088819175216366397229705853533232584595680236816406250000000e-02
1.4679970511187028989197322914606047561392188072204589843750000000e-02
1.4679855236363493348195063958883110899478197097778320312500000000e-02
1.4679742910309431097592991477540635969489812850952148437500000000e-02
1.4679633568974420620989462804573122411966323852539062500000000000e-02
1.4679527149782798517430038032216543797403573989868164062500000000e-02
1.4679423670922462155652432613806013250723481178283691406250000000e-02
1.4679323085021274072903274543477891711518168449401855468750000000e-02
1.4679225398131382634980823809200956020504236221313476562500000000e-02
1.4679130573315015556579155031613481696695089340209960937500000000e-02
1.4679038608484989980595969427668023854494094848632812500000000000e-02
1.4678949473793497654261486218274512793868780136108398437500000000e-02
1.4678863161801912473602982345255441032350063323974609375000000000e-02
1.4678779647416659651093517879871797049418091773986816406250000000e-02
1.4678698919770402642193118936120299622416496276855468750000000000e-02
1.4678620956949991332995963944085815455764532089233398437500000000e-02
1.4678545745945965894652118777230498380959033966064453125000000000e-02
1.4678473266949237929779314981715288013219833374023437500000000000e-02
1.4678403505673776746620617927874263841658830642700195312500000000e-02
1.4678336443726281573818326364744279999285936355590820312500000000e-02
1.4678272066090946104677250616532546700909733772277832031250000000e-02
1.4678210355332763775715321230563858989626169204711914062500000000e-02
1.4678151296075169982002783797270240029320120811462402343750000000e-02
1.4678094871544500668592014847035898128524422645568847656250000000e-02
1.4678041066218103227747349137644050642848014831542968750000000000e-02
1.4677989863811012963279445386888255598023533821105957031250000000e-02
1.4677941248804140389472294714323652442544698715209960937500000000e-02
1.4677895205268465250725284931831993162631988525390625000000000000e-02
1.4677851717766350267413422159279434708878397941589355468750000000e-02
1.4677810770674110801836675932463549543172121047973632812500000000e-02
1.4677772348681292560734767960184399271383881568908691406250000000e-02
1.4677736436413886186858057669724075822159647941589355468750000000e-02
1.4677703018726003664218282551701122429221868515014648437500000000e-02
1.4677672080466986487268243877224449533969163894653320312500000000e-02
1.4677643606659913910750248078329605050384998321533203125000000000e-02
1.4677617582367940771148617784547241171821951866149902343750000000e-02
1.4677593992799799899051649276771058794111013412475585937500000000e-02
1.4677572823212978528339966999283205950632691383361816406250000000e-02
1.4677554058996053476526810754876350983977317810058593750000000000e-02
1.4677537685602768183223965081651840591803193092346191406250000000e-02
1.4677523688607160487484826205673016374930739402770996093750000000e-02
1.4677512053648134743299991100684565026313066482543945312500000000e-02
1.4677502766478538881456117337620526086539030075073242187500000000e-02
1.4677495812926502627426827984891133382916450500488281250000000000e-02
1.4677491178924445547337995776615571230649948120117187500000000000e-02
1.4677488850474753809272066007451940095052123069763183593750000000e-02
1.4677488813690570471082175174615258583799004554748535156250000000e-02
1.4677491054756465829744804807432956295087933540344238281250000000e-02
1.4677495559955754111935988248660578392446041107177734375000000000e-02
1.4677502315647111136298619271656207274645566940307617187500000000e-02
1.4677511308287786648274497736110788537189364433288574218750000000e-02
1.4677522524410773624436998829878575634211301803588867187500000000e-02
1.4677535950640698339531020621961943106725811958312988281250000000e-02
1.4677551573678775109765837214581551961600780487060546875000000000e-02
1.4677569380319386779798485065384738845750689506530761718750000000e-02
1.4677589357432123395863499126789974980056285858154296875000000000e-02
1.4677611491974723242903699826911179115995764732360839843750000000e-02
1.4677635770979384141621260084775713039562106132507324218750000000e-02
1.4677662181567368085421954049252235563471913337707519531250000000e-02
1.4677690710937043791495248967748921131715178489685058593750000000e-02
1.4677721346366419397089231324571301229298114776611328125000000000e-02
1.4677754075210963646824779971211683005094528198242187500000000000e-02
1.4677788884911439903913077387187513522803783416748046875000000000e-02
1.4677825762979898258087096962754003470763564109802246093750000000e-02
1.4677864697009039562924925803599762730300426483154296875000000000e-02
1.4677905674669932539755379252710554283112287521362304687500000000e-02
1.4677948683709043931067128596623660996556282043457031250000000000e-02
1.4677993711945114263528466835850849747657775878906250000000000000e-02
1.4678040747277725647235158135117671918123960494995117187500000000e-02
1.4678089777680470434662041157025669235736131668090820312500000000e-02
1.4678140791198250256210933173406374407932162284851074218750000000e-02
1.4678193775952096816750369612236681859940290451049804687500000000e-02
1.4678248720135131724640054073915962362661957740783691406250000000e-02
1.4678305612015187658903059286785719450563192367553710937500000000e-02
1.4678364439929930326811380325580103090032935142517089843750000000e-02
1.4678425192288369408033510410405142465606331825256347656250000000e-02
1.4678487857575519756614390587401430821046233177185058593750000000e-02
1.4678552424343039098375562900855584302917122840881347656250000000e-02
1.4678618881211566438160787129163509234786033630371093750000000000e-02
1.4678687216874418755563347360748593928292393684387207031250000000e-02
1.4678757420094992389159038737034279620274901390075683593750000000e-02
1.4678829479703867783024762161403486970812082290649414062500000000e-02
1.4678903384597810286016361658312234794721007347106933593750000000e-02
1.4678979123744061857648190994041215162724256515502929687500000000e-02
1.4679056686178668794662272034656780306249856948852539062500000000e-02
1.4679136061000859492242653914217953570187091827392578125000000000e-02
1.4679217237378007487880182679873541928827762603759765625000000000e-02
1.4679300204544505625836592344057862646877765655517578125000000000e-02
1.4679384951798402428324585855534678557887673377990722656250000000e-02
1.4679471468502069964046086170128546655178070068359375000000000000e-02
1.4679559744083515299140074716888193506747484207153320312500000000e-02
1.4679649768037150714405925100436434149742126464843750000000000000e-02
1.4679741529916114084475253775963210500776767730712890625000000000e-02
1.4679835019338385512788214271040487801656126976013183593750000000e-02
1.4679930225987678979460149264468782348558306694030761718750000000e-02
1.4680027139606553754358486685305251739919185638427734375000000000e-02
1.4680125749998444023569632577164156828075647354125976562500000000e-02
1.4680226047029964336898544274845335166901350021362304687500000000e-02
1.4680328020630909607868730404334201011806726455688476562500000000e-02
1.4680431660787789799327285322760872077196836471557617187500000000e-02
1.4680536957547727847095409003941313130781054496765136718750000000e-02
1.4680643901020548267033483114119007950648665428161621093750000000e-02
1.4680752481372020407102141348332224879413843154907226562500000000e-02
1.4680862688827348710995934766287973616272211074829101562500000000e-02
1.4680974513671502315603767385709943482652306556701660156250000000e-02
1.4681087946247383183018264674046804429963231086730957031250000000e-02
1.4681202976956511316308784387274499749764800071716308593750000000e-02
1.4681319596255074794166617380142270121723413467407226562500000000e-02
1.4681437794656436446327774092424078844487667083740234375000000000e-02
1.4681557562733921554198879277919331798329949378967285156250000000e-02
1.4681678891113207618968061751729692332446575164794921875000000000e-02
1.4681801770477870272557652242539916187524795532226562500000000000e-02
1.4681926191567846312624467941532202530652284622192382812500000000e-02
1.4682052145174375248903864132898888783529400825500488281250000000e-02
1.4682179622146081243716508879515458829700946807861328125000000000e-02
1.4682308613385266007900220586179784731939435005187988281250000000e-02
1.4682439109848548913772603441429964732378721237182617187500000000e-02
1.4682571102546492294860236427211930276826024055480957031250000000e-02
1.4682704582539261167761779347529227379709482192993164062500000000e-02
1.4682839540943596820521399592962552560493350028991699218750000000e-02
1.4682975968929678697860730096635961672291159629821777343750000000e-02
1.4683113857715111849611133720827638171613216400146484375000000000e-02
1.4683253198571505002134607309471903136000037193298339843750000000e-02
1.4683393982823188597675034827716444851830601692199707031250000000e-02
1.4683536201845221597084290010570839513093233108520507812500000000e-02
1.4683679847061597775748076344370929291471838951110839843750000000e-02
1.4683824909946147779793435006467916537076234817504882812500000000e-02
1.4683971382026306945478566490237426478415727615356445312500000000e-02
1.4684119254877992660768271093729708809405565261840820312500000000e-02
1.4684268520123290244216995859005692182108759880065917968750000000e-02
1.4684419169435714361271472228054335573688149452209472656250000000e-02
1.4684571194539959224090175382571032969281077384948730468750000000e-02
1.4684724587204850410060430476733017712831497192382812500000000000e-02
1.4684879339248575053078482710589014459401369094848632812500000000e-02
1.4685035442539535327499677919149689842015504837036132812500000000e-02
1.4685192888991012438726357913765241391956806182861328125000000000e-02
1.4685351670562419093557515736847562948241829872131347656250000000e-02
1.4685511779262526085854112523065850837156176567077636718750000000e-02
1.4685673207147073582312657435977598652243614196777343750000000000e-02
1.4685835946315048405885761440003989264369010925292968750000000000e-02
1.4685999988912267974483505383886949857696890830993652343750000000e-02
1.4686165327131324789822208742862130748108029365539550781250000000e-02
1.4686331953210472744952852508504292927682399749755859375000000000e-02
1.4686499859430201045396024994715844513848423957824707031250000000e-02
1.4686669038116316812758732623933610739186406135559082031250000000e-02
1.4686839481642649518633447769389022141695022583007812500000000000e-02
1.4687011182424571792415335380610486026853322982788085937500000000e-02
1.4687184132918326348593573982270754640921950340270996093750000000e-02
1.4687358325626275259989661492454615654423832893371582031250000000e-02
1.4687533753097227820494374839199736015871167182922363281250000000e-02
1.4687710407918469490695656531897839158773422241210937500000000000e-02
1.4687888282719689311828226152556453598663210868835449218750000000e-02
1.4688067370176152715011141935974592342972755432128906250000000000e-02
1.4688247663003639598144900446641258895397186279296875000000000000e-02
1.4688429153958359324461113715187821071594953536987304687500000000e-02
1.4688611835840078428949695421579235699027776718139648437500000000e-02
1.4688795701490810902134498405757767613977193832397460937500000000e-02
1.4688980743791034758172209251370077254250645637512207031250000000e-02
1.4689166955661385124964901649491366697475314140319824218750000000e-02
1.4689354330065056836174264276451140176504850387573242187500000000e-02
1.4689542860006614410917080704166437499225139617919921875000000000e-02
1.4689732538528737712524296910032717278227210044860839843750000000e-02
1.4689923358712539402937125032622134312987327575683593750000000000e-02
1.4690115313680422032271977172968036029487848281860351562500000000e-02
1.4690308396594874140728137490441440604627132415771484375000000000e-02
1.4690502600654992138018428704526741057634353637695312500000000000e-02
1.4690697919099568111156450811449758475646376609802246093750000000e-02
1.4690894345206824411764756632692296989262104034423828125000000000e-02
1.4691091872292423928247906417254853295162320137023925781250000000e-02
1.4691290493708940995132294915492821019142866134643554687500000000e-02
1.4691490202847004575836820094991708174347877502441406250000000000e-02
1.4691690993137294929393732445532805286347866058349609375000000000e-02
1.4691892858043863190342648294972605071961879730224609375000000000e-02
1.4692095791069618299085064450082427356392145156860351562500000000e-02
1.4692299785756366900524305663111590547487139701843261718750000000e-02
1.4692504835677935165483276591658068355172872543334960937500000000e-02
1.4692710934446984519241574673742434242740273475646972656250000000e-02
1.4692918075712680173183777299072971800342202186584472656250000000e-02
1.4693126253158423841216340122173278359696269035339355468750000000e-02
1.4693335460505220838034468044952518539503216743469238281250000000e-02
1.4693545691507102143869012422783271176740527153015136718750000000e-02
1.4693756939953565160417170432083366904407739639282226562500000000e-02
1.4693969199672380493426615544194646645337343215942382812500000000e-02
1.4694182464521718042838038797981425886973738670349121093750000000e-02
1.4694396728394945247919700648253638064488768577575683593750000000e-02
1.4694611985222739980461170716807828284800052642822265625000000000e-02
1.4694828228967424937900787540456803981214761734008789062500000000e-02
1.4695045453624175010864938428767345612868666648864746093750000000e-02
1.4695263653222755476090988224768807413056492805480957031250000000e-02
1.4695482821827995575936220973289891844615340232849121093750000000e-02
1.4695702953535994678135878643843170721083879470825195312500000000e-02
1.4695924042475891693748657473861385369673371315002441406250000000e-02
1.4696146082810309166366558031313616083934903144836425781250000000e-02
1.4696369068733807633497789879584161099046468734741210937500000000e-02
1.4696592994473650639619677349401172250509262084960937500000000000e-02
1.4696817854288724003453125988016836345195770263671875000000000000e-02
1.4697043642470831656399177234106900868937373161315917968750000000e-02
1.4697270353343575011173527400387683883309364318847656250000000000e-02
1.4697497981259828939148981419293704675510525703430175781250000000e-02
1.4697726520605551223108697911357012344524264335632324218750000000e-02
1.4697955965799647248815062994253821671009063720703125000000000000e-02
1.4698186311288580219169830343162175267934799194335937500000000000e-02
1.4698417551549854478953882619407522724941372871398925781250000000e-02
1.4698649681094456270757930838044558186084032058715820312500000000e-02
1.4698882694462281003899839504356350516900420188903808593750000000e-02
1.4699116586221736002748627925029722973704338073730468750000000000e-02
1.4699351350972281876616776230548566672950983047485351562500000000e-02
1.4699586983344415172525465607122896471992135047912597656250000000e-02
1.4699823477997480888901371542942797532305121421813964843750000000e-02
1.4700060829619046240401836200817342614755034446716308593750000000e-02
1.4700299032927082940047647241499362280592322349548339843750000000e-02
1.4700538082668954120713067368342308327555656433105468750000000000e-02
1.4700777973619969310470345646990608656778931617736816406250000000e-02
1.4701018700584177201218238906221813522279262542724609375000000000e-02
1.4701260258394965863004699713201262056827545166015625000000000000e-02
1.4701502641914190178118460039513593073934316635131835937500000000e-02
1.4701745846030235889689841144445381360128521919250488281250000000e-02
1.4701989865660234843569575957644701702520251274108886718750000000e-02
1.4702234695750189888419079409231926547363400459289550781250000000e-02
1.4702480331273181171636288411264104070141911506652832031250000000e-02
1.4702726767228823170907681117114407243207097053527832031250000000e-02
1.4702973998644421754766753451804106589406728744506835937500000000e-02
1.4703222020576015016679605196259217336773872375488281250000000000e-02
1.4703470828104204734532167719862627563998103141784667968750000000e-02
1.4703720416337166115861023740762902889400720596313476562500000000e-02
1.4703970780411249746899571277936047408729791641235351562500000000e-02
1.4704221915487453165027886825555469840764999389648437500000000000e-02
1.4704473816753153847525226183279301039874553680419921875000000000e-02
1.4704726479422565443844206356516224332153797149658203125000000000e-02
1.4704979898736173990481113094119791639968752861022949218750000000e-02
1.4705234069959837589491868925506423693150281906127929687500000000e-02
1.4705488988383778534152490635733556700870394706726074218750000000e-02
1.4705744649325395295713647669799684081226587295532226562500000000e-02
1.4706001048128060360031810205327928997576236724853515625000000000e-02
1.4706258180158113951785381345871428493410348892211914062500000000e-02
1.4706516040807809594936905739359644940122961997985839843750000000e-02
1.4706774625495131966768092013353452784940600395202636718750000000e-02
1.4707033929662315444031328581786510767415165901184082031250000000e-02
1.4707293948775212663604428087182895978912711143493652343750000000e-02
1.4707554678324720465187880336088710464537143707275390625000000000e-02
1.4707816113827135509617427544526435667648911476135253906250000000e-02
1.4708078250821566071437906941810069838538765907287597656250000000e-02
1.4708341084870287657215826015999482478946447372436523437500000000e-02
1.4708604611561076208614551319442398380488157272338867187500000000e-02
1.4708868826505834201401334837555623380467295646667480468750000000e-02
1.4709133725337528858512214924303407315164804458618164062500000000e-02
1.4709399303713755272071672663969366112723946571350097656250000000e-02
1.4709665557316736403392631871156481793150305747985839843750000000e-02
1.4709932481849985475008679713937453925609588623046875000000000000e-02
1.4710200073039979978828384332700807135552167892456054687500000000e-02
1.4710468326636715052924131441614008508622646331787109375000000000e-02
1.4710737238413202146447567031373182544484734535217285156250000000e-02
1.4711006804164329306305880606942082522436976432800292968750000000e-02
1.4711277019706842095203569442674051970243453979492187500000000000e-02
1.4711547880880639430078993257211550371721386909484863281250000000e-02
1.4711819383547824688363014900005509844049811363220214843750000000e-02
1.4712091523591860897646199646260356530547142028808593750000000000e-02
1.4712364296918316666773485223984607728198170661926269531250000000e-02
1.4712637699454826287204234347427700413390994071960449218750000000e-02
1.4712911727149892773813810720184847014024853706359863281250000000e-02
1.4713186375973134195627167741804441902786493301391601562500000000e-02
1.4713461641916973296484449917898018611595034599304199218750000000e-02
1.4713737520994583582445436320540466113016009330749511718750000000e-02
1.4714014009238883182173474040155269904062151908874511718750000000e-02
1.4714291102704691108216117356732866028323769569396972656250000000e-02
1.4714568797467799179945480148035130696371197700500488281250000000e-02
1.4714847089624460280132822731502528768032789230346679687500000000e-02
1.4715125975291044879700308456449420191347599029541015625000000000e-02
1.4715405450604516351953421349207928869873285293579101562500000000e-02
1.4715685511722826489533488825145468581467866897583007812500000000e-02
1.4715966154823050676681006621038250159472227096557617187500000000e-02
1.4716247376102466887237696369084005709737539291381835937500000000e-02
1.4716529171778874873766085329407360404729843139648437500000000000e-02
1.4716811538089619518232531447665678570047020912170410156250000000e-02
1.4717094471291273377611119599350786302238702774047851562500000000e-02
1.4717377967659881279893774319589283550158143043518066406250000000e-02
1.4717662023491701051014501899771858006715774536132812500000000000e-02
1.4717946635101798388833849173806811450049281120300292968750000000e-02
1.4718231798824098904843182822332892101258039474487304687500000000e-02
1.4718517511011585882640950728728057583793997764587402343750000000e-02
1.4718803768037080903496871542301960289478302001953125000000000000e-02
1.4719090566291535143728097523307951632887125015258789062500000000e-02
1.4719377902183744880049154346579598495736718177795410156250000000e-02
1.4719665772142809592737400237183464923873543739318847656250000000e-02
1.4719954172615451817862641803458245703950524330139160156250000000e-02
1.4720243100065593874758995696083729853853583335876464843750000000e-02
1.4720532550977109137457787824132537934929132461547851562500000000e-02
1.4720822521851716080387717511257505975663661956787109375000000000e-02
1.4721113009208303470942702517731959233060479164123535156250000000e-02
1.4721404009583837629859814910560089629143476486206054687500000000e-02
1.4721695519533246204746390617401630152016878128051757812500000000e-02
1.4721987535629317556118422771760378964245319366455078125000000000e-02
1.4722280054461861151238188938350504031404852867126464843750000000e-02
1.4722573072638195021411000595890072872862219810485839843750000000e-02
1.4722866586783633219281952619894582312554121017456054687500000000e-02
1.4723160593540231613762792051147698657587170600891113281250000000e-02
1.4723455089566133899281474839426664402708411216735839843750000000e-02
1.4723750071537481526329216308113245759159326553344726562500000000e-02
1.4724045536147626137002397683772869640961289405822753906250000000e-02
1.4724341480106421797824367558860103599727153778076171875000000000e-02
1.4724637900139333351878789812872128095477819442749023437500000000e-02
1.4724934792989047976918826066139445174485445022583007812500000000e-02
1.4725232155415723250824200363240379374474287033081054687500000000e-02
1.4725529984193940977177383899743290385231375694274902343750000000e-02
1.4725828276115262432943708859056641813367605209350585937500000000e-02
1.4726127027988363676902494603382365312427282333374023437500000000e-02
1.4726426236636742245211806334737048018723726272583007812500000000e-02
1.4726725898899470021397029029230907326564192771911621093750000000e-02
1.4727026011632485605340470158353127771988511085510253906250000000e-02
1.4727326571707012245471268840901757357642054557800292968750000000e-02
1.4727627576009698351366949964358354918658733367919921875000000000e-02
1.4727929021442749332737598422227165428921580314636230468750000000e-02
1.4728230904923715963161789943569601746276021003723144531250000000e-02
1.4728533223385586320430817863780248444527387619018554687500000000e-02
1.4728835973776357309850126853234542068094015121459960937500000000e-02
1.4729139153059355588082368626601237338036298751831054687500000000e-02
1.4729442758212880210111350720580958295613527297973632812500000000e-02
1.4729746786229937216550212042420753277838230133056640625000000000e-02
1.4730051234118263919770086545213416684418916702270507812500000000e-02
1.4730356098900609929103211470646783709526062011718750000000000000e-02
1.4730661377614388471424256010777753544971346855163574218750000000e-02
1.4730967067311638227233849818276212317869067192077636718750000000e-02
1.4731273165058374544078567680571723030880093574523925781250000000e-02
1.4731579667935300673176080010762234451249241828918457031250000000e-02
1.4731886573038054100148741554221487604081630706787109375000000000e-02
1.4732193877475567231338793305894796503707766532897949218750000000e-02
1.4732501578371028430614053661429352359846234321594238281250000000e-02
1.4732809672862738972765050959878863068297505378723144531250000000e-02
1.4733118158102237807427492555234493920579552650451660156250000000e-02
1.4733427031254724831610403157355904113501310348510742187500000000e-02
1.4733736289500021926501815983101550955325365066528320312500000000e-02
1.4734045930031816618033246868435526266694068908691406250000000000e-02
1.4734355950057377582229634072064072825014591217041015625000000000e-02
1.4734666346797530359080674600136262597516179084777832031250000000e-02
1.4734977117487203790435756900478736497461795806884765625000000000e-02
1.4735288259375313793531070416520378785207867622375488281250000000e-02
1.4735599769723791915843058575319446390494704246520996093750000000e-02
1.4735911645808522085765446263394551351666450500488281250000000000e-02
1.4736223884919489798828173832134780241176486015319824218750000000e-02
1.4736536484359822815615181923476484371349215507507324218750000000e-02
1.4736849441446183209269982228306616889312863349914550781250000000e-02
1.4737162753509292986708878459012339590117335319519042968750000000e-02
1.4737476417893762350996844645578676136210560798645019531250000000e-02
1.4737790431957357648040662922994670225307345390319824218750000000e-02
1.4738104793071421169670109918570233276113867759704589843750000000e-02
1.4738419498621849537678407671137392753735184669494628906250000000e-02
1.4738734546008038991948829732336889719590544700622558593750000000e-02
1.4739049932642789980663522442227986175566911697387695312500000000e-02
1.4739365655953476363926313297270098701119422912597656250000000000e-02
1.4739681713381346320201892297063750447705388069152832031250000000e-02
1.4739998102381428671248109196767472894862294197082519531250000000e-02
1.4740314820423221567335936299514287384226918220520019531250000000e-02
1.4740631864990468707921067448296525981277227401733398437500000000e-02
1.4740949233581320670927183869025611784309148788452148437500000000e-02
1.4741266923708426853090180941308062756434082984924316406250000000e-02
1.4741584932899102003411861971926555270329117774963378906250000000e-02
1.4741903258695409489886785081580455880612134933471679687500000000e-02
1.4742221898654345180190716746437828987836837768554687500000000000e-02
1.4742540850347757644400736865009093889966607093811035156250000000e-02
1.4742860111362983063787446269543579546734690666198730468750000000e-02
1.4743179679302687370978652836583933094516396522521972656250000000e-02
1.4743499551784682369270917945414112182334065437316894531250000000e-02
1.4743819726442768808238881206307269167155027389526367187500000000e-02
1.4744140200926524747471191290060232859104871749877929687500000000e-02
1.4744460972901310760740933858414791757240891456604003906250000000e-02
1.4744782040048603002913019111019821139052510261535644531250000000e-02
1.4745103400066173621185683373369101900607347488403320312500000000e-02
1.4745425050668151470412148285049624973908066749572753906250000000e-02
1.4745746989585056807570140335883479565382003784179687500000000000e-02
1.4746069214563910579340877404774801107123494148254394531250000000e-02
1.4746391723368586570974692051549936877563595771789550781250000000e-02
1.4746714513779603239473914300106116570532321929931640625000000000e-02
1.4747037583593990139885221424265182577073574066162109375000000000e-02
1.4747360930625856914599758340500557096675038337707519531250000000e-02
1.4747684552706051552828370176939642988145351409912109375000000000e-02
1.4748008447681903651527157705913850804790854454040527343750000000e-02
1.4748332613417453398896306282495061168447136878967285156250000000e-02
1.4748657047793553923065168476114195073023438453674316406250000000e-02
1.4748981748707225974959200698322092648595571517944335937500000000e-02
1.4749306714071595478254828037734114332124590873718261718750000000e-02
1.4749631941815832814057785071781836450099945068359375000000000000e-02
1.4749957429884934245745142789019155316054821014404296875000000000e-02
1.4750283176239151194941712219588225707411766052246093750000000000e-02
1.4750609178853492375882439091583364643156528472900390625000000000e-02
1.4750935435717864308013957952425698749721050262451171875000000000e-02
1.4751261944836176198680988136402447707951068878173828125000000000e-02
1.4751588704225833403871348536995355971157550811767578125000000000e-02
1.4751915711917249970919208124087163014337420463562011718750000000e-02
1.4752242965953264036693681759970786515623331069946289062500000000e-02
1.4752570464388419652079775801212235819548368453979492187500000000e-02
1.4752898205288380445443507937852700706571340560913085937500000000e-02
1.4753226186728975524720119949506624834612011909484863281250000000e-02
1.4753554406795609671432245590949605684727430343627929687500000000e-02
1.4753882863582369958099782536464772420004010200500488281250000000e-02
1.4754211555191187876800995582016184926033020019531250000000000000e-02
1.4754540479731086469183942710969859035685658454895019531250000000e-02
1.4754869635317087450676609705624287016689777374267578125000000000e-02
1.4755199020069543341948659076479088980704545974731445312500000000e-02
1.4755528632113089695931940070749988080933690071105957031250000000e-02
1.4755858469575833247233731526648625731468200683593750000000000000e-02
1.4756188530588526183762176913205621531233191490173339843750000000e-02
1.4756518813283537455705030083663586992770433425903320312500000000e-02
1.4756849315794039190219422152949846349656581878662109375000000000e-02
1.4757180036253427293790885244106902973726391792297363281250000000e-02
1.4757510972794230311166963076630054274573922157287597656250000000e-02
1.4757842123547500537417143107177253114059567451477050781250000000e-02
1.4758173486642257171697067974491801578551530838012695312500000000e-02
1.4758505060204670997214826400067977374419569969177246093750000000e-02
1.4758836842357601210062867380656825844198465347290039062500000000e-02
1.4759168831220140921667294264807424042373895645141601562500000000e-02
1.4759501024907271948816145368255092762410640716552734375000000000e-02
1.4759833421529401642491308166427188552916049957275390625000000000e-02
1.4760166019192293498929480222159327240660786628723144531250000000e-02
1.4760498815997075833239549069730855990201234817504882812500000000e-02
1.4760831810040205350209596701915870653465390205383300781250000000e-02
1.4761164999413725618104820114240283146500587463378906250000000000e-02
1.4761498382205660850896578040192252956330776214599609375000000000e-02
1.4761831956500832963019576027363655157387256622314453125000000000e-02
1.4762165720381512090675357740110484883189201354980468750000000000e-02
1.4762499671928870290105173523897974519059062004089355468750000000e-02
1.4762833809224391867775949549468350596725940704345703125000000000e-02
1.4763168130352125051452105708449380472302436828613281250000000000e-02
1.4763502633401077643315879583951755193993449211120605468750000000e-02
1.4763837316468592791851577317174815107136964797973632812500000000e-02
1.4764172177664377019756791753479774342849850654602050781250000000e-02
1.4764507215115265509330910731478070374578237533569335937500000000e-02
1.4764842426971090671994346621431759558618068695068359375000000000e-02
1.4765177811411315730860671635582548333331942558288574218750000000e-02
1.4765513366650736756802153593071125214919447898864746093750000000e-02
1.4765849090927643180726214211517799412831664085388183593750000000e-02
1.4766184982845896589420675582005060277879238128662109375000000000e-02
1.4766521014536628311764054899413167731836438179016113281250000000e-02
1.4766857317121078949084811426928354194387793540954589843750000000e-02
