2.1297162397014334292433268558397685410454869270324707031250000000e-03
2.1160637403627672453731989321568107698112726211547851562500000000e-03
2.1024103301767677401401535064451309153810143470764160156250000000e-03
2.0887556713655983965660656309637488448061048984527587890625000000e-03
2.0750997639293173278873805287503273575566709041595458984375000000e-03
2.0614426078679258351467051824101872625760734081268310546875000000e-03
2.0477842031813306769572058385620039189234375953674316406250000000e-03
2.0341245498695773898101268883920056396164000034332275390625000000e-03
2.0204636479327323268784244447715536807663738727569580078125000000e-03
2.0068014973706835984978980036430584732443094253540039062500000000e-03
1.9931380981835066651397525561151269357651472091674804687500000000e-03
1.9794734503712028278465950847930798772722482681274414062500000000e-03
1.9658075539337647140436526882467660470865666866302490234375000000e-03
1.9521404088711656523574822230671088618692010641098022460937500000e-03
1.9384720151833705146376951589104464801494032144546508789062500000e-03
1.9248023728704961778784854331547649053391069173812866210937500000e-03
1.9111314819324407270756394083832674368750303983688354492187500000e-03
1.8974593423692084990378470266136901045683771371841430664062500000e-03
1.8837859541808740868745752905510926211718469858169555664062500000e-03
1.8701113173674207938723679234271912719123065471649169921875000000e-03
1.8564354319287807489752273326644171902444213628768920898437500000e-03
1.8427582978649739015031272515443561132997274398803710937500000000e-03
1.8290799151760297417551592857876130437944084405899047851562500000e-03
1.8154002838619662674873866947677925054449588060379028320312500000e-03
1.8017194039227600599328837915891199372708797454833984375000000000e-03
1.7880372753583647152386681966618198202922940254211425781250000000e-03
1.7743538981688795463237395821920472371857613325119018554687500000e-03
1.7606692723541943982473734209293070307467132806777954101562500000e-03
1.7469833979143606621925455257837711542379111051559448242187500000e-03
1.7332962748494173694374653749150638759601861238479614257812500000e-03
1.7196079031593135624800261496147868456318974494934082031250000000e-03
1.7059182828440659380336841266512237780261784791946411132812500000e-03
1.6922274139036478247249961626152980898041278123855590820312500000e-03
1.6785352963381260094077873645801446400582790374755859375000000000e-03
1.6648419301474302357812806718584397458471357822418212890625000000e-03
1.6511473153315572512389586279368813848122954368591308593750000000e-03
1.6374514518905777457624672877045668428763747215270996093750000000e-03
1.6237543398244713363509639236781367799267172813415527343750000000e-03
1.6100559791331872823427762142500796471722424030303955078125000000e-03
1.5963563698167344741957185405567543057259172201156616210937500000e-03
1.5826555118751603999649457676923702820204198360443115234375000000e-03
1.5689534053084589881182919768320971343200653791427612304687500000e-03
1.5552500501165823169197333086799517332110553979873657226562500000e-03
1.5415454462995457820401190573988969845231622457504272460937500000e-03
1.5278395938574098819606739141363505041226744651794433593750000000e-03
1.5141324927900991562101928877837053732946515083312988281250000000e-03
1.5004241430976216278847523710737732471898198127746582031250000000e-03
1.4867145447800197977095137957803672179579734802246093750000000000e-03
1.4730036978372873773118767459777700423728674650192260742187500000e-03
1.4592916022693937921905771304409427102655172348022460937500000000e-03
1.4455782580763351392177940013539227948058396577835083007812500000e-03
1.4508746025348677032712485512888633820693939924240112304687500000e-03
1.4647054905845690187665697479246773582417517900466918945312500000e-03
1.4786105671026100912002210208129326929338276386260986328125000000e-03
1.4925758599242742574036979519291890028398483991622924804687500000e-03
1.5065889517275772840204650648843198723625391721725463867187500000e-03
1.5206386275258920812852858617247875372413545846939086914062500000e-03
1.5347146963400892794027186027960851788520812988281250000000000000e-03
1.5488078896204510084139149839188576152082532644271850585937500000e-03
1.5629097641566697118875595151621382683515548706054687500000000000e-03
1.5770126175964369139720355761369319225195795297622680664062500000e-03
1.5911094135817285995238012930030890856869518756866455078125000000e-03
1.6051937158437432073831985235301544889807701110839843750000000000e-03
1.6192596300716320840973327932488246005959808826446533203125000000e-03
1.6333017525764098078211450371099999756552278995513916015625000000e-03
1.6473151248278384943535268547520900028757750988006591796875000000e-03
1.6612951930495515207725221173973295663017779588699340820312500000e-03
1.6752377721706488127723089220921792730223387479782104492187500000e-03
1.6891390135441494008139429183756874408572912216186523437500000000e-03
1.7029953759498041732795003966316471633035689592361450195312500000e-03
1.7168035994854571879564275604934664443135261535644531250000000000e-03
1.7305606820175558398927639913722487108316272497177124023437500000e-03
1.7442638579115874938874064525862195296213030815124511718750000000e-03
1.7579105788025708740490715698001622513402253389358520507812500000e-03
1.7714984961945353693357763091853485093452036380767822265625000000e-03
1.7850254456963569708871641950054254266433417797088623046875000000e-03
1.7984894327214583954754889560945230186916887760162353515625000000e-03
1.8118886194909186292817393493237432267051190137863159179687500000e-03
1.8252213132025933359225966512440209044143557548522949218750000000e-03
1.8384859552431614265755044357320002745836973190307617187500000000e-03
1.8516811113248553537918850153687344572972506284713745117187500000e-03
1.8648054624526685853908025691794136946555227041244506835937500000e-03
1.8778577966400398797236492853812706016469746828079223632812500000e-03
1.8908370012944953567762818025244087039027363061904907226562500000e-03
1.9037420562090286851875120532895380165427923202514648437500000000e-03
1.9165720271042167247715903855009855760727077722549438476562500000e-03
1.9293260596712140213238040331589218112640082836151123046875000000e-03
1.9420033740703895527857092417889361968263983726501464843750000000e-03
1.9546032598468021310167408444158354541286826133728027343750000000e-03
1.9671250712266978404041406491842280956916511058807373046875000000e-03
1.9795682227668745176152320652818161761388182640075683593750000000e-03
1.9919321853221227426600226095843026996590197086334228515625000000e-03
2.0042164823097317200017997151917370501905679702758789062500000000e-03
2.0164206862486890557695229375667622662149369716644287109375000000e-03
2.0285444155430398284478687997989254654385149478912353515625000000e-03
2.0405873314999329291852259160577887087129056453704833984375000000e-03
2.0525491355601571501210411696547453175298869609832763671875000000e-03
2.0644295667209323387469854793607737519778311252593994140625000000e-03
2.0762283991410121833376400957149598980322480201721191406250000000e-03
2.0879454399136965214722749806242063641548156738281250000000000000e-03
2.0995805269905572915112301757289969827979803085327148437500000000e-03
2.1111335272481009280032271391291942563839256763458251953125000000e-03
2.1226043346874840477001011862512314110063016414642333984375000000e-03
2.1339928687520337731442499062950446386821568012237548828125000000e-03
2.1452990727610261878499642307360772974789142608642578125000000000e-03
2.1565229124441095444331129016291015432216227054595947265625000000e-03
2.1676643745720015898914567742394865490496158599853515625000000000e-03
2.1787234656795253541494705729064662591554224491119384765625000000e-03
2.1897002108676737359982400477065311861224472522735595703125000000e-03
2.2005946526849179921414556559966513304971158504486083984375000000e-03
2.2114068500780461115629016433103970484808087348937988281250000000e-03
2.2221368774100296039630819677768158726394176483154296875000000000e-03
2.2327848235396442755362755860915058292448520660400390625000000000e-03
2.2433507909574708187594449526613971102051436901092529296875000000e-03
2.2538348949754463158845485537540298537351191043853759765625000000e-03
2.2642372629648613649444577333724737400189042091369628906250000000e-03
2.2745580336408009573812005754689380410127341747283935546875000000e-03
2.2847973563928001237977039039606097503565251827239990234375000000e-03
2.2949553906486137161424565533707209397107362747192382812500000000e-03
2.3050323052802058898524961705334135331213474273681640625000000000e-03
2.3150282780460156896451540120551726431585848331451416015625000000e-03
2.3249434950587052894910300437913974747061729431152343750000000000e-03
2.3347781502896800334689864087067689979448914527893066406250000000e-03
2.3445324450995590724600159404644728056155145168304443359375000000e-03
2.3542065877938762527565863535983226029202342033386230468750000000e-03
2.3638007932056349577609744017081538913771510124206542968750000000e-03
2.3733152823009516854679823438800667645409703254699707031250000000e-03
2.3827502818036237243470853996996083878912031650543212890625000000e-03
2.3921060238426151284274467911927786190062761306762695312500000000e-03
2.4013827456179758640386623369522567372769117355346679687500000000e-03
2.4105806890846121284810443796686740824952721595764160156250000000e-03
2.4197001006538497273889998240292698028497397899627685546875000000e-03
2.4287412309054465589519544721497368300333619117736816406250000000e-03
2.4377043343229861348253617592263253754936158657073974609375000000e-03
2.4465896690384404156548558972872342565096914768218994140625000000e-03
2.4553974965874831616619022867098465212620794773101806640625000000e-03
2.4641280816821171245623034451455168891698122024536132812500000000e-03
2.4727816919917636542813887956526741618290543556213378906250000000e-03
2.4813585979365803714513649680384332896210253238677978515625000000e-03
2.4898590724900535389729760993304807925596833229064941406250000000e-03
2.4982833909931610391619294375686877174302935600280761718750000000e-03
2.5066318309773143527263705720997677417472004890441894531250000000e-03
2.5149046719938729713139657917508884565904736518859863281250000000e-03
2.5231021954521541846017118615463914466090500354766845703125000000e-03
2.5312246844702564023410484850273860502056777477264404296875000000e-03
2.5392724237273288021010664294863090617582201957702636718750000000e-03
2.5472456993247752365938652019394794479012489318847656250000000000e-03
2.5551447986544811689924028286213797400705516338348388671875000000e-03
2.5629700102731828303959105141984764486551284790039062500000000000e-03
2.5707216237844622216957013449700752971693873405456542968750000000e-03
2.5783999297218098377404427168357869959436357021331787109375000000e-03
2.5860052194409087478188524755751132033765316009521484375000000000e-03
2.5935377850173700446656521734212219598703086376190185546875000000e-03
2.6009979191461323269618510778400377603247761726379394531250000000e-03
2.6083859150478178566545661709596970467828214168548583984375000000e-03
2.6157020663786596445521404064038506476208567619323730468750000000e-03
2.6229466671446972567127708941825403599068522453308105468750000000e-03
2.6301200116220302752112480959567619720473885536193847656250000000e-03
2.6372223942748504454947067188186338171362876892089843750000000000e-03
2.6442541096833105732089030937004281440749764442443847656250000000e-03
2.6512154524734087360227086094255355419591069221496582031250000000e-03
2.6581067172479935604989531583441930706612765789031982421875000000e-03
2.6649281985218131393877705193062865873798727989196777343750000000e-03
2.6716801906604388874844069334812957094982266426086425781250000000e-03
2.6783629878226267520546777234358160058036446571350097656250000000e-03
2.6849768839023748466521279709695591009221971035003662109375000000e-03
2.6915221724777074752132932644599350169301033020019531250000000000e-03
2.6979991467598217133594395988893666071817278861999511718750000000e-03
2.7044080995421390135879935456841849372722208499908447265625000000e-03
2.7107493231567050991082101774054535781033337116241455078125000000e-03
2.7170231094325982337811531408533483045175671577453613281250000000e-03
2.7232297496478075592152290340663967072032392024993896484375000000e-03
2.7293695344986117559682448074909189017489552497863769531250000000e-03
2.7354427540507214242082589805704628815874457359313964843750000000e-03
2.7414496977165511704122025093965930864214897155761718750000000000e-03
2.7473906542068390369826236252492890344001352787017822265625000000e-03
2.7532659115136522837152810438965389039367437362670898437500000000e-03
2.7590757568609130742642854272617114474996924400329589843750000000e-03
2.7648204766999385020853630123838229337707161903381347656250000000e-03
2.7705003566461448676061518625601820531301200389862060546875000000e-03
2.7761156814987441622533115292981165111996233463287353515625000000e-03
2.7816667351588369311299331343434459995478391647338867187500000000e-03
2.7871538006712459970004580611657729605212807655334472656250000000e-03
2.7925771601231205720772265976847847923636436462402343750000000000e-03
2.7979370947191265460440856571722179069183766841888427734375000000e-03
2.8032338846424300835002973997234221315011382102966308593750000000e-03
2.8084678091764795487828010323028138373047113418579101562500000000e-03
2.8136391465242056864060060661358875222504138946533203125000000000e-03
2.8187481739777239808653064301324775442481040954589843750000000000e-03
2.8237951676907775341862638640577642945572733879089355468750000000e-03
2.8287804029034566144495954631565837189555168151855468750000000000e-03
2.8337041536584963406786297213102443492971360683441162109375000000e-03
2.8385666930910748162464329880094737745821475982666015625000000000e-03
2.8433682930836890259684857085176190594211220741271972656250000000e-03
2.8481092246167979617488263954783178633078932762145996093750000000e-03
2.8527897573729955882360087571214535273611545562744140625000000000e-03
2.8574101601322276881844697271617405931465327739715576171875000000e-03
2.8619707003440532887272862438976517296396195888519287109375000000e-03
2.8664716445443417201788260939565589069388806819915771484375000000e-03
2.8709132579262733320213385468377964571118354797363281250000000000e-03
2.8752958047389997643661363468936542631126940250396728515625000000e-03
2.8796195479080487211742678255177452228963375091552734375000000000e-03
2.8838847493452067320685028306570529821328818798065185546875000000e-03
2.8880916697107254266507769813188133412040770053863525390625000000e-03
2.8922405685243863376898687533866905141621828079223632812500000000e-03
2.8963317042026643158281196122061373898759484291076660156250000000e-03
2.9003653338020257516916000639639605651609599590301513671875000000e-03
2.9043417135481267889185463815238108509220182895660400390625000000e-03
2.9082610979301189678414285566532271332107484340667724609375000000e-03
2.9121237410895477702721390045326188555918633937835693359375000000e-03
2.9159298947796174171498417848624740145169198513031005859375000000e-03
2.9196798112586510795529726181030127918347716331481933593750000000e-03
2.9233737392613859916445928632811046554706990718841552734375000000e-03
2.9270119295254381532045417912968332529999315738677978515625000000e-03
2.9305946272742589182869199504466450889594852924346923828125000000e-03
2.9341220823667036807225194650072808144614100456237792968750000000e-03
2.9375945356700308708219893105706432834267616271972656250000000000e-03
2.9410122372718586376827420991730832611210644245147705078125000000e-03
2.9443754222346443273627958348015454248525202274322509765625000000e-03
2.9476843427561310977125241805651967297308146953582763671875000000e-03
2.9509392256781294752721045426824275637045502662658691406250000000e-03
2.9541403284179049149038576160819502547383308410644531250000000000e-03
2.9572878656384318785121934070048155263066291809082031250000000000e-03
2.9603821050115325733131932395281182834878563880920410156250000000e-03
2.9634232426861877376933485095378273399546742439270019531250000000e-03
2.9664115645521797054451340613923093769699335098266601562500000000e-03
2.9693472383296045345735247877883011824451386928558349609375000000e-03
2.9722305804427595794792171801645963569171726703643798828125000000e-03
2.9750617150186933236588604501093868748284876346588134765625000000e-03
2.9778410076391538009732418146313648321665823459625244140625000000e-03
2.9805685161550326232882124344314433983527123928070068359375000000e-03
2.9832446828257199247791398022400244371965527534484863281250000000e-03
2.9858694660923725330836653313326678471639752388000488281250000000e-03
2.9884434246210123120590651524253189563751220703125000000000000000e-03
2.9909663701529424356673203533318883273750543594360351562500000000e-03
2.9934390337784323905812033927986703929491341114044189453125000000e-03
2.9958610146609832014519270160235464572906494140625000000000000000e-03
2.9982332933813264988498481500300840707495808601379394531250000000e-03
3.0005551670188646863624004623716245987452566623687744140625000000e-03
3.0028279689922033300619741424952735542319715023040771484375000000e-03
3.0050505758439463067921426642215010360814630985260009765625000000e-03
3.0072248087388104773043373540986067382618784904479980468750000000e-03
3.0093489712166450987529398020114967948757112026214599609375000000e-03
3.0114255432955529430405494650813125190325081348419189453125000000e-03
3.0134520650577172572182060861223362735472619533538818359375000000e-03
3.0154318857005847631658213003902346827089786529541015625000000000e-03
3.0173615516848138057293127189950610045343637466430664062500000000e-03
3.0192455310161518851341799773990715038962662220001220703125000000e-03
3.0210791085711155047610620982823093072511255741119384765625000000e-03
3.0228681557632882878627889056133426493033766746520996093750000000e-03
3.0246063973283668184499628495132128591649234294891357421875000000e-03
3.0263014171580176689402286172025924315676093101501464843750000000e-03
3.0279450648783901890725989147767904796637594699859619140625000000e-03
3.0295469521704103746384539874725305708125233650207519531250000000e-03
3.0310967447924491192934315364482245058752596378326416015625000000e-03
3.0326063764781370502010560130656813271343708038330078125000000000e-03
3.0340630586764782104791660088949356577359139919281005859375000000e-03
3.0354812834313448302592242100672592641785740852355957031250000000e-03
3.0368456174631407694375351269400198361836373805999755859375000000e-03
3.0381732432048693531845273696490039583295583724975585937500000000e-03
3.0394460224416565072291795956971327541396021842956542968750000000e-03
3.0406838023277057633797504365702479844912886619567871093750000000e-03
3.0418658657846882331643456609526765532791614532470703125000000000e-03
3.0430144838205588388169164915098008350469172000885009765625000000e-03
3.0441067303606443410213255873486559721641242504119873046875000000e-03
3.0451667881550843579308018860274387407116591930389404296875000000e-03
3.0461701886511064092666334346404255484230816364288330078125000000e-03
3.0471421951883334577892981087643420323729515075683593750000000000e-03
3.0480578006275810092062794609546472202055156230926513671875000000e-03
3.0489421671665429929010127096944415825419127941131591796875000000e-03
3.0497711105916089531497892295419660513289272785186767578125000000e-03
3.0505681527216942615365891100509543321095407009124755859375000000e-03
3.0513116430808217942327598137808308820240199565887451171875000000e-03
3.0520215916820226352557110516272587119601666927337646484375000000e-03
3.0526808981613667848264981330430600792169570922851562500000000000e-03
3.0533039203091212783480745684983048704452812671661376953125000000e-03
3.0538803465124000728614372945912691648118197917938232421875000000e-03
3.0544165764555594039242336634742969181388616561889648437500000000e-03
3.0549114248961560177941798599476896924898028373718261718750000000e-03
3.0553610040116811058519274979516922030597925186157226562500000000e-03
3.0557755326489281604007697268343690666370093822479248046875000000e-03
3.0561386559984663954803174590324488235637545585632324218750000000e-03
3.0564740298208992186346222297288477420806884765625000000000000000e-03
3.0567509957091084857316864997756056254729628562927246093750000000e-03
3.0570082374936102288798256410018439055420458316802978515625000000e-03
3.0571994954530631524725059477987088030204176902770996093750000000e-03
3.0573794406167204527891012588725061505101621150970458984375000000e-03
3.0574856327066956065974245859706570627167820930480957031250000000e-03
3.0575888933990183655986516697566912625916302204132080078125000000e-03
3.0576108837879123134029235586694994708523154258728027343750000000e-03
3.0576378270080689994459000047299923608079552650451660156250000000e-03
3.0575767154810821503441164992409539991058409214019775390625000000e-03
3.0575274589992509216562766027891484554857015609741210937500000000e-03
3.0573845753901159917609309246699922368861734867095947265625000000e-03
3.0572590035769882030325383936997241107746958732604980468750000000e-03
3.0570358819481755624503094281863013748079538345336914062500000000e-03
3.0568336816818846707333179324450611602514982223510742187500000000e-03
3.0565320152351927070200066083316414733417332172393798828125000000e-03
3.0562527297741748713577614182668185094371438026428222656250000000e-03
3.0558743096221955941327319550282481941394507884979248046875000000e-03
3.0555174063136730268352980743884472758509218692779541015625000000e-03
3.0550640491612949568855928106358987861312925815582275390625000000e-03
3.0546289951641856369457528330713103059679269790649414062500000000e-03
3.0541024663010359237180768587904822197742760181427001953125000000e-03
3.0535888054820580980730504450093576451763510704040527343750000000e-03
3.0529907441430004753912808013183166622184216976165771484375000000e-03
3.0523981680755179167474633317169718793593347072601318359375000000e-03
3.0517300220204526296774449889426250592805445194244384765625000000e-03
3.0510584286439195594864415284064307343214750289916992187500000000e-03
3.0503214038242248626331409866452304413542151451110839843750000000e-03
3.0495709386398370081827646771444051410071551799774169921875000000e-03
3.0487659681470618069920597292821184964850544929504394531250000000e-03
3.0479370447970151845884512198381344205699861049652099609375000000e-03
3.0470647791992042270614593491018240456469357013702392578125000000e-03
3.0461580784510011027377274217542435508221387863159179687500000000e-03
3.0452188973397430193923440810976899228990077972412109375000000000e-03
3.0442353457596237932547555971041219891048967838287353515625000000e-03
3.0432293882455413447374326096905861049890518188476562500000000000e-03
3.0421701197565226976182728435560420621186494827270507812500000000e-03
3.0410973298957409173548516179153011762537062168121337890625000000e-03
3.0399636348957710663132303352540475316345691680908203125000000000e-03
3.0388238169112829351048432613424665760248899459838867187500000000e-03
3.0376170844165937753866835180360794765874743461608886718750000000e-03
3.0364099620697401760160971662116935476660728454589843750000000000e-03
3.0351316204796788614239666515004500979557633399963378906250000000e-03
3.0338568951825432493119016896798711968585848808288574218750000000e-03
3.0325083567970053007034625380811121431179344654083251953125000000e-03
3.0311657597649724511790214620532424305565655231475830078125000000e-03
3.0297483731641767189246561287063741474412381649017333984375000000e-03
3.0283377081073755560103322181930707301944494247436523437500000000e-03
3.0268527212436251681848542460784301511012017726898193359375000000e-03
3.0253738954553275469772088968056777957826852798461914062500000000e-03
3.0238224308659282339728502364550877246074378490447998046875000000e-03
3.0222754739694531432581126040304297930561006069183349609375000000e-03
3.0206585162030267881216882841499682399444282054901123046875000000e-03
3.0190435870966867044906667416626078193075954914093017578125000000e-03
3.0173619812869311405945094151093144319020211696624755859375000000e-03
3.0156793647796394965132638077420779154635965824127197265625000000e-03
3.0139338244730999247233960147696052445098757743835449218750000000e-03
3.0121839198011851786163095567872005631215870380401611328125000000e-03
3.0103750416960711050462506932490214239805936813354492187500000000e-03
3.0085583454025786528940322739344992442056536674499511718750000000e-03
3.0066866284414401136459993324479000875726342201232910156250000000e-03
3.0048037141055254813093444710148105514235794544219970703125000000e-03
3.0028695805659772616325042804419354069977998733520507812500000000e-03
3.0009210776184040356251436776346963597461581230163574218750000000e-03
2.9989248941463585509947797902441379847005009651184082031250000000e-03
2.9969114675956207496931860134736780310049653053283691406250000000e-03
2.9948535645936227335417445516441148356534540653228759765625000000e-03
2.9927758969902243206540060072029518778435885906219482421875000000e-03
2.9906565853177803117335376015262227156199514865875244140625000000e-03
2.9885153617510954067448825099972964380867779254913330078125000000e-03
2.9863349461487866988440575966023970977403223514556884765625000000e-03
2.9841308426402238587749060627629660302773118019104003906250000000e-03
2.9818896317485759153709246049857028992846608161926269531250000000e-03
2.9796233070054148339700361702853115275502204895019531250000000000e-03
2.9773216201323714560911248838692699791863560676574707031250000000e-03
2.9749937103541999362799064243745306157507002353668212890625000000e-03
2.9726318814269664554672534251267279614694416522979736328125000000e-03
2.9702429976907526038010232127817289438098669052124023437500000000e-03
2.9678213768879941648892728522923789569176733493804931640625000000e-03
2.9653721045557620249188968131193178123794496059417724609375000000e-03
2.9628910582071761072031623740485883899964392185211181640625000000e-03
2.9603819578019989477990492332537542097270488739013671875000000000e-03
2.9578418670713666448202072700723874731920659542083740234375000000e-03
2.9552734761100073364314955171039400738663971424102783203125000000e-03
2.9526747349539832730724864262583650997839868068695068359375000000e-03
2.9500475703077792127837497559994517359882593154907226562500000000e-03
2.9473905830811335422592112109896334004588425159454345703125000000e-03
2.9447051435389031380507329771489821723662316799163818359375000000e-03
2.9419903225213939364224291495020224829204380512237548828125000000e-03
2.9392470912984742896501000330999886500649154186248779296875000000e-03
2.9364748543685057456664733166462610824964940547943115234375000000e-03
2.9336743014288383171739305055325530702248215675354003906250000000e-03
2.9308450699755059232209930542012443765997886657714843750000000000e-03
2.9279876540548701105426410151721938746050000190734863281250000000e-03
2.9251018511958319645582804469086113385856151580810546875000000000e-03
2.9221880215217392942617102846725174458697438240051269531250000000e-03
2.9192460706438726029954278118339061620645225048065185546875000000e-03
2.9162762683231642328596233681992089259438216686248779296875000000e-03
2.9132785919293588752787549367440078640356659889221191406250000000e-03
2.9102532510651632491338602903852006420493125915527343750000000000e-03
2.9072002698808030105026567468939902028068900108337402343750000000e-03
2.9041198184196464343598265145374170970171689987182617187500000000e-03
2.9010119507373978778308476478287047939375042915344238281250000000e-03
2.8978768111280546644625832897190775838680565357208251953125000000e-03
2.8947144723308715179299621667041719774715602397918701171875000000e-03
2.8915250620031945037735621184538103989325463771820068359375000000e-03
2.8883086642318969369802594826524000382050871849060058593750000000e-03
2.8850653959585957977762582515879330458119511604309082031250000000e-03
2.8817953478971094875837888338310222025029361248016357421875000000e-03
2.8784986300548149121270036232544953236356377601623535156250000000e-03
2.8751753367852778305036043349218743969686329364776611328125000000e-03
2.8718255735438466894060560719026398146525025367736816406250000000e-03
2.8684494364667380977840238642784242983907461166381835937500000000e-03
2.8650470279333898823703741243207332445308566093444824218750000000e-03
2.8616184447284548179879504203881879220716655254364013671875000000e-03
2.8581637870557911364211012283931268029846251010894775390625000000e-03
2.8546831516702533999840785128299103234894573688507080078125000000e-03
2.8511766371387540532078563870754805975593626499176025390625000000e-03
2.8476443397908298912901692290233768289908766746520996093750000000e-03
2.8440863568764511437603204058177652768790721893310546875000000000e-03
2.8405027840777180743458973921633514692075550556182861328125000000e-03
2.8368937175116599493096547490722514339722692966461181640625000000e-03
2.8332592520883721765034835016194847412407398223876953125000000000e-03
2.8295994828991559086328599903481517685577273368835449218750000000e-03
2.8259145040279015637096904356440063565969467163085937500000000000e-03
2.8222044095981418942997720478160772472620010375976562500000000000e-03
2.8184692928380182530556652409359230659902095794677734375000000000e-03
2.8147092469382891354034992303922990686260163784027099609375000000e-03
2.8109243642651981012758888311964255990460515022277832031250000000e-03
2.8071147370984962654549832450356916524469852447509765625000000000e-03
2.8032804569434982382147847346232083509676158428192138671875000000e-03
2.7994216151813792158031812817853278829716145992279052734375000000e-03
2.7955383024673274156013391689157288055866956710815429687500000000e-03
2.7916306092942082088537159023644562694244086742401123046875000000e-03
2.7876986254707887893933282441594201372936367988586425781250000000e-03
2.7837424406134811047386357074628904229030013084411621093750000000e-03
2.7797621436963654284468816513253841549158096313476562500000000000e-03
2.7757578234700905177312346694407096947543323040008544921875000000e-03
2.7717295680800262819287738125240139197558164596557617187500000000e-03
2.7676774654181563427302048552292035310529172420501708984375000000e-03
2.7636016028117979526079750485223485156893730163574218750000000000e-03
2.7595020673086964255182884642181306844577193260192871093750000000e-03
2.7553789454238647969874786980426506488583981990814208984375000000e-03
2.7512323233651139221811465773726013139821588993072509765625000000e-03
2.7470622868453415180156618191631423542276024818420410156250000000e-03
2.7428689212480633803636909107126484741456806659698486328125000000e-03
2.7386523114859484193117644679205113789066672325134277343750000000e-03
2.7344125421281300150622151079460309119895100593566894531250000000e-03
2.7301496972940144866703882087222154950723052024841308593750000000e-03
2.7258638607469726396204112717214229633100330829620361328125000000e-03
2.7215551158219306732144460170275124255567789077758789062500000000e-03
2.7172235454867208447049531372385899885557591915130615234375000000e-03
2.7128692322943388434697276068163773743435740470886230468750000000e-03
2.7084922584271267642641589645791100338101387023925781250000000000e-03
2.7040927056669909409047924953028996242210268974304199218750000000e-03
2.6996706554199088184953225777462648693472146987915039062500000000e-03
2.6952261886999356703398245116432008217088878154754638671875000000e-03
2.6907593861482973982002242507860501063987612724304199218750000000e-03
2.6862703280230481109325246791286190273240208625793457031250000000e-03
2.6817590942080377774958677150607400108128786087036132812500000000e-03
2.6772257642129876874237393025168785243295133113861083984375000000e-03
2.6726704171763644539427939861298000323586165904998779296875000000e-03
2.6680931318685640989130103406523630837909877300262451171875000000e-03
2.6634939866913127058667409841063999920152127742767333984375000000e-03
2.6588730596854284402019708011266629910096526145935058593750000000e-03
2.6542304285261746586710440709566682926379144191741943359375000000e-03
2.6495661705305422785328151036310373456217348575592041015625000000e-03
2.6448803626572055421040108313945893314667046070098876953125000000e-03
2.6401730815087598100432408898541325470432639122009277343750000000e-03
2.6354444033328634430790593512483610538765788078308105468750000000e-03
2.6306944040250801464253527228720486164093017578125000000000000000e-03
2.6259231591285649848321881449919601436704397201538085937500000000e-03
2.6211307438391666380095301747132907621562480926513671875000000000e-03
2.6163172330025802857222938513359622447751462459564208984375000000e-03
2.6114827011186818143950727488800112041644752025604248046875000000e-03
2.6066272223426709998828076919608065509237349033355712890625000000e-03
2.6017508704868231445006543367526319343596696853637695312500000000e-03
2.5968537190214210572114517106001585489138960838317871093750000000e-03
2.5919358410759949472301766348891760571859776973724365234375000000e-03
2.5869973094422944390191609898010938195511698722839355468750000000e-03
2.5820381965755510172977338356758991722017526626586914062500000000e-03
2.5770585745956233782172350998962429002858698368072509765625000000e-03
2.5720585152911152292121155227277995436452329158782958984375000000e-03
2.5670380901200379533677597976293327519670128822326660156250000000e-03
2.5619973702102147999903891673056932631880044937133789062500000000e-03
2.5569364263634550629711306157787475967779755592346191406250000000e-03
2.5518553290576522288302108165680692763999104499816894531250000000e-03
2.5467541484474887081290717105730436742305755615234375000000000000e-03
2.5416329543692713771596558558485412504523992538452148437500000000e-03
2.5364918163385831960388028250008574104867875576019287109375000000e-03
2.5313308035558464668957068255394915468059480190277099609375000000e-03
2.5261499849072487425272193206637894036248326301574707031250000000e-03
2.5209494289662346885871890833641373319551348686218261718750000000e-03
2.5157292039947975852143269293037519673816859722137451171875000000e-03
2.5104893779467900467861074531583653879351913928985595703125000000e-03
2.5052300184698478302536273076839279383420944213867187500000000000e-03
2.4999511929023679468464536057581426575779914855957031250000000000e-03
2.4946529682810239178514244429152313387021422386169433593750000000e-03
2.4893354113405211786025361675456224475055932998657226562500000000e-03
2.4839985885123155515130655146549543133005499839782714843750000000e-03
2.4786425659298039723965612068923292099498212337493896484375000000e-03
2.4732674094284485231953762962575638084672391414642333984375000000e-03
2.4678731845459390623065409897662902949377894401550292968750000000e-03
2.4624599565258413480517418747695046477019786834716796875000000000e-03
2.4570277903197602388518649974002983071841299533843994140625000000e-03
2.4515767505866015683879677311551859020255506038665771484375000000e-03
2.4461069016956118148120591371252885437570512294769287109375000000e-03
2.4406183077277853951669861487516755005344748497009277343750000000e-03
2.4351110324782616195493645250280678737908601760864257812500000000e-03
2.4295851394574440214324528852785078925080597400665283203125000000e-03
2.4240406918931227918390103326373719028197228908538818359375000000e-03
2.4184777527321123583026185599464952247217297554016113281250000000e-03
2.4128963846412757390802461543444223934784531593322753906250000000e-03
2.4072966500100802245132314283182495273649692535400390625000000000e-03
2.4016786109521837816460632097914640326052904129028320312500000000e-03
2.3960423293074421292880860079321791999973356723785400390625000000e-03
2.3903878666412295937726550931756719364784657955169677734375000000e-03
2.3847152842490725553614705489735570154152810573577880859375000000e-03
2.3790246431559620640672214619826263515278697013854980468750000000e-03
2.3733160041184957894655482846246741246432065963745117187500000000e-03
2.3675894276275642399975929208721936447545886039733886718750000000e-03
2.3618449739063003198213941402627824572846293449401855468750000000e-03
2.3560827029156768477879957401910360204055905342102050781250000000e-03
2.3503026743537732030919773507093850639648735523223876953125000000e-03
2.3445049476567302905449796668335693539120256900787353515625000000e-03
2.3386895820012802010845476274880638811737298965454101562500000000e-03
2.3328566363048225396070733950182329863309860229492187500000000000e-03
2.3270061692293544410026218116627205745317041873931884765625000000e-03
2.3211382391803629492155192082236681017093360424041748046875000000e-03
2.3152529043089916868658484361276350682601332664489746093750000000e-03
2.3093502225136411376560374719701940193772315979003906250000000000e-03
2.3034302514410936145450303769166566780768334865570068359375000000e-03
2.2974930484889154180816461803260608576238155364990234375000000000e-03
2.2915386708058315366753898700835634372197091579437255859375000000e-03
2.2855671752931914879336527945952184381894767284393310546875000000e-03
2.2795786186069855010216667068334572832100093364715576171875000000e-03
2.2735730571589898678375174512211742694489657878875732421875000000e-03
2.2675505471188542490346140567680777166970074176788330078125000000e-03
2.2615111444147678078364638309949441463686525821685791015625000000e-03
2.2554549047343760113937261024830149835906922817230224609375000000e-03
2.2493818835279079035305294098634476540610194206237792968750000000e-03
2.2432921360086553221047100947771468781866133213043212890625000000e-03
2.2371857171533107364047587850564013933762907981872558593750000000e-03
2.2310626817054995778277781681708802352659404277801513671875000000e-03
2.2249230841760335095069756050634168786928057670593261718750000000e-03
2.2187669788440345271240961011471881647594273090362548828125000000e-03
2.2125944197587208567279404292094113770872354507446289062500000000e-03
2.2064054607412752519179921506520258844830095767974853515625000000e-03
2.2002001553849872411694477136734349187463521957397460937500000000e-03
2.1939785570561781691267810856516007333993911743164062500000000000e-03
2.1877407188976736793217803267452836735174059867858886718750000000e-03
2.1814866938279983687998253572004614397883415222167968750000000000e-03
2.1752165345444518865236638305304950335994362831115722656250000000e-03
2.1689302935229389304727654064208763884380459785461425781250000000e-03
2.1626280230183196617854690657622995786368846893310546875000000000e-03
2.1563097750684776313101487232870567822828888893127441406250000000e-03
2.1499756014938908692257779620149449328891932964324951171875000000e-03
2.1436255538985885850389312423658338957466185092926025390625000000e-03
2.1372596836717432100538616168705630116164684295654296875000000000e-03
2.1308780419889354444673568167445409926585853099822998046875000000e-03
2.1244806798140260239993182267426163889467716217041015625000000000e-03
2.1180676478992168688952890676091556088067591190338134765625000000e-03
2.1116389967864692203680654358777246670797467231750488281250000000e-03
2.1051947768098845485684744716081695514731109142303466796875000000e-03
2.0987350380960974674526831051935005234554409980773925781250000000e-03
2.0922598305643763487438047121713680098764598369598388671875000000e-03
2.0857692039297211043791246964929086971096694469451904296875000000e-03
2.0792632077032422235896014228728745365515351295471191406250000000e-03
2.0727418911933750793330499817557210917584598064422607421875000000e-03
2.0662053035068041022259688332951554912142455577850341796875000000e-03
2.0596534935501090331222417972867333446629345417022705078125000000e-03
2.0530865100308630030734313720586214913055300712585449218750000000e-03
2.0465044014569811446635494434076463221572339534759521484375000000e-03
2.0399072161413843960742209304726202390156686305999755859375000000e-03
2.0332950022012704835439045325529150431975722312927246093750000000e-03
2.0266678075583923444857870066471150494180619716644287109375000000e-03
2.0200256799409103784792574032280754181556403636932373046875000000e-03
2.0133686668849549994408931752332136966288089752197265625000000000e-03
2.0066968157358613250584866705139575060456991195678710937500000000e-03
2.0000101736475199565301608117806608788669109344482421875000000000e-03
1.9933087875861330885707278781637796782888472080230712890625000000e-03
1.9865927043299920311258954797040132689289748668670654296875000000e-03
1.9798619704690600083762941352460984489880502223968505859375000000e-03
1.9731166324080547623542880586455794400535523891448974609375000000e-03
1.9663567363678588831299443029365647817030549049377441406250000000e-03
1.9595823283853424333356141318063237122260034084320068359375000000e-03
1.9527934543142094932222097014573591877706348896026611328125000000e-03
1.9459901598270659510425684146639468963257968425750732421875000000e-03
1.9391724904160734938018961770467285532504320144653320312500000000e-03
1.9323404913936272336155708373439665592741221189498901367187500000e-03
1.9254942078939791920422219817510267603211104869842529296875000000e-03
1.9186336848733905220687478987429130938835442066192626953125000000e-03
1.9117589671124664459089803614233460393734276294708251953125000000e-03
1.9048700992169655035052278080343057808931916952133178710937500000e-03
1.8979671256167133987918793636140435410197824239730834960937500000e-03
1.8910500905689471128762191298733341682236641645431518554687500000e-03
1.8841190381590512941539783398070539988111704587936401367187500000e-03
1.8771740123007612209560246441242270520888268947601318359375000000e-03
1.8702150567366962290172249794295566971413791179656982421875000000e-03
1.8632422150409271022208912427231553010642528533935546875000000000e-03
1.8562555306187802656864294092997624829877167940139770507812500000e-03
1.8492550467078170371715284403535406454466283321380615234375000000e-03
1.8422408063801186915708907321231890819035470485687255859375000000e-03
1.8352128525410361589709218321786465821787714958190917968750000000e-03
1.8281712279315713663013776013599454017821699380874633789062500000e-03
1.8211159751294985192221487224628617695998400449752807617187500000e-03
1.8140471365490863295266699140029231784865260124206542968750000000e-03
1.8069647544429359546647173573319378192536532878875732421875000000e-03
1.7998688709037267800805448558776333811692893505096435546875000000e-03
1.7927595278633004852175680809978075558319687843322753906250000000e-03
1.7856367670937415594034636256992598646320402622222900390625000000e-03
1.7785006302100626537909811020199413178488612174987792968750000000e-03
1.7713511586696626971121348859128374897409230470657348632812500000e-03
1.7641883937729585518638941721292212605476379394531250000000000000e-03
1.7570123766651297124441466479538576095364987850189208984375000000e-03
1.7498231483366716819405350946681210189126431941986083984375000000e-03
1.7426207496241017877447454509365343255922198295593261718750000000e-03
1.7354052212112385401160397080388975155074149370193481445312500000e-03
1.7281766036297558763318304997369523334782570600509643554687500000e-03
1.7209349372594591985607959117032805806957185268402099609375000000e-03
1.7136802623299058224298763164483716536778956651687622070312500000e-03
1.7064126189211305251181016728878603316843509674072265625000000000e-03
1.6991320469643385673852442607767443405464291572570800781250000000e-03
1.6918385862424432410089369938077652477659285068511962890625000000e-03
1.6845322763913090149956452989954414078965783119201660156250000000e-03
1.6772131569002569906334798588432022370398044586181640625000000000e-03
1.6698812671126143751532122649905431899242103099822998046875000000e-03
1.6625366462271410749468314449472927663009613752365112304687500000e-03
1.6551793332993504706540655035951203899458050727844238281250000000e-03
1.6478093672399188925753454881828474754001945257186889648437500000e-03
1.6404267868167564468212527017954016628209501504898071289062500000e-03
1.6330316306572760336190963670333076152019202709197998046875000000e-03
1.6256239372465345911084044772110246412921696901321411132812500000e-03
1.6182037449293368812364146691606947570107877254486083984375000000e-03
1.6107710919114563014042929012248350773006677627563476562500000000e-03
1.6033260162589123721393891131015152495820075273513793945312500000e-03
1.5958685558992938974265385354556201491504907608032226562500000000e-03
1.5883987486225328682187818429838443989865481853485107421875000000e-03
1.5809166320821144320618589773630446870811283588409423828125000000e-03
1.5734222437950549922103249400606728158891201019287109375000000000e-03
1.5659156211418115683259300041640926792751997709274291992187500000e-03
1.5583968013683578267974949582708177331369370222091674804687500000e-03
1.5508658215863666603867576654351978504564613103866577148437500000e-03
1.5433227187732531226344034891440060164313763380050659179687500000e-03
1.5357675297737170307110776690251441323198378086090087890625000000e-03
1.5282002912995645057397942068178053887095302343368530273437500000e-03
1.5206210399299128870065356267105016740970313549041748046875000000e-03
1.5130298121132658949183902308277538395486772060394287109375000000e-03
1.5054266441665775308478281147017696639522910118103027343750000000e-03
1.4978115722764154260637781135301338508725166320800781250000000000e-03
1.4901846325001324305992156382671964820474386215209960937500000000e-03
1.4825458607648004088347404305636700883042067289352416992187500000e-03
1.4748952928684687813803977363136255007702857255935668945312500000e-03
1.4672329644813103099315609867403509269934147596359252929687500000e-03
1.4595589111457913170100120225924911210313439369201660156250000000e-03
1.4518731682759953606487446364781135343946516513824462890625000000e-03
1.4441757711588861130824756884294401970691978931427001953125000000e-03
1.4364667549556333400045948778256388322915881872177124023437500000e-03
1.4287461547006915455609865617248033231589943170547485351562500000e-03
1.4210140053019998992306360818815846869256347417831420898437500000e-03
1.4132703415423997217459373132442124187946319580078125000000000000e-03
1.4055151980797476757995001506174048699904233217239379882812500000e-03
1.3977486094466609785336164151203774963505566120147705078125000000e-03
1.3899706100511783311846070176898138015531003475189208984375000000e-03
1.3821812341767820368071406633703190891537815332412719726562500000e-03
1.3743805159834698425419530209978802304249256849288940429687500000e-03
1.3665684895071135256106042987767068552784621715545654296875000000e-03
1.3587451886595239454458283745452717994339764118194580078125000000e-03
1.3509106472296740237420964447778715111780911684036254882812500000e-03
1.3430648988838301497589222677220277546439319849014282226562500000e-03
1.3352079771638634270169987416920776013284921646118164062500000000e-03
1.3273399154892359316781913491922750836238265037536621093750000000e-03
1.3194607471575393441848289555196060973685234785079956054687500000e-03
1.3115705053422727684869775188758467265870422124862670898437500000e-03
1.3036692230949950901952583137699548387899994850158691406250000000e-03
1.2957569333445916222313787358189074438996613025665283203125000000e-03
1.2878336688972129558256041192976226739119738340377807617187500000e-03
1.2798994624364089679052769454870031040627509355545043945312500000e-03
1.2719543465231778270330131874743528896942734718322753906250000000e-03
1.2639983535961689560533915965834239614196121692657470703125000000e-03
1.2560315159706400296030226471089008555281907320022583007812500000e-03
1.2480538658393798469997681976906278578098863363265991210937500000e-03
1.2400654352723503286853867777494997426401823759078979492187500000e-03
1.2320662562163395715303382260685793880838900804519653320312500000e-03
1.2240563604949672698446461183152678131591528654098510742187500000e-03
1.2160357798084117132708659170248211012221872806549072265625000000e-03
1.2080045457335086660222156496047318796627223491668701171875000000e-03
1.1999626897228232898229283165392189403064548969268798828125000000e-03
1.1919102431051647062593135117936071765143424272537231445312500000e-03
1.1838472370854793112859848491780212498269975185394287109375000000e-03
1.1757737027440551876716900991937109210994094610214233398437500000e-03
1.1676896710365591847136101932846941053867340087890625000000000000e-03
1.1595951727935889258996882134056249924469739198684692382812500000e-03
1.1514902387201734253879825686794902139808982610702514648437500000e-03
1.1433748993968165241774670448648976162075996398925781250000000000e-03
1.1352491852778614795510536694678194180596619844436645507812500000e-03
1.1271131266915430067798720159544245689176023006439208984375000000e-03
1.1189667538405666767642454573206123313866555690765380859375000000e-03
1.1108100968009364598043653415970766218379139900207519531250000000e-03
1.1026431855223203185728531039444533234927803277969360351562500000e-03
1.0944660498276306218740083764373594021890312433242797851562500000e-03
1.0862787194136987352355294689232323435135185718536376953125000000e-03
1.0780812238502708328563572948155524500180035829544067382812500000e-03
1.0698735925802110770937991546247758378740400075912475585937500000e-03
1.0616558549202716188464279412073665298521518707275390625000000000e-03
1.0534280400606836364946206074932888441253453493118286132812500000e-03
1.0451901770657425882332658417794846172910183668136596679687500000e-03
1.0369422948739732276424163615047291386872529983520507812500000000e-03
1.0286844222984871735637746326119668083265423774719238281250000000e-03
1.0204165880279658477902682278681822936050593852996826171875000000e-03
1.0121388206273842884364011496245439047925174236297607421875000000e-03
1.0038511485387707419802971742228692164644598960876464843750000000e-03
9.9555360008225205099841037537089505349285900592803955078125000000e-04
9.8724620345779249760975737615353864384815096855163574218750000000e-04
9.7892898674654124993588233394348208094015717506408691406250000000e-04
9.7060197791237377232947958205500071926508098840713500976562500000e-04
9.6226520480437475676960268344828364206477999687194824218750000000e-04
9.5391869515844903044954339321748193469829857349395751953125000000e-04
9.4556247660075945244556594460050291672814637422561645507812500000e-04
9.3719657665094916257353396815688029164448380470275878906250000000e-04
9.2882102272419755396859475382598247961141169071197509765625000000e-04
9.2043584213592126528485914960242553206626325845718383789062500000e-04
9.1204106210594738327751551665301121829543262720108032226562500000e-04
9.0363670976275787746767598207497940165922045707702636718750000000e-04
8.9522281214892318775000479291747979004867374897003173828125000000e-04
8.8679939622624708896181378037226750166155397891998291015625000000e-04
8.7836648888231375412183332684890046948567032814025878906250000000e-04
8.6992411693710431502823965388415672350674867630004882812500000000e-04
8.6147230714978125735298286613783602660987526178359985351562500000e-04
8.5301108622739022727815560998010369075927883386611938476562500000e-04
8.4454048083292584513798173517784562136512249708175659179687500000e-04
8.3606051759434923172781273237319510371889919042587280273437500000e-04
8.2757122311499038604803990537561730889137834310531616210937500000e-04
8.1907262398379953368537931268633656145539134740829467773437500000e-04
8.1056474678659268858632591658874844142701476812362670898437500000e-04
8.0204761811830411338819502020669460762292146682739257812500000000e-04
7.9352126459598340980222674900801393960136920213699340820312500000e-04
7.8498571287163865228819759067846462130546569824218750000000000000e-04
7.7644098964719599278994088820127217331901192665100097656250000000e-04
7.6788712168924860498875339942514983704313635826110839843750000000e-04
7.5932413584423930942579605840592193999327719211578369140625000000e-04
7.5075205905538182522829249165852161240763962268829345703125000000e-04
7.4217091837918834802689804774900039774365723133087158203125000000e-04
7.3358074100340192862795829498168131976854056119918823242187500000e-04
7.2498155426493242955293672125094417424406856298446655273437500000e-04
7.1637338566744532004221257537324163422454148530960083007812500000e-04
7.0775626290109263771127556807982728059869259595870971679687500000e-04
6.9913021386163419490511472531579784117639064788818359375000000000e-04
6.9049526666874313975824639655343162303324788808822631835937500000e-04
6.8185144968557667276981559822957024152856320142745971679687500000e-04
6.7319879153788218274778731853302815579809248447418212890625000000e-04
6.6453732113237501573366206031323599745519459247589111328125000000e-04
6.5586706767495762514935675469018860894721001386642456054687500000e-04
6.4718806068841114916695422820680505537893623113632202148437500000e-04
6.3850033002883473456923191236001002835109829902648925781250000000e-04
6.2980390590125587962910813644157315138727426528930664062500000000e-04
6.2109881887354063956241390087598119862377643585205078125000000000e-04
6.1238509988939256005469058408152704942040145397186279296875000000e-04
6.0366278027909918077464901386974815977737307548522949218750000000e-04
5.9493189176843821412005164361858078336808830499649047851562500000e-04
5.8619246648514285961267811231323321408126503229141235351562500000e-04
5.7744453696274183115283440415055338235106319189071655273437500000e-04
5.6868813614220777800239980948049378639552742242813110351562500000e-04
5.5992329737010557589443893178327016357798129320144653320312500000e-04
5.5115005439359762446499546584277595684397965669631958007812500000e-04
5.4236844135186726596764561492136635934002697467803955078125000000e-04
5.3357849276459241513737019602103828219696879386901855468750000000e-04
5.2478024351617724805457720904655616322997957468032836914062500000e-04
5.1597372883593797376206024907219216402154415845870971679687500000e-04
5.0715898427477232139615193062809339608065783977508544921875000000e-04
4.9833604567775958288367021964404557365924119949340820312500000000e-04
4.8950494915248748961644764676748309284448623657226562500000000000e-04
4.8066573103365615570597979555600431922357529401779174804687500000e-04
4.7181842784363220086318868595753883710131049156188964843750000000e-04
4.6296307624932656055172230935568222776055335998535156250000000000e-04
4.5409971301551860668049842573168461967725306749343872070312500000e-04
4.4522837495490185776708669251888750295620411634445190429687500000e-04
4.3634909887510606608246321869160055939573794603347778320312500000e-04
4.2746192152274723559043922982425556256202980875968933105468750000e-04
4.1856687952548227420884741079021296172868460416793823242187500000e-04
4.0966400933227281513232531651169665565248578786849975585937500000e-04
4.0075334715182806639630075373759154899744316935539245605468750000e-04
3.9183492889044668717676844771347077767131850123405456542968750000e-04
3.8290879008939733606567412671495276299538090825080871582031250000e-04
3.7397496586232442704680889455914893915178254246711730957031250000e-04
3.6503349083352612611946819143327047640923410654067993164062500000e-04
3.5608439907739255266688749301806637959089130163192749023437500000e-04
3.4712772405949391969076645025893412821460515260696411132812500000e-04
3.3816349858013902869580125098991629783995449542999267578125000000e-04
3.2919175472081963970683027298491651890799403190612792968750000000e-04
3.2021252379374145645082871958209125295979902148246765136718750000e-04
3.1122583629546505092425268124145532055990770459175109863281250000e-04
3.0223172186453009253198631611780911043751984834671020507812500000e-04
2.9323020924383889950284864944762830418767407536506652832031250000e-04
2.8422132624840343003216891482054506923304870724678039550781250000e-04
2.7520509973829422123783872144997530995169654488563537597656250000e-04
2.6618155559796237690645126505728512711357325315475463867187500000e-04
2.5715071872220126355385039218504061864223331212997436523437500000e-04
2.4811261300945015254720837916124764888081699609756469726562500000e-04
2.3906726136364389611634051480137941325665451586246490478515625000e-04
2.3001468570555324839703448258632079159724526107311248779296875000e-04
2.2095490699549356124892218744548699760343879461288452148437500000e-04
2.1188794526970773602833619797536357509670779109001159667968750000e-04
2.0281381969303928589770658064139752241317182779312133789062500000e-04
1.9373254863215883555919993863625450103427283465862274169921875000e-04
1.8464414975434908800649980165076158300507813692092895507812500000e-04
1.7554864015805607467372861929533200964215211570262908935546875000e-04
1.6644603654378817628178843790465180063620209693908691406250000000e-04
1.5733635543503345565960471752475768880685791373252868652343750000e-04
1.4821961346130719605965198049091213761130347847938537597656250000e-04
1.3909582771672279440447472786956950585590675473213195800781250000e-04
1.2996501620657878320677647288050593488151207566261291503906250000e-04
1.2082719837272457865350039352136946035898290574550628662109375000e-04
1.1168239549702126047359823646232257488009054213762283325195312500e-04
1.0253062882009971910294426900023267990036401897668838500976562500e-04
9.3371960869323693699844968207912643265444785356521606445312500000e-05
8.4206521917430484009715885296287751771160401403903961181640625000e-05
7.5034021668815545813742418079783647044678218662738800048828125000e-05
