9.9318653394002467393875122070312500000000000000000000000000000000e+00
9.9318653394002467393875122070312500000000000000000000000000000000e+00
1.4619078880175948143005371093750000000000000000000000000000000000e+01
1.4108147848397493362426757812500000000000000000000000000000000000e+01
1.4722404697444289922714233398437500000000000000000000000000000000e+01
1.3733314706943929195404052734375000000000000000000000000000000000e+01
1.4092942423652857542037963867187500000000000000000000000000000000e+01
1.3483849584124982357025146484375000000000000000000000000000000000e+01
1.3501356292050331830978393554687500000000000000000000000000000000e+01
1.3180462527321651577949523925781250000000000000000000000000000000e+01
1.3015180548187345266342163085937500000000000000000000000000000000e+01
1.2811268454650416970252990722656250000000000000000000000000000000e+01
1.2606294008437544107437133789062500000000000000000000000000000000e+01
1.2421354546444490551948547363281250000000000000000000000000000000e+01
1.2227880364051088690757751464843750000000000000000000000000000000e+01
1.2043654469307512044906616210937500000000000000000000000000000000e+01
1.1861734144389629364013671875000000000000000000000000000000000000e+01
1.1682864226400852203369140625000000000000000000000000000000000000e+01
1.1508101753424853086471557617187500000000000000000000000000000000e+01
1.1336333398940041661262512207031250000000000000000000000000000000e+01
1.1168012251611799001693725585937500000000000000000000000000000000e+01
1.1002970290835946798324584960937500000000000000000000000000000000e+01
1.0841099934652447700500488281250000000000000000000000000000000000e+01
1.0682412727968767285346984863281250000000000000000000000000000000e+01
1.0526815301040187478065490722656250000000000000000000000000000000e+01
1.0374259181320667266845703125000000000000000000000000000000000000e+01
1.0224691490177065134048461914062500000000000000000000000000000000e+01
1.0078049309784546494483947753906250000000000000000000000000000000e+01
9.9342779864091426134109497070312500000000000000000000000000000000e+00
9.7933195170480757951736450195312500000000000000000000000000000000e+00
9.6551158097572624683380126953125000000000000000000000000000000000e+00
9.5196100692264735698699951171875000000000000000000000000000000000e+00
9.3867450256366282701492309570312500000000000000000000000000000000e+00
9.2564640562050044536590576171875000000000000000000000000000000000e+00
9.1287111940328031778335571289062500000000000000000000000000000000e+00
9.0034309781622141599655151367187500000000000000000000000000000000e+00
8.8805688614957034587860107421875000000000000000000000000000000000e+00
8.7600711232516914606094360351562500000000000000000000000000000000e+00
8.6418848864268511533737182617187500000000000000000000000000000000e+00
8.5259586479514837265014648437500000000000000000000000000000000000e+00
8.4122416879981756210327148437500000000000000000000000000000000000e+00
8.3006842914037406444549560546875000000000000000000000000000000000e+00
8.1912390659563243389129638671875000000000000000000000000000000000e+00
8.0838581877760589122772216796875000000000000000000000000000000000e+00
7.9784958239179104566574096679687500000000000000000000000000000000e+00
7.8751099391374737024307250976562500000000000000000000000000000000e+00
7.7736538986209779977798461914062500000000000000000000000000000000e+00
7.6740881321020424365997314453125000000000000000000000000000000000e+00
7.5763762830756604671478271484375000000000000000000000000000000000e+00
7.4804692873731255531311035156250000000000000000000000000000000000e+00
7.3863403236027806997299194335937500000000000000000000000000000000e+00
7.2939548259600996971130371093750000000000000000000000000000000000e+00
7.2032579320948570966720581054687500000000000000000000000000000000e+00
7.1142476145178079605102539062500000000000000000000000000000000000e+00
7.0268782342318445444107055664062500000000000000000000000000000000e+00
6.9410915896296501159667968750000000000000000000000000000000000000e+00
6.8569260404910892248153686523437500000000000000000000000000000000e+00
6.7742996590677648782730102539062500000000000000000000000000000000e+00
6.6931665362790226936340332031250000000000000000000000000000000000e+00
6.6136187207885086536407470703125000000000000000000000000000000000e+00
6.5355006831232458353042602539062500000000000000000000000000000000e+00
6.4588136954698711633682250976562500000000000000000000000000000000e+00
6.3837070958688855171203613281250000000000000000000000000000000000e+00
6.3099058617372065782546997070312500000000000000000000000000000000e+00
6.2375158283393830060958862304687500000000000000000000000000000000e+00
6.1667308832984417676925659179687500000000000000000000000000000000e+00
6.0971073710825294256210327148437500000000000000000000000000000000e+00
6.0289353418629616498947143554687500000000000000000000000000000000e+00
5.9624216470401734113693237304687500000000000000000000000000000000e+00
5.8969034373294562101364135742187500000000000000000000000000000000e+00
5.8329597462434321641921997070312500000000000000000000000000000000e+00
5.7707579932175576686859130859375000000000000000000000000000000000e+00
5.7093584348913282155990600585937500000000000000000000000000000000e+00
5.6497784387320280075073242187500000000000000000000000000000000000e+00
5.5920429087709635496139526367187500000000000000000000000000000000e+00
5.5348879694938659667968750000000000000000000000000000000000000000e+00
5.4799671547953039407730102539062500000000000000000000000000000000e+00
5.4269923046231269836425781250000000000000000000000000000000000000e+00
5.3745788233354687690734863281250000000000000000000000000000000000e+00
5.3251822371967136859893798828125000000000000000000000000000000000e+00
5.2779369824565947055816650390625000000000000000000000000000000000e+00
5.2310017605777829885482788085937500000000000000000000000000000000e+00
5.1846094322390854358673095703125000000000000000000000000000000000e+00
5.1298253505956381559371948242187500000000000000000000000000000000e+00
5.0618787826970219612121582031250000000000000000000000000000000000e+00
4.9918533822055906057357788085937500000000000000000000000000000000e+00
4.9249400561675429344177246093750000000000000000000000000000000000e+00
4.8594062456395477056503295898437500000000000000000000000000000000e+00
4.7973491216544061899185180664062500000000000000000000000000000000e+00
4.7379209385253489017486572265625000000000000000000000000000000000e+00
4.6793939857743680477142333984375000000000000000000000000000000000e+00
4.6233847944531589746475219726562500000000000000000000000000000000e+00
4.5692286770790815353393554687500000000000000000000000000000000000e+00
4.5157778209540992975234985351562500000000000000000000000000000000e+00
4.4641946365591138601303100585937500000000000000000000000000000000e+00
4.4139865494798868894577026367187500000000000000000000000000000000e+00
4.3644367170054465532302856445312500000000000000000000000000000000e+00
4.3162853210233151912689208984375000000000000000000000000000000000e+00
4.2692375376354902982711791992187500000000000000000000000000000000e+00
4.2228185953572392463684082031250000000000000000000000000000000000e+00
4.1774808464106172323226928710937500000000000000000000000000000000e+00
4.1330779830459505319595336914062500000000000000000000000000000000e+00
4.0892736101523041725158691406250000000000000000000000000000000000e+00
4.0463409752119332551956176757812500000000000000000000000000000000e+00
4.0042242412455379962921142578125000000000000000000000000000000000e+00
3.9626762517727911472320556640625000000000000000000000000000000000e+00
3.9218606476206332445144653320312500000000000000000000000000000000e+00
3.8817688103299587965011596679687500000000000000000000000000000000e+00
3.8422180891502648591995239257812500000000000000000000000000000000e+00
3.8033046219497919082641601562500000000000000000000000000000000000e+00
3.7650395676027983427047729492187500000000000000000000000000000000e+00
3.7272906512953341007232666015625000000000000000000000000000000000e+00
3.6901108508463948965072631835937500000000000000000000000000000000e+00
3.6535169875714927911758422851562500000000000000000000000000000000e+00
3.6174159955698996782302856445312500000000000000000000000000000000e+00
3.5818327511660754680633544921875000000000000000000000000000000000e+00
3.5467836672905832529067993164062500000000000000000000000000000000e+00
3.5122047972399741411209106445312500000000000000000000000000000000e+00
3.4781033804174512624740600585937500000000000000000000000000000000e+00
3.4444930006284266710281372070312500000000000000000000000000000000e+00
3.4113303767517209053039550781250000000000000000000000000000000000e+00
3.3786125304177403450012207031250000000000000000000000000000000000e+00
3.3463494041934609413146972656250000000000000000000000000000000000e+00
3.3145119070541113615036010742187500000000000000000000000000000000e+00
3.2830918356776237487792968750000000000000000000000000000000000000e+00
3.2520954953506588935852050781250000000000000000000000000000000000e+00
3.2215032693929970264434814453125000000000000000000000000000000000e+00
3.1913048734422773122787475585937500000000000000000000000000000000e+00
3.1615034125279635190963745117187500000000000000000000000000000000e+00
3.1320854283403605222702026367187500000000000000000000000000000000e+00
3.1030403845943510532379150390625000000000000000000000000000000000e+00
3.0743687965441495180130004882812500000000000000000000000000000000e+00
3.0460611025337129831314086914062500000000000000000000000000000000e+00
3.0181074638385325670242309570312500000000000000000000000000000000e+00
2.9905064511112868785858154296875000000000000000000000000000000000e+00
2.9632509101647883653640747070312500000000000000000000000000000000e+00
2.9363320758566260337829589843750000000000000000000000000000000000e+00
2.9097471719142049551010131835937500000000000000000000000000000000e+00
2.8834904970135539770126342773437500000000000000000000000000000000e+00
2.8575544157065451145172119140625000000000000000000000000000000000e+00
2.8319353112019598484039306640625000000000000000000000000000000000e+00
2.8066283455118536949157714843750000000000000000000000000000000000e+00
2.7816269081085920333862304687500000000000000000000000000000000000e+00
2.7569269347004592418670654296875000000000000000000000000000000000e+00
2.7325240904465317726135253906250000000000000000000000000000000000e+00
2.7084126260597258806228637695312500000000000000000000000000000000e+00
2.6845883191563189029693603515625000000000000000000000000000000000e+00
2.6610471357125788927078247070312500000000000000000000000000000000e+00
2.6377840247005224227905273437500000000000000000000000000000000000e+00
2.6147947793360799551010131835937500000000000000000000000000000000e+00
2.5920755721163004636764526367187500000000000000000000000000000000e+00
2.5696219003293663263320922851562500000000000000000000000000000000e+00
2.5474296880420297384262084960937500000000000000000000000000000000e+00
2.5254952670074999332427978515625000000000000000000000000000000000e+00
2.5038145591970533132553100585937500000000000000000000000000000000e+00
2.4823836777359247207641601562500000000000000000000000000000000000e+00
2.4611990984994918107986450195312500000000000000000000000000000000e+00
2.4402570826932787895202636718750000000000000000000000000000000000e+00
2.4195539499633014202117919921875000000000000000000000000000000000e+00
2.3990863235667347908020019531250000000000000000000000000000000000e+00
2.3788507310673594474792480468750000000000000000000000000000000000e+00
2.3588437074795365333557128906250000000000000000000000000000000000e+00
2.3390620201826095581054687500000000000000000000000000000000000000e+00
2.3195024181623011827468872070312500000000000000000000000000000000e+00
2.3001616434194147586822509765625000000000000000000000000000000000e+00
2.2810366104822605848312377929687500000000000000000000000000000000e+00
2.2621242604218423366546630859375000000000000000000000000000000000e+00
2.2434215180110186338424682617187500000000000000000000000000000000e+00
2.2249254528433084487915039062500000000000000000000000000000000000e+00
2.2066331638488918542861938476562500000000000000000000000000000000e+00
2.1885417625308036804199218750000000000000000000000000000000000000e+00
2.1706484574824571609497070312500000000000000000000000000000000000e+00
2.1529504915233701467514038085937500000000000000000000000000000000e+00
2.1354451440274715423583984375000000000000000000000000000000000000e+00
2.1181297688744962215423583984375000000000000000000000000000000000e+00
2.1010017273947596549987792968750000000000000000000000000000000000e+00
2.0840584756806492805480957031250000000000000000000000000000000000e+00
2.0672974556218832731246948242187500000000000000000000000000000000e+00
2.0507162129506468772888183593750000000000000000000000000000000000e+00
2.0343122857157140970230102539062500000000000000000000000000000000e+00
2.0180833030026406049728393554687500000000000000000000000000000000e+00
2.0020268415100872516632080078125000000000000000000000000000000000e+00
1.9861406863201409578323364257812500000000000000000000000000000000e+00
1.9704224271699786186218261718750000000000000000000000000000000000e+00
1.9548699662555009126663208007812500000000000000000000000000000000e+00
1.9394809303339570760726928710937500000000000000000000000000000000e+00
1.9242533566430211067199707031250000000000000000000000000000000000e+00
1.9091848386451601982116699218750000000000000000000000000000000000e+00
1.8942736445460468530654907226562500000000000000000000000000000000e+00
1.8795172309037297964096069335937500000000000000000000000000000000e+00
1.8649141676723957061767578125000000000000000000000000000000000000e+00
1.8504617104772478342056274414062500000000000000000000000000000000e+00
1.8361588206607848405838012695312500000000000000000000000000000000e+00
1.8220024090260267257690429687500000000000000000000000000000000000e+00
1.8079920045565813779830932617187500000000000000000000000000000000e+00
1.7941239625215530395507812500000000000000000000000000000000000000e+00
1.7803986200597137212753295898437500000000000000000000000000000000e+00
1.7668114802800118923187255859375000000000000000000000000000000000e+00
1.7533640488982200622558593750000000000000000000000000000000000000e+00
1.7400505405385047197341918945312500000000000000000000000000000000e+00
1.7268741228617727756500244140625000000000000000000000000000000000e+00
1.7138271634466946125030517578125000000000000000000000000000000000e+00
1.7009151340462267398834228515625000000000000000000000000000000000e+00
1.6881277735810726881027221679687500000000000000000000000000000000e+00
1.6754738071467727422714233398437500000000000000000000000000000000e+00
1.6629392355680465698242187500000000000000000000000000000000000000e+00
1.6505372587125748395919799804687500000000000000000000000000000000e+00
1.6382487819064408540725708007812500000000000000000000000000000000e+00
1.6260930250864475965499877929687500000000000000000000000000000000e+00
1.6140440148301422595977783203125000000000000000000000000000000000e+00
1.6021290372591465711593627929687500000000000000000000000000000000e+00
1.5903129139915108680725097656250000000000000000000000000000000000e+00
1.5786335836164653301239013671875000000000000000000000000000000000e+00
1.5670437877997756004333496093750000000000000000000000000000000000e+00
1.5555953187867999076843261718750000000000000000000000000000000000e+00
1.5442253109067678451538085937500000000000000000000000000000000000e+00
1.5330032350029796361923217773437500000000000000000000000000000000e+00
1.5218464497011154890060424804687500000000000000000000000000000000e+00
1.5108466695528477430343627929687500000000000000000000000000000000e+00
1.4998965009581297636032104492187500000000000000000000000000000000e+00
1.4891152700874954462051391601562500000000000000000000000000000000e+00
1.4783650906756520271301269531250000000000000000000000000000000000e+00
1.4677989506162703037261962890625000000000000000000000000000000000e+00
1.4572421533521264791488647460937500000000000000000000000000000000e+00
1.4468879271298646926879882812500000000000000000000000000000000000e+00
1.4365179203450679779052734375000000000000000000000000000000000000e+00
1.4263726773206144571304321289062500000000000000000000000000000000e+00
1.4161829296499490737915039062500000000000000000000000000000000000e+00
1.4062438979744911193847656250000000000000000000000000000000000000e+00
1.3962280619889497756958007812500000000000000000000000000000000000e+00
1.3864924898371100425720214843750000000000000000000000000000000000e+00
1.3766445124056190252304077148437500000000000000000000000000000000e+00
1.3671095424797385931015014648437500000000000000000000000000000000e+00
1.3574237669818103313446044921875000000000000000000000000000000000e+00
1.3480863641016185283660888671875000000000000000000000000000000000e+00
1.3385576345026493072509765625000000000000000000000000000000000000e+00
1.3294143872335553169250488281250000000000000000000000000000000000e+00
1.3200382755603641271591186523437500000000000000000000000000000000e+00
1.3110851650126278400421142578125000000000000000000000000000000000e+00
1.3018581497017294168472290039062500000000000000000000000000000000e+00
1.2930904200766235589981079101562500000000000000000000000000000000e+00
1.2840099912136793136596679687500000000000000000000000000000000000e+00
1.2754220613278448581695556640625000000000000000000000000000000000e+00
1.2664867958519607782363891601562500000000000000000000000000000000e+00
1.2580721010453999042510986328125000000000000000000000000000000000e+00
1.2492818583268672227859497070312500000000000000000000000000000000e+00
1.2410326970275491476058959960937500000000000000000000000000000000e+00
1.2323886977974325418472290039062500000000000000000000000000000000e+00
1.2242962399031966924667358398437500000000000000000000000000000000e+00
1.2158009437844157218933105468750000000000000000000000000000000000e+00
1.2078553820028901100158691406250000000000000000000000000000000000e+00
1.1995123722590506076812744140625000000000000000000000000000000000e+00
1.1917029814794659614562988281250000000000000000000000000000000000e+00
1.1835169007536023855209350585937500000000000000000000000000000000e+00
1.1758321546949446201324462890625000000000000000000000000000000000e+00
1.1678084800951182842254638671875000000000000000000000000000000000e+00
1.1602364017162472009658813476562500000000000000000000000000000000e+00
1.1523809835780411958694458007812500000000000000000000000000000000e+00
1.1449096065480262041091918945312500000000000000000000000000000000e+00
1.1372282679658383131027221679687500000000000000000000000000000000e+00
1.1298459901008754968643188476562500000000000000000000000000000000e+00
1.1223441928159445524215698242187500000000000000000000000000000000e+00
1.1150400866754353046417236328125000000000000000000000000000000000e+00
1.1077225280459970235824584960937500000000000000000000000000000000e+00
1.1004869032185524702072143554687500000000000000000000000000000000e+00
1.0933568973559886217117309570312500000000000000000000000000000000e+00
1.0861818355042487382888793945312500000000000000000000000000000000e+00
1.0792408701963722705841064453125000000000000000000000000000000000e+00
1.0721205428708344697952270507812500000000000000000000000000000000e+00
1.0653680958785116672515869140625000000000000000000000000000000000e+00
1.0582989021204411983489990234375000000000000000000000000000000000e+00
1.0517322248779237270355224609375000000000000000000000000000000000e+00
1.0447130952961742877960205078125000000000000000000000000000000000e+00
1.0383268825244158506393432617187500000000000000000000000000000000e+00
1.0313595084007829427719116210937500000000000000000000000000000000e+00
1.0251458713319152593612670898437500000000000000000000000000000000e+00
1.0182344994973391294479370117187500000000000000000000000000000000e+00
1.0121833253651857376098632812500000000000000000000000000000000000e+00
1.0053343696054071187973022460937500000000000000000000000000000000e+00
9.9943359941244125366210937500000000000000000000000000000000000000e-01
9.9265547492541372776031494140625000000000000000000000000000000000e-01
9.8689126106910407543182373046875000000000000000000000000000000000e-01
9.8019409435801208019256591796875000000000000000000000000000000000e-01
9.7455130890011787414550781250000000000000000000000000000000000000e-01
9.6794622391462326049804687500000000000000000000000000000000000000e-01
9.6240925369784235954284667968750000000000000000000000000000000000e-01
9.5590762607753276824951171875000000000000000000000000000000000000e-01
9.5046095969155430793762207031250000000000000000000000000000000000e-01
9.4407399604097008705139160156250000000000000000000000000000000000e-01
9.3870255537331104278564453125000000000000000000000000000000000000e-01
9.3244089279323816299438476562500000000000000000000000000000000000e-01
9.2713061696849763393402099609375000000000000000000000000000000000e-01
9.2100358079187572002410888671875000000000000000000000000000000000e-01
9.1574218356981873512268066406250000000000000000000000000000000000e-01
9.0975716803222894668579101562500000000000000000000000000000000000e-01
9.0453447913751006126403808593750000000000000000000000000000000000e-01
8.9869686495512723922729492187500000000000000000000000000000000000e-01
8.9350482146255671977996826171875000000000000000000000000000000000e-01
8.8781791762448847293853759765625000000000000000000000000000000000e-01
8.8265074207447469234466552734375000000000000000000000000000000000e-01
8.7711547990329563617706298828125000000000000000000000000000000000e-01
8.7196999811567366123199462890625000000000000000000000000000000000e-01
8.6658479436300694942474365234375000000000000000000000000000000000e-01
8.6146027431823313236236572265625000000000000000000000000000000000e-01
8.5622145584784448146820068359375000000000000000000000000000000000e-01
8.5111906309612095355987548828125000000000000000000000000000000000e-01
8.4602130739949643611907958984375000000000000000000000000000000000e-01
8.4094389644451439380645751953125000000000000000000000000000000000e-01
8.3598025073297321796417236328125000000000000000000000000000000000e-01
8.3093235245905816555023193359375000000000000000000000000000000000e-01
8.2609445089474320411682128906250000000000000000000000000000000000e-01
8.2108174660243093967437744140625000000000000000000000000000000000e-01
8.1636053626425564289093017578125000000000000000000000000000000000e-01
8.1138913799077272415161132812500000000000000000000000000000000000e-01
8.0677540553733706474304199218750000000000000000000000000000000000e-01
8.0185160576365888118743896484375000000000000000000000000000000000e-01
7.9733600770123302936553955078125000000000000000000000000000000000e-01
7.9246626794338226318359375000000000000000000000000000000000000000e-01
7.8803953016176819801330566406250000000000000000000000000000000000e-01
7.8323000948876142501831054687500000000000000000000000000000000000e-01
7.7888355217874050140380859375000000000000000000000000000000000000e-01
7.7413955260999500751495361328125000000000000000000000000000000000e-01
7.6986578037030994892120361328125000000000000000000000000000000000e-01
7.6519176736474037170410156250000000000000000000000000000000000000e-01
7.6098387106321752071380615234375000000000000000000000000000000000e-01
7.5638363207690417766571044921875000000000000000000000000000000000e-01
7.5223559793084859848022460937500000000000000000000000000000000000e-01
7.4771202984265983104705810546875000000000000000000000000000000000e-01
7.4361897539347410202026367187500000000000000000000000000000000000e-01
7.3917380231432616710662841796875000000000000000000000000000000000e-01
7.3513203440234065055847167968750000000000000000000000000000000000e-01
7.3076603235676884651184082031250000000000000000000000000000000000e-01
7.2677263850346207618713378906250000000000000000000000000000000000e-01
7.2248599678277969360351562500000000000000000000000000000000000000e-01
7.1853868849575519561767578125000000000000000000000000000000000000e-01
7.1433093864470720291137695312500000000000000000000000000000000000e-01
7.1042827237397432327270507812500000000000000000000000000000000000e-01
7.0629811426624655723571777343750000000000000000000000000000000000e-01
7.0243940711952745914459228515625000000000000000000000000000000000e-01
6.9838504865765571594238281250000000000000000000000000000000000000e-01
6.9456995138898491859436035156250000000000000000000000000000000000e-01
6.9058945938013494014739990234375000000000000000000000000000000000e-01
6.8681778176687657833099365234375000000000000000000000000000000000e-01
6.8290902837179601192474365234375000000000000000000000000000000000e-01
6.7918093153275549411773681640625000000000000000000000000000000000e-01
6.7534144991077482700347900390625000000000000000000000000000000000e-01
6.7165741790086030960083007812500000000000000000000000000000000000e-01
6.6788462898693978786468505859375000000000000000000000000000000000e-01
6.6424508835189044475555419921875000000000000000000000000000000000e-01
6.6053666314110159873962402343750000000000000000000000000000000000e-01
6.5694184834137558937072753906250000000000000000000000000000000000e-01
6.5329556143842637538909912109375000000000000000000000000000000000e-01
6.4974579587578773498535156250000000000000000000000000000000000000e-01
6.4615928893908858299255371093750000000000000000000000000000000000e-01
6.4265501266345381736755371093750000000000000000000000000000000000e-01
6.3912604772485792636871337890625000000000000000000000000000000000e-01
6.3566744117997586727142333984375000000000000000000000000000000000e-01
6.3219414860941469669342041015625000000000000000000000000000000000e-01
6.2878112099133431911468505859375000000000000000000000000000000000e-01
6.2536177667789161205291748046875000000000000000000000000000000000e-01
6.2199429166503250598907470703125000000000000000000000000000000000e-01
6.1862711748108267784118652343750000000000000000000000000000000000e-01
6.1530515900813043117523193359375000000000000000000000000000000000e-01
6.1198853235691785812377929687500000000000000000000000000000000000e-01
6.0871184011921286582946777343750000000000000000000000000000000000e-01
6.0544443898834288120269775390625000000000000000000000000000000000e-01
6.0221256176009774208068847656250000000000000000000000000000000000e-01
5.9899317403323948383331298828125000000000000000000000000000000000e-01
5.9580570622347295284271240234375000000000000000000000000000000000e-01
5.9263306832872331142425537109375000000000000000000000000000000000e-01
5.8948963927105069160461425781250000000000000000000000000000000000e-01
5.8636257797479629516601562500000000000000000000000000000000000000e-01
5.8326266589574515819549560546875000000000000000000000000000000000e-01
5.8018023730255663394927978515625000000000000000000000000000000000e-01
5.7712317444384098052978515625000000000000000000000000000000000000e-01
5.7408450241200625896453857421875000000000000000000000000000000000e-01
5.7106968387961387634277343750000000000000000000000000000000000000e-01
5.6807381752878427505493164062500000000000000000000000000000000000e-01
5.6510072038508951663970947265625000000000000000000000000000000000e-01
5.6214674469083547592163085937500000000000000000000000000000000000e-01
5.5921474331989884376525878906250000000000000000000000000000000000e-01
5.5630191834643483161926269531250000000000000000000000000000000000e-01
5.5341028398834168910980224609375000000000000000000000000000000000e-01
5.5053790891543030738830566406250000000000000000000000000000000000e-01
5.4768598731607198715209960937500000000000000000000000000000000000e-01
5.4485327540896832942962646484375000000000000000000000000000000000e-01
5.4204050567932426929473876953125000000000000000000000000000000000e-01
5.3924668626859784126281738281250000000000000000000000000000000000e-01
5.3647243301384150981903076171875000000000000000000000000000000000e-01
5.3371687070466578006744384765625000000000000000000000000000000000e-01
5.3098041540943086147308349609375000000000000000000000000000000000e-01
5.2826251043006777763366699218750000000000000000000000000000000000e-01
5.2556322421878576278686523437500000000000000000000000000000000000e-01
5.2288227225653827190399169921875000000000000000000000000000000000e-01
5.2021961077116429805755615234375000000000000000000000000000000000e-01
5.1757492567412555217742919921875000000000000000000000000000000000e-01
5.1494828192517161369323730468750000000000000000000000000000000000e-01
5.1233930001035332679748535156250000000000000000000000000000000000e-01
5.0974800484254956245422363281250000000000000000000000000000000000e-01
5.0717416778206825256347656250000000000000000000000000000000000000e-01
5.0461763585917651653289794921875000000000000000000000000000000000e-01
5.0207830942235887050628662109375000000000000000000000000000000000e-01
4.9955602083355188369750976562500000000000000000000000000000000000e-01
4.9705058778636157512664794921875000000000000000000000000000000000e-01
4.9456197302788496017456054687500000000000000000000000000000000000e-01
4.9208991904743015766143798828125000000000000000000000000000000000e-01
4.8963436204940080642700195312500000000000000000000000000000000000e-01
4.8719516443088650703430175781250000000000000000000000000000000000e-01
4.8477212782017886638641357421875000000000000000000000000000000000e-01
4.8236519889906048774719238281250000000000000000000000000000000000e-01
4.7997420118190348148345947265625000000000000000000000000000000000e-01
4.7759899054653942584991455078125000000000000000000000000000000000e-01
4.7523948992602527141571044921875000000000000000000000000000000000e-01
4.7289550909772515296936035156250000000000000000000000000000000000e-01
4.7056695749051868915557861328125000000000000000000000000000000000e-01
4.6825371147133409976959228515625000000000000000000000000000000000e-01
4.6595561294816434383392333984375000000000000000000000000000000000e-01
4.6367258066311478614807128906250000000000000000000000000000000000e-01
4.6140446420758962631225585937500000000000000000000000000000000000e-01
4.5915113645605742931365966796875000000000000000000000000000000000e-01
4.5691251521930098533630371093750000000000000000000000000000000000e-01
4.5468843239359557628631591796875000000000000000000000000000000000e-01
4.5247880346141755580902099609375000000000000000000000000000000000e-01
4.5028350991196930408477783203125000000000000000000000000000000000e-01
4.4810240785591304302215576171875000000000000000000000000000000000e-01
4.4593542511574923992156982421875000000000000000000000000000000000e-01
4.4378241128288209438323974609375000000000000000000000000000000000e-01
4.4164326996542513370513916015625000000000000000000000000000000000e-01
4.3951790058054029941558837890625000000000000000000000000000000000e-01
4.3740616110153496265411376953125000000000000000000000000000000000e-01
4.3530798098072409629821777343750000000000000000000000000000000000e-01
4.3322322913445532321929931640625000000000000000000000000000000000e-01
4.3115178635343909263610839843750000000000000000000000000000000000e-01
4.2909358884207904338836669921875000000000000000000000000000000000e-01
4.2704848665744066238403320312500000000000000000000000000000000000e-01
4.2501639295369386672973632812500000000000000000000000000000000000e-01
4.2299722856841981410980224609375000000000000000000000000000000000e-01
4.2099084053188562393188476562500000000000000000000000000000000000e-01
4.1899717343039810657501220703125000000000000000000000000000000000e-01
4.1701611224561929702758789062500000000000000000000000000000000000e-01
4.1504753753542900085449218750000000000000000000000000000000000000e-01
4.1309138969518244266510009765625000000000000000000000000000000000e-01
4.1114753787405788898468017578125000000000000000000000000000000000e-01
4.0921589662320911884307861328125000000000000000000000000000000000e-01
4.0729638398624956607818603515625000000000000000000000000000000000e-01
4.0538887702859938144683837890625000000000000000000000000000000000e-01
4.0349330869503319263458251953125000000000000000000000000000000000e-01
4.0160957793705165386199951171875000000000000000000000000000000000e-01
3.9973757532425224781036376953125000000000000000000000000000000000e-01
3.9787723799236118793487548828125000000000000000000000000000000000e-01
3.9602845581248402595520019531250000000000000000000000000000000000e-01
3.9419114449992775917053222656250000000000000000000000000000000000e-01
3.9236522209830582141876220703125000000000000000000000000000000000e-01
3.9055059081874787807464599609375000000000000000000000000000000000e-01
3.8874716800637543201446533203125000000000000000000000000000000000e-01
3.8695486332289874553680419921875000000000000000000000000000000000e-01
3.8517360039986670017242431640625000000000000000000000000000000000e-01
3.8340328773483633995056152343750000000000000000000000000000000000e-01
3.8164383824914693832397460937500000000000000000000000000000000000e-01
3.7989517836831510066986083984375000000000000000000000000000000000e-01
3.7815721705555915832519531250000000000000000000000000000000000000e-01
3.7642987561412155628204345703125000000000000000000000000000000000e-01
3.7471308046951889991760253906250000000000000000000000000000000000e-01
3.7300673360005021095275878906250000000000000000000000000000000000e-01
3.7131077609956264495849609375000000000000000000000000000000000000e-01
3.6962511646561324596405029296875000000000000000000000000000000000e-01
3.6794967134483158588409423828125000000000000000000000000000000000e-01
3.6628438835032284259796142578125000000000000000000000000000000000e-01
3.6462916200980544090270996093750000000000000000000000000000000000e-01
3.6298393248580396175384521484375000000000000000000000000000000000e-01
3.6134862480685114860534667968750000000000000000000000000000000000e-01
3.5972315142862498760223388671875000000000000000000000000000000000e-01
3.5810745647177100181579589843750000000000000000000000000000000000e-01
3.5650145658291876316070556640625000000000000000000000000000000000e-01
3.5490507353097200393676757812500000000000000000000000000000000000e-01
3.5331825073808431625366210937500000000000000000000000000000000000e-01
3.5174090531654655933380126953125000000000000000000000000000000000e-01
3.5017296532168984413146972656250000000000000000000000000000000000e-01
3.4861437347717583179473876953125000000000000000000000000000000000e-01
3.4706504526548087596893310546875000000000000000000000000000000000e-01
3.4552492178045213222503662109375000000000000000000000000000000000e-01
3.4399393200874328613281250000000000000000000000000000000000000000e-01
3.4247200866229832172393798828125000000000000000000000000000000000e-01
3.4095908491872251033782958984375000000000000000000000000000000000e-01
3.3945509116165339946746826171875000000000000000000000000000000000e-01
3.3795996662229299545288085937500000000000000000000000000000000000e-01
3.3647364028729498386383056640625000000000000000000000000000000000e-01
3.3499605813995003700256347656250000000000000000000000000000000000e-01
3.3352714451029896736145019531250000000000000000000000000000000000e-01
3.3206684002652764320373535156250000000000000000000000000000000000e-01
3.3061508415266871452331542968750000000000000000000000000000000000e-01
3.2917180797085165977478027343750000000000000000000000000000000000e-01
3.2773695932701230049133300781250000000000000000000000000000000000e-01
3.2631047186441719532012939453125000000000000000000000000000000000e-01
3.2489228132180869579315185546875000000000000000000000000000000000e-01
3.2348233484663069248199462890625000000000000000000000000000000000e-01
3.2208056538365781307220458984375000000000000000000000000000000000e-01
3.2068691542372107505798339843750000000000000000000000000000000000e-01
3.1930133560672402381896972656250000000000000000000000000000000000e-01
3.1792375212535262107849121093750000000000000000000000000000000000e-01
3.1655411957763135433197021484375000000000000000000000000000000000e-01
3.1519237509928643703460693359375000000000000000000000000000000000e-01
3.1383846234530210494995117187500000000000000000000000000000000000e-01
3.1249232962727546691894531250000000000000000000000000000000000000e-01
3.1115391221828758716583251953125000000000000000000000000000000000e-01
3.0982316820882260799407958984375000000000000000000000000000000000e-01
3.0850003170780837535858154296875000000000000000000000000000000000e-01
3.0718444800004363059997558593750000000000000000000000000000000000e-01
3.0587637191638350486755371093750000000000000000000000000000000000e-01
3.0457574198953807353973388671875000000000000000000000000000000000e-01
3.0328250839374959468841552734375000000000000000000000000000000000e-01
3.0199662479571998119354248046875000000000000000000000000000000000e-01
3.0071802763268351554870605468750000000000000000000000000000000000e-01
2.9944667150266468524932861328125000000000000000000000000000000000e-01
2.9818250518292188644409179687500000000000000000000000000000000000e-01
2.9692547908052802085876464843750000000000000000000000000000000000e-01
2.9567554034292697906494140625000000000000000000000000000000000000e-01
2.9443263728171586990356445312500000000000000000000000000000000000e-01
2.9319673008285462856292724609375000000000000000000000000000000000e-01
2.9196775564923882484436035156250000000000000000000000000000000000e-01
2.9074567649513483047485351562500000000000000000000000000000000000e-01
2.8953044256195425987243652343750000000000000000000000000000000000e-01
2.8832199913449585437774658203125000000000000000000000000000000000e-01
2.8712030942551791667938232421875000000000000000000000000000000000e-01
2.8592531685717403888702392578125000000000000000000000000000000000e-01
2.8473697789013385772705078125000000000000000000000000000000000000e-01
2.8355525108054280281066894531250000000000000000000000000000000000e-01
2.8238008287735283374786376953125000000000000000000000000000000000e-01
2.8121143742464482784271240234375000000000000000000000000000000000e-01
2.8004926280118525028228759765625000000000000000000000000000000000e-01
2.7889351011253893375396728515625000000000000000000000000000000000e-01
2.7774414513260126113891601562500000000000000000000000000000000000e-01
2.7660111687146127223968505859375000000000000000000000000000000000e-01
2.7546438737772405147552490234375000000000000000000000000000000000e-01
2.7433390775695443153381347656250000000000000000000000000000000000e-01
2.7320963772945106029510498046875000000000000000000000000000000000e-01
2.7209153817966580390930175781250000000000000000000000000000000000e-01
2.7097955741919577121734619140625000000000000000000000000000000000e-01
2.6987366541288793087005615234375000000000000000000000000000000000e-01
2.6877381210215389728546142578125000000000000000000000000000000000e-01
2.6767995464615523815155029296875000000000000000000000000000000000e-01
2.6659206766635179519653320312500000000000000000000000000000000000e-01
2.6551009342074394226074218750000000000000000000000000000000000000e-01
2.6443399535492062568664550781250000000000000000000000000000000000e-01
2.6336374413222074508666992187500000000000000000000000000000000000e-01
2.6229928480461239814758300781250000000000000000000000000000000000e-01
2.6124059036374092102050781250000000000000000000000000000000000000e-01
2.6018762239255011081695556640625000000000000000000000000000000000e-01
2.5914032920263707637786865234375000000000000000000000000000000000e-01
2.5809868448413908481597900390625000000000000000000000000000000000e-01
2.5706264749169349670410156250000000000000000000000000000000000000e-01
2.5603217934258282184600830078125000000000000000000000000000000000e-01
2.5500724674202501773834228515625000000000000000000000000000000000e-01
2.5398780428804457187652587890625000000000000000000000000000000000e-01
2.5297382404096424579620361328125000000000000000000000000000000000e-01
2.5196526478976011276245117187500000000000000000000000000000000000e-01
2.5096208998002111911773681640625000000000000000000000000000000000e-01
2.4996427260339260101318359375000000000000000000000000000000000000e-01
2.4897176050581037998199462890625000000000000000000000000000000000e-01
2.4798453296534717082977294921875000000000000000000000000000000000e-01
2.4700255435891449451446533203125000000000000000000000000000000000e-01
2.4602577462792396545410156250000000000000000000000000000000000000e-01
2.4505418189801275730133056640625000000000000000000000000000000000e-01
2.4408772680908441543579101562500000000000000000000000000000000000e-01
2.4312637257389724254608154296875000000000000000000000000000000000e-01
2.4217010429129004478454589843750000000000000000000000000000000000e-01
2.4121886934153735637664794921875000000000000000000000000000000000e-01
2.4027264281176030635833740234375000000000000000000000000000000000e-01
2.3933139350265264511108398437500000000000000000000000000000000000e-01
2.3839508229866623878479003906250000000000000000000000000000000000e-01
2.3746368521824479103088378906250000000000000000000000000000000000e-01
2.3653716547414660453796386718750000000000000000000000000000000000e-01
2.3561549396254122257232666015625000000000000000000000000000000000e-01
2.3469863249920308589935302734375000000000000000000000000000000000e-01
2.3378655780106782913208007812500000000000000000000000000000000000e-01
2.3287923773750662803649902343750000000000000000000000000000000000e-01
2.3197663249447941780090332031250000000000000000000000000000000000e-01
2.3107872600667178630828857421875000000000000000000000000000000000e-01
2.3018547473475337028503417968750000000000000000000000000000000000e-01
2.2929685679264366626739501953125000000000000000000000000000000000e-01
2.2841284610331058502197265625000000000000000000000000000000000000e-01
2.2753339237533509731292724609375000000000000000000000000000000000e-01
2.2665849537588655948638916015625000000000000000000000000000000000e-01
2.2578810830600559711456298828125000000000000000000000000000000000e-01
2.2492219251580536365509033203125000000000000000000000000000000000e-01
2.2406075010076165199279785156250000000000000000000000000000000000e-01
2.2320372494868934154510498046875000000000000000000000000000000000e-01
2.2235109726898372173309326171875000000000000000000000000000000000e-01
2.2150284820236265659332275390625000000000000000000000000000000000e-01
2.2065893374383449554443359375000000000000000000000000000000000000e-01
2.1981933806091547012329101562500000000000000000000000000000000000e-01
2.1898403228260576725006103515625000000000000000000000000000000000e-01
2.1815298730507493019104003906250000000000000000000000000000000000e-01
2.1732617286033928394317626953125000000000000000000000000000000000e-01
2.1650356589816510677337646484375000000000000000000000000000000000e-01
2.1568514057435095310211181640625000000000000000000000000000000000e-01
2.1487086708657443523406982421875000000000000000000000000000000000e-01
2.1406072750687599182128906250000000000000000000000000000000000000e-01
2.1325468528084456920623779296875000000000000000000000000000000000e-01
2.1245272061787545680999755859375000000000000000000000000000000000e-01
2.1165481070056557655334472656250000000000000000000000000000000000e-01
2.1086091990582644939422607421875000000000000000000000000000000000e-01
2.1007103146985173225402832031250000000000000000000000000000000000e-01
2.0928511815145611763000488281250000000000000000000000000000000000e-01
2.0850315713323652744293212890625000000000000000000000000000000000e-01
2.0772512233816087245941162109375000000000000000000000000000000000e-01
2.0695098838768899440765380859375000000000000000000000000000000000e-01
2.0618073223158717155456542968750000000000000000000000000000000000e-01
2.0541432709433138370513916015625000000000000000000000000000000000e-01
2.0465175714343786239624023437500000000000000000000000000000000000e-01
2.0389298791997134685516357421875000000000000000000000000000000000e-01
2.0313800172880291938781738281250000000000000000000000000000000000e-01
2.0238677971065044403076171875000000000000000000000000000000000000e-01
2.0163928321562707424163818359375000000000000000000000000000000000e-01
2.0089550735428929328918457031250000000000000000000000000000000000e-01
2.0015542302280664443969726562500000000000000000000000000000000000e-01
1.9941900018602609634399414062500000000000000000000000000000000000e-01
1.9868622836656868457794189453125000000000000000000000000000000000e-01
1.9795707520097494125366210937500000000000000000000000000000000000e-01
1.9723152439109981060028076171875000000000000000000000000000000000e-01
1.9650955218821763992309570312500000000000000000000000000000000000e-01
1.9579113484360277652740478515625000000000000000000000000000000000e-01
1.9507625792175531387329101562500000000000000000000000000000000000e-01
1.9436489115469157695770263671875000000000000000000000000000000000e-01
1.9365701451897621154785156250000000000000000000000000000000000000e-01
1.9295261567458510398864746093750000000000000000000000000000000000e-01
1.9225166412070393562316894531250000000000000000000000000000000000e-01
1.9155413773842155933380126953125000000000000000000000000000000000e-01
1.9086002744734287261962890625000000000000000000000000000000000000e-01
1.9016929902136325836181640625000000000000000000000000000000000000e-01
1.8948194058611989021301269531250000000000000000000000000000000000e-01
1.8879793910309672355651855468750000000000000000000000000000000000e-01
1.8811724940314888954162597656250000000000000000000000000000000000e-01
1.8743987521156668663024902343750000000000000000000000000000000000e-01
1.8676579301245510578155517578125000000000000000000000000000000000e-01
1.8609496694989502429962158203125000000000000000000000000000000000e-01
1.8542740517295897006988525390625000000000000000000000000000000000e-01
1.8476306460797786712646484375000000000000000000000000000000000000e-01
1.8410192895680665969848632812500000000000000000000000000000000000e-01
1.8344399658963084220886230468750000000000000000000000000000000000e-01
1.8278922536410391330718994140625000000000000000000000000000000000e-01
1.8213761015795171260833740234375000000000000000000000000000000000e-01
1.8148913490585982799530029296875000000000000000000000000000000000e-01
1.8084377003833651542663574218750000000000000000000000000000000000e-01
1.8020150414668023586273193359375000000000000000000000000000000000e-01
1.7956231976859271526336669921875000000000000000000000000000000000e-01
1.7892619757913053035736083984375000000000000000000000000000000000e-01
1.7829311452805995941162109375000000000000000000000000000000000000e-01
1.7766306176781654357910156250000000000000000000000000000000000000e-01
1.7703601298853754997253417968750000000000000000000000000000000000e-01
1.7641194956377148628234863281250000000000000000000000000000000000e-01
1.7579087405465543270111083984375000000000000000000000000000000000e-01
1.7517273686826229095458984375000000000000000000000000000000000000e-01
1.7455754498951137065887451171875000000000000000000000000000000000e-01
1.7394528700970113277435302734375000000000000000000000000000000000e-01
1.7333590309135615825653076171875000000000000000000000000000000000e-01
1.7272943584248423576354980468750000000000000000000000000000000000e-01
1.7212582472711801528930664062500000000000000000000000000000000000e-01
1.7152505530975759029388427734375000000000000000000000000000000000e-01
1.7092715995386242866516113281250000000000000000000000000000000000e-01
1.7033203737810254096984863281250000000000000000000000000000000000e-01
1.6973976325243711471557617187500000000000000000000000000000000000e-01
1.6915025957860052585601806640625000000000000000000000000000000000e-01
1.6856349841691553592681884765625000000000000000000000000000000000e-01
1.6797957569360733032226562500000000000000000000000000000000000000e-01
1.6739828349091112613677978515625000000000000000000000000000000000e-01
1.6681980155408382415771484375000000000000000000000000000000000000e-01
1.6624402580782771110534667968750000000000000000000000000000000000e-01
1.6567083238624036312103271484375000000000000000000000000000000000e-01
1.6510051884688436985015869140625000000000000000000000000000000000e-01
1.6453265934251248836517333984375000000000000000000000000000000000e-01
1.6396755352616310119628906250000000000000000000000000000000000000e-01
1.6340517112985253334045410156250000000000000000000000000000000000e-01
1.6284510935656726360321044921875000000000000000000000000000000000e-01
1.6228805715218186378479003906250000000000000000000000000000000000e-01
1.6173325851559638977050781250000000000000000000000000000000000000e-01
1.6118109342642128467559814453125000000000000000000000000000000000e-01
1.6063182428479194641113281250000000000000000000000000000000000000e-01
1.6008442663587629795074462890625000000000000000000000000000000000e-01
1.5954031026922166347503662109375000000000000000000000000000000000e-01
1.5899825864471495151519775390625000000000000000000000000000000000e-01
1.5845852554775774478912353515625000000000000000000000000000000000e-01
1.5792219759896397590637207031250000000000000000000000000000000000e-01
1.5738696162588894367218017578125000000000000000000000000000000000e-01
1.5685543697327375411987304687500000000000000000000000000000000000e-01
1.5632594283670186996459960937500000000000000000000000000000000000e-01
1.5579798771068453788757324218750000000000000000000000000000000000e-01
1.5527458256110548973083496093750000000000000000000000000000000000e-01
1.5475096367299556732177734375000000000000000000000000000000000000e-01
1.5423160349018871784210205078125000000000000000000000000000000000e-01
1.5371473948471248149871826171875000000000000000000000000000000000e-01
1.5319759421981871128082275390625000000000000000000000000000000000e-01
1.5268734283745288848876953125000000000000000000000000000000000000e-01
1.5217483765445649623870849609375000000000000000000000000000000000e-01
1.5166687965393066406250000000000000000000000000000000000000000000e-01
1.5116327372379601001739501953125000000000000000000000000000000000e-01
1.5065548988059163093566894531250000000000000000000000000000000000e-01
1.5015881997533142566680908203125000000000000000000000000000000000e-01
1.4965718681924045085906982421875000000000000000000000000000000000e-01
1.4915920677594840526580810546875000000000000000000000000000000000e-01
1.4867041795514523983001708984375000000000000000000000000000000000e-01
1.4816976129077374935150146484375000000000000000000000000000000000e-01
1.4768729405477643013000488281250000000000000000000000000000000000e-01
1.4719709311611950397491455078125000000000000000000000000000000000e-01
1.4670606865547597408294677734375000000000000000000000000000000000e-01
1.4623531815595924854278564453125000000000000000000000000000000000e-01
1.4573881309479475021362304687500000000000000000000000000000000000e-01
1.4527057879604399204254150390625000000000000000000000000000000000e-01
1.4479408646002411842346191406250000000000000000000000000000000000e-01
1.4430476957932114601135253906250000000000000000000000000000000000e-01
1.4385750680230557918548583984375000000000000000000000000000000000e-01
1.4336078381165862083435058593750000000000000000000000000000000000e-01
1.4290607860311865806579589843750000000000000000000000000000000000e-01
1.4244947070255875587463378906250000000000000000000000000000000000e-01
1.4195074280723929405212402343750000000000000000000000000000000000e-01
1.4153656642884016036987304687500000000000000000000000000000000000e-01
1.4103643759153783321380615234375000000000000000000000000000000000e-01
1.4058841974474489688873291015625000000000000000000000000000000000e-01
1.4016465307213366031646728515625000000000000000000000000000000000e-01
1.3964171661064028739929199218750000000000000000000000000000000000e-01
1.3927157456055283546447753906250000000000000000000000000000000000e-01
1.3876374997198581695556640625000000000000000000000000000000000000e-01
1.3831365574151277542114257812500000000000000000000000000000000000e-01
1.3794713257811963558197021484375000000000000000000000000000000000e-01
1.3736572908237576484680175781250000000000000000000000000000000000e-01
1.3706177519634366035461425781250000000000000000000000000000000000e-01
1.3655629823915660381317138671875000000000000000000000000000000000e-01
1.3606179016642272472381591796875000000000000000000000000000000000e-01
1.3579854229465126991271972656250000000000000000000000000000000000e-01
1.3513627718202769756317138671875000000000000000000000000000000000e-01
1.3489548675715923309326171875000000000000000000000000000000000000e-01
1.3440122175961732864379882812500000000000000000000000000000000000e-01
1.3384548900648951530456542968750000000000000000000000000000000000e-01
1.3373945350758731365203857421875000000000000000000000000000000000e-01
1.3289890112355351448059082031250000000000000000000000000000000000e-01
1.3278828025795519351959228515625000000000000000000000000000000000e-01
1.3236952852457761764526367187500000000000000000000000000000000000e-01
1.3156038336455821990966796875000000000000000000000000000000000000e-01
1.3176981615833938121795654296875000000000000000000000000000000000e-01
1.3078616349957883358001708984375000000000000000000000000000000000e-01
1.3062937511131167411804199218750000000000000000000000000000000000e-01
1.3036921736784279346466064453125000000000000000000000000000000000e-01
1.2941251252777874469757080078125000000000000000000000000000000000e-01
1.2987898918800055980682373046875000000000000000000000000000000000e-01
1.2848645774647593498229980468750000000000000000000000000000000000e-01
1.2868214445188641548156738281250000000000000000000000000000000000e-01
1.2865568487904965877532958984375000000000000000000000000000000000e-01
1.2677468662150204181671142578125000000000000000000000000000000000e-01
1.2823467724956572055816650390625000000000000000000000000000000000e-01
1.2675430765375494956970214843750000000000000000000000000000000000e-01
1.2607486452907323837280273437500000000000000000000000000000000000e-01
1.2686903681606054306030273437500000000000000000000000000000000000e-01
1.2517739064060151576995849609375000000000000000000000000000000000e-01
1.2610969343222677707672119140625000000000000000000000000000000000e-01
1.2396100908517837524414062500000000000000000000000000000000000000e-01
1.2522137118503451347351074218750000000000000000000000000000000000e-01
1.2532831192947924137115478515625000000000000000000000000000000000e-01
1.2087898957543075084686279296875000000000000000000000000000000000e-01
1.2620403966866433620452880859375000000000000000000000000000000000e-01
1.2313208822160959243774414062500000000000000000000000000000000000e-01
1.1979756085202097892761230468750000000000000000000000000000000000e-01
1.2499012821353971958160400390625000000000000000000000000000000000e-01
1.2203952670097351074218750000000000000000000000000000000000000000e-01
1.2036410602740943431854248046875000000000000000000000000000000000e-01
1.1951072677038609981536865234375000000000000000000000000000000000e-01
1.2535729492083191871643066406250000000000000000000000000000000000e-01
1.1937801423482596874237060546875000000000000000000000000000000000e-01
1.1246798443607985973358154296875000000000000000000000000000000000e-01
1.3099734461866319179534912109375000000000000000000000000000000000e-01
1.1686963471584022045135498046875000000000000000000000000000000000e-01
1.0827620141208171844482421875000000000000000000000000000000000000e-01
1.3002650183625519275665283203125000000000000000000000000000000000e-01
1.2161512486636638641357421875000000000000000000000000000000000000e-01
1.0486372676678001880645751953125000000000000000000000000000000000e-01
1.1588556389324367046356201171875000000000000000000000000000000000e-01
1.4379402552731335163116455078125000000000000000000000000000000000e-01
9.4501996180042624473571777343750000000000000000000000000000000000e-02
9.3528555706143379211425781250000000000000000000000000000000000000e-02
1.7799275554716587066650390625000000000000000000000000000000000000e-01
8.1003762548789381980895996093750000000000000000000000000000000000e-02
6.9822795689105987548828125000000000000000000000000000000000000000e-02
2.0136144524440169334411621093750000000000000000000000000000000000e-01
9.2988675227388739585876464843750000000000000000000000000000000000e-02
3.2163932686671614646911621093750000000000000000000000000000000000e-02
1.9629702437669038772583007812500000000000000000000000000000000000e-01
1.6640276252292096614837646484375000000000000000000000000000000000e-01
-4.5306801795959472656250000000000000000000000000000000000000000000e-02
1.6385761764831840991973876953125000000000000000000000000000000000e-01
3.0342125310562551021575927734375000000000000000000000000000000000e-01
-1.4893310726620256900787353515625000000000000000000000000000000000e-01
9.3230787664651870727539062500000000000000000000000000000000000000e-02
4.4899671548046171665191650390625000000000000000000000000000000000e-01
-1.7664199764840304851531982421875000000000000000000000000000000000e-01
-8.2446506246924400329589843750000000000000000000000000000000000000e-02
5.0607255590148270130157470703125000000000000000000000000000000000e-01
-2.5140227051451802253723144531250000000000000000000000000000000000e-02
-4.3309249775484204292297363281250000000000000000000000000000000000e-01
3.4640655177645385265350341796875000000000000000000000000000000000e-01
3.3122914028353989124298095703125000000000000000000000000000000000e-01
3.3122914028353989124298095703125000000000000000000000000000000000e-01
