8.7075836847558827150117544135810021543875336647033691406250000000e-04
8.5176667623954342364878122850768704665824770927429199218750000000e-04
8.3301731773938343921653837398366704292129725217819213867187500000e-04
8.1446300649761643481588935244985805184114724397659301757812500000e-04
7.9638061016110183506361286376318275870289653539657592773437500000e-04
7.7848113363229265275478052643620685557834804058074951171875000000e-04
7.6095893217768676743129052653102917247451841831207275390625000000e-04
7.4369913519382684595482313483216785243712365627288818359375000000e-04
7.2673674803133182526632127817833861627150326967239379882812500000e-04
7.1006375461526039655213438095415767747908830642700195312500000000e-04
6.9366264183637945522908907491910213138908147811889648437500000000e-04
6.7753958099118127746812723088964958151336759328842163085937500000e-04
6.6168318047838889373046811215317575260996818542480468750000000000e-04
6.4608947819868179762020643508435568946879357099533081054687500000e-04
6.3075414410472454423972621384564263280481100082397460937500000000e-04
6.1567122395632118813518784961047458637040108442306518554687500000e-04
6.0083621686851673444201837881450956047046929597854614257812500000e-04
5.8624426460677386309383596341149313957430422306060791015625000000e-04
5.7189056409204187727407520114297767577227205038070678710937500000e-04
5.5777055995836978714852438798743605730123817920684814453125000000e-04
5.4387971458493748842105697249849072250071913003921508789062500000e-04
5.3021360280981310719033983147596700291614979505538940429687500000e-04
5.1676790859836105318514398732077097520232200622558593750000000000e-04
5.0353840075218695825770565122070365760009735822677612304687500000e-04
4.9052094617401417828844722990311311150435358285903930664062500000e-04
4.7771150524171719121968582300041816779412329196929931640625000000e-04
4.6510612818405176749347873510487261228263378143310546875000000000e-04
4.5270095538943065302528445670304790837690234184265136718750000000e-04
4.4049221489046150096111076344129742210498079657554626464843750000e-04
4.2847622036517473862946014939723227143986150622367858886718750000e-04
4.1664936951000495221966724024298400763655081391334533691406250000e-04
4.0500814196094267125025645270852692192420363426208496093750000000e-04
3.9354909733122124407614372820773951389128342270851135253906250000e-04
3.8226887328371233175372534418556824675761163234710693359375000000e-04
3.7116418353560229684284799134275090182200074195861816406250000000e-04
3.6023181592204187202732601491561581497080624103546142578125000000e-04
3.4946863044972776473143238895602280535968020558357238769531250000e-04
3.3887155739817218956175248756323981069726869463920593261718750000e-04
3.2843759547767476490720550685864509432576596736907958984375000000e-04
3.1816380991528278544475116795808844472048804163932800292968750000e-04
3.0804733075632238260832540532874190830625593662261962890625000000e-04
2.9808535111275092375007766953842747170710936188697814941406250000e-04
2.8827512527740411932622444091123270482057705521583557128906250000e-04
2.7861396739132360646576391793871607660548761487007141113281250000e-04
2.6909924964798302444296540514301341318059712648391723632812500000e-04
2.5972840043553068562973140664951188227860257029533386230468750000e-04
2.5049890364831387760263803343718791438732296228408813476562500000e-04
2.4140829648172572948101877177151664000120945274829864501953125000e-04
2.3245416768741185590749220857276213791919872164726257324218750000e-04
2.2363415798395380718575908840506372143863700330257415771484375000e-04
2.1494595671260870802139752999693200763431377708911895751953125000e-04
2.0638730037922432976847664232167289810604415833950042724609375000e-04
1.9795597511120492780975488322781075112288817763328552246093750000e-04
1.8964981065082000340378531877405521299806423485279083251953125000e-04
1.8146667950289172553147987176913602525019086897373199462890625000e-04
1.7340450356537548274107884971328985557192936539649963378906250000e-04
1.6546124212171766103447734241882471906137652695178985595703125000e-04
1.5763489231165314424440437868213393812766298651695251464843750000e-04
1.4992350451556354365076351164987045194720849394798278808593750000e-04
1.4232515724464769911808414981635451113106682896614074707031250000e-04
1.3483796050185877738597506336759579426143318414688110351562500000e-04
1.2746008935917755807744333740316733383224345743656158447265625000e-04
1.2018973137047863524503460430636891942413058131933212280273437500e-04
1.1302509566990980233777003283179851678141858428716659545898437500e-04
1.0596448403621584353692663960089248575968667864799499511718750000e-04
9.9006182384765649656492569885557486486504785716533660888671875000e-05
9.2148480449606341041203505515255756108672358095645904541015625000e-05
8.5389818999927628363245946108150974396266974508762359619140625000e-05
7.8728569558793583759402634481006089117727242410182952880859375000e-05
7.2163075083339482153343968917624806636013090610504150390625000000e-05
6.5691945868503982342359592827563119499245658516883850097656250000e-05
5.9313619604101688312022822024971446808194741606712341308593750000e-05
5.3026454149623313786155592852722406860266346484422683715820312500e-05
4.6829288636984290131182184779845556477084755897521972656250000000e-05
4.0720593028966675435906252822348960762610659003257751464843750000e-05
3.4698692257137442632956153554246725434495601803064346313476562500e-05
2.8762736370850407874441220790195927747845416888594627380371093750e-05
2.2911186457423626182091161429532633064809488132596015930175781250e-05
1.7142152336239417105947027697432361037499504163861274719238281250e-05
1.1454977607580292314672781861517592005839105695486068725585937500e-05
5.8480758124106982132365747939495292939682258293032646179199218750e-06
3.1983271945034967244768527548648417990762027329765260219573974609e-07
-5.1304884036612784250727149759629952541217789985239505767822265625e-06
-1.0504696044770621291084694570727720019931439310312271118164062500e-05
-1.5804301189204700338417769467369566882553044706583023071289062500e-05
-2.1030085520632215681426785414132041296397801488637924194335937500e-05
-2.6183322832977140934155105278513531175121897831559181213378906250e-05
-3.1265190139459163017141701823575772323238197714090347290039062500e-05
-3.6276493146809618865408775256753415305865928530693054199218750000e-05
-4.1218343860997582047637349811353146833425853401422500610351562500e-05
-4.6091849356086571473569563073269250708108302205801010131835937500e-05
-5.0897887869904981979901625877005244547035545110702514648437500000e-05
-5.5637476234230899975029965842665546915668528527021408081054687500e-05
-6.0311653446117642347456405671479728880512993782758712768554687500e-05
-6.4921316668807709806231220905914369723177514970302581787109375000e-05
-6.9467415815753971448757997375622608160483650863170623779296875000e-05
-7.3950925576497724160326963094291841116501018404960632324218750000e-05
-7.8372733754646832851631366168021486373618245124816894531250000000e-05
-8.2733738205019257240871444203378359816269949078559875488281250000e-05
-8.7034855211998109116716682009951000509317964315414428710937500000e-05
-9.1276947832563329462626788846080216899281367659568786621093750000e-05
-9.5460869870378714800891739589161488765967078506946563720703125000e-05
-9.9587485052014579388693360506579210777999833226203918457031250000e-05
-1.0365762395718874650917679103301338727760594338178634643554687500e-04
-1.0767210052857406697279091245533777509990613907575607299804687500e-04
-1.1163173123241226986947227661772785722860135138034820556640625000e-04
-1.1553731080385844112810161954385534954781178385019302368164062500e-04
-1.1938961572564391077667933505068731392384506762027740478515625000e-04
-1.2318941965585905639127273225597036798717454075813293457031250000e-04
-1.2693748061312013766452344576407540444051846861839294433593750000e-04
-1.3063453932065358965852741590651930891908705234527587890625000000e-04
-1.3428133018476623092296584616178733995184302330017089843750000000e-04
-1.3787857509250600281970611238335777670727111399173736572265625000e-04
-1.4142698043355177942720368733375835290644317865371704101562500000e-04
-1.4492724422870051272788094465227004548069089651107788085937500000e-04
-1.4838005357471165546884295238783124659676104784011840820312500000e-04
-1.5178608187977208677545137849307366195716895163059234619140625000e-04
-1.5514599317118706197325683771026660906500183045864105224609375000e-04
-1.5846044140803376546779157596489540082984603941440582275390625000e-04
-1.6173006838847618182701537659085033737937919795513153076171875000e-04
-1.6495550620701377440326107493007157245301641523838043212890625000e-04
-1.6813737741758083706587745265181865761405788362026214599609375000e-04
-1.7127629362018875498058223527664267749059945344924926757812500000e-04
-1.7437285680073049266673723689535790981608442962169647216796875000e-04
-1.7742765980728451326309258462288198643364012241363525390625000000e-04
-1.8044128547353396104652167863946488068904727697372436523437500000e-04
-1.8341430733276564398262498123415298323379829525947570800781250000e-04
-1.8634729014530048221698343979824130656197667121887207031250000000e-04
-1.8924078940269023984231677726342013556859456002712249755859375000e-04
-1.9209535171302565687012631201469048392027616500854492187500000000e-04
-1.9491151527318884050313241296237265487434342503547668457031250000e-04
-1.9768980962471145441765318917504146156716160476207733154296875000e-04
-2.0043075587569607700667850824771676343516446650028228759765625000e-04
-2.0313486708911082244573276245347415169817395508289337158203125000e-04
-2.0580264819790175870317661122044228250160813331604003906250000000e-04
-2.0843459614901580336313036134754383965628221631050109863281250000e-04
-2.1103120021270918354669432481784951960435137152671813964843750000e-04
-2.1359294199392920058332145938351231961860321462154388427734375000e-04
-2.1612029553974172464518577196912474391865544021129608154296875000e-04
-2.1861372758683750164646064639839551091426983475685119628906250000e-04
-2.2107369762640067395453868925869755912572145462036132812500000000e-04
-2.2350065799762452458353256812273457398987375199794769287109375000e-04
-2.2589505408737416483622162388655851827934384346008300781250000000e-04
-2.2825732442288083272156906655681041229399852454662322998046875000e-04
-2.3058790075925392182819295694429229115485213696956634521484375000e-04
-2.3288720824609561465580453987200826304615475237369537353515625000e-04
-2.3515566553179362350826930860847596704843454062938690185546875000e-04
-2.3739368484981552480210520439385391000541858375072479248046875000e-04
-2.3960167215978501022502489270493697404162958264350891113281250000e-04
-2.4178002725569803003057012258381064384593628346920013427734375000e-04
-2.4392914385171660541368199304201880295295268297195434570312500000e-04
-2.4604940970363844889717830355380101536866277456283569335937500000e-04
-2.4814120671669807503476046228740869992179796099662780761718750000e-04
-2.5020491103146496724568548231104614387731999158859252929687500000e-04
-2.5224089313080253448029477425507138832472264766693115234375000000e-04
-2.5424951794225599021118111586758914199890568852424621582031250000e-04
-2.5623114492429857527028280728131903742905706167221069335937500000e-04
-2.5818612816320361249763926103639732900774106383323669433593750000e-04
-2.6011481646880975360236476490172208286821842193603515625000000000e-04
-2.6201755345928412184799971562654263834701851010322570800781250000e-04
-2.6389467765099134223885646299834206729428842663764953613281250000e-04
-2.6574652254761702008245549677667440846562385559082031250000000000e-04
-2.6757341672176457965035001329567876382498070597648620605468750000e-04
-2.6937568389919056303580258138197223161114379763603210449218750000e-04
-2.7115364304230294258471478663352627336280420422554016113281250000e-04
-2.7290760842883099316150130597691259026760235428810119628906250000e-04
-2.7463788973055723498933877735339592618402093648910522460937500000e-04
-2.7634479209075478488635835283560027164639905095100402832031250000e-04
-2.7802861619999412164452867735064955923007801175117492675781250000e-04
-2.7968965837146017149733578932568889285903424024581909179687500000e-04
-2.8132821061090920646691193596211633121129125356674194335937500000e-04
-2.8294456069190754201464477191052537818904966115951538085937500000e-04
-2.8453899222370226777811819118824132601730525493621826171875000000e-04
-2.8611178472039556879014110535308645921759307384490966796875000000e-04
-2.8766321366895157779844383050260603340575471520423889160156250000e-04
-2.8919355059661575263821320369572731578955426812171936035156250000e-04
-2.9070306313317426441522606239686865592375397682189941406250000000e-04
-2.9219201507807998977050978339775610947981476783752441406250000000e-04
-2.9366066645945685309113115657453363382956013083457946777343750000e-04
-2.9510927360179009179552700459225889062508940696716308593750000000e-04
-2.9653808917725151981722997440726885542972013354301452636718750000e-04
-2.9794736227513953256626488830249854800058528780937194824218750000e-04
-2.9933733845050340596077864674384727550204843282699584960937500000e-04
-3.0070825979161281815005279938191051769535988569259643554687500000e-04
-3.0206036496135133320728449746184196555987000465393066406250000000e-04
-3.0339388927514706435425995145749311632243916392326354980468750000e-04
-3.0470906472345160023382226732735489349579438567161560058593750000e-04
-3.0600612006251743388643427046247325051808729767799377441406250000e-04
-3.0728528082490675493732013023873150814324617385864257812500000000e-04
-3.0854676941619279661316310736651757906656712293624877929687500000e-04
-3.0979080511414744305426216541832218354102224111557006835937500000e-04
-3.1101760417826923013281947838493124436354264616966247558593750000e-04
-3.1222737982456252609636537798110111907590180635452270507812500000e-04
-3.1342034236258160774177272678286954032955691218376159667968750000e-04
-3.1459669913851243160454740355191916023613885045051574707031250000e-04
-3.1575665469440252234797905650509619590593501925468444824218750000e-04
-3.1690041069609871642737131125500127382110804319381713867187500000e-04
-3.1802816609222101613616007220741721539525315165519714355468750000e-04
-3.1914011705006271402487727506525061471620574593544006347656250000e-04
-3.2023645709678105449394469594892598252044990658760070800781250000e-04
-3.2131737707599607872799296615085040684789419174194335937500000000e-04
-3.2238306524820747834755851890520261804340407252311706542968750000e-04
-3.2343370732314171301507998990132364269811660051345825195312500000e-04
-3.2446948642058081593506080331223984103417024016380310058593750000e-04
-3.2549058332184493090577515062022939673624932765960693359375000000e-04
-3.2649717610630870929383506862109243229497224092483520507812500000e-04
-3.2748944084536448038275091576565500872675329446792602539062500000e-04
-3.2846755065332272844128014277487181971082463860511779785156250000e-04
-3.2943167713454405776465905297811787022510543465614318847656250000e-04
-3.3038198845728952322484128778512513235909864306449890136718750000e-04
-3.3131865207184041334162460934464888850925490260124206542968750000e-04
-3.3224183112290123394416685442820380558259785175323486328125000000e-04
-3.3315168931106857452828506893638405017554759979248046875000000000e-04
-3.3404838458034742361760227602474060404347255825996398925781250000e-04
-3.3493207738033480350137160996837337734177708625793457031250000000e-04
-3.3580292015306122989370951614773730398155748844146728515625000000e-04
-3.3666107074864021686186332793511155614396557211875915527343750000e-04
-3.3750667559664238167801975087911614537006244063377380371093750000e-04
-3.3833989084328732225778746389721618470503017306327819824218750000e-04
-3.3916085611192990862186591449756178917596116662025451660156250000e-04
-3.3996972703607627758898290792899388179648667573928833007812500000e-04
-3.4076663531399211184980124755838915007188916206359863281250000000e-04
-3.4155173760389126490569222660553805326344445347785949707031250000e-04
-3.4232515615819329593896847008238637499744072556495666503906250000e-04
-3.4308705066241632292492469424871615046868100762367248535156250000e-04
-3.4383753184698864465221324060451024706708267331123352050781250000e-04
-3.4457676505152281349816933975205301976529881358146667480468750000e-04
-3.4530484671693576805007186436569099896587431430816650390625000000e-04
-3.4602195118728709677391464083484606817364692687988281250000000000e-04
-3.4672815708500985369677760417062017950229346752166748046875000000e-04
-3.4742365191034349459694996475889183784602209925651550292968750000e-04
-3.4810849205124390175203341613041629898361861705780029296875000000e-04
-3.4878288330016538748568066807820287067443132400512695312500000000e-04
-3.4944685429620387512317236655690066982060670852661132812500000000e-04
-3.5010063543620620210919391901427388802403584122657775878906250000e-04
-3.5074422086831522939187610887756818556226789951324462890625000000e-04
-3.5137787314103093331760230277893697348190471529960632324218750000e-04
-3.5200154391937959509617517284141285927034914493560791015625000000e-04
-3.5261553672542183569815765764587922603823244571685791015625000000e-04
-3.5321975140960060494596528535282686789287254214286804199218750000e-04
-3.5381454269320058341266599377661350445123389363288879394531250000e-04
-3.5439974781619745444749547402807365870103240013122558593750000000e-04
-3.5497578439544540205435874113959471287671476602554321289062500000e-04
-3.5554241483400029957134824698528063890989869832992553710937500000e-04
-3.5610013267529353093998611967663237010128796100616455078125000000e-04
-3.5664861202402048422424596374469274451257660984992980957031250000e-04
-3.5718843652242447238992495428533402446191757917404174804687500000e-04
-3.5771917742577187754662859653365103440592065453529357910156250000e-04
-3.5824152368672107765029677395318685739766806364059448242187500000e-04
-3.5875492819698165175221205025479775940766558051109313964843750000e-04
-3.5926020123451399626568480982768960529938340187072753906250000000e-04
-3.5975666123942928948178932024859477678546682000160217285156250000e-04
-3.6024525611505904239620368123553362238453701138496398925781250000e-04
-3.6072515375457986841131741151400547096272930502891540527343750000e-04
-3.6119745574876311461354205789575644303113222122192382812500000000e-04
-3.6166116378073299986173338993467041291296482086181640625000000000e-04
-3.6211754856138182777705591952610575390281155705451965332031250000e-04
-3.6256543076351824836725534773052004311466589570045471191406250000e-04
-3.6300626446508928689416162427505696541629731655120849609375000000e-04
-3.6343867610271797258941761654682522930670529603958129882812500000e-04
-3.6386431537511099328086050519459604402072727680206298828125000000e-04
-3.6428160361647461120901403397454032528912648558616638183593750000e-04
-3.6469239574979747274194319395235197589499875903129577636718750000e-04
-3.6509490000197707647300315869642872712574899196624755859375000000e-04
-3.6549118306205863630428676280814670462859794497489929199218750000e-04
-3.6587923533974307972738149175029320758767426013946533203125000000e-04
-3.6626133822948461716759172013269107992528006434440612792968750000e-04
-3.6663526355652027895193345585767019656486809253692626953125000000e-04
-3.6700350609815635344670980977355156937846913933753967285156250000e-04
-3.6736362280456990583518694926112857501721009612083435058593750000e-04
-3.6771831594592432196355602513904159422963857650756835937500000000e-04
-3.6806493585228648550422558827222019317559897899627685546875000000e-04
-3.6840638189656173349245671388985101657453924417495727539062500000e-04
-3.6873981053578636438161630906051868805661797523498535156250000000e-04
-3.6906830330484099783258655769202505325665697455406188964843750000e-04
-3.6938884014877146995045609223495830519823357462882995605468750000e-04
-3.6970466521245022410713243488089574384503066539764404296875000000e-04
-3.7001260374979524220284687885396124329417943954467773437500000000e-04
-3.7031603880128118131548342617520575004164129495620727539062500000e-04
-3.7061166651907573700922005066615838586585596203804016113281250000e-04
-3.7090298174347410701048866066287246212596073746681213378906250000e-04
-3.7118658017204226445828751934641331899911165237426757812500000000e-04
-3.7146603853473820957414863741519184259232133626937866210937500000e-04
-3.7173788329768908287806250534401897311909124255180358886718750000e-04
-3.7200574090942903739478997415801586612360551953315734863281250000e-04
-3.7226610162851463473043800433970318408682942390441894531250000000e-04
-3.7252260822876772077688611872758883691858500242233276367187500000e-04
-3.7277174838342677556241033798301032220479100942611694335937500000e-04
-3.7301714775533385696007493415038425155216827988624572753906250000e-04
-3.7325532466605398657782943772076578170526772737503051757812500000e-04
-3.7348985493238070956095731034452001040335744619369506835937500000e-04
-3.7371731976526453280693096381526174809550866484642028808593750000e-04
-3.7394121375277121011385106363889008207479491829872131347656250000e-04
-3.7415821140412167068386994905893061513779684901237487792968750000e-04
-3.7437169707865973911770085535977159452158957719802856445312500000e-04
-3.7457846608255674931281520301240561821032315492630004882812500000e-04
-3.7478176684486752849242985341504663665546104311943054199218750000e-04
-3.7497853945433741538334482257255331205669790506362915039062500000e-04
-3.7517187430271647756441222298917637090198695659637451171875000000e-04
-3.7535887658891317142720311927917009597877040505409240722656250000e-04
-3.7554246035226496527870132524640212068334221839904785156250000000e-04
-3.7571991219837510287207771320083793398225679993629455566406250000e-04
-3.7589395580482583064316215448741331783821806311607360839843750000e-04
-3.7606207096983453389005269684730592416599392890930175781250000000e-04
-3.7622678154369294800662970601479173637926578521728515625000000000e-04
-3.7638576790381347587227667261799979314673691987991333007812500000e-04
-3.7654134875433263552821361308531322720227763056755065917968750000e-04
-3.7669140852572400744377456582867580436868593096733093261718750000e-04
-3.7683805923654757836019357775114713149378076195716857910156250000e-04
-3.7697938908493858114340246956430746649857610464096069335937500000e-04
-3.7711730562782063303634005890785374504048377275466918945312500000e-04
-3.7725009686240777847729410687804829649394378066062927246093750000e-04
-3.7737947154624140516307462256406779488315805792808532714843750000e-04
-3.7750391045648207764828807597723425715230405330657958984375000000e-04
-3.7762493182226069795073830626108701835619285702705383300781250000e-04
-3.7774119994228594083401917558262539387214928865432739257812500000e-04
-3.7785405279601913444004201991788249870296567678451538085937500000e-04
-3.7796232704463244818707257088874484907137230038642883300781250000e-04
-3.7806719251176211689380313174524417263455688953399658203125000000e-04
-3.7816764541604238778968460898965986416442319750785827636718750000e-04
-3.7826470085157925474922402386823705455753952264785766601562500000e-04
-3.7835750087138728982305568848687471472658216953277587890625000000e-04
-3.7844691976991339139868575358605085057206451892852783203125000000e-04
-3.7853223150701272503235172983693246351322159171104431152343750000e-04
-3.7861418356885379304238581354979942261707037687301635742187500000e-04
-3.7869216785809501702245172261029892979422584176063537597656250000e-04
-3.7876681906278639741861291589941629354143515229225158691406250000e-04
-3.7883763315128035197715261617190662946086376905441284179687500000e-04
-3.7890514570365776232316323834936611092416569590568542480468750000e-04
-3.7896894349931977688181183872018209513043984770774841308593750000e-04
-3.7902947580856053994696752695858776860404759645462036132812500000e-04
-3.7908640799587687902558186259227568370988592505455017089843750000e-04
-3.7914011480349969285610911562400815455475822091102600097656250000e-04
-3.7919032886860802545811455210866824927506968379020690917968750000e-04
-3.7923736135753253464683587559136412892257794737815856933593750000e-04
-3.7928100171189075033237325662582861696137115359306335449218750000e-04
-3.7932150749847744208853583813834120519459247589111328125000000000e-04
-3.7935871564920953897745437011224112211493775248527526855468750000e-04
-3.7939283882478826420009410114175807393621653318405151367187500000e-04
-3.7942375341966952341163366035914350504754111170768737792968750000e-04
-3.7945163471490801548532956211090549913933500647544860839843750000e-04
-3.7947639152778649346622885651925116690108552575111389160156250000e-04
-3.7949816843477717073426780380884792975848540663719177246093750000e-04
-3.7951690045691605177730076903230838070157915353775024414062500000e-04
-3.7953270724495159283221057400226072786608710885047912597656250000e-04
-3.7954554480883927669240818225659950257977470755577087402343750000e-04
-3.7955551259406984524261141622503146209055557847023010253906250000e-04
-3.7956258338344214938939180647992088779574260115623474121093750000e-04
-3.7956684029632586615046752065438795398222282528877258300781250000e-04
-3.7956826932609538357080158910150657902704551815986633300781250000e-04
-3.7956694061949317444207285809909535601036623120307922363281250000e-04
-3.7956285031920757901124918731738944188691675662994384765625000000e-04
-3.7955605838628562976808100692949210497317835688591003417968750000e-04
-3.7954656870180236705181187062407843768596649169921875000000000000e-04
-3.7953443315015051489139108475967532285721972584724426269531250000e-04
-3.7951966154481560095784731245771581598091870546340942382812500000e-04
-3.7950229934510663117736006810787330323364585638046264648437500000e-04
-3.7948236079218496986931175030122176394797861576080322265625000000e-04
-3.7945988636214471887223020907242698740446940064430236816406250000e-04
-3.7943489342996770258276129084151762071996927261352539062500000000e-04
-3.7940741864655514771487165859298329451121389865875244140625000000e-04
-3.7937748158702809227540986292126490297960117459297180175781250000e-04
-3.7934511585590419656399685521819264977239072322845458984375000000e-04
-3.7931034260969798913715189669915162085089832544326782226562500000e-04
-3.7927319298806293429784930459902625443646684288978576660156250000e-04
-3.7923368919165587227759761645984326605685055255889892578125000000e-04
-3.7919186045090147018504778131386956374626606702804565429687500000e-04
-3.7914772952017840442970331160665864445036277174949645996093750000e-04
-3.7910132415594862591648461780380330310435965657234191894531250000e-04
-3.7905266736503487280326996078372303600190207362174987792968750000e-04
-3.7900178565787432825515135270677546941442415118217468261718750000e-04
-3.7894870214976583830054912560569846391445025801658630371093750000e-04
-3.7889344226639884308585615180220429465407505631446838378906250000e-04
-3.7883602906934183947654237734070648002671077847480773925781250000e-04
-3.7877648711134821258098015483994913665810599923133850097656250000e-04
-3.7871483921744623392380280080260490649379789829254150390625000000e-04
-3.7865110923072708764766658440237279137363657355308532714843750000e-04
-3.7858531966542007841936001710791970253922045230865478515625000000e-04
-3.7851749369468017016732153123825810325797647237777709960937500000e-04
-3.7844765353031196986055562092587933875620365142822265625000000000e-04
-3.7837582170258522804712209008926038222853094339370727539062500000e-04
-3.7830202008075369422487876924776628584368154406547546386718750000e-04
-3.7822627064556390988694922761226280272239819169044494628906250000e-04
-3.7814859484710161476733736307664912601467221975326538085937500000e-04
-3.7806901418842097468628327128215005359379574656486511230468750000e-04
-3.7798754969376130528196933155982151220086961984634399414062500000e-04
-3.7790422237805404654178986767476544628152623772621154785156250000e-04
-3.7781905288320220739212151883634760451968759298324584960937500000e-04
-3.7773206172976402225302527959627241216367110610008239746093750000e-04
-3.7764326917076205744616679282898985547944903373718261718750000000e-04
-3.7755269528669049231700549640322606137488037347793579101562500000e-04
-3.7746035990092891834399302375402385223424062132835388183593750000e-04
-3.7736628269505781115358833410766692395554855465888977050781250000e-04
-3.7727048307314899880035574675218867923831567168235778808593750000e-04
-3.7717298029943911730210714949862449429929256439208984375000000000e-04
-3.7707379340283237855596665255575317132752388715744018554687500000e-04
-3.7697294121973002559849996728758014796767383813858032226562500000e-04
-3.7687044240539786712357317455257543770130723714828491210937500000e-04
-3.7676631540722746666408071725129502738127484917640686035156250000e-04
-3.7666057848101457085007726099945557507453486323356628417968750000e-04
-3.7655324971391524726746502516050441045081242918968200683593750000e-04
-3.7644434697487046907055097122452025359962135553359985351562500000e-04
-3.7633388797583599899229667151701050897827371954917907714843750000e-04
-3.7622189023499812013731635751412341051036491990089416503906250000e-04
-3.7610837108184732267834871066725099808536469936370849609375000000e-04
-3.7599334768708710498644198771955871052341535687446594238281250000e-04
-3.7587683702694848911565750348984238371485844254493713378906250000e-04
-3.7575885590813360966414014008307731273816898465156555175781250000e-04
-3.7563942097557046981282091735465655801817774772644042968750000000e-04
-3.7551854868326058805097500403746835218043997883796691894531250000e-04
-3.7539625533473085228219900955082266591489315032958984375000000000e-04
-3.7527255705948779282432603565666795475408434867858886718750000000e-04
-3.7514746981528329389937725935055823356378823518753051757812500000e-04
-3.7502100941199631488690013902953523938776925206184387207031250000e-04
-3.7489319148344238700684694087783555005444213747978210449218750000e-04
-3.7476403150944092223725845336446127475937828421592712402343750000e-04
-3.7463354481758972700997101235032005206448957324028015136718750000e-04
-3.7450174656645168281068891680263277521589770913124084472656250000e-04
-3.7436865177230965739951784598815720528364181518554687500000000000e-04
-3.7423427529401645996384728753980652982136234641075134277343750000e-04
-3.7409863183456135062726621853812503104563802480697631835937500000e-04
-3.7396173595829703718840253401367590413428843021392822265625000000e-04
-3.7382360207138164371123978391153741540620103478431701660156250000e-04
-3.7368424443819635034219617253370415710378438234329223632812500000e-04
-3.7354367718213805351842871083078989613568410277366638183593750000e-04
-3.7340191427440963707617971323315941845066845417022705078125000000e-04
-3.7325896955430333491385286315278335678158327937126159667968750000e-04
-3.7311485671646943277149355289168397575849667191505432128906250000e-04
-3.7296958931496787753925858943659932265290990471839904785156250000e-04
-3.7282318077420619666442758166624571458669379353523254394531250000e-04
-3.7267564437539824669792798417233825603034347295761108398437500000e-04
-3.7252699326983701628990264254071007599122822284698486328125000000e-04
-3.7237724047797430117559547291250510170357301831245422363281250000e-04
-3.7222639888336039350191786212462830008007586002349853515625000000e-04
-3.7207448124621585357207909083854247000999748706817626953125000000e-04
-3.7192150019539654175540488445506071002455428242683410644531250000e-04
-3.7176746823123531238142192023587995208799839019775390625000000000e-04
-3.7161239773382895041492490761925182596314698457717895507812500000e-04
-3.7145630095333900724113851410379538720007985830307006835937500000e-04
-3.7129919002024694375460600603844341094372794032096862792968750000e-04
-3.7114107694443380534507492818363516562385484576225280761718750000e-04
-3.7098197361159021166396310142943093524081632494926452636718750000e-04
-3.7082189179304502878870009041634148161392658948898315429687500000e-04
-3.7066084313981147299252305593597611732548102736473083496093750000e-04
-3.7049883918616492370357029528804559959098696708679199218750000000e-04
-3.7033589135395409081344397783652766520390287041664123535156250000e-04
-3.7017201094783881926489343960895439522573724389076232910156250000e-04
-3.7000720916158014216559846154552815278293564915657043457031250000e-04
-3.6984149707794373258470943532927321939496323466300964355468750000e-04
-3.6967488566703787583253570936392407020321115851402282714843750000e-04
-3.6950738579253185681072757517995341913774609565734863281250000000e-04
-3.6933900820823112797972043175320777663728222250938415527343750000e-04
-3.6916976356137268765189585195685140206478536128997802734375000000e-04
-3.6899966239459372008627213723741533613065257668495178222656250000e-04
-3.6882871514394951128687494268376667605480179190635681152343750000e-04
-3.6865693214390376055214493256073637894587591290473937988281250000e-04
-3.6848432362538569018184375636337790638208389282226562500000000000e-04
-3.6831089971776529920499676507006370229646563529968261718750000000e-04
-3.6813667045136730295723515027361827378626912832260131835937500000e-04
-3.6796164575589128788515869139530423126416280865669250488281250000e-04
-3.6778583546338708756828772550306894117966294288635253906250000000e-04
-3.6760924930938050983475484656537446426227688789367675781250000000e-04
-3.6743189693172261878553741532016374549129977822303771972656250000e-04
-3.6725378787476440104950436982278461073292419314384460449218750000e-04
-3.6707493158772254784882882461261033313348889350891113281250000000e-04
-3.6689533742640745642149546767996071139350533485412597656250000000e-04
-3.6671501465575695628829056005315578659065067768096923828125000000e-04
-3.6653397244771653137526690180436617083614692091941833496093750000e-04
-3.6635221988526377005779277595820531132631003856658935546875000000e-04
-3.6616976596154181657419290907284903369145467877388000488281250000e-04
-3.6598661958090562612219698301885273394873365759849548339843750000e-04
-3.6580278956097875059025326116568521683802828192710876464843750000e-04
-3.6561828463211958582801397454886682680808007717132568359375000000e-04
-3.6543311343905792061559356653788199764676392078399658203125000000e-04
-3.6524728454217749362351042030638836877187713980674743652343750000e-04
-3.6506080641722136147231392300227525993250310420989990234375000000e-04
-3.6487368745720985237571132309142285521375015377998352050781250000e-04
-3.6468593597315700693614615168769432784756645560264587402343750000e-04
-3.6449756019395012328343508301031761220656335353851318359375000000e-04
-3.6430856826877663521765948750896768615348264575004577636718750000e-04
-3.6411896826652113317093761857279332616599276661872863769531250000e-04
-3.6392876817730726232702487266124080633744597434997558593750000000e-04
-3.6373797591336530119973668995214666210813447833061218261718750000e-04
-3.6354659930917701104319261773412108595948666334152221679687500000e-04
-3.6335464612326397312522252569522152043646201491355895996093750000e-04
-3.6316212403788661420428462989207218925002962350845336914062500000e-04
-3.6296904066079779512324354762142775143729522824287414550781250000e-04
-3.6277540352517965603282301678689236723585054278373718261718750000e-04
-3.6258122009107178170331242661461601528571918606758117675781250000e-04
-3.6238649774564425784170729194499926961725577712059020996093750000e-04
-3.6219124380418478295964868074463538505369797348976135253906250000e-04
-3.6199546551077054845971248120406471571186557412147521972656250000e-04
-3.6179917003889973219077358379536235588602721691131591796875000000e-04
-3.6160236449235772177371317503968839446315541863441467285156250000e-04
-3.6140505590584595186146033007901223754743114113807678222656250000e-04
-3.6120725124569487548761848039191590942209586501121520996093750000e-04
-3.6100895741042086451236259314612198068061843514442443847656250000e-04
-3.6081018123184722045868055850803557405015453696250915527343750000e-04
-3.6061092947499591692545051202500872022937983274459838867187500000e-04
-3.6041120883969774823379905726028482604306191205978393554687500000e-04
-3.6021102596049030600267037982575857313349843025207519531250000000e-04
-3.6001038740762688348043263353304155316436663269996643066406250000e-04
-3.5980929968779562684588757548453941126354038715362548828125000000e-04
-3.5960776924429279071543374968200623698066920042037963867187500000e-04
-3.5940580245850787827893713100024797313380986452102661132812500000e-04
-3.5920340564940620581291241819599235896021127700805664062500000000e-04
-3.5900058507531008421959084486729807395022362470626831054687500000e-04
-3.5879734693365134988105036306649253674549981951713562011718750000e-04
-3.5859369736208332240731677664768994873156771063804626464843750000e-04
-3.5838964243861475781477432533961291483137756586074829101562500000e-04
-3.5818518818290644590424109949822195630986243486404418945312500000e-04
-3.5798034055589190213092498638047800341155380010604858398437500000e-04
-3.5777510546143408273409014519472748361295089125633239746093750000e-04
-3.5756948874596505014503144970205994468415156006813049316406250000e-04
-3.5736349619962178318297030266137426224304363131523132324218750000e-04
-3.5715713355662841253096440041758796724025160074234008789062500000e-04
-3.5695040649572805846120870931770241440972313284873962402343750000e-04
-3.5674332064107371976016680470422670623520389199256896972656250000e-04
-3.5653588156226047453309369039686771429842337965965270996093750000e-04
-3.5632809477547440924621868774124777701217681169509887695312500000e-04
-3.5611996574346285737711070851219119504094123840332031250000000000e-04
-3.5591149987636907245716622050224486883962526917457580566406250000e-04
-3.5570270253228674327272695876445141038857400417327880859375000000e-04
-3.5549357901748258057109119967265087325358763337135314941406250000e-04
-3.5528413458727002138121120466962565842550247907638549804687500000e-04
-3.5507437444623495990600470229026086599333211779594421386718750000e-04
-3.5486430374885423065164924416592384659452363848686218261718750000e-04
-3.5465392759997862049542449724981452163774520158767700195312500000e-04
-3.5444325105531468813116480198743829532759264111518859863281250000e-04
-3.5423227912182288310699584954477359133306890726089477539062500000e-04
-3.5402101675852820378970209347357922524679452180862426757812500000e-04
-3.5380946887630655532663848106267323601059615612030029296875000000e-04
-3.5359764033923159979450057122107864415738731622695922851562500000e-04
-3.5338553596423952088759201650702834740513935685157775878906250000e-04
-3.5317316052217798951970428866786733124172315001487731933593750000e-04
-3.5296051873787533592272125382294234441360458731651306152343750000e-04
-3.5274761529071815835401082495081936940550804138183593750000000000e-04
-3.5253445481523803910206549261374675552360713481903076171875000000e-04
-3.5232104190126073070543633036777464440092444419860839843750000000e-04
-3.5210738109453418006114522320615378703223541378974914550781250000e-04
-3.5189347689725713119388017524613587738713249564170837402343750000e-04
-3.5167933376806654851079447787753906595753505825996398925781250000e-04
-3.5146495612303860645725395173144534055609256029129028320312500000e-04
-3.5125034833572360082679097992297556629637256264686584472656250000e-04
-3.5103551473752249217560872374122027395060285925865173339843750000e-04
-3.5082045961845956250080291738413507118821144104003906250000000000e-04
-3.5060518722715563544670147599902065849164500832557678222656250000e-04
-3.5038970177143110955320093324871777440421283245086669921875000000e-04
-3.5017400741887483913566958548813090601470321416854858398437500000e-04
-3.4995810829680559089771563208159932401031255722045898437500000000e-04
-3.4974200849303759908517919008374974509933963418006896972656250000e-04
-3.4952571205612293888179142875571869808482006192207336425781250000e-04
-3.4930922299562230590175282429754588520154356956481933593750000000e-04
-3.4909254528276155481528175705818739515962079167366027832031250000e-04
-3.4887568285045663599858167813749787455890327692031860351562500000e-04
-3.4865863959393955965812561537120473076356574892997741699218750000e-04
-3.4844141937106549609601269246184074290795251727104187011718750000e-04
-3.4822402600248451333408983288109084242023527622222900390625000000e-04
-3.4800646327236745046843080508836010267259553074836730957031250000e-04
-3.4778873492838320363382265121288128284504637122154235839843750000e-04
-3.4757084468217149236107799126216377771925181150436401367187500000e-04
-3.4735279620996530004425895121755729633150622248649597167968750000e-04
-3.4713459315232540703874408727358513715444132685661315917968750000e-04
-3.4691623911510533059474048478421082108980044722557067871093750000e-04
-3.4669773766951729855947950120764744497137144207954406738281250000e-04
-3.4647909235221985291275359486462548375129699707031250000000000000e-04
-3.4626030666615680540798560826942775747738778591156005859375000000e-04
-3.4604138408050676796109956789848638436524197459220886230468750000e-04
-3.4582232803102370055289838113310452172299847006797790527343750000e-04
-3.4560314192062086251916452894761278002988547086715698242187500000e-04
-3.4538382911925453186766099555882192362332716584205627441406250000e-04
-3.4516439296476979139288721043499208462890237569808959960937500000e-04
-3.4494483676262107556612090952796734200092032551765441894531250000e-04
-3.4472516378678008143465749668621356249786913394927978515625000000e-04
-3.4450537727947713219356362657208592281676828861236572265625000000e-04
-3.4428548045183310442191038092119015345815569162368774414062500000e-04
-3.4406547648420040966601995968687788263196125626564025878906250000e-04
-3.4384536852610211648748061996627711778273805975914001464843750000e-04
-3.4362515969692031042245772276544357737293466925621032714843750000e-04
-3.4340485308601812093620697652340822969563305377960205078125000000e-04
-3.4318445175273766143894671465375267871422693133354187011718750000e-04
-3.4296395872747371469727029058560674457112327218055725097656250000e-04
-3.4274337701090286508950888411106916464632377028465270996093750000e-04
-3.4252270957506390607061330655369602027349174022674560546875000000e-04
-3.4230195936348620970937628449348721915157511830329895019531250000e-04
-3.4208112929089677526142687646881768159801140427589416503906250000e-04
-3.4186022224436574297457003268618791480548679828643798828125000000e-04
-3.4163924108289027729498665841845195245696231722831726074218750000e-04
-3.4141818863786196642379211496631796762812882661819458007812500000e-04
-3.4119706771358517937570153932824723597150295972824096679687500000e-04
-3.4097588108697771775920659642622467799810692667961120605468750000e-04
-3.4075463150844370694564355872557825932744890451431274414062500000e-04
-3.4053332170159999765096658919105720997322350740432739257812500000e-04
-3.4031195436394262501117458086241640558000653982162475585937500000e-04
-3.4009053216677579334001335631398887926479801535606384277343750000e-04
-3.3986905775559351529369056521545644500292837619781494140625000000e-04
-3.3964753375039159104600838823273534217150881886482238769531250000e-04
-3.3942596274569731542788963984946803975617513060569763183593750000e-04
-3.3920434731106598831226750512257694936124607920646667480468750000e-04
-3.3898268999110568863372683345858149550622329115867614746093750000e-04
-3.3876099330575103543705672848318499745801091194152832031250000000e-04
-3.3853925975068418358082666941299976315349340438842773437500000000e-04
-3.3831749179720428579581925632169259188231080770492553710937500000e-04
-3.3809569189280130668481816336168321868171915411949157714843750000e-04
-3.3787386246113845864741387359231339360121637582778930664062500000e-04
-3.3765200590241280752257235775459776050411164760589599609375000000e-04
-3.3743012459352467917808593433903752156766131520271301269531250000e-04
-3.3720822088825422183436253398269855097169056534767150878906250000e-04
-3.3698629711760406816103974314557945035630837082862854003906250000e-04
-3.3676435558977114602050018099532735504908487200736999511718750000e-04
-3.3654239859068281644216558134985461947508156299591064453125000000e-04
-3.3632042838396228757319450508589397941250354051589965820312500000e-04
-3.3609844721106869359916746731187231489457190036773681640625000000e-04
-3.3587645729190880160980325896957765507977455854415893554687500000e-04
-3.3565446082448838639039623288340408180374652147293090820312500000e-04
-3.3543245998551976310916855616994780575623735785484313964843750000e-04
-3.3521045693057552718532865476674942328827455639839172363281250000e-04
-3.3498845379393378442894890767433935252483934164047241210937500000e-04
-3.3476645268936072816906568405670441279653459787368774414062500000e-04
-3.3454445570969679928444162619882717990549281239509582519531250000e-04
-3.3432246492748590293436761200496221135836094617843627929687500000e-04
-3.3410048239497215595214529848533402400789782404899597167968750000e-04
-3.3387851014428382174364928758336645842064172029495239257812500000e-04
-3.3365655018767920734004683858131556917214766144752502441406250000e-04
-3.3343460451774333767188673860459857678506523370742797851562500000e-04
-3.3321267510742785420904676918496534199221059679985046386718750000e-04
-3.3299076391043091940197262701417457719799131155014038085937500000e-04
-3.3276887286125348677442992162411883327877148985862731933593750000e-04
-3.3254700387531910526356382362678232311736792325973510742187500000e-04
-3.3232515884935507049363634379801624163519591093063354492187500000e-04
-3.3210333966136835548779715487910380034008994698524475097656250000e-04
-3.3188154817078053962844941260357245482737198472023010253906250000e-04
-3.3165978621899403324183031038785429700510576367378234863281250000e-04
-3.3143805562895454781130455401694234751630574464797973632812500000e-04
-3.3121635820571661583053280075716884311987087130546569824218750000e-04
-3.3099469573676391833533250164123273862060159444808959960937500000e-04
-3.3077306999146821380949901048040828754892572760581970214843750000e-04
-3.3055148272216291517600073035509922192431986331939697265625000000e-04
-3.3032993566365183779262593155578997539123520255088806152343750000e-04
-3.3010843053343178615799402564334741327911615371704101562500000000e-04
-3.2988696903230995283867743594896637659985572099685668945312500000e-04
-3.2966555284394931249827842556499035708839073777198791503906250000e-04
-3.2944418363541907134039998794605708098970353603363037109375000000e-04
-3.2922286305727934329831696480539449112256988883018493652343750000e-04
-3.2900159274359074522420254282906171283684670925140380859375000000e-04
-3.2878037431224345224847760427167031593853607773780822753906250000e-04
-3.2855920936494196473928730561908650997793301939964294433593750000e-04
-3.2833809948754083150521121403642155200941488146781921386718750000e-04
-3.2811704624998832549240268541268505941843613982200622558593750000e-04
-3.2789605120656952191166011445488948083948343992233276367187500000e-04
-3.2767511589619193130076824083118935959646478295326232910156250000e-04
-3.2745424184204224111668923846707457414595410227775573730468750000e-04
-3.2723343055246332687288624008203896664781495928764343261718750000e-04
-3.2701268352047172796245866344122532609617337584495544433593750000e-04
-3.2679200222392705424759307142323905281955376267433166503906250000e-04
-3.2657138812649226392373358329734855942660942673683166503906250000e-04
-3.2635084267629911906546946731566549715353175997734069824218750000e-04
-3.2613036730748027171647440702884068741695955395698547363281250000e-04
-3.2590996343983148070266864237964909989386796951293945312500000000e-04
-3.2568963247793118525805211582735410047462210059165954589843750000e-04
-3.2546937581367222551767537375155825429828837513923645019531250000e-04
-3.2524919482344150740635302376801973878173157572746276855468750000e-04
-3.2502909087040441661609069257110604667104780673980712890625000000e-04
-3.2480906530463801284297487015351180161815136671066284179687500000e-04
-3.2458911946026499555431610311018175707431510090827941894531250000e-04
-3.2436925466114045280355271394512328697601333260536193847656250000e-04
-3.2414947221480813885005622942969694122439250349998474121093750000e-04
-3.2392977341629729595706699285528884502127766609191894531250000000e-04
-3.2371015954996216600764169513126944366376847028732299804687500000e-04
-3.2349063188154747374575270768559676071163266897201538085937500000e-04
-3.2327119167043400242353423656993527401937171816825866699218750000e-04
-3.2305184015879608418544965964258608437376096844673156738281250000e-04
-3.2283257857517681094217110171484819147735834121704101562500000000e-04
-3.2261340814300129824915286391728841408621519804000854492187500000e-04
-3.2239433006111167844334741694467538764001801609992980957031250000e-04
-3.2217534552769565943039498101541084906784817576408386230468750000e-04
-3.2195645572368776889463082291342743701534345746040344238281250000e-04
-3.2173766181139436910393913926498044020263478159904479980468750000e-04
-3.2151896495914955272435453714763298194156959652900695800781250000e-04
-3.2130036629981453995263951384231404517777264118194580078125000000e-04
-3.2108186697254759720335237638266789872432127594947814941406250000e-04
-3.2086346810345991878779536854437992587918415665626525878906250000e-04
-3.2064517078566983059734196714885001711081713438034057617187500000e-04
-3.2042697614051543529914423125148914550663903355598449707031250000e-04
-3.2020888523539100698964143809632787451846525073051452636718750000e-04
-3.1999089915000123070243365219766928930766880512237548828125000000e-04
-3.1977301896649843208561558860481000010622665286064147949218750000e-04
-3.1955524570085512775854952316478829743573442101478576660156250000e-04
-3.1933758043814296613896464016590925893979147076606750488281250000e-04
-3.1912002418210672332471444789803172170650213956832885742187500000e-04
-3.1890257794621809520410615768071238562697544693946838378906250000e-04
-3.1868524278883892178471093359348742524161934852600097656250000000e-04
-3.1846801963205761780428826313027457217685878276824951171875000000e-04
-3.1825090953820024588377668450789315102156251668930053710937500000e-04
-3.1803391345533639110107482217415508785052224993705749511718750000e-04
-3.1781703230915120048094557603235443821176886558532714843750000000e-04
-3.1760026717164745787419510847371384443249553442001342773437500000e-04
-3.1738361884254060038199063420449874683981761336326599121093750000e-04
-3.1716708837345312151784204601767669373657554388046264648437500000e-04
-3.1695067668137877001099944607176439603790640830993652343750000000e-04
-3.1673438455476280979986047903196322295116260647773742675781250000e-04
-3.1651821314482157018049823804517473035957664251327514648437500000e-04
-3.1630216308569075300133333072949426423292607069015502929687500000e-04
-3.1608623541932079261534971337255228718277066946029663085937500000e-04
-3.1587043109458932997959945687682647985639050602912902832031250000e-04
-3.1565475066010830222304472947314479824854061007499694824218750000e-04
-3.1543919545432767652382022305346254142932593822479248046875000000e-04
-3.1522376589527211724478528154236300906632095575332641601562500000e-04
-3.1500846297763640231973103489337972860084846615791320800781250000e-04
-3.1479328781914688592871720551613634597742930054664611816406250000e-04
-3.1457824054267061663833771056886234873672947287559509277343750000e-04
-3.1436332283987686005491402063682926382170990109443664550781250000e-04
-3.1414853486312166279403879087794848601333796977996826171875000000e-04
-3.1393387744088304455031268602738236950244754552841186523437500000e-04
-3.1371935214497210023254503141743043670430779457092285156250000000e-04
-3.1350495833306333583190284031161354505456984043121337890625000000e-04
-3.1329069828361005628156177316157027235021814703941345214843750000e-04
-3.1307657191258957476986957146891654701903462409973144531250000000e-04
-3.1286257955971756008692330475184917304432019591331481933593750000e-04
-3.1264872376845668578218551125758040143409743905067443847656250000e-04
-3.1243500263156289515828478720038674509851261973381042480468750000e-04
-3.1222141928178442655400504079921120137441903352737426757812500000e-04
-3.1200797354235555985252359434412028349470347166061401367187500000e-04
-3.1179466465791480988753447967098963999887928366661071777343750000e-04
-3.1158149708234811293625088346459506283281370997428894042968750000e-04
-3.1136846676969848592489431560181856184499338269233703613281250000e-04
-3.1115557799613101711000417992636357666924595832824707031250000000e-04
-3.1094283112956613585736720395402699068654328584671020507812500000e-04
-3.1073022294093036654513695360435576731106266379356384277343750000e-04
-3.1051776126380888944089608827425763593055307865142822265625000000e-04
-3.1030543906448819491128432446203078143298625946044921875000000000e-04
-3.1009326167215817181624371023929143120767548680305480957031250000e-04
-3.0988123099535589636405186197976036055479198694229125976562500000e-04
-3.0966933956213957496519939560641887510428205132484436035156250000e-04
-3.0945760087790468578772262731035880278795957565307617187500000000e-04
-3.0924600298400394026224202725927625579060986638069152832031250000e-04
-3.0903455231902886030798116578921508335042744874954223632812500000e-04
-3.0882325517907048160679006620910058700246736407279968261718750000e-04
-3.0861209517438399109467983549848213442601263523101806640625000000e-04
-3.0840109498722460563274738731820434622932225465774536132812500000e-04
-3.0819023780084305172075054279900996334617957472801208496093750000e-04
-3.0797952816608280962595856067309796344488859176635742187500000000e-04
-3.0776897998385929159509410979467247670982033014297485351562500000e-04
-3.0755856568730460115501657014647207688540220260620117187500000000e-04
-3.0734832015403266460007447591351592564024031162261962890625000000e-04
-3.0713821715940410562659113047345726954517886042594909667968750000e-04
-3.0692826113745886500508430749789567926200106739997863769531250000e-04
-3.0671848078789412965147742617944004450691863894462585449218750000e-04
-3.0650882266137981398135270438842781004495918750762939453125000000e-04
-3.0629934378030159196001913635143409919692203402519226074218750000e-04
-3.0609001458019628131440592611056672467384487390518188476562500000e-04
-3.0588082270737468413429605007536338234785944223403930664062500000e-04
-3.0567181980279393592112024968798777990741655230522155761718750000e-04
-3.0546293554496386927002427036370590940350666642189025878906250000e-04
-3.0525424072894055379026601038106036867247894406318664550781250000e-04
-3.0504568687707853472113050941061374032869935035705566406250000000e-04
-3.0483727442447470330419423412138257845072075724601745605468750000e-04
-3.0462907847715039663660796520616713678464293479919433593750000000e-04
-3.0442095874501422193489363898777355643687769770622253417968750000e-04
-3.0421305840262969277451587934990584471961483359336853027343750000e-04
-3.0400532226327882075536668260440364974783733487129211425781250000e-04
-3.0379767832307838981362180241774240130325779318809509277343750000e-04
-3.0359028065346163735224727098227504029637202620506286621093750000e-04
-3.0338298169782203575484125224193121539428830146789550781250000000e-04
-3.0317588479496145612360202825641408708179369568824768066406250000e-04
-3.0296891230526603070935531825114139792276546359062194824218750000e-04
-3.0276210938741219972150653383380358718568459153175354003906250000e-04
-3.0255556268571316084342592844791397510562092065811157226562500000e-04
-3.0234896919762029813411041700987880176398903131484985351562500000e-04
-3.0214274555520555286605710598735186067642644047737121582031250000e-04
-3.0193665873835156317900318967417661042418330907821655273437500000e-04
-3.0173054705238163807762274970514226879458874464035034179687500000e-04
-3.0152483750113816436677627308426963281817734241485595703125000000e-04
-3.0131918448040722084343978615095238637877628207206726074218750000e-04
-3.0111373035938157703000905840440282190684229135513305664062500000e-04
-3.0090828082059828786978816772545997082488611340522766113281250000e-04
-3.0070325881541255319887029351377805141964927315711975097656250000e-04
-3.0049845797863538416835882394195778033463284373283386230468750000e-04
-3.0029310773149698807205076889204065082594752311706542968750000000e-04
-3.0008894161775398782762702687421096925390884280204772949218750000e-04
-2.9988459128084458916660426375244696828303858637809753417968750000e-04
-2.9967955741805275739902958420657341775950044393539428710937500000e-04
-2.9947603184448854350685476077842395170591771602630615234375000000e-04
-2.9927219189129663882986687184484253521077334880828857421875000000e-04
-2.9906781237368766255754759519902563624782487750053405761718750000e-04
-2.9886421764442838927902656998014663258800283074378967285156250000e-04
-2.9866155089121391823236972840049929800443351268768310546875000000e-04
-2.9845774834166789507214345711361147550633177161216735839843750000e-04
-2.9825349452675597658468653605723375221714377403259277343750000000e-04
-2.9805274901963606758170666211071875295601785182952880859375000000e-04
-2.9784909932400446602382415584031605249037966132164001464843750000e-04
-2.9764435975394317292555546039523051149444654583930969238281250000e-04
-2.9744509169301865201401335880859733151737600564956665039062500000e-04
-2.9724192027645514758288358692084329959470778703689575195312500000e-04
-2.9703728146858866636381701908931063371710479259490966796875000000e-04
-2.9683714869139799777050803264444311935221776366233825683593750000e-04
-2.9663632886024217643478051442684773064684122800827026367187500000e-04
-2.9643095568462012436364294565294130734400823712348937988281250000e-04
-2.9622759434343734832872918616430979454889893531799316406250000000e-04
-2.9602914783611456025699815164387018739944323897361755371093750000e-04
