1.1243214637657825138994382996315835043787956237792968750000000000e-01
1.1188358522786691351402765803868533112108707427978515625000000000e-01
1.1134059140219791650405767313714022748172283172607421875000000000e-01
1.1079834658248624568166462722729193046689033508300781250000000000e-01
1.1026586198401405747304693250043783336877822875976562500000000000e-01
1.0973499891544212514471468011834076605737209320068359375000000000e-01
1.0921117241467501179918997422646498307585716247558593750000000000e-01
1.0869138186873467111226432280091103166341781616210937500000000000e-01
1.0817666688191415746977952494489727541804313659667968750000000000e-01
1.0766687481822952154875139285650220699608325958251953125000000000e-01
1.0716164862417465464261567831272259354591369628906250000000000000e-01
1.0666121836336021899693804471098701469600200653076171875000000000e-01
1.0616536480041417755959543001154088415205478668212890625000000000e-01
1.0567406176078183999145210236747516319155693054199218750000000000e-01
1.0518726584451991434843165507118101231753826141357421875000000000e-01
1.0470489347221122178321905948905623517930507659912109375000000000e-01
1.0422689554638575604172956445836462080478668212890625000000000000e-01
1.0375321154743404050702082486168364994227886199951171875000000000e-01
1.0328378108815473856996192125734523870050907135009765625000000000e-01
1.0281854809760386515460339751371066085994243621826171875000000000e-01
1.0235745526925779658178328190842876210808753967285156250000000000e-01
1.0190044655358838909808838479875703342258930206298828125000000000e-01
1.0144746703042926971871651176115847192704677581787109375000000000e-01
1.0099846238791831964931589027401059865951538085937500000000000000e-01
1.0055337929746752112514229793305275961756706237792968750000000000e-01
1.0011216533452424459760266017838148400187492370605468750000000000e-01
9.9674768938240079774182333949283929541707038879394531250000000000e-02
9.9241139460674934746897690729383612051606178283691406250000000000e-02
9.8811227145494298640393537880299845710396766662597656250000000000e-02
9.8384983119668159567972054446727270260453224182128906250000000000e-02
9.7962359392184922279867009820009116083383560180664062500000000000e-02
9.7543308840588691110973229569935938343405723571777343750000000000e-02
9.7127785199224561663022825541702331975102424621582031250000000000e-02
9.6715743046966493046134871747199213132262229919433593750000000000e-02
9.6307137792061986436564779978652950376272201538085937500000000000e-02
9.5901925657241815503795123731833882629871368408203125000000000000e-02
9.5500063663285519877099716268276097252964973449707031250000000000e-02
9.5101509612681350835927673870173748582601547241210937500000000000e-02
9.4706222073640738967625907207548152655363082885742187500000000000e-02
9.4314160360859725096283057155233109369874000549316406250000000000e-02
9.3925284521153895589407056831987574696540832519531250000000000000e-02
9.3539555316566797005251032715023029595613479614257812500000000000e-02
9.3156934202276622802862959815684007480740547180175781250000000000e-02
9.2777383319472564449092999439017148688435554504394531250000000000e-02
9.2400865474028245905024903095181798562407493591308593750000000000e-02
9.2027344111408171389854260269203223288059234619140625000000000000e-02
9.1656783326254889776585343952319817617535591125488281250000000000e-02
9.1289147825340671849048135300108697265386581420898437500000000000e-02
9.0924402902374815149677544923179084435105323791503906250000000000e-02
9.0562514479924222099427311150066088885068893432617187500000000000e-02
9.0203449032115412542509602644713595509529113769531250000000000000e-02
8.9847173567636912094869217071391176432371139526367187500000000000e-02
8.9493655733447835531890746096905786544084548950195312500000000000e-02
8.9142863646312700542928553204546915367245674133300781250000000000e-02
8.8794765901843208943944318889407441020011901855468750000000000000e-02
8.8449331800680555670801652468071551993489265441894531250000000000e-02
8.8106530982919525896157608713110676035284996032714843750000000000e-02
8.7766333498037613081166341544303577393293380737304687500000000000e-02
8.7428710282846405776879805671342182904481887817382812500000000000e-02
8.7093632380626256894728953739104326814413070678710937500000000000e-02
8.6761071134250300485035722886095754802227020263671875000000000000e-02
8.6430999192416896326207620404602494090795516967773437500000000000e-02
8.6103388871722155717414182163338409736752510070800781250000000000e-02
8.5778212572258621948506629451003391295671463012695312500000000000e-02
8.5455444903811142443039727822906570509076118469238281250000000000e-02
8.5135059300671042659125475893233669921755790710449218750000000000e-02
8.4817028815639877725729434132517781108617782592773437500000000000e-02
8.4501330597842927438989590882556512951850891113281250000000000000e-02
8.4187938970638268032509188287804136052727699279785156250000000000e-02
8.3876826928486594714406976436293916776776313781738281250000000000e-02
8.3567975350288065117254632241383660584688186645507812500000000000e-02
8.3261358995419393336234747948765289038419723510742187500000000000e-02
8.2956949704694776803748368365631904453039169311523437500000000000e-02
8.2654734272973151565366833892767317593097686767578125000000000000e-02
8.2354686958391529194578595252096420153975486755371093750000000000e-02
8.2056777006484296621557916751044103875756263732910156250000000000e-02
8.1761000161827968035765934473602101206779479980468750000000000000e-02
8.1467328986887993513832384451234247535467147827148437500000000000e-02
8.1175724035521978905194373510312288999557495117187500000000000000e-02
8.0886186242393742773515441513154655694961547851562500000000000000e-02
8.0598685439694797705278972443920793011784553527832031250000000000e-02
8.0313190150296837055421406148525420576333999633789062500000000000e-02
8.0029697691366988299144225038617150858044624328613281250000000000e-02
7.9748168924330078977114055760466726496815681457519531250000000000e-02
7.9468573208455836609509503887238679453730583190917968750000000000e-02
7.9190901112910244696863060198666062206029891967773437500000000000e-02
7.8915126340799959803185004147962899878621101379394531250000000000e-02
7.8641225832598360412362126226071268320083618164062500000000000000e-02
7.8369188789427543517795982097595697268843650817871093750000000000e-02
7.8098993968006999444320115344453370198607444763183593750000000000e-02
7.7830620168287067972556769746006466448307037353515625000000000000e-02
7.7564053501639640408882314659422263503074645996093750000000000000e-02
7.7299275385027163554063633910118369385600090026855468750000000000e-02
7.7036266128219760274120631038385909050703048706054687500000000000e-02
7.6775010493248502241314668026461731642484664916992187500000000000e-02
7.6515491392548137805640351416514022275805473327636718750000000000e-02
7.6257690487382165378527076882164692506194114685058593750000000000e-02
7.6001592075790047609018529328750446438789367675781250000000000000e-02
7.5747179989532703592303164441545959562063217163085937500000000000e-02
7.5494437050509483055904524917423259466886520385742187500000000000e-02
7.5243347582693922981356138279807055369019508361816406250000000000e-02
7.4993896063589124412196440516709117218852043151855468750000000000e-02
7.4746066291044507834406829260842641815543174743652343750000000000e-02
7.4499842885279707327406129024893743917346000671386718750000000000e-02
7.4255210850157488122746940462093334645032882690429687500000000000e-02
7.4012154802619981031064355647686170414090156555175781250000000000e-02
7.3770659799274287959924834012781502678990364074707031250000000000e-02
7.3530711324998943023700803678366355597972869873046875000000000000e-02
7.3292294692788709231656696374557213857769966125488281250000000000e-02
7.3055395460424499276541610015556216239929199218750000000000000000e-02
7.2819999576975324995231630964553914964199066162109375000000000000e-02
7.2586092963207907158285081550275208428502082824707031250000000000e-02
7.2353661696945875680953008668438997119665145874023437500000000000e-02
7.2122692184528922054731481239286949858069419860839843750000000000e-02
7.1893170893244831565205288370634661987423896789550781250000000000e-02
7.1665084413887955583355449107330059632658958435058593750000000000e-02
7.1438419605233352549511494089529151096940040588378906250000000000e-02
7.1213163437470070049606363227212568745017051696777343750000000000e-02
7.0989302995352041025789446848648367449641227722167968750000000000e-02
7.0766825583515713393722990076639689505100250244140625000000000000e-02
7.0545718642508886686570690471853595227003097534179687500000000000e-02
7.0325969727905168760173637565458193421363830566406250000000000000e-02
7.0107566580491775809491628024261444807052612304687500000000000000e-02
6.9890497085591571369000973845686530694365501403808593750000000000e-02
6.9674749246215167408635693391261156648397445678710937500000000000e-02
6.9460311226793067240770085390977328643202781677246093750000000000e-02
6.9247171336022622645245405692548956722021102905273437500000000000e-02
6.9035318002299714268410468775982735678553581237792968750000000000e-02
6.8824739799257031447332622065005125477910041809082031250000000000e-02
6.8615425440186908478956695489614503458142280578613281250000000000e-02
6.8407363758501871231487712066154927015304565429687500000000000000e-02
6.8200543721555845211312885112420190125703811645507812500000000000e-02
6.7994954430091597563645677837484981864690780639648437500000000000e-02
6.7790585103829889557225385487981839105486869812011718750000000000e-02
6.7587425088102573433879172171145910397171974182128906250000000000e-02
6.7385463855029942292773625922563951462507247924804687500000000000e-02
6.7184690993356249721912831773806829005479812622070312500000000000e-02
6.6985096210852107523336940175795461982488632202148437500000000000e-02
6.6786669335790124768514886000048136338591575622558593750000000000e-02
6.6589400309854732129544174767943331971764564514160156250000000000e-02
6.6393279188247944500034236625651828944683074951171875000000000000e-02
6.6198296140791576536166473943012533709406852722167968750000000000e-02
6.6004441447021569566722121180646354332566261291503906250000000000e-02
6.5811705495133113186234652403072686865925788879394531250000000000e-02
6.5620078782593696531399984905874589458107948303222656250000000000e-02
6.5429551912637551325246931810397654771804809570312500000000000000e-02
6.5240115592687358825330079525883775204420089721679687500000000000e-02
6.5051760634513094982978032021492253988981246948242187500000000000e-02
6.4864477951643240150048086434253491461277008056640625000000000000e-02
6.4678258557626544522634048917097970843315124511718750000000000000e-02
6.4493093565769848973801003921835217624902725219726562500000000000e-02
6.4308974187236120356736535086383810266852378845214843750000000000e-02
6.4125891729235662275243612384656444191932678222656250000000000000e-02
6.3943837594460040119059840435511432588100433349609375000000000000e-02
6.3762803279592022986932420280936639755964279174804687500000000000e-02
6.3582780373644148808054410437762271612882614135742187500000000000e-02
6.3403760557134467013007395053136860951781272888183593750000000000e-02
6.3225735600802815405963031025748932734131813049316406250000000000e-02
6.3048697364158592937322111993125872686505317687988281250000000000e-02
6.2872637794481947559610546250041807070374488830566406250000000000e-02
6.2697548925673460273877424242527922615408897399902343750000000000e-02
6.2523422876941472936529464732302585616707801818847656250000000000e-02
6.2350251851789509349721640774077968671917915344238281250000000000e-02
6.2178028136907724510162864817175432108342647552490234375000000000e-02
6.2006744100984834133782896969933062791824340820312500000000000000e-02
6.1836392193659453497822653389448532834649085998535156250000000000e-02
6.1666964944484765898113920457035419531166553497314453125000000000e-02
6.1498454961878279423359572319895960390567779541015625000000000000e-02
6.1330854932045396343820442552896565757691860198974609375000000000e-02
6.1164157617943276656902185095532331615686416625976562500000000000e-02
6.0998355858433279952368621934510883875191211700439453125000000000e-02
6.0833442567074909324009723832205054350197315216064453125000000000e-02
6.0669410731313801188324674740215414203703403472900390625000000000e-02
6.0506253411484405002607189771879347972571849822998046875000000000e-02
6.0343963739865169593201699171913787722587585449218750000000000000e-02
6.0182534919683623730879418189942953176796436309814453125000000000e-02
6.0021960224372512826551684383957763202488422393798828125000000000e-02
5.9862232996467118484318348237138707190752029418945312500000000000e-02
5.9703346646981472756188225048390449956059455871582031250000000000e-02
5.9545294654105893061846188629715470597147941589355468750000000000e-02
5.9388070562994610401830186674487777054309844970703125000000000000e-02
5.9231667984161635864825967701108311302959918975830078125000000000e-02
5.9076080593445275124242499487081659026443958282470703125000000000e-02
5.8921302130259090024111401362461037933826446533203125000000000000e-02
5.8767326398104030582558721107488963752985000610351562500000000000e-02
5.8614147261793550502950722602690802887082099914550781250000000000e-02
5.8461758649417341904275247088662581518292427062988281250000000000e-02
5.8310154548119809414519210122307413257658481597900390625000000000e-02
5.8159329007480609075031452448456548154354095458984375000000000000e-02
5.8009276133799851649097689687550882808864116668701171875000000000e-02
5.7859990095437900670116704304746235720813274383544921875000000000e-02
5.7711465114442216106649397033834247849881649017333984375000000000e-02
5.7563695475630324849269925380212953314185142517089843750000000000e-02
5.7416675513382690876351688302747788839042186737060546875000000000e-02
5.7270399626605059117956386671721702441573143005371093750000000000e-02
5.7124862258802713843586218445125268772244453430175781250000000000e-02
5.6980057920763875489722494194211321882903575897216796875000000000e-02
5.6835981161695761643137814189685741439461708068847656250000000000e-02
5.6692626602692752779688589725992642343044281005859375000000000000e-02
5.6549988894472304201688217517585144378244876861572265625000000000e-02
5.6408062767734100384497963887042715214192867279052734375000000000e-02
5.6266842970292337000604021568506141193211078643798828125000000000e-02
5.6126324341735582545975802304383250884711742401123046875000000000e-02
5.5986501722629970767552975985381635837256908416748046875000000000e-02
5.5847370061171262844990081930518499575555324554443359375000000000e-02
5.5708924285626591765829829228096059523522853851318359375000000000e-02
5.5571159453844075348794007140895701013505458831787109375000000000e-02
5.5434070575147056936238243451953167095780372619628906250000000000e-02
5.5297652819726691997281875501357717439532279968261718750000000000e-02
5.5161901270487263826414192635638755746185779571533203125000000000e-02
5.5026811212856935329185148475517053157091140747070312500000000000e-02
5.4892377795968762266287654938423656858503818511962890625000000000e-02
5.4758596423995109514493151436909101903438568115234375000000000000e-02
5.4625462303335363400957902513255248777568340301513671875000000000e-02
5.4492970963049697230573542583442758768796920776367187500000000000e-02
5.4361117655254108382845146252293488942086696624755859375000000000e-02
5.4229898041926231921916468081690254621207714080810546875000000000e-02
5.4099307408837463140294232744054170325398445129394531250000000000e-02
5.3969341558623422361318233697602408938109874725341796875000000000e-02
5.3839995798994746967203184340178268030285835266113281250000000000e-02
5.3711266081623118551213735827332129701972007751464843750000000000e-02
5.3583147722842588978053868231654632836580276489257812500000000000e-02
5.3455636834226612219556074023785186000168323516845703125000000000e-02
5.3328728725202521887549522716653882525861263275146484375000000000e-02
5.3202419678937705460608498242436326108872890472412109375000000000e-02
5.3076704983778956459250508714831084944307804107666015625000000000e-02
5.2951581103358853763740654585490119643509387969970703125000000000e-02
5.2827043294055027466971097283021663315594196319580078125000000000e-02
5.2703088206723959496802223156919353641569614410400390625000000000e-02
5.2579711055318570367411723509576404467225074768066406250000000000e-02
5.2456908685173178619187694948777789250016212463378906250000000000e-02
5.2334676258166630546941888724177260883152484893798828125000000000e-02
5.2213010817711034972088413042001775465905666351318359375000000000e-02
5.2091907471017641351185289977365755476057529449462890625000000000e-02
5.1971363454211570720442381343673332594335079193115234375000000000e-02
5.1851373825962811248135864161667996086180210113525390625000000000e-02
5.1731936003281804581366287720811669714748859405517578125000000000e-02
5.1613045006766104794149185863716411404311656951904296875000000000e-02
5.1494698418566423048225999536953167989850044250488281250000000000e-02
5.1376891237791079414254369339687400497496128082275390625000000000e-02
5.1259621186331469355756951244984520599246025085449218750000000000e-02
5.1142883271536154765612991468515247106552124023437500000000000000e-02
5.1026675315182588865692281387964612804353237152099609375000000000e-02
5.0910992375540219112561857173204771243035793304443359375000000000e-02
5.0795832325243032989714464520147885195910930633544921875000000000e-02
5.0681190321687288879992649981431895866990089416503906250000000000e-02
5.0567064235370565161709066615003393962979316711425781250000000000e-02
5.0453449377040528178728351349491276778280735015869140625000000000e-02
5.0340343551938449007110421007382683455944061279296875000000000000e-02
5.0227742291720139933275390831113327294588088989257812500000000000e-02
5.0115643260576332729261395115827326662838459014892578125000000000e-02
5.0004042286542600692644811033460428006947040557861328125000000000e-02
4.9892936816253501131068759377740207128226757049560546875000000000e-02
4.9782323044496895603217012649110984057188034057617187500000000000e-02
4.9672198130762068579713286453625187277793884277343750000000000000e-02
4.9562558702562611867570296908525051549077033996582031250000000000e-02
4.9453401563058198286970679191654198803007602691650390625000000000e-02
4.9344723840019380500798718003352405503392219543457031250000000000e-02
4.9236521912718711480039246453088708221912384033203125000000000000e-02
4.9128793467117841398117406015444430522620677947998046875000000000e-02
4.9021534410185488295219613519293488934636116027832031250000000000e-02
4.8914743018640828575716028581155114807188510894775390625000000000e-02
4.8808414704492625313392295538506004959344863891601562500000000000e-02
4.8702548346704406523333119594099116511642932891845703125000000000e-02
4.8597138855266966417367768826807150617241859436035156250000000000e-02
4.8492185709159495166087339157456881366670131683349609375000000000e-02
4.8387683327371679153916517179823131300508975982666015625000000000e-02
4.8283631759737891120387587307050125673413276672363281250000000000e-02
4.8180024981053420907173290288483258336782455444335937500000000000e-02
4.8076863543403361433981046957342186942696571350097656250000000000e-02
4.7974141059840103018530044209910556674003601074218750000000000000e-02
4.7871858490055728407863711026948294602334499359130859375000000000e-02
4.7770009184446557415348877384531078860163688659667968750000000000e-02
4.7668594402553186861748457658904953859746456146240234375000000000e-02
4.7567607348483545437467512329021701589226722717285156250000000000e-02
4.7467049448355953800149364951721508987247943878173828125000000000e-02
4.7366913908078046857585974294124753214418888092041015625000000000e-02
4.7267202156921254985189051467386889271438121795654296875000000000e-02
4.7167907570646552817272834090545075014233589172363281250000000000e-02
4.7069031412841549899539472789911087602376937866210937500000000000e-02
4.6970567390792077044903152227561804465949535369873046875000000000e-02
4.6872516443815154252305887894181068986654281616210937500000000000e-02
4.6774872766909114663036461934098042547702789306640625000000000000e-02
4.6677636813865407139356733523527509532868862152099609375000000000e-02
4.6580803430361451822339091677349642850458621978759765625000000000e-02
4.6484372421834736777146446229380671866238117218017578125000000000e-02
4.6388339435475531291608319861552445217967033386230468750000000000e-02
4.6292703493972374440001971152014448307454586029052734375000000000e-02
4.6197461157650596130785913828731281682848930358886718750000000000e-02
4.6102610571553660767651905416641966439783573150634765625000000000e-02
4.6008149290372515882729942404694156721234321594238281250000000000e-02
4.5914074505960036920448885666701244190335273742675781250000000000e-02
4.5820384833894320375513586895976914092898368835449218750000000000e-02
4.5727076458038883044476818895418546162545680999755859375000000000e-02
4.5634149086661933425457249313694774173200130462646484375000000000e-02
4.5541597889637235041515594957672874443233013153076171875000000000e-02
4.5449423645555077355684403528357506729662418365478515625000000000e-02
4.5357620551651260665249054682135465554893016815185546875000000000e-02
4.5266190402332345810165747934661339968442916870117187500000000000e-02
4.5175126481147513668457094127006712369620800018310546875000000000e-02
4.5084431531823183914031716312820208258926868438720703125000000000e-02
4.4994098001296035926888094991227262653410434722900390625000000000e-02
4.4904129485081226147435984330513747408986091613769531250000000000e-02
4.4814517711959281354161532817670376971364021301269531250000000000e-02
4.4725266990860559901399540194688597694039344787597656250000000000e-02
4.4636368478821131233758023881819099187850952148437500000000000000e-02
4.4547827051069133208471839679987169802188873291015625000000000000e-02
4.4459633432656277263195221394198597408831119537353515625000000000e-02
4.4371792928620867879629940944141708314418792724609375000000000000e-02
4.4284295969356742006528548927235533483326435089111328125000000000e-02
4.4197148142410949689384835892269620671868324279785156250000000000e-02
4.4110339739806853076586889983445871621370315551757812500000000000e-02
4.4023876469371225894633425923530012369155883789062500000000000000e-02
4.3937748640531751331828047568706097081303596496582031250000000000e-02
4.3851961938791463035958173577455454505980014801025390625000000000e-02
4.3766506814776527656274396349544986151158809661865234375000000000e-02
4.3681388820357089364243563522904878482222557067871093750000000000e-02
4.3596598652053029920860893753342679701745510101318359375000000000e-02
4.3512141620942093589441412859741831198334693908691406250000000000e-02
4.3428008777530870132554952078862697817385196685791015625000000000e-02
4.3344205086964307516161909461516188457608222961425781250000000000e-02
4.3260722044314345313686942517961142584681510925292968750000000000e-02
4.3177564197590737049559095339645864441990852355957031250000000000e-02
4.3094723535732473718162793829833390191197395324707031250000000000e-02
4.3012204153609907841815385154404793865978717803955078125000000000e-02
4.2929998563965600377745346349911415018141269683837890625000000000e-02
4.2848110376017496669920348040250246413052082061767578125000000000e-02
4.2766532659241060509991427807108266279101371765136718750000000000e-02
4.2685268508245423346725289093228639103472232818603515625000000000e-02
4.2604311563698649134579454766935668885707855224609375000000000000e-02
4.2523664408562408811853572387917665764689445495605468750000000000e-02
4.2443321234365213867611998921347549185156822204589843750000000000e-02
4.2363284140267395971868324977549491450190544128417968750000000000e-02
4.2283547840606824919085227065806975588202476501464843750000000000e-02
4.2204113971725840115389871698425849899649620056152343750000000000e-02
4.2124977753517034440022825947380624711513519287109375000000000000e-02
4.2046140378046388541566358298950945027172565460205078125000000000e-02
4.1967597541526811821821496550910524092614650726318359375000000000e-02
4.1889350033147969287750100875200587324798107147216796875000000000e-02
4.1811393973246097077733907099172938615083694458007812500000000000e-02
4.1733729801307142825983476086548762395977973937988281250000000000e-02
4.1656354014134297503169079845974920317530632019042968750000000000e-02
4.1579266738223610855307299516425700858235359191894531250000000000e-02
4.1502464816517072032642232670696103014051914215087890625000000000e-02
4.1425948091938856465699103637234657071530818939208984375000000000e-02
4.1349713716467111079833074427369865588843822479248046875000000000e-02
4.1273761294798871901434722531121224164962768554687500000000000000e-02
4.1198088236573657261452297007053857669234275817871093750000000000e-02
4.1122693956426224770606125957783660851418972015380859375000000000e-02
4.1047576081813259840647134524260764010250568389892578125000000000e-02
4.0972733865295103694581513309458387084305286407470703125000000000e-02
4.0898165130611847939423597608765703625977039337158203125000000000e-02
4.0823868988813863389886193999700481072068214416503906250000000000e-02
4.0749843432794023712073538945332984440028667449951171875000000000e-02
4.0676087465483248828412854436464840546250343322753906250000000000e-02
4.0602599211918603827609075551663408987224102020263671875000000000e-02
4.0529377599236471318988606071798130869865417480468750000000000000e-02
4.0456420860747951961933210895949741825461387634277343750000000000e-02
4.0383727861068176301362342428546980954706668853759765625000000000e-02
4.0311296933374575479636092723012552596628665924072265625000000000e-02
4.0239126888378690116709890389756765216588973999023437500000000000e-02
4.0167216144109126052530456263411906547844409942626953125000000000e-02
4.0095563477680201680541927089507225900888442993164062500000000000e-02
4.0024167369010682504537612658168654888868331909179687500000000000e-02
3.9953026580031018866190350991018931381404399871826171875000000000e-02
3.9882139641370828453403873936622403562068939208984375000000000000e-02
3.9811505302467610489802751772003830410540103912353515625000000000e-02
3.9741122145026688827762484379491070285439491271972656250000000000e-02
3.9670988906779044991246507834148360416293144226074218750000000000e-02
3.9601104213550564203671910945558920502662658691406250000000000000e-02
3.9531466803032551393659588256923598237335681915283203125000000000e-02
3.9462075331226413588137091892349417321383953094482421875000000000e-02
3.9392928545754685165647401845490094274282455444335937500000000000e-02
3.9324025128717458865690304037343594245612621307373046875000000000e-02
3.9255363835087715707050648461517994292080402374267578125000000000e-02
3.9186943377350132167169505237325211055576801300048828125000000000e-02
3.9118762515260488421553475291148060932755470275878906250000000000e-02
3.9050819988491580758704913023393601179122924804687500000000000000e-02
3.8983114568793122978185294869035715237259864807128906250000000000e-02
3.8915645013995386891636485415801871567964553833007812500000000000e-02
3.8848410113454009962019597423932282254099845886230468750000000000e-02
3.8781408642166607936285771529583144001662731170654296875000000000e-02
3.8714639402936810996802563522578566335141658782958984375000000000e-02
3.8648101192971920370133886990515748038887977600097656250000000000e-02
3.8581792825182321948762620422712643630802631378173828125000000000e-02
3.8515713117339901716551509025521227158606052398681640625000000000e-02
3.8449860897402293735680700592638459056615829467773437500000000000e-02
3.8384234997254941534894356891527422703802585601806640625000000000e-02
3.8318834263456925948165832096492522396147251129150390625000000000e-02
3.8253657542081848097481611148396041244268417358398437500000000000e-02
3.8188703694154793599757624633639352396130561828613281250000000000e-02
3.8123971584483017094324708295971504412591457366943359375000000000e-02
3.8059460085538898699297760686022229492664337158203125000000000000e-02
3.7995168079721565457251841735342168249189853668212890625000000000e-02
3.7931094454632170720476125325149041600525379180908203125000000000e-02
3.7867238105358150268564543239335762336850166320800781250000000000e-02
3.7803597937113540827791524634449160657823085784912109375000000000e-02
3.7740172858026083124727279027865733951330184936523437500000000000e-02
3.7676961787339105502958602755825268104672431945800781250000000000e-02
3.7613963649928909560582468429856817238032817840576171875000000000e-02
3.7551177376604759350353646141229546628892421722412109375000000000e-02
3.7488601908089148884162256081253872253000736236572265625000000000e-02
3.7426236189530365239264142473984975367784500122070312500000000000e-02
3.7364079173756330198852282364896382205188274383544921875000000000e-02
3.7302129822015535343115999467045185156166553497314453125000000000e-02
3.7240387099554489447328364803979638963937759399414062500000000000e-02
3.7178849980946983289076257506167166866362094879150390625000000000e-02
3.7117517446618217280551732528692809864878654479980468750000000000e-02
3.7056388482526306238362678868725197389721870422363281250000000000e-02
3.6995462083599828240210172225488349795341491699218750000000000000e-02
3.6934737249197296948821644946292508393526077270507812500000000000e-02
3.6874212985938098485760860967275220900774002075195312500000000000e-02
3.6813888307885025974464099363103741779923439025878906250000000000e-02
3.6753762233438229400928065615516970865428447723388671875000000000e-02
3.6693833789306261328189151527112699113786220550537109375000000000e-02
3.6634102007738915396384271616625483147799968719482421875000000000e-02
3.6574565926507228430519802486742264591157436370849609375000000000e-02
3.6515224591281737753778457999942474998533725738525390625000000000e-02
3.6456077052277408023783777935022953897714614868164062500000000000e-02
3.6397122366451990782554304360019159503281116485595703125000000000e-02
3.6338359597433741998706580034195212647318840026855468750000000000e-02
3.6279787813452785139034517669642809778451919555664062500000000000e-02
3.6221406090069858951796533119704690761864185333251953125000000000e-02
3.6163213508183709998800026141907437704503536224365234375000000000e-02
3.6105209154086756462298524184006964787840843200683593750000000000e-02
3.6047392121106414109021898184437304735183715820312500000000000000e-02
3.5989761507104721383054624084252282045781612396240234375000000000e-02
3.5932316416258179569975794720448902808129787445068359375000000000e-02
3.5875055958787795129527609105934971012175083160400390625000000000e-02
3.5817979249531034513509553107724059373140335083007812500000000000e-02
3.5761085409998567830047733195897308178246021270751953125000000000e-02
3.5704373566720890020853573787462664768099784851074218750000000000e-02
3.5647842851489107418583301978287636302411556243896484375000000000e-02
3.5591492402376127823782070436209323816001415252685546875000000000e-02
3.5535321362015648283261270989896729588508605957031250000000000000e-02
3.5479328878853126638670545389686594717204570770263671875000000000e-02
3.5423514106878224716457026488569681532680988311767578125000000000e-02
3.5367876204709679244242437334833084605634212493896484375000000000e-02
3.5312414336951300497524641741620143875479698181152343750000000000e-02
3.5257127673053535732439200955923297442495822906494140625000000000e-02
3.5202015387483270858481887444213498383760452270507812500000000000e-02
3.5147076660402572223507178250656579621136188507080078125000000000e-02
3.5092310676451840545375659985438687726855278015136718750000000000e-02
3.5037716625680830062616877285108785144984722137451171875000000000e-02
3.4983293703227516524556506283261114731431007385253906250000000000e-02
3.4929041108812022842222688723268220201134681701660156250000000000e-02
3.4874958047568141439320754670916358008980751037597656250000000000e-02
3.4821043729261917654138613897885079495608806610107421875000000000e-02
3.4767297368485355901768230069137644022703170776367187500000000000e-02
3.4713718184941164124346357766626169905066490173339843750000000000e-02
3.4660305402790192452755491103744134306907653808593750000000000000e-02
3.4607058251170809415331319769393303431570529937744140625000000000e-02
3.4553975963928555692472599503162200562655925750732421875000000000e-02
3.4501057779414499859793608038671663962304592132568359375000000000e-02
3.4448302940920605408336996333673596382141113281250000000000000000e-02
3.4395710696075797174753319040974020026624202728271484375000000000e-02
3.4343280297220404873037580273376079276204109191894531250000000000e-02
3.4291011001326858476101477890551905147731304168701171875000000000e-02
3.4238902069629401081485298163897823542356491088867187500000000000e-02
3.4186952768096620647320094121823785826563835144042968750000000000e-02
3.4135162367026197771657791690813610330224037170410156250000000000e-02
3.4083530141051587847300652356352657079696655273437500000000000000e-02
3.4032055369385486032207666085014352574944496154785156250000000000e-02
3.3980737335378777275174400074320146813988685607910156250000000000e-02
3.3929575326786150235580663547807489521801471710205078125000000000e-02
3.3878568635724540247800007364276098087430000305175781250000000000e-02
3.3827716558345641284510918467276496812701225280761718750000000000e-02
3.3777018395240762660414191032032249495387077331542968750000000000e-02
3.3726473451073539500111309052954311482608318328857421875000000000e-02
3.3676081034626000054732486432840232737362384796142578125000000000e-02
3.3625840458951623823669052626428310759365558624267578125000000000e-02
3.3575751041019993858860459567949874326586723327636718750000000000e-02
3.3525812101976963652827379291920806281268596649169921875000000000e-02
3.3476022967001771435402446286389022134244441986083984375000000000e-02
3.3426382965188954077273564280403661541640758514404296875000000000e-02
3.3376891429712132741691732462641084566712379455566406250000000000e-02
3.3327547697636406009991105747758410871028900146484375000000000000e-02
3.3278351109917191086307042269254452548921108245849609375000000000e-02
3.3229301011477439808938783016856177709996700286865234375000000000e-02
3.3180396751019018697359541647529113106429576873779296875000000000e-02
3.3131637681107460602358827372881933115422725677490234375000000000e-02
3.3083023158134217123205189636792056262493133544921875000000000000e-02
3.3034552542206031822136225173380807973444461822509765625000000000e-02
3.2986225197254984142780642741854535415768623352050781250000000000e-02
3.2938040490859563091952111335558583959937095642089843750000000000e-02
3.2889997794337218206539574794078362174332141876220703125000000000e-02
3.2842096482665214529639285956363892182707786560058593750000000000e-02
3.2794335934438860469253285145896370522677898406982421875000000000e-02
3.2746715531906576968079747302908799611032009124755859375000000000e-02
3.2699234660863947532494222514287685044109821319580078125000000000e-02
3.2651892710696968358252689768050913698971271514892578125000000000e-02
3.2604689074313346341948971485180663876235485076904296875000000000e-02
3.2557623148139293312031128380112932063639163970947265625000000000e-02
3.2510694332089175306865769243813701905310153961181640625000000000e-02
3.2463902029531171988807614070537965744733810424804687500000000000e-02
3.2417245647269339603457893872473505325615406036376953125000000000e-02
3.2370724595537872514405819401872577145695686340332031250000000000e-02
3.2324338287920570400579833858500933274626731872558593750000000000e-02
3.2278086141406987785718030181669746525585651397705078125000000000e-02
3.2231967576307612999286789090547244995832443237304687500000000000e-02
3.2185982016230060831496473383595002815127372741699218750000000000e-02
3.2140128888117000527380184848880162462592124938964843750000000000e-02
3.2094407622131899959772027841609087772667407989501953125000000000e-02
3.2048817651731453803876092933933250606060028076171875000000000000e-02
3.2003358413551806493924090091240941546857357025146484375000000000e-02
3.1958029347457457547410086817762930877506732940673828125000000000e-02
3.1912829896495915893428474419124540872871875762939453125000000000e-02
3.1867759506831426496997750064110732637345790863037109375000000000e-02
3.1822817627798184736409581319094286300241947174072265625000000000e-02
3.1778003711838816169876764661239576525986194610595703125000000000e-02
3.1733317214458697796963804194092517718672752380371093750000000000e-02
3.1688757594264288508512095177138689905405044555664062500000000000e-02
3.1644324312891575212702832686773035675287246704101562500000000000e-02
3.1600016834990959924134301672893343493342399597167968750000000000e-02
3.1555834628248104201109214272946701385080814361572265625000000000e-02
3.1511777163290490000324695074596093036234378814697265625000000000e-02
3.1467843913752138740314023834798717871308326721191406250000000000e-02
3.1424034356171540172120160150370793417096138000488281250000000000e-02
3.1380347970030267323870987183909164741635322570800781250000000000e-02
3.1336784237711370892931483922438928857445716857910156250000000000e-02
3.1293342644457461387830221610784064978361129760742187500000000000e-02
3.1250022678406499943015717235539341345429420471191406250000000000e-02
3.1206823830506425637709710940725926775485277175903320312500000000e-02
3.1163745594543719452662600133407977409660816192626953125000000000e-02
3.1120787467109372465001726482114463578909635543823242187500000000e-02
3.1077948947563972803553866697257035411894321441650390625000000000e-02
3.1035229538047368058606423346645897254347801208496093750000000000e-02
3.0992628743437899280221969888771127443760633468627929687500000000e-02
3.0950146071337149289437462584828608669340610504150390625000000000e-02
3.0907781032067840193411356608521600719541311264038085937500000000e-02
3.0865533138620001446517093768306949641555547714233398437500000000e-02
3.0823401906678489503565998575140838511288166046142578125000000000e-02
3.0781386854568808936205570603306114207953214645385742187500000000e-02
3.0739487503248168198677348073033499531447887420654296875000000000e-02
3.0697703376301559152761200266468222253024578094482421875000000000e-02
3.0656033999901396991383251133811427280306816101074218750000000000e-02
3.0614478902819274724889098138191911857575178146362304687500000000e-02
3.0573037616370823260636413465363148134201765060424804687500000000e-02
3.0531709674428596928974499746800574939697980880737304687500000000e-02
3.0490494613403050505606728393104276619851589202880859375000000000e-02
3.0449391972196111072479496328924142289906740188598632812500000000e-02
3.0408401292224770257055510569443868007510900497436523437500000000e-02
3.0367522117386282209938741516452864743769168853759765625000000000e-02
3.0326753994018223331563532951804518233984708786010742187500000000e-02
3.0286096470931719165653461800502554979175329208374023437500000000e-02
3.0245549099348886801230662513262359425425529479980468750000000000e-02
3.0205111432905887985933546246997138950973749160766601562500000000e-02
3.0164783027656804498262133051866840105503797531127929687500000000e-02
3.0124563442010150737804252685236860997974872589111328125000000000e-02
3.0084452236751924730784324424348596949130296707153320312500000000e-02
3.0044448975025360437651755773913464508950710296630859375000000000e-02
3.0004553222290501757196778953584725968539714813232421875000000000e-02
2.9964764546343593265564919647658825851976871490478515625000000000e-02
2.9925082517273233345678207228957035113126039505004882812500000000e-02
2.9885506707457466790689437630135216750204563140869140625000000000e-02
2.9846036691557557146703416606214886996895074844360351562500000000e-02
2.9806672046472221238033739609818439930677413940429687500000000000e-02
2.9767412351364958000843330410134512931108474731445312500000000000e-02
2.9728257187617585649563878291701257694512605667114257812500000000e-02
2.9689206138817442887090081171663769055157899856567382812500000000e-02
2.9650258790775940037631741574841726105660200119018554687500000000e-02
2.9611414731458979288092336901172529906034469604492187500000000000e-02
2.9572673551019345444812458367778162937611341476440429687500000000e-02
2.9534034841779511354475928897045378107577562332153320312500000000e-02
2.9495498198166696796063135366239293944090604782104492187500000000e-02
2.9457063216769847208142962813326448667794466018676757812500000000e-02
2.9418729496288327507347304390350473113358020782470703125000000000e-02
2.9380496637495572692655443347575783263891935348510742187500000000e-02
2.9342364243287590713782364559847337659448385238647460937500000000e-02
2.9304331918609431012479049627472704742103815078735351562500000000e-02
2.9266399270476459171241856438427930697798728942871093750000000000e-02
2.9228565907949567714840810594978393055498600006103515625000000000e-02
2.9190831442121697308911265622555220033973455429077148437500000000e-02
2.9153195486106495137867966604972025379538536071777343750000000000e-02
2.9115657655016002891557036491576582193374633789062500000000000000e-02
2.9078217565981358955218283313115534838289022445678710937500000000e-02
2.9040874838084228259926788950906484387814998626708984375000000000e-02
2.9003629092394324351378287474290118552744388580322265625000000000e-02
2.8966479951942594034397515656564792152494192123413085937500000000e-02
2.8929427041672835935193219825123378541320562362670898437500000000e-02
2.8892469988506662426086535333524807356297969818115234375000000000e-02
2.8855608421244297728813776870993024203926324844360351562500000000e-02
2.8818841970597308677071168858674354851245880126953125000000000000e-02
2.8782170269213567387334151703726092819124460220336914062500000000e-02
2.8745592951557794730854666909181105438619852066040039062500000000e-02
2.8709109654011206319568216827065043617039918899536132812500000000e-02
2.8672720014810158806195516945081180892884731292724609375000000000e-02
2.8636423674011441536935151930265419650822877883911132812500000000e-02
2.8600220273538933674073447832597594242542982101440429687500000000e-02
2.8564109457113386059123882887433865107595920562744140625000000000e-02
2.8528090870283448476918408687197370454668998718261718750000000000e-02
2.8492164160393542576832359713989717420190572738647460937500000000e-02
2.8456328976575202133192377118575677741318941116333007812500000000e-02
2.8420584969744228098775806756748352199792861938476562500000000000e-02
2.8384931792566681085787649863050319254398345947265625000000000000e-02
2.8349369099485530187898518761357991024851799011230468750000000000e-02
2.8313896546672653181664358612579235341399908065795898437500000000e-02
2.8278513792040455704368540068571746814996004104614257812500000000e-02
2.8243220495226817323697332540177740156650543212890625000000000000e-02
2.8208016317566489417067998601851286366581916809082031250000000000e-02
2.8172900922117681543621614537187269888818264007568359375000000000e-02
2.8137873973610096067776709105601185001432895660400390625000000000e-02
2.8102935138458781660908414323785109445452690124511718750000000000e-02
2.8068084084756011326033942054891667794436216354370117187500000000e-02
2.8033320482240504933901803497064975090324878692626953125000000000e-02
2.7998644002312139678068092507601249963045120239257812500000000000e-02
2.7964054318001911603186471211301977746188640594482421875000000000e-02
2.7929551103973038889138891249785956460982561111450195312500000000e-02
2.7895134036502740315643933399769593961536884307861328125000000000e-02
2.7860802793480732991726611658123147208243608474731445312500000000e-02
2.7826557054395986007255814342897792812436819076538085937500000000e-02
2.7792396500314238416695644673382048495113849639892578125000000000e-02
2.7758320813900703299959005221353436354547739028930664062500000000e-02
2.7724329679374232898725338714029930997639894485473632812500000000e-02
2.7690422782511391747162221577127638738602399826049804687500000000e-02
2.7656599810657381960377065865941403899341821670532226562500000000e-02
2.7622860452673109882271162973665923345834016799926757812500000000e-02
2.7589204398969714021605525999802921433001756668090820312500000000e-02
2.7555631341471254619479580583174538332968950271606445312500000000e-02
2.7522140973610612763033955729952140245586633682250976562500000000e-02
2.7488732990336592343361132861900841817259788513183593750000000000e-02
2.7455407088076460436765202643982775043696165084838867187500000000e-02
2.7422162964752937186485581833039759658277034759521484375000000000e-02
2.7389000319764131990973865526939334813505411148071289062500000000e-02
2.7355918853967549353445321003164281137287616729736328125000000000e-02
2.7322918269682517494745255248744797427207231521606445312500000000e-02
2.7289998270684887038406429837777977809309959411621093750000000000e-02
2.7257158562177568467133070839736319612711668014526367187500000000e-02
2.7224398850802463550868637298663088586181402206420898437500000000e-02
2.7191718844630202722711942442401777952909469604492187500000000000e-02
2.7159118253126147968234960217159823514521121978759765625000000000e-02
2.7126596787187800402518789155692502390593290328979492187500000000e-02
2.7094154159094111650185610074004216585308313369750976562500000000e-02
2.7061790082503377891098850227535876911133527755737304687500000000e-02
2.7029504272489075777929912192121264524757862091064453125000000000e-02
2.6997296445456769181658884804164699744433164596557617187500000000e-02
2.6965166319197621941361475705889461096376180648803710937500000000e-02
2.6933113612869642033986750107033003587275743484497070312500000000e-02
2.6901138046942874720857119541506108362227678298950195312500000000e-02
2.6869239343265922254078148512235202360898256301879882812500000000e-02
2.6837417224999982751088012378204439301043748855590820312500000000e-02
2.6805671416622097597004525937336438801139593124389648437500000000e-02
2.6774001643949437573288818725814053323119878768920898437500000000e-02
2.6742407634087122375587952660680457483977079391479492187500000000e-02
2.6710889115448169933708655321424885187298059463500976562500000000e-02
2.6679445817740211899238289561253623105585575103759765625000000000e-02
2.6648077471952680977951288809890684206038713455200195312500000000e-02
2.6616783810354746608872744673135457560420036315917968750000000000e-02
2.6585564566480063275477618844888638705015182495117187500000000000e-02
2.6554419475138514583623106091181398369371891021728515625000000000e-02
2.6523348272374850514987443261816224548965692520141601562500000000e-02
2.6492350695496366674852595224365359172224998474121093750000000000e-02
2.6461426483057010755617355357571796048432588577270507812500000000e-02
2.6430575374809930910835475970088737085461616516113281250000000000e-02
2.6399797111785756886792597697422024793922901153564453125000000000e-02
2.6369091436190712773868227714046952314674854278564453125000000000e-02
2.6338458091446789732792410632100654765963554382324218750000000000e-02
2.6307896822226877614481210798658139538019895553588867187500000000e-02
2.6277407374317399146868012849154183641076087951660156250000000000e-02
2.6246989494781193530403839986320235766470432281494140625000000000e-02
2.6216642931821337175746222669658891391009092330932617187500000000e-02
2.6186367434786732982798795887902087997645139694213867187500000000e-02
2.6156162754306665901848916178096260409802198410034179687500000000e-02
2.6126028642009958141700920464245427865535020828247070312500000000e-02
2.6095964850832022163817924820250482298433780670166015625000000000e-02
2.6065971134804796077721888991618470754474401473999023437500000000e-02
2.6036047248995029118612265506271796766668558120727539062500000000e-02
2.6006192949875356346112198480113875120878219604492187500000000000e-02
2.5976407994708548138129700078025052789598703384399414062500000000e-02
2.5946692142122664698211664813243260141462087631225585937500000000e-02
2.5917045151884358922256268442652071826159954071044921875000000000e-02
2.5887466784517039475321809050001320429146289825439453125000000000e-02
2.5857956802240653765290190335690567735582590103149414062500000000e-02
2.5828514967788804290727000534388935193419456481933593750000000000e-02
2.5799141045246703346505157128376595210283994674682617187500000000e-02
2.5769834800077530412298898454537265934050083160400390625000000000e-02
2.5740595997973084174681446256727213039994239807128906250000000000e-02
2.5711424406818304821964460415983921848237514495849609375000000000e-02
2.5682319794691259307040098747165757231414318084716796875000000000e-02
2.5653281930818193357080048144780448637902736663818359375000000000e-02
2.5624310586450021326454518089121847879141569137573242187500000000e-02
2.5595405532070708565228756015130784362554550170898437500000000000e-02
2.5566566541144433721832740502577507868409156799316406250000000000e-02
2.5537793387106638015593418344906240236014127731323242187500000000e-02
2.5509085843804145399271732230772613547742366790771484375000000000e-02
2.5480443688557695425256355292731313966214656829833984375000000000e-02
2.5451866696206727758156063146088854409754276275634765625000000000e-02
2.5423354645608586127591976833173248451203107833862304687500000000e-02
2.5394907315836549172027858389810717198997735977172851562500000000e-02
2.5366524484503851638583782346358930226415395736694335937500000000e-02
2.5338205935560208226231537764761014841496944427490234375000000000e-02
2.5309951447728244039447886848392954561859369277954101562500000000e-02
2.5281760804782026086368063033660291694104671478271484375000000000e-02
2.5253633792298068455606241400346334557980298995971679687500000000e-02
2.5225570190193061931305251732737815473228693008422851562500000000e-02
2.5197569789913863008701255807864072266966104507446289062500000000e-02
2.5169632373838433242463352712547930423170328140258789062500000000e-02
2.5141757729427328255100704268443223554641008377075195312500000000e-02
2.5113945650606442350216696013376349583268165588378906250000000000e-02
2.5086195917380236380944680263382906559854745864868164062500000000e-02
2.5058508329714786894149014528920815791934728622436523437500000000e-02
2.5030882674086197409168974559179332572966814041137695312500000000e-02
2.5003318739036058115932092960065347142517566680908203125000000000e-02
2.4975816330288981570451056768433772958815097808837890625000000000e-02
2.4948375224719793186167748899606522172689437866210937500000000000e-02
2.4920995231501215372293955852001090534031391143798828125000000000e-02
2.4893676143464025379836712659198383335024118423461914062500000000e-02
2.4866417745119433202471981303460779599845409393310546875000000000e-02
2.4839219859398110890058575250805006362497806549072265625000000000e-02
2.4812082256392163637226389028000994585454463958740234375000000000e-02
2.4785004753894765427979507421696325764060020446777343750000000000e-02
2.4757987156004579443191460086381994187831878662109375000000000000e-02
2.4731029234679444139821669068624032661318778991699218750000000000e-02
2.4704130838508402828734844547398097347468137741088867187500000000e-02
2.4677291726397390658753749903553398326039314270019531250000000000e-02
2.4650511720969322387864153256487043108791112899780273437500000000e-02
2.4623790649015962067602814045130799058824777603149414062500000000e-02
2.4597128255391641216132114777792594395577907562255859375000000000e-02
2.4570524424070833841016181509075977373868227005004882812500000000e-02
2.4543978902580775025565884561729035340249538421630859375000000000e-02
2.4517491508476343259337326685454172547906637191772460937500000000e-02
2.4491062107076563836294269549398450180888175964355468750000000000e-02
2.4464690398535268028856748401267395820468664169311523437500000000e-02
2.4438376315540178557172978912603866774588823318481445312500000000e-02
2.4412119592664378864288465820209239609539508819580078125000000000e-02
2.4385920024684887980059855294712178874760866165161132812500000000e-02
2.4359777548909822969536165260251436848193407058715820312500000000e-02
2.4333691789259835613901117312707356177270412445068359375000000000e-02
2.4307662734049134689584548141283448785543441772460937500000000000e-02
2.4281690127711755972095275524225144181400537490844726562500000000e-02
2.4255773707409458705974714121111901476979255676269531250000000000e-02
2.4229913506491788238728091187113022897392511367797851562500000000e-02
2.4204109060902114641811166961815615650266408920288085937500000000e-02
2.4178360426982806186124719260988058522343635559082031250000000000e-02
2.4152667349297354121295811069103365298360586166381835937500000000e-02
2.4127029482041054131435942053940379992127418518066406250000000000e-02
2.4101447031734963416527151025547937024384737014770507812500000000e-02
2.4075919364935798039351055876977625302970409393310546875000000000e-02
2.4050446605718239084792386961453303229063749313354492187500000000e-02
2.4025028600323621030820930855043116025626659393310546875000000000e-02
2.3999664814660013473224253743865119758993387222290039062500000000e-02
2.3974355622639546836705193300076643936336040496826171875000000000e-02
2.3949100310570677757615598579832294490188360214233398437500000000e-02
2.3923899057599947587382516189791203942149877548217773437500000000e-02
2.3898751676276197564163794595515355467796325683593750000000000000e-02
2.3873657550446188146953119257887010462582111358642578125000000000e-02
2.3848617381001774306881202392105478793382644653320312500000000000e-02
2.3823630022052337540383604164162534289062023162841796875000000000e-02
2.3798695837950308018537981524787028320133686065673828125000000000e-02
2.3773814949909436583519450891799351666122674942016601562500000000e-02
2.3748986204546757711186799610914022196084260940551757812500000000e-02
2.3724210564537082795988354178007284644991159439086914062500000000e-02
2.3699487048583798426415469862149620894342660903930664062500000000e-02
2.3674815931750543135381192882960021961480379104614257812500000000e-02
2.3650196921747267120306190690826042555272579193115234375000000000e-02
2.3625629361170116804480301198054803535342216491699218750000000000e-02
2.3601114664977333040818407994265726301819086074829101562500000000e-02
2.3576650279724727099495140691942651756107807159423828125000000000e-02
2.3552237790356166102778701088027446530759334564208984375000000000e-02
2.3527877495178706190870343561982735991477966308593750000000000000e-02
2.3503566604853171062572414484748151153326034545898437500000000000e-02
2.3479307860546090591657986124118906445801258087158203125000000000e-02
2.3455099718398632335780717994566657580435276031494140625000000000e-02
2.3430942131123441707352128560160053893923759460449218750000000000e-02
2.3406834602806216028003660767353721894323825836181640625000000000e-02
2.3382777452701654363753647203338914550840854644775390625000000000e-02
2.3358772393248135312848745570590835995972156524658203125000000000e-02
2.3334813503755956476393151888260035775601863861083984375000000000e-02
2.3310907129740047333266161899700819049030542373657226562500000000e-02
2.3287052019344663816857732285825477447360754013061523437500000000e-02
2.3263241412616902925591944040206726640462875366210937500000000000e-02
2.3239484147764812027592284948696033097803592681884765625000000000e-02
2.3215776111891069793946584809418709482997655868530273437500000000e-02
2.3192115604207554774296440314174105878919363021850585937500000000e-02
2.3168502857779483400380016178132791537791490554809570312500000000e-02
2.3144941504396367160101277704598032869398593902587890625000000000e-02
2.3121431544484448428189438118351972661912441253662109375000000000e-02
2.3097958875178389859250671634072205051779747009277343750000000000e-02
2.3074545399077592278125337088567903265357017517089843750000000000e-02
2.3051182755914435135169426871470932383090257644653320312500000000e-02
2.3027850664653737311482473160140216350555419921875000000000000000e-02
2.3004582673445864160477469795296201482415199279785156250000000000e-02
2.2981363964416880868446568797480722423642873764038085937500000000e-02
2.2958177021676771240032977061673591379076242446899414062500000000e-02
2.2935046585902653382138538518120185472071170806884765625000000000e-02
2.2911972764630667009910780507198069244623184204101562500000000000e-02
2.2888933343919004581579201840213499963283538818359375000000000000e-02
2.2865933200804974823050486065767472609877586364746093750000000000e-02
2.2843006448475488417981793531907896976917982101440429687500000000e-02
2.2820112016501411383861963599883893039077520370483398437500000000e-02
2.2797243375587288721773049360308505129069089889526367187500000000e-02
2.2774458628129153753283375749560946132987737655639648437500000000e-02
2.2751706416210219080520360535047075245529413223266601562500000000e-02
2.2728977858103429493530356353403476532548666000366210937500000000e-02
2.2706322666792372322319693012104835361242294311523437500000000000e-02
2.2683712508211155423065719105579773895442485809326171875000000000e-02
2.2661129312014829245702784987770428415387868881225585937500000000e-02
2.2638600211550820306971587569933035410940647125244140625000000000e-02
2.2616126877275957024471253475894627626985311508178710937500000000e-02
2.2593692052885909482551340943246032111346721649169921875000000000e-02
