2.4021782334250662074848214899702725233510136604309082031250000000e-03
1.9395260518415230552996542101595878193620592355728149414062500000e-03
1.6523582494520278659416723243680280575063079595565795898437500000e-03
1.4261316358020910671083880671972110576462000608444213867187500000e-03
1.2428021239861500053108800400991640344727784395217895507812500000e-03
1.0908427194661395129987591090525711479131132364273071289062500000e-03
9.6236634247037636594179765836543083423748612403869628906250000000e-04
8.5196367648188381718754591531705955276265740394592285156250000000e-04
7.5578885412812431537216140142732001550029963254928588867187500000e-04
6.7102151691420517699848691250963383936323225498199462890625000000e-04
5.9556034631825301595836608115064336743671447038650512695312500000e-04
5.2779599056997431039128798602177994325757026672363281250000000000e-04
4.6648082709369552683459358988216081343125551939010620117187500000e-04
4.1059818275861973552176564794535806868225336074829101562500000000e-04
3.5929297486148546996592711977314138493966311216354370117187500000e-04
3.1194475359770407630471966697882635344285517930984497070312500000e-04
2.6811356752276684469252221454382834053831174969673156738281250000e-04
2.2743734087086867924620836589610917144455015659332275390625000000e-04
1.8961853449493384004762019934275940613588318228721618652343750000e-04
1.5441424824026451492406386556410780031001195311546325683593750000e-04
1.2162907496296411014383154203244430391350761055946350097656250000e-04
9.1110206054537893737704790098064222547691315412521362304687500000e-05
6.2744739748044715474395438548071979312226176261901855468750000000e-05
3.6458440093928377173648769371538946870714426040649414062500000000e-05
1.2215291723769616154607331459658325911732390522956848144531250000e-05
-2.7105054312137610850186320021748542785644531250000000000000000000e-20
5.4210108624275221700372640043497085571289062500000000000000000000e-20
-1.0842021724855044340074528008699417114257812500000000000000000000e-19
1.0842021724855044340074528008699417114257812500000000000000000000e-19
-5.4210108624275221700372640043497085571289062500000000000000000000e-20
1.3552527156068805425093160010874271392822265625000000000000000000e-19
2.4394548880923849765167688019573688507080078125000000000000000000e-19
-1.6263032587282566510111792013049125671386718750000000000000000000e-19
1.8973538018496327595130424015223979949951171875000000000000000000e-19
-1.3552527156068805425093160010874271392822265625000000000000000000e-19
1.0842021724855044340074528008699417114257812500000000000000000000e-19
1.2197274440461924882583844009786844253540039062500000000000000000e-19
-9.4867690092481637975652120076119899749755859375000000000000000000e-20
-1.3552527156068805425093160010874271392822265625000000000000000000e-19
2.5749801596530730307677004020661115646362304687500000000000000000e-19
1.2197274440461924882583844009786844253540039062500000000000000000e-19
-3.7947076036992655190260848030447959899902343750000000000000000000e-19
1.3552527156068805425093160010874271392822265625000000000000000000e-19
2.7105054312137610850186320021748542785644531250000000000000000000e-20
9.4867690092481637975652120076119899749755859375000000000000000000e-20
-1.8973538018496327595130424015223979949951171875000000000000000000e-19
-6.7762635780344027125465800054371356964111328125000000000000000000e-20
2.9815559743351371935204952023923397064208984375000000000000000000e-19
8.1315162936412832550558960065245628356933593750000000000000000000e-20
-4.0657581468206416275279480032622814178466796875000000000000000000e-20
-1.3552527156068805425093160010874271392822265625000000000000000000e-19
6.7762635780344027125465800054371356964111328125000000000000000000e-20
-1.8973538018496327595130424015223979949951171875000000000000000000e-19
-3.7947076036992655190260848030447959899902343750000000000000000000e-19
0.0000000000000000000000000000000000000000000000000000000000000000e+00
-1.3552527156068805425093160010874271392822265625000000000000000000e-19
-2.7105054312137610850186320021748542785644531250000000000000000000e-19
-2.8460307027744491392695636022835969924926757812500000000000000000e-19
-1.6263032587282566510111792013049125671386718750000000000000000000e-19
4.2012834183813296817788796033710241317749023437500000000000000000e-19
-1.4907779871675685967602476011961698532104492187500000000000000000e-19
-1.8973538018496327595130424015223979949951171875000000000000000000e-19
-5.4210108624275221700372640043497085571289062500000000000000000000e-20
5.0144350477454580072844692040234804153442382812500000000000000000e-19
2.4394548880923849765167688019573688507080078125000000000000000000e-19
-2.4394548880923849765167688019573688507080078125000000000000000000e-19
1.3552527156068805425093160010874271392822265625000000000000000000e-20
2.7105054312137610850186320021748542785644531250000000000000000000e-20
-2.4394548880923849765167688019573688507080078125000000000000000000e-19
-3.5236570605778894105242216028273105621337890625000000000000000000e-19
-1.2197274440461924882583844009786844253540039062500000000000000000e-19
7.4538899358378429838012380059808492660522460937500000000000000000e-20
-1.9651164376299767866385082015767693519592285156250000000000000000e-19
9.4867690092481637975652120076119899749755859375000000000000000000e-20
1.3552527156068805425093160010874271392822265625000000000000000000e-19
1.0164395367051604068819870008155703544616699218750000000000000000e-19
-4.0657581468206416275279480032622814178466796875000000000000000000e-20
-1.2874900798265365153838502010330557823181152343750000000000000000e-19
1.5585406229479126238857134012505412101745605468750000000000000000e-19
1.2197274440461924882583844009786844253540039062500000000000000000e-19
9.4867690092481637975652120076119899749755859375000000000000000000e-20
2.6427427954334170578931662021204829216003417968750000000000000000e-19
-6.7762635780344027125465800054371356964111328125000000000000000000e-20
-6.7762635780344027125465800054371356964111328125000000000000000000e-21
-7.4538899358378429838012380059808492660522460937500000000000000000e-20
-5.4210108624275221700372640043497085571289062500000000000000000000e-20
3.5914196963582334376496874028816819190979003906250000000000000000e-19
3.3881317890172013562732900027185678482055664062500000000000000000e-20
-8.1315162936412832550558960065245628356933593750000000000000000000e-20
1.2874900798265365153838502010330557823181152343750000000000000000e-19
1.5585406229479126238857134012505412101745605468750000000000000000e-19
-1.0842021724855044340074528008699417114257812500000000000000000000e-19
-6.7762635780344027125465800054371356964111328125000000000000000000e-21
-2.0328790734103208137639740016311407089233398437500000000000000000e-20
1.2197274440461924882583844009786844253540039062500000000000000000e-19
1.3552527156068805425093160010874271392822265625000000000000000000e-20
-6.7762635780344027125465800054371356964111328125000000000000000000e-20
5.4210108624275221700372640043497085571289062500000000000000000000e-20
-2.5749801596530730307677004020661115646362304687500000000000000000e-19
-1.0842021724855044340074528008699417114257812500000000000000000000e-19
2.5749801596530730307677004020661115646362304687500000000000000000e-19
1.6940658945086006781366450013592839241027832031250000000000000000e-19
3.3881317890172013562732900027185678482055664062500000000000000000e-19
-5.4210108624275221700372640043497085571289062500000000000000000000e-20
1.6940658945086006781366450013592839241027832031250000000000000000e-19
4.7433845046240818987826060038059949874877929687500000000000000000e-20
1.6940658945086006781366450013592839241027832031250000000000000000e-19
8.1315162936412832550558960065245628356933593750000000000000000000e-20
-1.0842021724855044340074528008699417114257812500000000000000000000e-19
2.8460307027744491392695636022835969924926757812500000000000000000e-19
4.7433845046240818987826060038059949874877929687500000000000000000e-20
-1.3552527156068805425093160010874271392822265625000000000000000000e-19
-3.1848438816761692748968926025554537773132324218750000000000000000e-19
3.1170812458958252477714268025010824203491210937500000000000000000e-19
1.6263032587282566510111792013049125671386718750000000000000000000e-19
-1.0842021724855044340074528008699417114257812500000000000000000000e-19
7.4538899358378429838012380059808492660522460937500000000000000000e-20
3.0493186101154812206459610024467110633850097656250000000000000000e-19
-9.4867690092481637975652120076119899749755859375000000000000000000e-20
7.4538899358378429838012380059808492660522460937500000000000000000e-20
1.1519648082658484611329186009243130683898925781250000000000000000e-19
-1.9651164376299767866385082015767693519592285156250000000000000000e-19
-3.3881317890172013562732900027185678482055664062500000000000000000e-20
4.7433845046240818987826060038059949874877929687500000000000000000e-20
2.0328790734103208137639740016311407089233398437500000000000000000e-19
2.1684043449710088680149056017398834228515625000000000000000000000e-19
-3.5236570605778894105242216028273105621337890625000000000000000000e-19
2.4394548880923849765167688019573688507080078125000000000000000000e-19
2.7782680669941051121440978022292256355285644531250000000000000000e-19
-4.0657581468206416275279480032622814178466796875000000000000000000e-19
-4.0657581468206416275279480032622814178466796875000000000000000000e-20
-7.4538899358378429838012380059808492660522460937500000000000000000e-20
-8.1315162936412832550558960065245628356933593750000000000000000000e-20
6.7762635780344027125465800054371356964111328125000000000000000000e-20
-2.0328790734103208137639740016311407089233398437500000000000000000e-20
8.8091426514447235263105540070682764053344726562500000000000000000e-20
-2.7105054312137610850186320021748542785644531250000000000000000000e-20
-1.4230153513872245696347818011417984962463378906250000000000000000e-19
-1.9651164376299767866385082015767693519592285156250000000000000000e-19
-1.3552527156068805425093160010874271392822265625000000000000000000e-19
8.8091426514447235263105540070682764053344726562500000000000000000e-20
-1.4907779871675685967602476011961698532104492187500000000000000000e-19
1.2197274440461924882583844009786844253540039062500000000000000000e-19
-3.3881317890172013562732900027185678482055664062500000000000000000e-20
-1.4907779871675685967602476011961698532104492187500000000000000000e-19
-1.6940658945086006781366450013592839241027832031250000000000000000e-19
4.7433845046240818987826060038059949874877929687500000000000000000e-20
2.6427427954334170578931662021204829216003417968750000000000000000e-19
-2.0328790734103208137639740016311407089233398437500000000000000000e-20
-4.8789097761847699530335376039147377014160156250000000000000000000e-19
1.1519648082658484611329186009243130683898925781250000000000000000e-19
9.4867690092481637975652120076119899749755859375000000000000000000e-20
-1.4230153513872245696347818011417984962463378906250000000000000000e-19
-3.1848438816761692748968926025554537773132324218750000000000000000e-19
-6.0986372202309624412919220048934221267700195312500000000000000000e-20
4.7433845046240818987826060038059949874877929687500000000000000000e-20
1.2874900798265365153838502010330557823181152343750000000000000000e-19
-1.2874900798265365153838502010330557823181152343750000000000000000e-19
3.3881317890172013562732900027185678482055664062500000000000000000e-20
-4.0657581468206416275279480032622814178466796875000000000000000000e-20
-1.1519648082658484611329186009243130683898925781250000000000000000e-19
-2.7105054312137610850186320021748542785644531250000000000000000000e-20
1.7618285302889447052621108014136552810668945312500000000000000000e-19
0.0000000000000000000000000000000000000000000000000000000000000000e+00
2.5072175238727290036422346020117402076721191406250000000000000000e-19
1.2874900798265365153838502010330557823181152343750000000000000000e-19
-6.7762635780344027125465800054371356964111328125000000000000000000e-20
6.7762635780344027125465800054371356964111328125000000000000000000e-21
-1.4230153513872245696347818011417984962463378906250000000000000000e-19
-6.7762635780344027125465800054371356964111328125000000000000000000e-20
-3.3881317890172013562732900027185678482055664062500000000000000000e-20
0.0000000000000000000000000000000000000000000000000000000000000000e+00
2.7105054312137610850186320021748542785644531250000000000000000000e-20
2.7105054312137610850186320021748542785644531250000000000000000000e-19
2.1684043449710088680149056017398834228515625000000000000000000000e-19
-1.9651164376299767866385082015767693519592285156250000000000000000e-19
-6.7762635780344027125465800054371356964111328125000000000000000000e-20
-3.3881317890172013562732900027185678482055664062500000000000000000e-20
-5.4210108624275221700372640043497085571289062500000000000000000000e-20
-5.4210108624275221700372640043497085571289062500000000000000000000e-20
-1.1519648082658484611329186009243130683898925781250000000000000000e-19
-4.0657581468206416275279480032622814178466796875000000000000000000e-20
3.5236570605778894105242216028273105621337890625000000000000000000e-19
-2.7105054312137610850186320021748542785644531250000000000000000000e-20
1.6263032587282566510111792013049125671386718750000000000000000000e-19
-5.4210108624275221700372640043497085571289062500000000000000000000e-20
-4.0657581468206416275279480032622814178466796875000000000000000000e-20
1.3552527156068805425093160010874271392822265625000000000000000000e-19
8.1315162936412832550558960065245628356933593750000000000000000000e-20
-8.1315162936412832550558960065245628356933593750000000000000000000e-20
6.7762635780344027125465800054371356964111328125000000000000000000e-21
-2.1684043449710088680149056017398834228515625000000000000000000000e-19
-5.4210108624275221700372640043497085571289062500000000000000000000e-20
1.4907779871675685967602476011961698532104492187500000000000000000e-19
1.9651164376299767866385082015767693519592285156250000000000000000e-19
2.0328790734103208137639740016311407089233398437500000000000000000e-20
7.4538899358378429838012380059808492660522460937500000000000000000e-20
-1.0164395367051604068819870008155703544616699218750000000000000000e-19
-1.8295911660692887323875766014680266380310058593750000000000000000e-19
-2.1006417091906648408894398016855120658874511718750000000000000000e-19
-2.5072175238727290036422346020117402076721191406250000000000000000e-19
2.7105054312137610850186320021748542785644531250000000000000000000e-20
3.3881317890172013562732900027185678482055664062500000000000000000e-19
1.9651164376299767866385082015767693519592285156250000000000000000e-19
-3.4558944247975453833987558027729392051696777343750000000000000000e-19
-3.2526065174565133020223584026098251342773437500000000000000000000e-19
-2.1684043449710088680149056017398834228515625000000000000000000000e-19
3.3881317890172013562732900027185678482055664062500000000000000000e-20
-1.7618285302889447052621108014136552810668945312500000000000000000e-19
2.7782680669941051121440978022292256355285644531250000000000000000e-19
1.7618285302889447052621108014136552810668945312500000000000000000e-19
2.4394548880923849765167688019573688507080078125000000000000000000e-19
-7.4538899358378429838012380059808492660522460937500000000000000000e-20
-6.7762635780344027125465800054371356964111328125000000000000000000e-21
-1.6940658945086006781366450013592839241027832031250000000000000000e-19
2.5072175238727290036422346020117402076721191406250000000000000000e-19
-1.1519648082658484611329186009243130683898925781250000000000000000e-19
2.7782680669941051121440978022292256355285644531250000000000000000e-19
8.1315162936412832550558960065245628356933593750000000000000000000e-20
-1.0842021724855044340074528008699417114257812500000000000000000000e-19
-1.9651164376299767866385082015767693519592285156250000000000000000e-19
-1.1519648082658484611329186009243130683898925781250000000000000000e-19
-1.2197274440461924882583844009786844253540039062500000000000000000e-19
2.9137933385547931663950294023379683494567871093750000000000000000e-19
5.4210108624275221700372640043497085571289062500000000000000000000e-20
4.2012834183813296817788796033710241317749023437500000000000000000e-19
1.8295911660692887323875766014680266380310058593750000000000000000e-19
-2.2361669807513528951403714017942547798156738281250000000000000000e-19
-6.7762635780344027125465800054371356964111328125000000000000000000e-20
-2.7105054312137610850186320021748542785644531250000000000000000000e-19
-2.3716922523120409493913030019029974937438964843750000000000000000e-19
-1.4230153513872245696347818011417984962463378906250000000000000000e-19
1.7618285302889447052621108014136552810668945312500000000000000000e-19
1.0842021724855044340074528008699417114257812500000000000000000000e-19
-1.2197274440461924882583844009786844253540039062500000000000000000e-19
-2.3039296165316969222658372018486261367797851562500000000000000000e-19
-4.6078592330633938445316744036972522735595703125000000000000000000e-19
-1.0842021724855044340074528008699417114257812500000000000000000000e-19
1.3552527156068805425093160010874271392822265625000000000000000000e-20
2.6427427954334170578931662021204829216003417968750000000000000000e-19
3.3881317890172013562732900027185678482055664062500000000000000000e-19
1.9651164376299767866385082015767693519592285156250000000000000000e-19
1.3552527156068805425093160010874271392822265625000000000000000000e-20
6.7762635780344027125465800054371356964111328125000000000000000000e-21
-5.4210108624275221700372640043497085571289062500000000000000000000e-20
-1.6263032587282566510111792013049125671386718750000000000000000000e-19
-1.6940658945086006781366450013592839241027832031250000000000000000e-19
-7.4538899358378429838012380059808492660522460937500000000000000000e-20
-8.1315162936412832550558960065245628356933593750000000000000000000e-20
2.3716922523120409493913030019029974937438964843750000000000000000e-19
-1.1519648082658484611329186009243130683898925781250000000000000000e-19
1.6263032587282566510111792013049125671386718750000000000000000000e-19
-1.6263032587282566510111792013049125671386718750000000000000000000e-19
-2.1006417091906648408894398016855120658874511718750000000000000000e-19
-4.0657581468206416275279480032622814178466796875000000000000000000e-20
6.7762635780344027125465800054371356964111328125000000000000000000e-20
4.5400965972830498174062086036428809165954589843750000000000000000e-19
9.4867690092481637975652120076119899749755859375000000000000000000e-20
2.9815559743351371935204952023923397064208984375000000000000000000e-19
-8.1315162936412832550558960065245628356933593750000000000000000000e-20
1.6263032587282566510111792013049125671386718750000000000000000000e-19
6.7762635780344027125465800054371356964111328125000000000000000000e-20
7.4538899358378429838012380059808492660522460937500000000000000000e-20
2.3039296165316969222658372018486261367797851562500000000000000000e-19
1.8973538018496327595130424015223979949951171875000000000000000000e-19
1.6263032587282566510111792013049125671386718750000000000000000000e-19
-2.1684043449710088680149056017398834228515625000000000000000000000e-19
-2.0328790734103208137639740016311407089233398437500000000000000000e-19
-2.6427427954334170578931662021204829216003417968750000000000000000e-19
-3.3881317890172013562732900027185678482055664062500000000000000000e-20
-1.6263032587282566510111792013049125671386718750000000000000000000e-19
-5.4210108624275221700372640043497085571289062500000000000000000000e-20
1.3552527156068805425093160010874271392822265625000000000000000000e-19
8.8091426514447235263105540070682764053344726562500000000000000000e-20
1.8295911660692887323875766014680266380310058593750000000000000000e-19
-2.0328790734103208137639740016311407089233398437500000000000000000e-20
-4.6756218688437378716571402037516236305236816406250000000000000000e-19
4.0657581468206416275279480032622814178466796875000000000000000000e-20
3.8624702394796095461515506030991673469543457031250000000000000000e-19
8.1315162936412832550558960065245628356933593750000000000000000000e-20
4.7433845046240818987826060038059949874877929687500000000000000000e-20
-2.7105054312137610850186320021748542785644531250000000000000000000e-20
-3.7269449679189214919006190029904246330261230468750000000000000000e-19
-1.8973538018496327595130424015223979949951171875000000000000000000e-19
6.7762635780344027125465800054371356964111328125000000000000000000e-20
-3.5914196963582334376496874028816819190979003906250000000000000000e-19
5.2177229550864900886608666041865944862365722656250000000000000000e-19
8.8091426514447235263105540070682764053344726562500000000000000000e-20
-2.7782680669941051121440978022292256355285644531250000000000000000e-19
-1.5585406229479126238857134012505412101745605468750000000000000000e-19
-7.4538899358378429838012380059808492660522460937500000000000000000e-20
-2.5072175238727290036422346020117402076721191406250000000000000000e-19
8.8091426514447235263105540070682764053344726562500000000000000000e-20
2.3716922523120409493913030019029974937438964843750000000000000000e-19
4.7433845046240818987826060038059949874877929687500000000000000000e-20
4.4723339615027057902807428035885095596313476562500000000000000000e-19
-1.6940658945086006781366450013592839241027832031250000000000000000e-19
2.7782680669941051121440978022292256355285644531250000000000000000e-19
-1.0842021724855044340074528008699417114257812500000000000000000000e-19
-1.0842021724855044340074528008699417114257812500000000000000000000e-19
-1.0164395367051604068819870008155703544616699218750000000000000000e-19
-1.0164395367051604068819870008155703544616699218750000000000000000e-19
1.9651164376299767866385082015767693519592285156250000000000000000e-19
3.6591823321385774647751532029360532760620117187500000000000000000e-19
-1.7618285302889447052621108014136552810668945312500000000000000000e-19
-3.3881317890172013562732900027185678482055664062500000000000000000e-20
-4.0657581468206416275279480032622814178466796875000000000000000000e-19
-9.4867690092481637975652120076119899749755859375000000000000000000e-20
-3.3881317890172013562732900027185678482055664062500000000000000000e-20
2.5749801596530730307677004020661115646362304687500000000000000000e-19
3.9979955110402976004024822032079100608825683593750000000000000000e-19
6.7762635780344027125465800054371356964111328125000000000000000000e-21
6.7762635780344027125465800054371356964111328125000000000000000000e-20
-3.7269449679189214919006190029904246330261230468750000000000000000e-19
-8.1315162936412832550558960065245628356933593750000000000000000000e-20
1.6263032587282566510111792013049125671386718750000000000000000000e-19
1.5585406229479126238857134012505412101745605468750000000000000000e-19
-6.7762635780344027125465800054371356964111328125000000000000000000e-21
-1.3552527156068805425093160010874271392822265625000000000000000000e-20
-1.2874900798265365153838502010330557823181152343750000000000000000e-19
1.5585406229479126238857134012505412101745605468750000000000000000e-19
-3.2526065174565133020223584026098251342773437500000000000000000000e-19
-3.3881317890172013562732900027185678482055664062500000000000000000e-20
2.0328790734103208137639740016311407089233398437500000000000000000e-19
1.0842021724855044340074528008699417114257812500000000000000000000e-19
3.3203691532368573291478242026641964912414550781250000000000000000e-19
2.0328790734103208137639740016311407089233398437500000000000000000e-20
9.4867690092481637975652120076119899749755859375000000000000000000e-20
-2.9815559743351371935204952023923397064208984375000000000000000000e-19
-2.2361669807513528951403714017942547798156738281250000000000000000e-19
-1.0164395367051604068819870008155703544616699218750000000000000000e-19
1.6940658945086006781366450013592839241027832031250000000000000000e-19
-1.2874900798265365153838502010330557823181152343750000000000000000e-19
-4.0657581468206416275279480032622814178466796875000000000000000000e-20
-8.1315162936412832550558960065245628356933593750000000000000000000e-20
-6.7762635780344027125465800054371356964111328125000000000000000000e-21
-2.6427427954334170578931662021204829216003417968750000000000000000e-19
-1.4230153513872245696347818011417984962463378906250000000000000000e-19
1.6940658945086006781366450013592839241027832031250000000000000000e-19
-5.4210108624275221700372640043497085571289062500000000000000000000e-20
1.0164395367051604068819870008155703544616699218750000000000000000e-19
3.3881317890172013562732900027185678482055664062500000000000000000e-20
1.1519648082658484611329186009243130683898925781250000000000000000e-19
0.0000000000000000000000000000000000000000000000000000000000000000e+00
-1.3552527156068805425093160010874271392822265625000000000000000000e-20
-3.3203691532368573291478242026641964912414550781250000000000000000e-19
-1.3552527156068805425093160010874271392822265625000000000000000000e-19
-9.4867690092481637975652120076119899749755859375000000000000000000e-20
3.3881317890172013562732900027185678482055664062500000000000000000e-20
-1.6263032587282566510111792013049125671386718750000000000000000000e-19
-5.4210108624275221700372640043497085571289062500000000000000000000e-20
-1.3552527156068805425093160010874271392822265625000000000000000000e-19
-3.9302328752599535732770164031535387039184570312500000000000000000e-19
-2.1684043449710088680149056017398834228515625000000000000000000000e-19
4.7433845046240818987826060038059949874877929687500000000000000000e-20
-1.2874900798265365153838502010330557823181152343750000000000000000e-19
6.0986372202309624412919220048934221267700195312500000000000000000e-20
3.4558944247975453833987558027729392051696777343750000000000000000e-19
-2.7105054312137610850186320021748542785644531250000000000000000000e-20
-9.4867690092481637975652120076119899749755859375000000000000000000e-20
-1.5585406229479126238857134012505412101745605468750000000000000000e-19
-2.0328790734103208137639740016311407089233398437500000000000000000e-20
-2.0328790734103208137639740016311407089233398437500000000000000000e-20
-1.0164395367051604068819870008155703544616699218750000000000000000e-19
6.0986372202309624412919220048934221267700195312500000000000000000e-20
-1.6940658945086006781366450013592839241027832031250000000000000000e-19
1.0164395367051604068819870008155703544616699218750000000000000000e-19
-4.7433845046240818987826060038059949874877929687500000000000000000e-19
-1.1519648082658484611329186009243130683898925781250000000000000000e-19
-2.9815559743351371935204952023923397064208984375000000000000000000e-19
1.6263032587282566510111792013049125671386718750000000000000000000e-19
1.0842021724855044340074528008699417114257812500000000000000000000e-19
3.3203691532368573291478242026641964912414550781250000000000000000e-19
-1.2874900798265365153838502010330557823181152343750000000000000000e-19
-2.0328790734103208137639740016311407089233398437500000000000000000e-19
4.7433845046240818987826060038059949874877929687500000000000000000e-20
-2.7105054312137610850186320021748542785644531250000000000000000000e-20
-1.9651164376299767866385082015767693519592285156250000000000000000e-19
-9.4867690092481637975652120076119899749755859375000000000000000000e-20
3.1170812458958252477714268025010824203491210937500000000000000000e-19
9.4867690092481637975652120076119899749755859375000000000000000000e-20
7.4538899358378429838012380059808492660522460937500000000000000000e-20
8.1315162936412832550558960065245628356933593750000000000000000000e-20
-2.0328790734103208137639740016311407089233398437500000000000000000e-20
-1.4230153513872245696347818011417984962463378906250000000000000000e-19
-2.7105054312137610850186320021748542785644531250000000000000000000e-20
2.9815559743351371935204952023923397064208984375000000000000000000e-19
1.0164395367051604068819870008155703544616699218750000000000000000e-19
1.2874900798265365153838502010330557823181152343750000000000000000e-19
8.8091426514447235263105540070682764053344726562500000000000000000e-20
-1.3552527156068805425093160010874271392822265625000000000000000000e-19
4.0657581468206416275279480032622814178466796875000000000000000000e-20
-2.3039296165316969222658372018486261367797851562500000000000000000e-19
-2.1006417091906648408894398016855120658874511718750000000000000000e-19
4.4723339615027057902807428035885095596313476562500000000000000000e-19
8.1315162936412832550558960065245628356933593750000000000000000000e-20
1.6263032587282566510111792013049125671386718750000000000000000000e-19
-5.4210108624275221700372640043497085571289062500000000000000000000e-20
-4.0657581468206416275279480032622814178466796875000000000000000000e-20
-1.9651164376299767866385082015767693519592285156250000000000000000e-19
4.7433845046240818987826060038059949874877929687500000000000000000e-20
-1.6940658945086006781366450013592839241027832031250000000000000000e-19
1.9651164376299767866385082015767693519592285156250000000000000000e-19
1.7618285302889447052621108014136552810668945312500000000000000000e-19
1.3552527156068805425093160010874271392822265625000000000000000000e-20
-1.4230153513872245696347818011417984962463378906250000000000000000e-19
-3.9979955110402976004024822032079100608825683593750000000000000000e-19
3.0493186101154812206459610024467110633850097656250000000000000000e-19
2.0328790734103208137639740016311407089233398437500000000000000000e-19
1.3552527156068805425093160010874271392822265625000000000000000000e-19
2.0328790734103208137639740016311407089233398437500000000000000000e-20
-8.1315162936412832550558960065245628356933593750000000000000000000e-20
-3.3881317890172013562732900027185678482055664062500000000000000000e-20
1.4230153513872245696347818011417984962463378906250000000000000000e-19
-4.7433845046240818987826060038059949874877929687500000000000000000e-20
-6.7762635780344027125465800054371356964111328125000000000000000000e-20
-5.4210108624275221700372640043497085571289062500000000000000000000e-20
6.7762635780344027125465800054371356964111328125000000000000000000e-20
-1.7618285302889447052621108014136552810668945312500000000000000000e-19
-5.4210108624275221700372640043497085571289062500000000000000000000e-20
2.7105054312137610850186320021748542785644531250000000000000000000e-20
1.0842021724855044340074528008699417114257812500000000000000000000e-19
-5.4210108624275221700372640043497085571289062500000000000000000000e-20
1.2197274440461924882583844009786844253540039062500000000000000000e-19
-1.4907779871675685967602476011961698532104492187500000000000000000e-19
-2.2361669807513528951403714017942547798156738281250000000000000000e-19
-3.3881317890172013562732900027185678482055664062500000000000000000e-20
1.2874900798265365153838502010330557823181152343750000000000000000e-19
6.7762635780344027125465800054371356964111328125000000000000000000e-20
0.0000000000000000000000000000000000000000000000000000000000000000e+00
-2.3039296165316969222658372018486261367797851562500000000000000000e-19
-1.5585406229479126238857134012505412101745605468750000000000000000e-19
1.4230153513872245696347818011417984962463378906250000000000000000e-19
-4.8789097761847699530335376039147377014160156250000000000000000000e-19
2.9137933385547931663950294023379683494567871093750000000000000000e-19
3.6591823321385774647751532029360532760620117187500000000000000000e-19
2.2361669807513528951403714017942547798156738281250000000000000000e-19
-1.8295911660692887323875766014680266380310058593750000000000000000e-19
1.9651164376299767866385082015767693519592285156250000000000000000e-19
1.3552527156068805425093160010874271392822265625000000000000000000e-19
-2.0328790734103208137639740016311407089233398437500000000000000000e-20
1.6601845766184286645739121013320982456207275390625000000000000000e-19
-1.5585406229479126238857134012505412101745605468750000000000000000e-19
-1.3552527156068805425093160010874271392822265625000000000000000000e-19
-1.6601845766184286645739121013320982456207275390625000000000000000e-19
4.7433845046240818987826060038059949874877929687500000000000000000e-20
4.0657581468206416275279480032622814178466796875000000000000000000e-20
2.3716922523120409493913030019029974937438964843750000000000000000e-20
-4.0657581468206416275279480032622814178466796875000000000000000000e-20
-1.9651164376299767866385082015767693519592285156250000000000000000e-19
2.6427427954334170578931662021204829216003417968750000000000000000e-19
-2.0328790734103208137639740016311407089233398437500000000000000000e-20
1.3213713977167085289465831010602414608001708984375000000000000000e-19
-1.6263032587282566510111792013049125671386718750000000000000000000e-19
-2.7105054312137610850186320021748542785644531250000000000000000000e-20
-3.5236570605778894105242216028273105621337890625000000000000000000e-19
-3.7269449679189214919006190029904246330261230468750000000000000000e-20
5.4210108624275221700372640043497085571289062500000000000000000000e-20
3.1170812458958252477714268025010824203491210937500000000000000000e-19
9.4867690092481637975652120076119899749755859375000000000000000000e-20
-6.0986372202309624412919220048934221267700195312500000000000000000e-20
-8.4703294725430033906832250067964196205139160156250000000000000000e-20
-3.3881317890172013562732900027185678482055664062500000000000000000e-21
-9.4867690092481637975652120076119899749755859375000000000000000000e-20
1.5246593050577406103229805012233555316925048828125000000000000000e-19
1.3552527156068805425093160010874271392822265625000000000000000000e-20
-2.1345230270808368544521727017126977443695068359375000000000000000e-19
9.8255821881498839331925410078838467597961425781250000000000000000e-20
-2.0667603913004928273267069016583263874053955078125000000000000000e-19
1.0164395367051604068819870008155703544616699218750000000000000000e-19
-1.6263032587282566510111792013049125671386718750000000000000000000e-19
1.3552527156068805425093160010874271392822265625000000000000000000e-20
-1.6940658945086006781366450013592839241027832031250000000000000000e-19
-8.4703294725430033906832250067964196205139160156250000000000000000e-20
-2.2700482986415249087031043018214404582977294921875000000000000000e-19
-3.2187251995663412884596255025826394557952880859375000000000000000e-19
-1.0164395367051604068819870008155703544616699218750000000000000000e-20
2.3716922523120409493913030019029974937438964843750000000000000000e-20
1.3213713977167085289465831010602414608001708984375000000000000000e-19
-1.6263032587282566510111792013049125671386718750000000000000000000e-19
3.7269449679189214919006190029904246330261230468750000000000000000e-20
-3.3881317890172013562732900027185678482055664062500000000000000000e-21
1.0503208545953324204447199008427560329437255859375000000000000000e-19
-3.1848438816761692748968926025554537773132324218750000000000000000e-19
1.0164395367051604068819870008155703544616699218750000000000000000e-19
-9.1479558303464436619378830073401331901550292968750000000000000000e-20
-3.3881317890172013562732900027185678482055664062500000000000000000e-21
-2.0667603913004928273267069016583263874053955078125000000000000000e-19
2.3716922523120409493913030019029974937438964843750000000000000000e-20
2.3716922523120409493913030019029974937438964843750000000000000000e-20
-1.5246593050577406103229805012233555316925048828125000000000000000e-19
-1.5585406229479126238857134012505412101745605468750000000000000000e-19
2.7443867491039330985813649022020399570465087890625000000000000000e-19
-6.7762635780344027125465800054371356964111328125000000000000000000e-21
2.3378109344218689358285701018758118152618408203125000000000000000e-19
1.0503208545953324204447199008427560329437255859375000000000000000e-19
-1.2536087619363645018211173010058701038360595703125000000000000000e-19
-3.1509625637859972613341597025282680988311767578125000000000000000e-19
-7.1150767569361228481739090057089924812316894531250000000000000000e-20
-1.6940658945086006781366450013592839241027832031250000000000000000e-20
1.7618285302889447052621108014136552810668945312500000000000000000e-19
-1.4230153513872245696347818011417984962463378906250000000000000000e-19
-4.4045713257223617631552770035341382026672363281250000000000000000e-20
-3.3881317890172013562732900027185678482055664062500000000000000000e-20
-1.8295911660692887323875766014680266380310058593750000000000000000e-19
1.1858461261560204746956515009514987468719482421875000000000000000e-19
6.4374503991326825769192510051652789115905761718750000000000000000e-20
-1.7618285302889447052621108014136552810668945312500000000000000000e-19
1.4907779871675685967602476011961698532104492187500000000000000000e-19
-1.1519648082658484611329186009243130683898925781250000000000000000e-19
-5.4210108624275221700372640043497085571289062500000000000000000000e-20
-1.0503208545953324204447199008427560329437255859375000000000000000e-19
-4.7433845046240818987826060038059949874877929687500000000000000000e-20
-1.0164395367051604068819870008155703544616699218750000000000000000e-20
-1.2536087619363645018211173010058701038360595703125000000000000000e-19
-6.4374503991326825769192510051652789115905761718750000000000000000e-20
6.0986372202309624412919220048934221267700195312500000000000000000e-20
-2.8121493848842771257068307022564113140106201171875000000000000000e-19
-1.3552527156068805425093160010874271392822265625000000000000000000e-20
-3.1170812458958252477714268025010824203491210937500000000000000000e-19
1.5585406229479126238857134012505412101745605468750000000000000000e-19
3.3881317890172013562732900027185678482055664062500000000000000000e-19
2.3716922523120409493913030019029974937438964843750000000000000000e-20
6.0986372202309624412919220048934221267700195312500000000000000000e-20
-1.4568966692773965831975147011689841747283935546875000000000000000e-19
1.7279472123987726916993779013864696025848388671875000000000000000e-19
2.7105054312137610850186320021748542785644531250000000000000000000e-20
2.1006417091906648408894398016855120658874511718750000000000000000e-19
1.8973538018496327595130424015223979949951171875000000000000000000e-19
1.4907779871675685967602476011961698532104492187500000000000000000e-19
1.2536087619363645018211173010058701038360595703125000000000000000e-19
-1.9651164376299767866385082015767693519592285156250000000000000000e-19
-1.6940658945086006781366450013592839241027832031250000000000000000e-20
1.5924219408380846374484463012777268886566162109375000000000000000e-19
-1.2536087619363645018211173010058701038360595703125000000000000000e-19
-6.0986372202309624412919220048934221267700195312500000000000000000e-20
7.7927031147395631194285670062527060508728027343750000000000000000e-20
-4.0657581468206416275279480032622814178466796875000000000000000000e-20
-2.8799120206646211528322965023107826709747314453125000000000000000e-19
5.4210108624275221700372640043497085571289062500000000000000000000e-20
-7.4538899358378429838012380059808492660522460937500000000000000000e-20
2.3716922523120409493913030019029974937438964843750000000000000000e-19
-2.4733362059825569900795017019845545291900634765625000000000000000e-19
-2.3039296165316969222658372018486261367797851562500000000000000000e-19
6.4374503991326825769192510051652789115905761718750000000000000000e-20
-1.9651164376299767866385082015767693519592285156250000000000000000e-19
5.4210108624275221700372640043497085571289062500000000000000000000e-20
-1.1519648082658484611329186009243130683898925781250000000000000000e-19
-7.1150767569361228481739090057089924812316894531250000000000000000e-20
4.0657581468206416275279480032622814178466796875000000000000000000e-20
3.2526065174565133020223584026098251342773437500000000000000000000e-19
1.6940658945086006781366450013592839241027832031250000000000000000e-20
7.1150767569361228481739090057089924812316894531250000000000000000e-20
3.1509625637859972613341597025282680988311767578125000000000000000e-19
-3.7269449679189214919006190029904246330261230468750000000000000000e-20
-1.8973538018496327595130424015223979949951171875000000000000000000e-19
-5.7598240413292423056645930046215653419494628906250000000000000000e-20
-1.5924219408380846374484463012777268886566162109375000000000000000e-19
-6.4374503991326825769192510051652789115905761718750000000000000000e-20
9.8255821881498839331925410078838467597961425781250000000000000000e-20
-1.3552527156068805425093160010874271392822265625000000000000000000e-19
1.0164395367051604068819870008155703544616699218750000000000000000e-19
2.2700482986415249087031043018214404582977294921875000000000000000e-19
7.1150767569361228481739090057089924812316894531250000000000000000e-20
3.3881317890172013562732900027185678482055664062500000000000000000e-20
-1.1180834903756764475701857008971273899078369140625000000000000000e-19
-1.7957098481791167188248437014408409595489501953125000000000000000e-19
-2.4055735702022129629540359019301831722259521484375000000000000000e-19
7.4538899358378429838012380059808492660522460937500000000000000000e-20
-3.0493186101154812206459610024467110633850097656250000000000000000e-20
-2.8460307027744491392695636022835969924926757812500000000000000000e-19
3.0831999280056532342086939024738967418670654296875000000000000000e-19
-4.2351647362715016953416125033982098102569580078125000000000000000e-19
1.3552527156068805425093160010874271392822265625000000000000000000e-20
2.7443867491039330985813649022020399570465087890625000000000000000e-19
1.6940658945086006781366450013592839241027832031250000000000000000e-19
1.9312351197398047730757753015495836734771728515625000000000000000e-19
-1.0503208545953324204447199008427560329437255859375000000000000000e-19
4.1335207826009856546534138033166527748107910156250000000000000000e-19
-4.4045713257223617631552770035341382026672363281250000000000000000e-20
2.9815559743351371935204952023923397064208984375000000000000000000e-19
4.0657581468206416275279480032622814178466796875000000000000000000e-20
2.8121493848842771257068307022564113140106201171875000000000000000e-19
-6.0986372202309624412919220048934221267700195312500000000000000000e-20
0.0000000000000000000000000000000000000000000000000000000000000000e+00
-1.5246593050577406103229805012233555316925048828125000000000000000e-19
-1.9989977555201488002012411016039550304412841796875000000000000000e-19
-3.8285889215894375325888177030719816684722900390625000000000000000e-19
1.5246593050577406103229805012233555316925048828125000000000000000e-19
-1.6940658945086006781366450013592839241027832031250000000000000000e-20
-1.5246593050577406103229805012233555316925048828125000000000000000e-19
-7.1150767569361228481739090057089924812316894531250000000000000000e-20
7.7927031147395631194285670062527060508728027343750000000000000000e-20
1.2197274440461924882583844009786844253540039062500000000000000000e-19
7.1150767569361228481739090057089924812316894531250000000000000000e-20
8.4703294725430033906832250067964196205139160156250000000000000000e-20
-1.2197274440461924882583844009786844253540039062500000000000000000e-19
7.1150767569361228481739090057089924812316894531250000000000000000e-20
-3.0493186101154812206459610024467110633850097656250000000000000000e-20
1.1519648082658484611329186009243130683898925781250000000000000000e-19
1.8973538018496327595130424015223979949951171875000000000000000000e-19
-6.7762635780344027125465800054371356964111328125000000000000000000e-21
-1.8295911660692887323875766014680266380310058593750000000000000000e-19
-1.4230153513872245696347818011417984962463378906250000000000000000e-19
-2.6427427954334170578931662021204829216003417968750000000000000000e-19
5.0821976835258020344099350040778517723083496093750000000000000000e-20
-4.8789097761847699530335376039147377014160156250000000000000000000e-19
3.4897757426877173969614887028001248836517333984375000000000000000e-19
2.3378109344218689358285701018758118152618408203125000000000000000e-19
6.0986372202309624412919220048934221267700195312500000000000000000e-20
1.3552527156068805425093160010874271392822265625000000000000000000e-20
4.7433845046240818987826060038059949874877929687500000000000000000e-20
6.7762635780344027125465800054371356964111328125000000000000000000e-21
3.7269449679189214919006190029904246330261230468750000000000000000e-19
6.1325185381211344548546549049206078052520751953125000000000000000e-19
8.4703294725430033906832250067964196205139160156250000000000000000e-20
2.1345230270808368544521727017126977443695068359375000000000000000e-19
-5.2177229550864900886608666041865944862365722656250000000000000000e-19
-1.1519648082658484611329186009243130683898925781250000000000000000e-19
-3.3542504711270293427105571026913821697235107421875000000000000000e-19
1.3213713977167085289465831010602414608001708984375000000000000000e-19
-3.7608262858090935054633519030176103115081787109375000000000000000e-19
2.0667603913004928273267069016583263874053955078125000000000000000e-19
-3.7947076036992655190260848030447959899902343750000000000000000000e-19
3.4558944247975453833987558027729392051696777343750000000000000000e-19
1.6601845766184286645739121013320982456207275390625000000000000000e-19
1.5246593050577406103229805012233555316925048828125000000000000000e-19
4.0318768289304696139652151032350957393646240234375000000000000000e-19
7.1150767569361228481739090057089924812316894531250000000000000000e-20
2.7782680669941051121440978022292256355285644531250000000000000000e-19
2.7105054312137610850186320021748542785644531250000000000000000000e-19
1.6263032587282566510111792013049125671386718750000000000000000000e-19
3.7608262858090935054633519030176103115081787109375000000000000000e-19
-1.3552527156068805425093160010874271392822265625000000000000000000e-20
-5.7598240413292423056645930046215653419494628906250000000000000000e-20
-5.7259427234390702921018601045943796634674072265625000000000000000e-19
-1.1519648082658484611329186009243130683898925781250000000000000000e-19
1.4568966692773965831975147011689841747283935546875000000000000000e-19
-2.2361669807513528951403714017942547798156738281250000000000000000e-19
2.7105054312137610850186320021748542785644531250000000000000000000e-19
-3.4558944247975453833987558027729392051696777343750000000000000000e-19
4.8450284582945979394708047038875520229339599609375000000000000000e-19
5.7090020644939842853204936545807868242263793945312500000000000000e-19
2.5410988417629010172049675020389258861541748046875000000000000000e-20
1.8804131429045467527316759515088051557540893554687500000000000000e-19
1.9989977555201488002012411016039550304412841796875000000000000000e-19
2.3378109344218689358285701018758118152618408203125000000000000000e-19
-3.7947076036992655190260848030447959899902343750000000000000000000e-19
-3.1848438816761692748968926025554537773132324218750000000000000000e-19
4.6078592330633938445316744036972522735595703125000000000000000000e-19
6.0986372202309624412919220048934221267700195312500000000000000000e-20
4.3029273720518457224670783034525811672210693359375000000000000000e-19
-1.8126505071242027256062101514544337987899780273437500000000000000e-19
2.4394548880923849765167688019573688507080078125000000000000000000e-19
1.5077186461126546035416140512097626924514770507812500000000000000e-19
2.7613274080490191053627313522156327962875366210937500000000000000e-19
3.4897757426877173969614887028001248836517333984375000000000000000e-19
-5.3532482266471781429117982042953372001647949218750000000000000000e-19
-7.7927031147395631194285670062527060508728027343750000000000000000e-20
-8.9785492408955835941242185072042047977447509765625000000000000000e-20
-1.3383120566617945357279495510738343000411987304687500000000000000e-19
1.8804131429045467527316759515088051557540893554687500000000000000e-19
3.3711911300721153494919235527049750089645385742187500000000000000e-19
5.9292306307801023734782575047574937343597412109375000000000000000e-20
5.6751207466038122717577607545536011457443237304687500000000000000e-19
-6.5221536938581126108260832552332431077957153320312500000000000000e-19
-1.2197274440461924882583844009786844253540039062500000000000000000e-19
-4.6078592330633938445316744036972522735595703125000000000000000000e-19
-1.6601845766184286645739121013320982456207275390625000000000000000e-19
-1.3721933745519665492906824511010199785232543945312500000000000000e-19
-4.5739779151732218309689415036700665950775146484375000000000000000e-20
-5.7767647002743283124459594546351581811904907226562500000000000000e-19
4.9974943888003720005031027540098875761032104492187500000000000000e-19
8.9785492408955835941242185072042047977447509765625000000000000000e-20
2.7782680669941051121440978022292256355285644531250000000000000000e-19
3.2017845406212552816782590525690466165542602539062500000000000000e-19
-5.5226548160980382107254627044312655925750732421875000000000000000e-19
-3.0662592690605672274273274524603039026260375976562500000000000000e-19
2.5749801596530730307677004020661115646362304687500000000000000000e-19
-3.5236570605778894105242216028273105621337890625000000000000000000e-19
0.0000000000000000000000000000000000000000000000000000000000000000e+00
5.1669009782512320683167672541458159685134887695312500000000000000e-19
7.6232965252887030516149025061167776584625244140625000000000000000e-20
-6.7762635780344027125465800054371356964111328125000000000000000000e-20
1.9481757786848907798571417515631765127182006835937500000000000000e-19
4.8789097761847699530335376039147377014160156250000000000000000000e-19
-3.3881317890172013562732900027185678482055664062500000000000000000e-21
3.1679032227310832681155261525418609380722045898437500000000000000e-19
-8.6397360619938634584968895069323480129241943359375000000000000000e-20
2.9815559743351371935204952023923397064208984375000000000000000000e-19
-2.3208702754767829290472036518622189760208129882812500000000000000e-19
2.4225142291472989697354023519437760114669799804687500000000000000e-19
1.4060746924421385628534153511282056570053100585937500000000000000e-19
6.1663998560113064684173878049477934837341308593750000000000000000e-19
3.7438856268640074986819854530040174722671508789062500000000000000e-19
1.0503208545953324204447199008427560329437255859375000000000000000e-19
1.8973538018496327595130424015223979949951171875000000000000000000e-19
3.6422416731934914579937867529224604368209838867187500000000000000e-19
2.9815559743351371935204952023923397064208984375000000000000000000e-19
1.6940658945086006781366450013592839241027832031250000000000000000e-19
-1.2874900798265365153838502010330557823181152343750000000000000000e-19
-4.5062152793928778038434757036156952381134033203125000000000000000e-19
8.0129316810256812075863308564294129610061645507812500000000000000e-19
4.0826988057657276343093144532758742570877075195312500000000000000e-19
-4.3537493488871037428111776534933596849441528320312500000000000000e-19
-2.2022856628611808815776385017670691013336181640625000000000000000e-20
1.8634724839594607459503095014952123165130615234375000000000000000e-19
7.9451690452453371804608650563750416040420532226562500000000000000e-19
-3.7269449679189214919006190029904246330261230468750000000000000000e-19
2.5749801596530730307677004020661115646362304687500000000000000000e-19
5.0313757066905440140658356540370732545852661132812500000000000000e-19
2.7613274080490191053627313522156327962875366210937500000000000000e-19
-3.5744790374131474308683209528680890798568725585937500000000000000e-19
-2.7274460901588470917999984521884471178054809570312500000000000000e-19
3.2187251995663412884596255025826394557952880859375000000000000000e-19
2.8799120206646211528322965023107826709747314453125000000000000000e-20
-3.1679032227310832681155261525418609380722045898437500000000000000e-19
6.4374503991326825769192510051652789115905761718750000000000000000e-19
6.7762635780344027125465800054371356964111328125000000000000000000e-20
3.9641141931501255868397493031807243824005126953125000000000000000e-19
2.0328790734103208137639740016311407089233398437500000000000000000e-19
1.3044307387716225221652166510466486215591430664062500000000000000e-19
-2.7274460901588470917999984521884471178054809570312500000000000000e-19
4.5739779151732218309689415036700665950775146484375000000000000000e-19
5.4210108624275221700372640043497085571289062500000000000000000000e-20
-4.0149361699853836071838486532215029001235961914062500000000000000e-19
-5.7174723939665272887111768795875832438468933105468750000000000000e-19
-4.5824482446457648343596247286768630146980285644531250000000000000e-19
-2.1429933565533798578428559267194941639900207519531250000000000000e-19
-6.6068569885835426447329155053012073040008544921875000000000000000e-20
5.9631119486702743870409904047846794128417968750000000000000000000e-19
3.7947076036992655190260848030447959899902343750000000000000000000e-19
-4.5993889035908508411409911786904558539390563964843750000000000000e-19
3.8709405689521525495422338281059637665748596191406250000000000000e-19
-1.9735867671025197900291914265835657715797424316406250000000000000e-19
1.3721933745519665492906824511010199785232543945312500000000000000e-19
-5.1076086719434310445819846790982410311698913574218750000000000000e-19
3.8370592510619805359795009280787780880928039550781250000000000000e-19
1.3976043629695955594627321261214092373847961425781250000000000000e-19
-4.2351647362715016953416125033982098102569580078125000000000000000e-19
-4.9127910940749419665962705039419233798980712890625000000000000000e-20
-6.6915602833089726786397477553691715002059936523437500000000000000e-19
4.7857361519867969157360221288399770855903625488281250000000000000e-19
-7.2251910400791818922527909307973459362983703613281250000000000000e-19
4.2690460541616737089043454034253954887390136718750000000000000000e-19
-6.5136833643855696074354000302264466881752014160156250000000000000e-19
-8.6905580388291214788409888569731265306472778320312500000000000000e-19
5.5226548160980382107254627044312655925750732421875000000000000000e-19
-2.9730856448625941901298119773855432868003845214843750000000000000e-19
5.8529976655272153429621084796963259577751159667968750000000000000e-19
3.7862372742267225156354015780379995703697204589843750000000000000e-19
3.6676526616111204681658364279428496956825256347656250000000000000e-19
8.4703294725430033906832250067964196205139160156250000000000000000e-22
5.5565361339882102242881956044584512710571289062500000000000000000e-19
4.6840921983162808750478234287584200501441955566406250000000000000e-19
-5.8529976655272153429621084796963259577751159667968750000000000000e-19
-3.0408482806429382172552777774399146437644958496093750000000000000e-19
-8.8006723219721805229198707820614799857139587402343750000000000000e-19
-9.2665404429620457094074481574352830648422241210937500000000000000e-19
3.2271955290388842918503087275894358754158020019531250000000000000e-19
-1.0528619534370953214619248683447949588298797607421875000000000000e-18
8.0214020104982242109770140814362093806266784667968750000000000000e-19
-6.1833405149563924751987542549613863229751586914062500000000000000e-20
1.3323828260310144333544712935690768063068389892578125000000000000e-18
4.4045713257223617631552770035341382026672363281250000000000000000e-20
-5.4633625097902371869906801293836906552314758300781250000000000000e-19
-5.8868789834173873565248413797235116362571716308593750000000000000e-19
7.8519954210473641431633495813002809882164001464843750000000000000e-19
7.4708305947829289905826044559944421052932739257812500000000000000e-19
4.6078592330633938445316744036972522735595703125000000000000000000e-19
1.1282478857427280516390055709052830934524536132812500000000000000e-18
8.9446679230054115805614856071770191192626953125000000000000000000e-19
3.3966021184897443596639732277253642678260803222656250000000000000e-19
-1.1367182152152710550296887959120795130729675292968750000000000000e-18
2.1175823681357508476708062516991049051284790039062500000000000000e-20
1.8600843521704435445940362114924937486648559570312500000000000000e-18
1.1121542597448963451967074433923698961734771728515625000000000000e-18
3.3881317890172013562732900027185678482055664062500000000000000000e-21
5.4887734982078661971627298044040799140930175781250000000000000000e-19
-1.0401564592282808163759000308346003293991088867187500000000000000e-18
-5.8402921713184008378760836421861313283443450927734375000000000000e-19
1.5627757876841841255810550137539394199848175048828125000000000000e-19
-1.1591645883175100140149993421800900250673294067382812500000000000e-18
8.1908085999490842787906785815721377730369567871093750000000000000e-19
-2.3500929121570562907450607781356666237115859985351562500000000000e-18
-1.4238623843344788699738501236424781382083892822265625000000000000e-18
1.9231883067408889198546262377931270748376846313476562500000000000e-18
-9.4190063734678197704397462075576186180114746093750000000000000000e-19
-6.0647559023407904277291891048662364482879638671875000000000000000e-19
-7.1722514808757881210610207745048683136701583862304687500000000000e-19
1.1104601938503877445185707983910106122493743896484375000000000000e-18
1.1515412917922213109633844396739732474088668823242187500000000000e-18
-2.9866381720186629955549051373964175581932067871093750000000000000e-18
1.5070833714022138782873128093342529609799385070800781250000000000e-18
-1.0045810754436002021350304858060553669929504394531250000000000000e-18
-2.1950858828095193286955577605112921446561813354492187500000000000e-18
6.9986097266886565515520146618655417114496231079101562500000000000e-19
-4.6798570335800093733524818162550218403339385986328125000000000000e-19
3.3360392627610618854205881689267698675394058227539062500000000000e-18
1.1225304133487615243502943940256955102086067199707031250000000000e-18
