7.8679880881918506929650902748107910156250000000000000000000000000e-01
7.7138037839654316485393792390823364257812500000000000000000000000e-01
7.4114235536535488790832459926605224609375000000000000000000000000e-01
7.1283368526360391115304082632064819335937500000000000000000000000e-01
6.8628580949848583259154111146926879882812500000000000000000000000e-01
6.6087637779332908394280821084976196289062500000000000000000000000e-01
6.3689046564763884816784411668777465820312500000000000000000000000e-01
6.1421502281791617861017584800720214843750000000000000000000000000e-01
5.9268649170576281903777271509170532226562500000000000000000000000e-01
5.7221669073169323382899165153503417968750000000000000000000000000e-01
5.5271022580654971534386277198791503906250000000000000000000000000e-01
5.3414611792027244518976658582687377929687500000000000000000000000e-01
5.1652656177884637145325541496276855468750000000000000000000000000e-01
4.9976706020493111282121390104293823242187500000000000000000000000e-01
4.8375204501689950120635330677032470703125000000000000000000000000e-01
4.6836611613002787635196000337600708007812500000000000000000000000e-01
4.5349726219774311175569891929626464843750000000000000000000000000e-01
4.3903496795587670931126922369003295898437500000000000000000000000e-01
4.2486585493224993115290999412536621093750000000000000000000000000e-01
4.1086944368566946650389581918716430664062500000000000000000000000e-01
3.9691343855520244687795639038085937500000000000000000000000000000e-01
3.8284814655912668968085199594497680664062500000000000000000000000e-01
3.6849813192952751705888658761978149414062500000000000000000000000e-01
3.5365389075968778342939913272857666015625000000000000000000000000e-01
3.3806676052540751697961241006851196289062500000000000000000000000e-01
3.2209149676691595232114195823669433593750000000000000000000000000e-01
3.0682529037107997282873839139938354492187500000000000000000000000e-01
2.9281650920302126905880868434906005859375000000000000000000000000e-01
2.7994859923705917026381939649581909179687500000000000000000000000e-01
2.6811217175077217689249664545059204101562500000000000000000000000e-01
2.5720943938267737394198775291442871093750000000000000000000000000e-01
2.4715410594171771663241088390350341796875000000000000000000000000e-01
2.3786871302286272111814469099044799804687500000000000000000000000e-01
2.2928375385890831239521503448486328125000000000000000000000000000e-01
2.2133692221700584923382848501205444335937500000000000000000000000e-01
2.1397226109070288657676428556442260742187500000000000000000000000e-01
2.0713943333703355165198445320129394531250000000000000000000000000e-01
2.0079309929087685304693877696990966796875000000000000000000000000e-01
1.9489236494246142683550715446472167968750000000000000000000000000e-01
1.8940029271925595821812748908996582031250000000000000000000000000e-01
1.8428347211352047452237457036972045898437500000000000000000000000e-01
1.7951164176042766484897583723068237304687500000000000000000000000e-01
1.7505735551708312414120882749557495117187500000000000000000000000e-01
1.7089568743881500267889350652694702148437500000000000000000000000e-01
1.6700397083718598878476768732070922851562500000000000000000000000e-01
1.6336156708666749182157218456268310546875000000000000000000000000e-01
1.5994966052835479786153882741928100585937500000000000000000000000e-01
1.5675107629635931516531854867935180664062500000000000000000000000e-01
1.5375011828609785879962146282196044921875000000000000000000000000e-01
1.5093242485318114631809294223785400390625000000000000000000000000e-01
1.4828484013446541212033480405807495117187500000000000000000000000e-01
1.4579529915272360085509717464447021484375000000000000000000000000e-01
1.4345272509012829686980694532394409179687500000000000000000000000e-01
1.4124693733833737496752291917800903320312500000000000000000000000e-01
1.3916856907212604710366576910018920898437500000000000000000000000e-01
1.3720899328291125129908323287963867187500000000000000000000000000e-01
1.3536025631333359342534095048904418945312500000000000000000000000e-01
1.3361501805343323212582617998123168945312500000000000000000000000e-01
1.3196649807878202409483492374420166015625000000000000000000000000e-01
1.3040842707050614990293979644775390625000000000000000000000000000e-01
1.2893500295285775791853666305541992187500000000000000000000000000e-01
1.2754085124129233008716255426406860351562500000000000000000000000e-01
1.2622098915926471818238496780395507812500000000000000000000000000e-01
1.2497079312674941320437937974929809570312500000000000000000000000e-01
1.2378596926419049850665032863616943359375000000000000000000000000e-01
1.2266252662470833456609398126602172851562500000000000000000000000e-01
1.2159675284829063457436859607696533203125000000000000000000000000e-01
1.2058519201650597096886485815048217773437500000000000000000000000e-01
1.1962462448082078481093049049377441406250000000000000000000000000e-01
1.1871204846738692140206694602966308593750000000000000000000000000e-01
1.1784466329163478803820908069610595703125000000000000000000000000e-01
1.1701985402214631903916597366333007812500000000000000000000000000e-01
1.1623517745670142176095396280288696289062500000000000000000000000e-01
1.1548834929044460295699536800384521484375000000000000000000000000e-01
1.1477723235111625399440526962280273437500000000000000000000000000e-01
1.1409982582631528202909976243972778320312500000000000000000000000e-01
1.1345425536978837044443935155868530273437500000000000000000000000e-01
1.1283876398965730913914740085601806640625000000000000000000000000e-01
1.1225170375223569863010197877883911132812500000000000000000000000e-01
1.1169152800903248135000467300415039062500000000000000000000000000e-01
1.1115678440887677425052970647811889648437500000000000000000000000e-01
1.1064610832931975892279297113418579101562500000000000000000000000e-01
1.1015821681212401017546653747558593750000000000000000000000000000e-01
1.0969190321156929712742567062377929687500000000000000000000000000e-01
1.0924603170587943168357014656066894531250000000000000000000000000e-01
1.0881953300190616573672741651535034179687500000000000000000000000e-01
1.0841139961985390982590615749359130859375000000000000000000000000e-01
1.0802068178918489138595759868621826171875000000000000000000000000e-01
1.0764648435451817931607365608215332031250000000000000000000000000e-01
1.0728796195803624868858605623245239257812500000000000000000000000e-01
1.0694431751153388177044689655303955078125000000000000000000000000e-01
1.0661479784448602003976702690124511718750000000000000000000000000e-01
1.0629869093440902361180633306503295898437500000000000000000000000e-01
1.0599532546893897233530879020690917968750000000000000000000000000e-01
1.0570406405599896970670670270919799804687500000000000000000000000e-01
1.0542430640202837821561843156814575195312500000000000000000000000e-01
1.0515548326020507374778389930725097656250000000000000000000000000e-01
1.0489705396707904583308845758438110351562500000000000000000000000e-01
1.0464851170650035783182829618453979492187500000000000000000000000e-01
1.0440936885743212769739329814910888671875000000000000000000000000e-01
1.0417916981919006502721458673477172851562500000000000000000000000e-01
1.0395748122095938015263527631759643554687500000000000000000000000e-01
1.0374388513491794583387672901153564453125000000000000000000000000e-01
1.0353800017287539958488196134567260742187500000000000000000000000e-01
1.0333944617036650015506893396377563476562500000000000000000000000e-01
1.0314787435572725371457636356353759765625000000000000000000000000e-01
1.0296295715670567005872726440429687500000000000000000000000000000e-01
1.0278435960412934946361929178237915039062500000000000000000000000e-01
1.0261180171642081404570490121841430664062500000000000000000000000e-01
1.0244498136216861894354224205017089843750000000000000000000000000e-01
1.0228362300176740973256528377532958984375000000000000000000000000e-01
1.0212749342963434173725545406341552734375000000000000000000000000e-01
1.0197630357333764550276100635528564453125000000000000000000000000e-01
1.0182985814481071429327130317687988281250000000000000000000000000e-01
1.0168792219019451295025646686553955078125000000000000000000000000e-01
1.0155025061794731300324201583862304687500000000000000000000000000e-01
1.0141671330120516358874738216400146484375000000000000000000000000e-01
1.0128703619852785777766257524490356445312500000000000000000000000e-01
1.0116108023794367909431457519531250000000000000000000000000000000e-01
1.0103870192324393428862094879150390625000000000000000000000000000e-01
1.0091962331694048771169036626815795898437500000000000000000000000e-01
1.0080383391687064431607723236083984375000000000000000000000000000e-01
1.0069107721301406854763627052307128906250000000000000000000000000e-01
1.0058119455516134621575474739074707031250000000000000000000000000e-01
1.0047420839032383810263127088546752929687500000000000000000000000e-01
1.0036974010972699034027755260467529296875000000000000000000000000e-01
1.0026787168044393183663487434387207031250000000000000000000000000e-01
1.0016845679047037265263497829437255859375000000000000000000000000e-01
1.0007116485235201253090053796768188476562500000000000000000000000e-01
9.9976277400855906307697296142578125000000000000000000000000000000e-02
9.9883326793587912106886506080627441406250000000000000000000000000e-02
9.9792319377684179926291108131408691406250000000000000000000000000e-02
9.9703444692750053945928812026977539062500000000000000000000000000e-02
9.9616024624992860481142997741699218750000000000000000000000000000e-02
9.9530569352509701275266706943511962890625000000000000000000000000e-02
9.9446766654182283673435449600219726562500000000000000000000000000e-02
9.9364174977381480857729911804199218750000000000000000000000000000e-02
9.9283580860401343670673668384552001953125000000000000000000000000e-02
9.9203989783745782915502786636352539062500000000000000000000000000e-02
9.9125748226015275577083230018615722656250000000000000000000000000e-02
9.9049257032675086520612239837646484375000000000000000000000000000e-02
9.8973221616688533686101436614990234375000000000000000000000000000e-02
9.8898954847072673146612942218780517578125000000000000000000000000e-02
9.8825736310118372784927487373352050781250000000000000000000000000e-02
9.8752904840239352779462933540344238281250000000000000000000000000e-02
9.8682145739530824357643723487854003906250000000000000000000000000e-02
9.8611441812408884288743138313293457031250000000000000000000000000e-02
9.8541726784333150135353207588195800781250000000000000000000000000e-02
9.8473774411559134023264050483703613281250000000000000000000000000e-02
9.8405126937905151862651109695434570312500000000000000000000000000e-02
9.8338482904864576994441449642181396484375000000000000000000000000e-02
9.8272450397416832856833934783935546875000000000000000000000000000e-02
9.8205848898487602127715945243835449218750000000000000000000000000e-02
9.8141963050466074491851031780242919921875000000000000000000000000e-02
9.8077052531607478158548474311828613281250000000000000000000000000e-02
9.8012839355533287744037806987762451171875000000000000000000000000e-02
9.7950939707516226917505264282226562500000000000000000000000000000e-02
9.7886813968216301873326301574707031250000000000000000000000000000e-02
9.7825316262287742574699223041534423828125000000000000000000000000e-02
9.7764286243545939214527606964111328125000000000000000000000000000e-02
9.7701287519612378673627972602844238281250000000000000000000000000e-02
9.7642340884249279042705893516540527343750000000000000000000000000e-02
9.7581169163731829030439257621765136718750000000000000000000000000e-02
9.7520158569977866136468946933746337890625000000000000000000000000e-02
9.7462830321546789491549134254455566406250000000000000000000000000e-02
9.7401182069233982474543154239654541015625000000000000000000000000e-02
9.7342984123770293081179261207580566406250000000000000000000000000e-02
9.7285747340492889634333550930023193359375000000000000000000000000e-02
9.7224308219210797687992453575134277343750000000000000000000000000e-02
9.7168993705054163001477718353271484375000000000000000000000000000e-02
9.7110397508004098199307918548583984375000000000000000000000000000e-02
9.7050656107285249163396656513214111328125000000000000000000000000e-02
9.6997122671609758981503546237945556640625000000000000000000000000e-02
9.6936624074487554025836288928985595703125000000000000000000000000e-02
9.6880113732822792371734976768493652343750000000000000000000000000e-02
9.6826260763918980956077575683593750000000000000000000000000000000e-02
9.6764804445911067887209355831146240234375000000000000000000000000e-02
9.6712035289556297357194125652313232421875000000000000000000000000e-02
9.6655707566469573066569864749908447265625000000000000000000000000e-02
9.6595469691919788601808249950408935546875000000000000000000000000e-02
9.6545312459966226015239953994750976562500000000000000000000000000e-02
9.6485410169407259672880172729492187500000000000000000000000000000e-02
9.6428913563840978895314037799835205078125000000000000000000000000e-02
9.6378597048669689684174954891204833984375000000000000000000000000e-02
9.6316117660535383038222789764404296875000000000000000000000000000e-02
9.6264616673579439520835876464843750000000000000000000000000000000e-02
9.6211057652453746413812041282653808593750000000000000000000000000e-02
9.6148755471858748933300375938415527343750000000000000000000000000e-02
9.6101478820401098346337676048278808593750000000000000000000000000e-02
9.6042507577976721222512423992156982421875000000000000000000000000e-02
9.5984201175951966433785855770111083984375000000000000000000000000e-02
9.5937725849807975464500486850738525390625000000000000000000000000e-02
9.5874069141700601903721690177917480468750000000000000000000000000e-02
9.5822060563932609511539340019226074218750000000000000000000000000e-02
9.5772356832185323582962155342102050781250000000000000000000000000e-02
9.5706908491592912469059228897094726562500000000000000000000000000e-02
9.5661487324832705780863761901855468750000000000000000000000000000e-02
9.5604655992929110652767121791839599609375000000000000000000000000e-02
9.5542796224663106841035187244415283203125000000000000000000000000e-02
9.5500039958778870641253888607025146484375000000000000000000000000e-02
9.5436183768697446794249117374420166015625000000000000000000000000e-02
9.5381376112300131353549659252166748046875000000000000000000000000e-02
9.5336695261494242004118859767913818359375000000000000000000000000e-02
9.5267963701644475804641842842102050781250000000000000000000000000e-02
9.5222556846692896215245127677917480468750000000000000000000000000e-02
9.5169632615352384163998067378997802734375000000000000000000000000e-02
9.5103083979438451933674514293670654296875000000000000000000000000e-02
9.5062942491267676814459264278411865234375000000000000000000000000e-02
9.5000990294238363276235759258270263671875000000000000000000000000e-02
9.4941010507227474590763449668884277343750000000000000000000000000e-02
9.4901851328813791042193770408630371093750000000000000000000000000e-02
9.4831045620139775564894080162048339843750000000000000000000000000e-02
9.4783077917099944897927343845367431640625000000000000000000000000e-02
9.4735743197588817565701901912689208984375000000000000000000000000e-02
9.4664571406156028388068079948425292968750000000000000000000000000e-02
9.4624759797397928196005523204803466796875000000000000000000000000e-02
9.4567409280898573342710733413696289062500000000000000000000000000e-02
9.4500648584698865306563675403594970703125000000000000000000000000e-02
9.4466106202617083908990025520324707031250000000000000000000000000e-02
9.4395825467472604941576719284057617187500000000000000000000000000e-02
9.4342523495470231864601373672485351562500000000000000000000000000e-02
9.4301598895071947481483221054077148437500000000000000000000000000e-02
9.4227366702853032620623707771301269531250000000000000000000000000e-02
9.4184826233913554460741579532623291015625000000000000000000000000e-02
9.4134361592523418948985636234283447265625000000000000000000000000e-02
9.4060876837829709984362125396728515625000000000000000000000000000e-02
9.4028344615480818902142345905303955078125000000000000000000000000e-02
9.3962039002462915959767997264862060546875000000000000000000000000e-02
9.3901302905123884556815028190612792968750000000000000000000000000e-02
9.3866157827278584591113030910491943359375000000000000000000000000e-02
9.3791675539705465780571103096008300781250000000000000000000000000e-02
9.3743494115187786519527435302734375000000000000000000000000000000e-02
9.3700738944562544929794967174530029296875000000000000000000000000e-02
9.3622648057817059452645480632781982421875000000000000000000000000e-02
9.3588304790273468825034797191619873046875000000000000000000000000e-02
9.3529183056034526089206337928771972656250000000000000000000000000e-02
9.3460478608676567091606557369232177734375000000000000000000000000e-02
9.3428905514201687765307724475860595703125000000000000000000000000e-02
9.3357485429805819876492023468017578125000000000000000000000000000e-02
9.3301890742850446258671581745147705078125000000000000000000000000e-02
9.3265710382183897309005260467529296875000000000000000000000000000e-02
9.3186695742360825533978641033172607421875000000000000000000000000e-02
9.3146727815337726497091352939605712890625000000000000000000000000e-02
9.3096511896419542608782649040222167968750000000000000000000000000e-02
9.3021351119887185632251203060150146484375000000000000000000000000e-02
9.2990020187244226690381765365600585937500000000000000000000000000e-02
9.2924524722093337913975119590759277343750000000000000000000000000e-02
9.2861464872839860618114471435546875000000000000000000000000000000e-02
9.2829111432592981145717203617095947265625000000000000000000000000e-02
9.2753188760980265215039253234863281250000000000000000000000000000e-02
9.2705179230961221037432551383972167968750000000000000000000000000e-02
9.2663349551685314509086310863494873046875000000000000000000000000e-02
9.2585008248306621680967509746551513671875000000000000000000000000e-02
9.2550410927060511312447488307952880859375000000000000000000000000e-02
9.2492434805080847581848502159118652343750000000000000000000000000e-02
9.2423537977538217091932892799377441406250000000000000000000000000e-02
9.2391611475932222674600780010223388671875000000000000000000000000e-02
9.2321811095189332263544201850891113281250000000000000000000000000e-02
9.2265540212792984675616025924682617187500000000000000000000000000e-02
9.2229537733601318905130028724670410156250000000000000000000000000e-02
9.2152017802391128498129546642303466796875000000000000000000000000e-02
9.2111566714493164909072220325469970703125000000000000000000000000e-02
9.2061028268972222576849162578582763671875000000000000000000000000e-02
9.1989046484286518534645438194274902343750000000000000000000000000e-02
9.1954551407525286776944994926452636718750000000000000000000000000e-02
9.1892160081215479294769465923309326171875000000000000000000000000e-02
9.1829434864848735742270946502685546875000000000000000000000000000e-02
9.1795714390173088759183883666992187500000000000000000000000000000e-02
9.1722428100865727174095809459686279296875000000000000000000000000e-02
9.1675223471384015283547341823577880859375000000000000000000000000e-02
9.1630521206752746365964412689208984375000000000000000000000000000e-02
9.1558511905304840183816850185394287109375000000000000000000000000e-02
9.1519584327443226356990635395050048828125000000000000000000000000e-02
9.1464161886960937408730387687683105468750000000000000000000000000e-02
9.1397910664454684592783451080322265625000000000000000000000000000e-02
9.1363229962553305085748434066772460937500000000000000000000000000e-02
9.1296068972724242485128343105316162109375000000000000000000000000e-02
9.1242968647293309913948178291320800781250000000000000000000000000e-02
9.1201647204343316843733191490173339843750000000000000000000000000e-02
9.1132175265784098883159458637237548828125000000000000000000000000e-02
9.1088322784116826369427144527435302734375000000000000000000000000e-02
9.1038270517856290098279714584350585937500000000000000000000000000e-02
9.0971478314031628542579710483551025390625000000000000000000000000e-02
9.0933778675434950855560600757598876953125000000000000000000000000e-02
9.0872944582542913849465548992156982421875000000000000000000000000e-02
9.0815972897644314798526465892791748046875000000000000000000000000e-02
9.0775592126874471432529389858245849609375000000000000000000000000e-02
9.0710210733959684148430824279785156250000000000000000000000000000e-02
9.0662114532733539817854762077331542968750000000000000000000000000e-02
9.0615419872847269289195537567138671875000000000000000000000000000e-02
9.0550374724443827290087938308715820312500000000000000000000000000e-02
9.0508994292122224578633904457092285156250000000000000000000000000e-02
9.0453476111633790424093604087829589843750000000000000000000000000e-02
9.0394964183815318392589688301086425781250000000000000000000000000e-02
9.0353775616904385969974100589752197265625000000000000000000000000e-02
9.0292929485485728946514427661895751953125000000000000000000000000e-02
9.0241971886143801384605467319488525390625000000000000000000000000e-02
9.0196833433083156705833971500396728515625000000000000000000000000e-02
9.0134841525468800682574510574340820312500000000000000000000000000e-02
9.0090209858999514835886657238006591796875000000000000000000000000e-02
9.0038503033383676665835082530975341796875000000000000000000000000e-02
8.9980396818646113388240337371826171875000000000000000000000000000e-02
8.9937595744004283915273845195770263671875000000000000000000000000e-02
8.9880892968039916013367474079132080078125000000000000000000000000e-02
8.9828626120379340136423707008361816406250000000000000000000000000e-02
8.9783810739845648640766739845275878906250000000000000000000000000e-02
8.9725292692492075730115175247192382812500000000000000000000000000e-02
8.9678420158179505961015820503234863281250000000000000000000000000e-02
8.9629120297104236669838428497314453125000000000000000000000000000e-02
8.9572668899108975892886519432067871093750000000000000000000000000e-02
8.9528258195969101507216691970825195312500000000000000000000000000e-02
8.9474903915970571688376367092132568359375000000000000000000000000e-02
8.9422649627977079944685101509094238281250000000000000000000000000e-02
8.9377567353722042753361165523529052734375000000000000000000000000e-02
8.9322352365343249402940273284912109375000000000000000000000000000e-02
8.9274371650162720470689237117767333984375000000000000000000000000e-02
8.9226484956725471420213580131530761718750000000000000000000000000e-02
8.9172268164247725508175790309906005859375000000000000000000000000e-02
8.9126733649891320965252816677093505859375000000000000000000000000e-02
8.9075910855626716511324048042297363281250000000000000000000000000e-02
8.9024578858015956939198076725006103515625000000000000000000000000e-02
8.8979157468202174641191959381103515625000000000000000000000000000e-02
8.8926804498896672157570719718933105468750000000000000000000000000e-02
8.8878684887504277867265045642852783203125000000000000000000000000e-02
8.8831681417559593683108687400817871093750000000000000000000000000e-02
8.8779813377186655998229980468750000000000000000000000000000000000e-02
8.8733807092921779258176684379577636718750000000000000000000000000e-02
8.8684894013795201317407190799713134765625000000000000000000000000e-02
8.8634990769151045242324471473693847656250000000000000000000000000e-02
8.8589470117767632473260164260864257812500000000000000000000000000e-02
8.8539509275733507820405066013336181640625000000000000000000000000e-02
8.8491948889668492483906447887420654296875000000000000000000000000e-02
8.8445666011466528289020061492919921875000000000000000000000000000e-02
8.8396022982578870141878724098205566406250000000000000000000000000e-02
8.8350156053593309479765594005584716796875000000000000000000000000e-02
8.8302783481822189060039818286895751953125000000000000000000000000e-02
8.8254522923534750589169561862945556640625000000000000000000000000e-02
8.8209267404636193532496690750122070312500000000000000000000000000e-02
8.8161328276100903167389333248138427734375000000000000000000000000e-02
8.8114768597279180539771914482116699218750000000000000000000000000e-02
8.8069269254674509284086525440216064453125000000000000000000000000e-02
8.8021658777051925426349043846130371093750000000000000000000000000e-02
8.7976413077058168710209429264068603515625000000000000000000000000e-02
8.7930423858097128686495125293731689453125000000000000000000000000e-02
8.7883855666177623788826167583465576171875000000000000000000000000e-02
8.7839231415500762523151934146881103515625000000000000000000000000e-02
8.7793078104368760250508785247802734375000000000000000000000000000e-02
8.7747773531646089395508170127868652343750000000000000000000000000e-02
8.7703224108054200769402086734771728515625000000000000000000000000e-02
8.7657477390621352242305874824523925781250000000000000000000000000e-02
8.7613198156304861186072230339050292968750000000000000000000000000e-02
8.7568573580028896685689687728881835937500000000000000000000000000e-02
8.7523681700076849665492773056030273437500000000000000000000000000e-02
8.7479999654306084266863763332366943359375000000000000000000000000e-02
8.7435512612955790245905518531799316406250000000000000000000000000e-02
8.7391605661423454876057803630828857421875000000000000000000000000e-02
8.7348196716675374773330986499786376953125000000000000000000000000e-02
8.7304201515280510648153722286224365234375000000000000000000000000e-02
8.7261126972862257389351725578308105468750000000000000000000000000e-02
8.7217920181956287706270813941955566406250000000000000000000000000e-02
8.7174680258158332435414195060729980468750000000000000000000000000e-02
8.7132183855374023551121354103088378906250000000000000000000000000e-02
8.7089323907093785237520933151245117187500000000000000000000000000e-02
8.7046902206111553823575377464294433593750000000000000000000000000e-02
8.7004808825213331147097051143646240234375000000000000000000000000e-02
8.6962509084742123377509415149688720703125000000000000000000000000e-02
8.6920806611942680319771170616149902343750000000000000000000000000e-02
8.6879097743349120719358325004577636718750000000000000000000000000e-02
8.6837501963827889994718134403228759765625000000000000000000000000e-02
8.6796376229131055879406630992889404296875000000000000000000000000e-02
8.6755151528677743044681847095489501953125000000000000000000000000e-02
8.6714282027060107793658971786499023437500000000000000000000000000e-02
8.6673650520879164105281233787536621093750000000000000000000000000e-02
8.6633033514090129756368696689605712890625000000000000000000000000e-02
8.6592828210768857388757169246673583984375000000000000000000000000e-02
8.6552700498714330024085938930511474609375000000000000000000000000e-02
8.6512763151176841347478330135345458984375000000000000000000000000e-02
8.6473149505081892129965126514434814453125000000000000000000000000e-02
8.6433592807679815450683236122131347656250000000000000000000000000e-02
8.6394338078889632015489041805267333984375000000000000000000000000e-02
8.6355286337266079499386250972747802734375000000000000000000000000e-02
8.6316368729058012831956148147583007812500000000000000000000000000e-02
8.6277761449991885456256568431854248046875000000000000000000000000e-02
8.6239291777928883675485849380493164062500000000000000000000000000e-02
8.6201046133055569953285157680511474609375000000000000000000000000e-02
8.6163055588485804037190973758697509765625000000000000000000000000e-02
8.6125211405942536657676100730895996093750000000000000000000000000e-02
8.6087635101421255967579782009124755859375000000000000000000000000e-02
8.6050258152681635692715644836425781250000000000000000000000000000e-02
8.6013075204164124443195760250091552734375000000000000000000000000e-02
8.5976152300190733512863516807556152343750000000000000000000000000e-02
8.5939409647380671231076121330261230468750000000000000000000000000e-02
8.5902902324050955940037965774536132812500000000000000000000000000e-02
8.5866625210655911359935998916625976562500000000000000000000000000e-02
8.5830543710017082048580050468444824218750000000000000000000000000e-02
8.5794710778145599761046469211578369140625000000000000000000000000e-02
8.5759087301994441077113151550292968750000000000000000000000000000e-02
8.5723685564062179764732718467712402343750000000000000000000000000e-02
8.5688523688077111728489398956298828125000000000000000000000000000e-02
8.5653570934027811745181679725646972656250000000000000000000000000e-02
8.5618856512610364006832242012023925781250000000000000000000000000e-02
8.5584369256821446469984948635101318359375000000000000000000000000e-02
8.5550103738341931602917611598968505859375000000000000000000000000e-02
8.5516078954242402687668800354003906250000000000000000000000000000e-02
8.5482277043183785281144082546234130859375000000000000000000000000e-02
8.5448709596676053479313850402832031250000000000000000000000000000e-02
8.5415378277275522123090922832489013671875000000000000000000000000e-02
8.5382274720359419006854295730590820312500000000000000000000000000e-02
8.5349411600418534362688660621643066406250000000000000000000000000e-02
8.5316781604660718585364520549774169921875000000000000000000000000e-02
8.5284387424280794220976531505584716796875000000000000000000000000e-02
8.5252234073323052143678069114685058593750000000000000000000000000e-02
8.5220315718515848857350647449493408203125000000000000000000000000e-02
8.5188639063289883779361844062805175781250000000000000000000000000e-02
8.5157202611981119844131171703338623046875000000000000000000000000e-02
8.5126006040354695869609713554382324218750000000000000000000000000e-02
8.5095053773329709656536579132080078125000000000000000000000000000e-02
8.5064343055819335859268903732299804687500000000000000000000000000e-02
8.5033876988973133848048746585845947265625000000000000000000000000e-02
8.5003656405206129420548677444458007812500000000000000000000000000e-02
8.4973680677194352028891444206237792968750000000000000000000000000e-02
8.4943952827188695664517581462860107421875000000000000000000000000e-02
8.4914472157606724067591130733489990234375000000000000000000000000e-02
8.4885240130915917688980698585510253906250000000000000000000000000e-02
8.4856258156378316925838589668273925781250000000000000000000000000e-02
8.4827526091885374626144766807556152343750000000000000000000000000e-02
8.4799045883073631557635962963104248046875000000000000000000000000e-02
8.4770817879871174227446317672729492187500000000000000000000000000e-02
8.4742842987679978250525891780853271484375000000000000000000000000e-02
8.4715122566194622777402400970458984375000000000000000000000000000e-02
8.4687656968526425771415233612060546875000000000000000000000000000e-02
8.4660447544138150988146662712097167968750000000000000000000000000e-02
8.4633495073603626224212348461151123046875000000000000000000000000e-02
8.4606800363644651952199637889862060546875000000000000000000000000e-02
8.4580364608427771599963307380676269531250000000000000000000000000e-02
8.4554188478705327725037932395935058593750000000000000000000000000e-02
8.4528273062687730998732149600982666015625000000000000000000000000e-02
8.4502619287150082527659833431243896484375000000000000000000000000e-02
8.4477227998604575986973941326141357421875000000000000000000000000e-02
8.4452100275257180328480899333953857421875000000000000000000000000e-02
8.4427236959072615718469023704528808593750000000000000000000000000e-02
8.4402639049585559405386447906494140625000000000000000000000000000e-02
8.4378307519500594935379922389984130859375000000000000000000000000e-02
8.4354243279449292458593845367431640625000000000000000000000000000e-02
8.4330447353750059846788644790649414062500000000000000000000000000e-02
8.4306920677363450522534549236297607421875000000000000000000000000e-02
8.4283664238910205313004553318023681640625000000000000000000000000e-02
8.4260679035423891036771237850189208984375000000000000000000000000e-02
8.4237966034379496704787015914916992187500000000000000000000000000e-02
8.4215526252137351548299193382263183593750000000000000000000000000e-02
8.4193360682093043578788638114929199218750000000000000000000000000e-02
8.4171470337423670571297407150268554687500000000000000000000000000e-02
8.4149856242220266722142696380615234375000000000000000000000000000e-02
8.4128519413752655964344739913940429687500000000000000000000000000e-02
8.4107460894074392854236066341400146484375000000000000000000000000e-02
8.4086681722055800491943955421447753906250000000000000000000000000e-02
8.4066182951801238232292234897613525390625000000000000000000000000e-02
8.4045965644918396719731390476226806640625000000000000000000000000e-02
8.4026030870063550537452101707458496093750000000000000000000000000e-02
8.4006379711354384198784828186035156250000000000000000000000000000e-02
8.3987013257456055725924670696258544921875000000000000000000000000e-02
8.3967932613177254097536206245422363281250000000000000000000000000e-02
8.3949138889693131204694509506225585937500000000000000000000000000e-02
8.3930633212503380491398274898529052734375000000000000000000000000e-02
8.3912416720750115928240120410919189453125000000000000000000000000e-02
8.3894490561078782775439321994781494140625000000000000000000000000e-02
8.3876855897869972977787256240844726562500000000000000000000000000e-02
8.3859513907555083278566598892211914062500000000000000000000000000e-02
8.3842465777706820517778396606445312500000000000000000000000000000e-02
8.3825712713860411895439028739929199218750000000000000000000000000e-02
8.3809255933601889410056173801422119140625000000000000000000000000e-02
8.3793096671115563367493450641632080078125000000000000000000000000e-02
8.3777236177866143407300114631652832031250000000000000000000000000e-02
8.3761675717369143967516720294952392578125000000000000000000000000e-02
8.3746416572239468223415315151214599609375000000000000000000000000e-02
8.3731460042372418683953583240509033203125000000000000000000000000e-02
8.3716807446080565568991005420684814453125000000000000000000000000e-02
8.3702460118047383730299770832061767578125000000000000000000000000e-02
8.3688419414784220862202346324920654296875000000000000000000000000e-02
8.3674686707809087238274514675140380859375000000000000000000000000e-02
8.3661263392286855378188192844390869140625000000000000000000000000e-02
8.3648150884982896968722343444824218750000000000000000000000000000e-02
8.3635350618123993626795709133148193359375000000000000000000000000e-02
8.3622864051676515373401343822479248046875000000000000000000000000e-02
8.3610692666070463019423186779022216796875000000000000000000000000e-02
8.3598837962881589191965758800506591796875000000000000000000000000e-02
8.3587301470288366544991731643676757812500000000000000000000000000e-02
8.3576084738069766899570822715759277343750000000000000000000000000e-02
8.3565189343516976805403828620910644531250000000000000000000000000e-02
8.3554616889159660786390304565429687500000000000000000000000000000e-02
8.3544369002311213989742100238800048828125000000000000000000000000e-02
8.3534447340980477747507393360137939453125000000000000000000000000e-02
8.3524853586823155637830495834350585937500000000000000000000000000e-02
8.3515589451735650072805583477020263671875000000000000000000000000e-02
8.3506656678537183324806392192840576171875000000000000000000000000e-02
8.3498057038696060772053897380828857421875000000000000000000000000e-02
8.3489792334830781328491866588592529296875000000000000000000000000e-02
8.3481864402756400522775948047637939453125000000000000000000000000e-02
8.3474275111029783147387206554412841796875000000000000000000000000e-02
8.3467026357311624451540410518646240234375000000000000000000000000e-02
8.3460120078370891860686242580413818359375000000000000000000000000e-02
8.3453558246446846169419586658477783203125000000000000000000000000e-02
8.3447342865383689058944582939147949218750000000000000000000000000e-02
8.3441475981544499518349766731262207031250000000000000000000000000e-02
8.3435959675853155204094946384429931640625000000000000000000000000e-02
8.3430796068114432273432612419128417968750000000000000000000000000e-02
8.3425987322016226244159042835235595703125000000000000000000000000e-02
8.3421535636716726003214716911315917968750000000000000000000000000e-02
8.3417443255711987148970365524291992187500000000000000000000000000e-02
8.3413712468427547719329595565795898437500000000000000000000000000e-02
8.3410345601805602200329303741455078125000000000000000000000000000e-02
8.3407345034629543079063296318054199218750000000000000000000000000e-02
8.3404713189111134852282702922821044921875000000000000000000000000e-02
8.3402452531800008728168904781341552734375000000000000000000000000e-02
8.3400565582905983319506049156188964843750000000000000000000000000e-02
8.3399054909477854380384087562561035156250000000000000000000000000e-02
8.3397923129041373613290488719940185546875000000000000000000000000e-02
8.3397172911418238072656095027923583984375000000000000000000000000e-02
8.3396806980772453243844211101531982421875000000000000000000000000e-02
8.3396828114473464665934443473815917968750000000000000000000000000e-02
8.3397239146279389387927949428558349609375000000000000000000000000e-02
8.3398042964745400240644812583923339843750000000000000000000000000e-02
8.3399242520272309775464236736297607421875000000000000000000000000e-02
8.3400840819194854702800512313842773437500000000000000000000000000e-02
8.3402840931285027181729674339294433593750000000000000000000000000e-02
8.3405245987933085416443645954132080078125000000000000000000000000e-02
8.3408059181238058954477310180664062500000000000000000000000000000e-02
8.3411283772875322028994560241699218750000000000000000000000000000e-02
8.3414923086365888593718409538269042968750000000000000000000000000e-02
8.3418980515716611989773809909820556640625000000000000000000000000e-02
8.3423459524738063919357955455780029296875000000000000000000000000e-02
8.3428363644543424015864729881286621093750000000000000000000000000e-02
8.3433696480824437458068132400512695312500000000000000000000000000e-02
8.3439461711577678215689957141876220703125000000000000000000000000e-02
8.3445663089150912128388881683349609375000000000000000000000000000e-02
8.3452304443881075712852180004119873046875000000000000000000000000e-02
8.3459389682275286759249866008758544921875000000000000000000000000e-02
8.3466922790648823138326406478881835937500000000000000000000000000e-02
8.3474907836261991178616881370544433593750000000000000000000000000e-02
8.3483348968456994043663144111633300781250000000000000000000000000e-02
8.3492250421159042161889374256134033203125000000000000000000000000e-02
8.3501616511739484849385917186737060546875000000000000000000000000e-02
8.3511451643744294415228068828582763671875000000000000000000000000e-02
8.3521760310304671293124556541442871093750000000000000000000000000e-02
8.3532547092318054637871682643890380859375000000000000000000000000e-02
8.3543816663450343185104429721832275390625000000000000000000000000e-02
8.3555573786952663795091211795806884765625000000000000000000000000e-02
8.3567823320890965987928211688995361328125000000000000000000000000e-02
8.3580570217236527241766452789306640625000000000000000000000000000e-02
8.3593819523457568720914423465728759765625000000000000000000000000e-02
8.3607576385020365705713629722595214843750000000000000000000000000e-02
8.3621846044025005539879202842712402343750000000000000000000000000e-02
8.3636633843752861139364540576934814453125000000000000000000000000e-02
8.3651945224119117483496665954589843750000000000000000000000000000e-02
8.3667785728721355553716421127319335937500000000000000000000000000e-02
8.3684161002565815579146146774291992187500000000000000000000000000e-02
8.3701076790021033957600593566894531250000000000000000000000000000e-02
8.3718538943003295571543276309967041015625000000000000000000000000e-02
8.3736553412563807796686887741088867187500000000000000000000000000e-02
8.3755126253436174010857939720153808593750000000000000000000000000e-02
8.3774263626082756672985851764678955078125000000000000000000000000e-02
8.3793971794193566893227398395538330078125000000000000000000000000e-02
8.3814257122412527678534388542175292968750000000000000000000000000e-02
8.3835126080657573766075074672698974609375000000000000000000000000e-02
8.3856585239573178114369511604309082031250000000000000000000000000e-02
8.3878641271667220280505716800689697265625000000000000000000000000e-02
8.3901300948809875990264117717742919921875000000000000000000000000e-02
8.3924571141551496111787855625152587890625000000000000000000000000e-02
8.3948458818213111953809857368469238281250000000000000000000000000e-02
8.3972971039656840730458498001098632812500000000000000000000000000e-02
8.3998114963151238043792545795440673828125000000000000000000000000e-02
8.4023897830093119409866631031036376953125000000000000000000000000e-02
8.4050326969645539065822958946228027343750000000000000000000000000e-02
8.4077409797146174241788685321807861328125000000000000000000000000e-02
8.4105153800692278309725224971771240234375000000000000000000000000e-02
8.4133566545688154292292892932891845703125000000000000000000000000e-02
8.4162655665295460494235157966613769531250000000000000000000000000e-02
8.4192428855430989642627537250518798828125000000000000000000000000e-02
8.4222893868400205974467098712921142578125000000000000000000000000e-02
8.4254058501528561464510858058929443359375000000000000000000000000e-02
8.4285930599435232579708099365234375000000000000000000000000000000e-02
8.4318518037434841971844434738159179687500000000000000000000000000e-02
8.4351828712442511459812521934509277343750000000000000000000000000e-02
8.4385870536607399117201566696166992187500000000000000000000000000e-02
8.4420651423215531394816935062408447265625000000000000000000000000e-02
8.4456179275548493023961782455444335937500000000000000000000000000e-02
8.4492461973923127516172826290130615234375000000000000000000000000e-02
8.4529507360912248259410262107849121093750000000000000000000000000e-02
8.4567323227247470640577375888824462890625000000000000000000000000e-02
8.4605917294766186387278139591217041015625000000000000000000000000e-02
8.4645297194128943374380469322204589843750000000000000000000000000e-02
8.4685470454815003904514014720916748046875000000000000000000000000e-02
8.4726444479883866733871400356292724609375000000000000000000000000e-02
8.4768226518235678668133914470672607421875000000000000000000000000e-02
8.4810823650514066684991121292114257812500000000000000000000000000e-02
8.4854242757501197047531604766845703125000000000000000000000000000e-02
8.4898490496016165707260370254516601562500000000000000000000000000e-02
8.4943573270265915198251605033874511718750000000000000000000000000e-02
8.4989497199330799048766493797302246093750000000000000000000000000e-02
8.5036268084877519868314266204833984375000000000000000000000000000e-02
8.5083891379554188461042940616607666015625000000000000000000000000e-02
8.5132372146517809596844017505645751953125000000000000000000000000e-02
8.5181715020553383510559797286987304687500000000000000000000000000e-02
8.5231924172376238857395946979522705078125000000000000000000000000e-02
8.5283003260883560869842767715454101562500000000000000000000000000e-02
8.5334955384041677461937069892883300781250000000000000000000000000e-02
8.5387783039550413377583026885986328125000000000000000000000000000e-02
8.5441488069136539706960320472717285156250000000000000000000000000e-02
8.5496071601255607674829661846160888671875000000000000000000000000e-02
8.5551534005844587227329611778259277343750000000000000000000000000e-02
8.5607874826564511749893426895141601562500000000000000000000000000e-02
8.5665092724639180232770740985870361328125000000000000000000000000e-02
8.5723185413598912418819963932037353515625000000000000000000000000e-02
8.5782149593569556600414216518402099609375000000000000000000000000e-02
8.5841980882605639635585248470306396484375000000000000000000000000e-02
8.5902673745067659183405339717864990234375000000000000000000000000e-02
8.5964221419999375939369201660156250000000000000000000000000000000e-02
8.6026615841092279879376292228698730468750000000000000000000000000e-02
8.6089847560742782661691308021545410156250000000000000000000000000e-02
8.6153905668197694467380642890930175781250000000000000000000000000e-02
8.6218777709291316568851470947265625000000000000000000000000000000e-02
8.6284449595495971152558922767639160156250000000000000000000000000e-02
8.6350905524113841238431632518768310546875000000000000000000000000e-02
8.6418127890965479309670627117156982421875000000000000000000000000e-02
8.6486097194210742600262165069580078125000000000000000000000000000e-02
8.6554791950675280531868338584899902343750000000000000000000000000e-02
8.6624188605128438211977481842041015625000000000000000000000000000e-02
8.6694261438424291554838418960571289062500000000000000000000000000e-02
8.6764982475870056077837944030761718750000000000000000000000000000e-02
8.6836321403097826987504959106445312500000000000000000000000000000e-02
8.6908245474887735326774418354034423828125000000000000000000000000e-02
8.6980719428538577631115913391113281250000000000000000000000000000e-02
8.7053705405423897900618612766265869140625000000000000000000000000e-02
8.7127162863907869905233383178710937500000000000000000000000000000e-02
8.7201048508859457797370851039886474609375000000000000000000000000e-02
8.7275316218892839970067143440246582031250000000000000000000000000e-02
8.7349916979746922152116894721984863281250000000000000000000000000e-02
8.7424798827214544871821999549865722656250000000000000000000000000e-02
8.7499906789616943569853901863098144531250000000000000000000000000e-02
8.7575182848922850098460912704467773437500000000000000000000000000e-02
8.7650565905505573027767241001129150390625000000000000000000000000e-02
8.7725991752677145996131002902984619140625000000000000000000000000e-02
8.7801393064637522911652922630310058593750000000000000000000000000e-02
8.7876699392154478118754923343658447265625000000000000000000000000e-02
8.7951837178707137354649603366851806640625000000000000000000000000e-02
8.8026729785724455723538994789123535156250000000000000000000000000e-02
8.8101297535104095004498958587646484375000000000000000000000000000e-02
8.8175457768329579266719520092010498046875000000000000000000000000e-02
8.8249124921276234090328216552734375000000000000000000000000000000e-02
8.8322210623800856410525739192962646484375000000000000000000000000e-02
8.8394623809108452405780553817749023437500000000000000000000000000e-02
8.8466270846993211307562887668609619140625000000000000000000000000e-02
8.8537055707320178044028580188751220703125000000000000000000000000e-02
8.8606880131919751875102519989013671875000000000000000000000000000e-02
8.8675643833084905054420232772827148437500000000000000000000000000e-02
8.8743244719125868869014084339141845703125000000000000000000000000e-02
8.8809579140388450468890368938446044921875000000000000000000000000e-02
8.8874542158919211942702531814575195312500000000000000000000000000e-02
8.8938027835411048727110028266906738281250000000000000000000000000e-02
8.8999929550482193008065223693847656250000000000000000000000000000e-02
8.9060140338006021920591592788696289062500000000000000000000000000e-02
8.9118553244588838424533605575561523437500000000000000000000000000e-02
8.9175061717924108961597084999084472656250000000000000000000000000e-02
8.9229559996738316840492188930511474609375000000000000000000000000e-02
8.9281943537798724719323217868804931640625000000000000000000000000e-02
8.9332109452698205132037401199340820312500000000000000000000000000e-02
8.9379956954871886409819126129150390625000000000000000000000000000e-02
8.9425387829123792471364140510559082031250000000000000000000000000e-02
8.9468306908884187578223645687103271484375000000000000000000000000e-02
8.9508622560060757678002119064331054687500000000000000000000000000e-02
8.9546247172165749361738562583923339843750000000000000000000000000e-02
8.9581097658992803189903497695922851562500000000000000000000000000e-02
8.9613095945651366491802036762237548828125000000000000000000000000e-02
8.9642169461740195401944220066070556640625000000000000000000000000e-02
8.9668251630200757062993943691253662109375000000000000000000000000e-02
8.9691282341618716600351035594940185546875000000000000000000000000e-02
8.9711208414655629894696176052093505859375000000000000000000000000e-02
8.9727984038290742319077253341674804687500000000000000000000000000e-02
8.9741571206104708835482597351074218750000000000000000000000000000e-02
8.9751940112137162941507995128631591796875000000000000000000000000e-02
8.9759069516958334133960306644439697265625000000000000000000000000e-02
8.9762947102826728951185941696166992187500000000000000000000000000e-02
8.9763569782235208549536764621734619140625000000000000000000000000e-02
8.9760943965529804700054228305816650390625000000000000000000000000e-02
8.9755085797605715924873948097229003906250000000000000000000000000e-02
8.9746021356859273510053753852844238281250000000000000000000000000e-02
8.9733786801616588491015136241912841796875000000000000000000000000e-02
8.9718428476089684409089386463165283203125000000000000000000000000e-02
8.9700002974268500111065804958343505859375000000000000000000000000e-02
8.9678577149697957793250679969787597656250000000000000000000000000e-02
8.9654228083645648439414799213409423828125000000000000000000000000e-02
8.9627043009613771573640406131744384765625000000000000000000000000e-02
8.9597119180325535126030445098876953125000000000000000000000000000e-02
8.9564563694239041069522500038146972656250000000000000000000000000e-02
8.9529493287500372389331459999084472656250000000000000000000000000e-02
8.9492034071554371621459722518920898437500000000000000000000000000e-02
8.9452321232329268241301178932189941406250000000000000000000000000e-02
8.9410498695542628411203622817993164062500000000000000000000000000e-02
8.9366718759492869139648973941802978515625000000000000000000000000e-02
8.9321141687605631886981427669525146484375000000000000000000000000e-02
8.9273935281426020083017647266387939453125000000000000000000000000e-02
8.9225274427917611319571733474731445312500000000000000000000000000e-02
8.9175340621977738919667899608612060546875000000000000000000000000e-02
8.9124321479630452813580632209777832031250000000000000000000000000e-02
8.9072410232802212703973054885864257812500000000000000000000000000e-02
8.9019805219550107722170650959014892578125000000000000000000000000e-02
8.8966709372471086680889129638671875000000000000000000000000000000e-02
8.8913329703245835844427347183227539062500000000000000000000000000e-02
8.8859876792639624909497797489166259765625000000000000000000000000e-02
8.8806564292553957784548401832580566406250000000000000000000000000e-02
8.8753608432398323202505707740783691406250000000000000000000000000e-02
8.8701227552064665360376238822937011718750000000000000000000000000e-02
8.8649641643087306874804198741912841796875000000000000000000000000e-02
8.8599071909129634150303900241851806640625000000000000000000000000e-02
8.8549740366033802274614572525024414062500000000000000000000000000e-02
8.8501869453921244712546467781066894531250000000000000000000000000e-02
8.8455681679761255509220063686370849609375000000000000000000000000e-02
8.8411399286542291520163416862487792968750000000000000000000000000e-02
8.8369243967008515028282999992370605468750000000000000000000000000e-02
8.8329436590129262185655534267425537109375000000000000000000000000e-02
8.8292196966676783631555736064910888671875000000000000000000000000e-02
8.8257743654139630962163209915161132812500000000000000000000000000e-02
8.8226293773914221674203872680664062500000000000000000000000000000e-02
8.8198062873971139197237789630889892578125000000000000000000000000e-02
8.8173264809483953285962343215942382812500000000000000000000000000e-02
8.8152111656427223351784050464630126953125000000000000000000000000e-02
8.8134813648821364040486514568328857421875000000000000000000000000e-02
8.8121579125072457827627658843994140625000000000000000000000000000e-02
8.8112614500460040289908647537231445312500000000000000000000000000e-02
8.8108124258496900438331067562103271484375000000000000000000000000e-02
8.8108310945244738832116127014160156250000000000000000000000000000e-02
8.8113375152033768245019018650054931640625000000000000000000000000e-02
8.8123515521601802902296185493469238281250000000000000000000000000e-02
8.8138928734679211629554629325866699218750000000000000000000000000e-02
8.8159809465196303790435194969177246093750000000000000000000000000e-02
8.8186350339128694031387567520141601562500000000000000000000000000e-02
8.8218741831269653630442917346954345703125000000000000000000000000e-02
8.8257172131989136687479913234710693359375000000000000000000000000e-02
8.8301826959423124208115041255950927734375000000000000000000000000e-02
8.8352889293219050159677863121032714843750000000000000000000000000e-02
8.8410539034157409332692623138427734375000000000000000000000000000e-02
8.8474952556907737744040787220001220703125000000000000000000000000e-02
8.8546302152053613099269568920135498046875000000000000000000000000e-02
8.8624755330329207936301827430725097656250000000000000000000000000e-02
8.8710473973833359195850789546966552734375000000000000000000000000e-02
8.8803613303298334358260035514831542968750000000000000000000000000e-02
8.8904320646406631567515432834625244140625000000000000000000000000e-02
8.9012733975096125504933297634124755859375000000000000000000000000e-02
8.9128980186615081038326025009155273437500000000000000000000000000e-02
8.9253173095585225382819771766662597656250000000000000000000000000e-02
8.9385411110015411395579576492309570312500000000000000000000000000e-02
8.9525774567164262407459318637847900390625000000000000000000000000e-02
8.9674322671271511353552341461181640625000000000000000000000000000e-02
8.9831090025427329237572848796844482421875000000000000000000000000e-02
8.9996082745074090780690312385559082031250000000000000000000000000e-02
9.0169274087884332402609288692474365234375000000000000000000000000e-02
9.0350599602288639289326965808868408203125000000000000000000000000e-02
9.0539951783057404099963605403900146484375000000000000000000000000e-02
9.0737174252353725023567676544189453125000000000000000000000000000e-02
9.0942055449431791203096508979797363281250000000000000000000000000e-02
9.1154321872636501211673021316528320312500000000000000000000000000e-02
9.1373630962380048003979027271270751953125000000000000000000000000e-02
9.1599563687395857414230704307556152343750000000000000000000000000e-02
9.1831616990248221554793417453765869140625000000000000000000000000e-02
9.2069196248075968469493091106414794921875000000000000000000000000e-02
9.2311608013233126257546246051788330078125000000000000000000000000e-02
9.2558053327820744016207754611968994140625000000000000000000000000e-02
9.2807622009331680601462721824645996093750000000000000000000000000e-02
9.3059288379663485102355480194091796875000000000000000000000000000e-02
9.3311909020485472865402698516845703125000000000000000000000000000e-02
9.3564223244811728363856673240661621093750000000000000000000000000e-02
9.3814857124016270972788333892822265625000000000000000000000000000e-02
9.4062332001840331940911710262298583984375000000000000000000000000e-02
9.4305078515162676922045648097991943359375000000000000000000000000e-02
9.4541457374589299433864653110504150390625000000000000000000000000e-02
9.4769788107214480987749993801116943359375000000000000000000000000e-02
9.4988387083503766916692256927490234375000000000000000000000000000e-02
9.5195616125238302629441022872924804687500000000000000000000000000e-02
9.5389942863221222069114446640014648437500000000000000000000000000e-02
9.5570013833594202878884971141815185546875000000000000000000000000e-02
9.5734740803209206205792725086212158203125000000000000000000000000e-02
9.5883400213551794877275824546813964843750000000000000000000000000e-02
9.6015744764144983491860330104827880859375000000000000000000000000e-02
9.6132124682071662391535937786102294921875000000000000000000000000e-02
9.6233614513039356097579002380371093750000000000000000000000000000e-02
9.6322138768755394266918301582336425781250000000000000000000000000e-02
9.6400586577601643512025475502014160156250000000000000000000000000e-02
9.6472901517472564592026174068450927734375000000000000000000000000e-02
9.6544127670995294465683400630950927734375000000000000000000000000e-02
9.6620387086204573279246687889099121093750000000000000000000000000e-02
9.6708757355827401624992489814758300781250000000000000000000000000e-02
9.6817011775101491366513073444366455078125000000000000000000000000e-02
9.6953181037406466202810406684875488281250000000000000000000000000e-02
9.7124902221139564062468707561492919921875000000000000000000000000e-02
9.7338585945408340194262564182281494140625000000000000000000000000e-02
9.7598941020805796142667531967163085937500000000000000000000000000e-02
9.7912648029478077660314738750457763671875000000000000000000000000e-02
9.8177124788662695209495723247528076171875000000000000000000000000e-02
9.8120360327584421611391007900238037109375000000000000000000000000e-02
9.7970500037718011299148201942443847656250000000000000000000000000e-02
