-2.8482456832292489014302194760830388986505568027496337890625000000e-04
-1.9759091491204497977735021763123768323566764593124389648437500000e-04
-1.4608120160018486896787159867727723394636996090412139892578125000e-04
-1.0688421481973120572440266728975188925687689334154129028320312500e-04
-7.6273792585046103448091769916317161914776079356670379638671875000e-05
-5.1861574541619490921404156402729768160497769713401794433593750000e-05
-3.2037817854948348128898971687306129751959815621376037597656250000e-05
-1.5698687946783132187615963926141660067514749243855476379394531250e-05
-2.0600308144614626421823981583525409178037079982459545135498046875e-06
9.4495729783946912419805713723164330986037384718656539916992187500e-06
1.9254025493918708718471891061518874721514293923974037170410156250e-05
2.7675077686902872006052822584365458169486373662948608398437500000e-05
3.4958401350800304445073929393572598200989887118339538574218750000e-05
4.1304565069144466853308383935683423260343261063098907470703125000e-05
4.6882933501161851012114384351647800031059887260198593139648437500e-05
5.1815838659030044317625740557531344165909104049205780029296875000e-05
5.6189657923567819556524144397613440560235176235437393188476562500e-05
6.0076045460353335323291923408817183371866121888160705566406250000e-05
6.3534784344259807257332406393857127113733440637588500976562500000e-05
6.6615977335055778958683436741239347611553966999053955078125000000e-05
6.9361738416551458187402079413885758185642771422863006591796875000e-05
7.1807502729142398852080209081805151072330772876739501953125000000e-05
7.3983026172211953158316943834904577670386061072349548339843750000e-05
7.5913218867326243350160397405090861866483464837074279785156250000e-05
7.7618823101279640582807195503534103409037925302982330322265625000e-05
7.7239310507247677713843492242062893637921661138534545898437500000e-05
7.4766710366461490606948547821275496971793472766876220703125000000e-05
7.2480894233626556822855380168846295418916270136833190917968750000e-05
7.0366926446118873502040547140978787865606136620044708251953125000e-05
6.8411377554361926149953387898960954771609976887702941894531250000e-05
6.6602091893376151902558812700760881853057071566581726074218750000e-05
6.4927995037465085896057070957709811409586109220981597900390625000e-05
6.3379014594303105870065628835163806797936558723449707031250000000e-05
6.1945977733385320295952936042738201649626716971397399902343750000e-05
6.0620514403702460421840408910654218743729870766401290893554687500e-05
5.9394976578177849878530797367304217004857491701841354370117187500e-05
5.8262366530889812420070800191851390081865247339010238647460937500e-05
5.7216272500887132646321675544243134936550632119178771972656250000e-05
5.6250811486256573643125605821424528585339430719614028930664062500e-05
5.5360578412817308734204108100485086652042809873819351196289062500e-05
5.4540600758622667946964174268131841927242930978536605834960937500e-05
5.3786298003529448940977786275396965720574371516704559326171875000e-05
5.3093445379032328001241841652912967219890560954809188842773437500e-05
5.2458141398327127211207582258012394049728754907846450805664062500e-05
5.1876778735401049644920812298209966684225946664810180664062500000e-05
5.1346018083144410462052148469425105759000871330499649047851562500e-05
5.0862764653775209512318045135259581002173945307731628417968750000e-05
5.0424147016095990047040292791891147317073773592710494995117187500e-05
5.0027498018314827136956285391633514336717780679464340209960937500e-05
4.9670337577593927336997575716637243203877005726099014282226562500e-05
4.9350357125755617314962625519214611813367810100317001342773437500e-05
4.9065405528518180966555256583561117622593883424997329711914062500e-05
4.8813476331157007806482717171547847101464867591857910156250000000e-05
4.8592696196139249645903207541763890731090214103460311889648437500e-05
4.8401314394724588975691542680479528826253954321146011352539062500e-05
4.8237693249264288028639591221491400574450381100177764892578125000e-05
4.8100299441903730844963260615543276799144223332405090332031250000e-05
4.7987696089043807036716299263545693065680097788572311401367187500e-05
4.7898535506439086201734001146945729487924836575984954833984375000e-05
4.7831552602515609506558802443976219365140423178672790527343750000e-05
4.7785558843186642257773455444436194738955236971378326416015625000e-05
4.7759436717360755325200577514621613772760611027479171752929687500e-05
4.7752134669893454626751760905278842983534559607505798339843750000e-05
4.7762662453236202095372547882234925964439753443002700805664062500e-05
4.7790086862769189817758130889302492505521513521671295166015625000e-05
4.7833527808792407375656358103910292811633553355932235717773437500e-05
4.7892154711972421813649669619650239837937988340854644775390625000e-05
4.7965183162306426864658626119108930652146227657794952392578125000e-05
4.8051871884265548115228866565828980128571856766939163208007812500e-05
4.8151519882815867657117891997842207274516113102436065673828125000e-05
4.8263463841218332125646006680597110971575602889060974121093750000e-05
4.8387075700353235569242671409995182330021634697914123535156250000e-05
4.8521760451057388151187982350265315290016587823629379272460937500e-05
4.8666954027966365776101953510845987693755887448787689208984375000e-05
4.8822121423063472391880301959332655314938165247440338134765625000e-05
4.8986754884226296920517879085466006472415756434202194213867187500e-05
4.9160372291787957327140190511016726304660551249980926513671875000e-05
4.9342515606592099615661933809107608794874977320432662963867187500e-05
4.9532749436849600596297071852802673674887046217918395996093750000e-05
4.9730659744731278519829648088190765520266722887754440307617187500e-05
4.9935852565980672404782197970618540239229332655668258666992187500e-05
5.0147952905394286757766175721684476229711435735225677490234375000e-05
5.0366603605424762593514159680907482652401085942983627319335937500e-05
5.0591464421783349238951471571468232468760106712579727172851562500e-05
5.0822210996535350103608247307462875141936820000410079956054687500e-05
5.1058534077063767839428642947297021237318404018878936767578125000e-05
5.1300138581895376077741943721122197530348785221576690673828125000e-05
5.1546742996447086351211736010569097743427846580743789672851562500e-05
5.1798078442276092921842112204444674716796725988388061523437500000e-05
5.2053888235007082460094329778854671531007625162601470947265625000e-05
5.2313927056338019240967068812508955488738138228654861450195312500e-05
5.2577960479115798603840653546726002787181641906499862670898437500e-05
5.2845764414373318413904040413697771327861119061708450317382812500e-05
5.3117124410949451379475305667909879048238508403301239013671875000e-05
5.3391835520195928281497049772141849643958266824483871459960937500e-05
5.3669701411181066621688962037239889468764886260032653808593750000e-05
5.3950534219334422283368551953586234048998448997735977172851562500e-05
5.4234154173544559603310777351481419827905483543872833251953125000e-05
5.4520388782877399062084394776306339736038353294134140014648437500e-05
5.4809073158567044026494990971443144189834129065275192260742187500e-05
5.5100049071024951013314518988295276358257979154586791992187500000e-05
5.5393164645271296734306554210292006246163509786128997802734375000e-05
5.5688275026874984956724856655085886814049445092678070068359375000e-05
5.5985240091248233604802331253580405245884321630001068115234375000e-05
5.6283926594117558500282583189289198344340547919273376464843750000e-05
5.6584206238970094374283320570739874710852745920419692993164062500e-05
5.6885955082713974217088759299798539359471760690212249755859375000e-05
5.7189056299527462831362029094250942762300837785005569458007812500e-05
5.7493394961495996881972042613639928276825230568647384643554687500e-05
5.7798862742978564038202199393268188032379839569330215454101562500e-05
5.8105355808894609088641192151669656595913693308830261230468750000e-05
5.8412771195463360717446688052945091840228997170925140380859375000e-05
5.8721015480811608459096179180036756406479980796575546264648437500e-05
5.9029993547813371221246597775333952995424624532461166381835937500e-05
5.9339615893691395858821485687073504777799826115369796752929687500e-05
5.9649800447735536960535557282625518382701557129621505737304687500e-05
5.9960458709296270596485201043179813495953567326068878173828125000e-05
6.0271517131960571035578094756246514407393988221883773803710937500e-05
6.0582897662295926192402989451935013676120433956384658813476562500e-05
6.0894522669910813969691709690579273228649981319904327392578125000e-05
6.1206331506896582863967715137931691060657612979412078857421875000e-05
6.1518245299687100485427904139612564904382452368736267089843750000e-05
6.1830204767520074559533638236530350695829838514328002929687500000e-05
6.2142151402273113004921800683888477578875608742237091064453125000e-05
6.2454010113621795147360871158781492340494878590106964111328125000e-05
6.2765741762261273201280176170513414035667665302753448486328125000e-05
6.3077277841281265309547610087292923708446323871612548828125000000e-05
6.3388561074120551336492923599763571473886258900165557861328125000e-05
6.3699561425549890494868243706605426268652081489562988281250000000e-05
6.4010197685051385208324092879195177374640479683876037597656250000e-05
6.4320445621225799713929771606046870147110894322395324707031250000e-05
6.4630259891284257134369539699036977253854274749755859375000000000e-05
6.4939564645774658542543011918724005226977169513702392578125000000e-05
6.5248367053368002007295023414457091348594985902309417724609375000e-05
6.5556584123335753929925906469122764974599704146385192871093750000e-05
6.5864181468485100481857763554671691963449120521545410156250000000e-05
6.6171164113702567958347211529712694755289703607559204101562500000e-05
6.6477419505723636954271082988299212956917472183704376220703125000e-05
6.6782980214728096340047469592349216327420435845851898193359375000e-05
6.7087796632793710981806922788450719963293522596359252929687500000e-05
6.7391777899335393196486587719107319571776315569877624511718750000e-05
6.7695002819599149612717070567668997682631015777587890625000000000e-05
6.7997337593738398217255158861860309116309508681297302246093750000e-05
6.8298782119670666218395893576342814412782900035381317138671875000e-05
6.8599386739197874829354617531862459145486354827880859375000000000e-05
6.8898967323757082104052074100764002650976181030273437500000000000e-05
6.9197647795602988695685964248838217827142216265201568603515625000e-05
6.9495357816139413870484831114993085066089406609535217285156250000e-05
6.9791965005972994638520912058510248243692331016063690185546875000e-05
7.0087666313109540754122672723269715788774192333221435546875000000e-05
7.0382229189838431361245230100109893101034685969352722167968750000e-05
7.0675694674446516707622123476539854891598224639892578125000000000e-05
7.0968193636889118102763218676187761957407929003238677978515625000e-05
7.1259401893373022253419524218998049036599695682525634765625000000e-05
7.1549585975508081503969337600068456595181487500667572021484375000e-05
7.1838649094928074380697613499080489418702200055122375488281250000e-05
7.2126359998958005531090320605613896987051703035831451416015625000e-05
7.2413115466558785541899279092348251651856116950511932373046875000e-05
7.2698522942900016432891951989603285255725495517253875732421875000e-05
7.2982654955251939177078568388168378078262321650981903076171875000e-05
7.3265797530578847152234189810116049557109363377094268798828125000e-05
7.3547384449418107049342707703942778607597574591636657714843750000e-05
7.3827881152009169397378018917521558250882662832736968994140625000e-05
7.4107190834060238061528624875506920943735167384147644042968750000e-05
7.4384878705025406849145330756556404594448395073413848876953125000e-05
7.4661653906176570654786017744442006005556322634220123291015625000e-05
7.4936915628954223547730784105169732356444001197814941406250000000e-05
7.5210706911575751082432716998482646886259317398071289062500000000e-05
7.5483602154996569085290691880629765364574268460273742675781250000e-05
7.5754669614064372006739800369246040645521134138107299804687500000e-05
7.6024594503140973137875202603197521966649219393730163574218750000e-05
7.6293383130865381346226439251978490574401803314685821533203125000e-05
7.6560225416586383099561141651889784043305553495883941650390625000e-05
7.6826265309071491518312646551436273512081243097782135009765625000e-05
7.7090708162503961001568719701992904447251930832862854003906250000e-05
7.7353408576853112279918256444233293223078362643718719482421875000e-05
7.7615431841801692507826215816635340161155909299850463867187500000e-05
7.7875369635033324703342338946043810210539959371089935302734375000e-05
7.8134055335660743991932353225138285779394209384918212890625000000e-05
7.8391818008584888705786442031353544734884053468704223632812500000e-05
7.8647239930805713402015011403989319660468026995658874511718750000e-05
7.8901982222804862947274084916671199607662856578826904296875000000e-05
7.9155190123601537914230230619239137013209983706474304199218750000e-05
7.9406254141078250002004634833241425440064631402492523193359375000e-05
7.9656962399950854113173104309453265159390866756439208984375000000e-05
7.9905407019507753070032551878654203392216004431247711181640625000e-05
8.0152346529315429668992309952813002382754348218441009521484375000e-05
8.0398763888527884015518243376874352179584093391895294189453125000e-05
8.0642414398360398640822066518296651338459923863410949707031250000e-05
8.0885421535362384080208864034489124605897814035415649414062500000e-05
8.1127175746887729987713577806118792068446055054664611816406250000e-05
8.1366246485540453907414626399940971168689429759979248046875000000e-05
8.1605298008187749790771914337739190159481950104236602783203125000e-05
8.1842100308372536256705520596455016857362352311611175537109375000e-05
8.2076922223800125098629176800812956571462564170360565185546875000e-05
8.2311780793485793210860490543012701891711913049221038818359375000e-05
8.2543523290835819558597385992015915689989924430847167968750000000e-05
8.2774440949520472141087701345441018929705023765563964843750000000e-05
8.3004653799648324733438664591034239492728374898433685302734375000e-05
8.3231564980572406977840649311417564604198560118675231933593750000e-05
8.3458664755172782385127250304179824524908326566219329833984375000e-05
8.3683838596039863706038675061904541507828980684280395507812500000e-05
8.3906318203485444773975787668973680410999804735183715820312500000e-05
8.4129436833547653899929852361339044364285655319690704345703125000e-05
8.4349326618052104798106682892466778866946697235107421875000000000e-05
8.4567885325464122099094199658253501183935441076755523681640625000e-05
8.4786521295197015920565297708577645607874728739261627197265625000e-05
8.5001298517765270634088947687700965616386383771896362304687500000e-05
8.5216188211607166364848497952522166087874211370944976806640625000e-05
8.5429824031810775168856164629715976843726821243762969970703125000e-05
8.5639924627677724874690035061775006397510878741741180419921875000e-05
8.5851096940183692514912683346750554846948944032192230224609375000e-05
8.6059335543879855691049018950877780298469588160514831542968750000e-05
8.6265383691272101902326741029725098997005261480808258056640625000e-05
8.6472389184818373151532322484769110815250314772129058837890625000e-05
8.6675225974087077764757003350837294419761747121810913085937500000e-05
8.6877718868565072881000876936496979396906681358814239501953125000e-05
8.7079884577395176245041830132009863518760539591312408447265625000e-05
8.7277786841515023782793469830920685126329772174358367919921875000e-05
8.7476770495842747095947833368967394562787376344203948974609375000e-05
8.7673629805314670085034101099097370024537667632102966308593750000e-05
8.7867172366743441177562579103010875769541598856449127197265625000e-05
8.8062447674244732171919269880788760929135605692863464355468750000e-05
8.8253634982770422083044048466859976542764343321323394775390625000e-05
8.8443682471210194155630812673507534782402217388153076171875000000e-05
8.8634348789744501410751975623014686789247207343578338623046875000e-05
8.8820424347918464471132726778535015910165384411811828613281250000e-05
8.9006999040050130802062544610464556171791628003120422363281250000e-05
8.9192716974905114656925475546955794925452210009098052978515625000e-05
8.9373944054882715755210031982613827494787983596324920654296875000e-05
8.9557358382988985464126518998284609551774337887763977050781250000e-05
8.9737192172821111501440638491544632415752857923507690429687500000e-05
8.9914934356902551744125662303019907994894310832023620605468750000e-05
9.0093965709312517930497377083298715660930611193180084228515625000e-05
9.0268681269104874480106726064576605494949035346508026123046875000e-05
9.0442752206808883883200345099595551801030524075031280517578125000e-05
9.0617437213209528165148987088883814067230559885501861572265625000e-05
9.0786719230687520400258083697053734795190393924713134765625000000e-05
9.0958153458441624861219310105298063717782497406005859375000000000e-05
9.1126866134419334765023879008083440567133948206901550292968750000e-05
9.1292616348055783347635594449087648172280751168727874755859375000e-05
9.1459846004188395532721878034010387636953964829444885253906250000e-05
9.1623621719316762656605546144561458277166821062564849853515625000e-05
9.1785314665044064746934893150864809285849332809448242187500000000e-05
9.1948908199274433203536383008014354345505125820636749267578125000e-05
9.2106737335705460550244749740045335784088820219039916992187500000e-05
9.2266142601709073942269079271483178672497160732746124267578125000e-05
9.2423875584765112045464163781360866778413765132427215576171875000e-05
9.2578045200515524516642063002080931255477480590343475341796875000e-05
9.2733388561490011966353952388431025610771030187606811523437500000e-05
9.2886480723315272044551815788793192041339352726936340332031250000e-05
9.3036165268455762382242280050803628910216502845287322998046875000e-05
9.3188489793525456392035699604292631192947737872600555419921875000e-05
9.3335375293827170105516455311800427807611413300037384033203125000e-05
9.3482828712599828555052106082712271017953753471374511718750000000e-05
9.3629640187637745382155662898782111369655467569828033447265625000e-05
9.3772650171807854111924451778747879870934411883354187011718750000e-05
9.3916180408046371361555082479810607765102759003639221191406250000e-05
9.4058657198565099200743278018421733577270060777664184570312500000e-05
9.4196866975294063907379882305548335352796129882335662841796875000e-05
9.4337745434599397788104357953642420397954992949962615966796875000e-05
9.4474098405728000951708800414508004905655980110168457031250000000e-05
9.4609832576590788179998758877786713128443807363510131835937500000e-05
9.4745728480579287388886611243066226961673237383365631103515625000e-05
9.4877946126881490995948198463594280838151462376117706298828125000e-05
9.5009896704813481707434241751997205938096158206462860107421875000e-05
9.5141707259951006415456264964092270020046271383762359619140625000e-05
9.5268999601808170398301034431653988576726987957954406738281250000e-05
9.5398379800229945730920266822039366161334328353404998779296875000e-05
9.5524442638068412765942061248836125741945579648017883300781250000e-05
9.5648827545930764745980845464856656690244562923908233642578125000e-05
9.5773806376246814909408699989512570027727633714675903320312500000e-05
9.5895518774111805811177777769671592977829277515411376953125000000e-05
9.6016229455265901071396583699169013925711624324321746826171875000e-05
9.6137309227030460947842349650471760469372384250164031982421875000e-05
9.6254144313009042761494771234254130831686779856681823730468750000e-05
9.6372156693012113242921556910403069196036085486412048339843750000e-05
9.6488014370664070820313162890613511990522965788841247558593750000e-05
9.6601488071706604634190929115078461109078489243984222412109375000e-05
9.6715592112578462145183744169685269298497587442398071289062500000e-05
9.6827004644555112453964407226436605924391187727451324462890625000e-05
9.6936853531125411137861491717160333791980519890785217285156250000e-05
9.7047204453402132872524843421047080482821911573410034179687500000e-05
9.7153894647238354790631797985867024181061424314975738525390625000e-05
9.7260826935958741919392711583469690594938583672046661376953125000e-05
9.7366479880577430118526738311857116059400141239166259765625000000e-05
9.7469462981092453899255312332883249837323091924190521240234375000e-05
9.7572814618578397063107521258729093460715375840663909912109375000e-05
9.7674065434079040308804064984826709405751898884773254394531250000e-05
9.7773418359940590205252319844220210143248550593852996826171875000e-05
9.7873134800158451736956655153676365443971008062362670898437500000e-05
9.7969865727762749096907413104418083094060420989990234375000000000e-05
9.8066086147682282646645401946727815811755135655403137207031250000e-05
9.8161534110041118086215083948786741530057042837142944335937500000e-05
9.8254372178346489354570925112142276702797971665859222412109375000e-05
9.8347173780333451689403267970135402720188722014427185058593750000e-05
9.8438364814896141979407018229863979286164976656436920166015625000e-05
9.8527543677345426581352938466551449891994707286357879638671875000e-05
9.8616799256090773798805182437376970483455806970596313476562500000e-05
9.8703684732542428924978450410776531498413532972335815429687500000e-05
9.8789562038716801609279649643013954118941910564899444580078125000e-05
9.8874860593032751990977269329619048221502453088760375976562500000e-05
9.8957807915131776083268733135156480784644372761249542236328125000e-05
9.9040313878308652850712689996726112440228462219238281250000000000e-05
9.9121544820319476207237663345495093381032347679138183593750000000e-05
9.9200813066928548414509514419279412322794087231159210205078125000e-05
9.9279833688561893324103779789879808959085494279861450195312500000e-05
9.9356963263619654932665148372450403257971629500389099121093750000e-05
9.9432821069392657753645281548671164273400790989398956298828125000e-05
9.9508093472554495144237474146819977249833755195140838623046875000e-05
9.9581331275161322365806204626181852290756069123744964599609375000e-05
9.9653812323385372335532439436178719915915280580520629882812500000e-05
9.9725200203596727323643311713396997220115736126899719238281250000e-05
9.9794768783103773726952945288815044477814808487892150878906250000e-05
9.9863800688868169827365484092496217272127978503704071044921875000e-05
9.9931269677570736583577248879350918286945670843124389648437500000e-05
9.9997375033010368850991400613281712139723822474479675292968750000e-05
1.0006279199571853810897537062629680804093368351459503173828125000e-04
1.0012646302937728767790126482850610045716166496276855468750000000e-04
1.0018917433154312399221780305325069093669299036264419555664062500e-04
1.0025086026920333693787656947904451953945681452751159667968750000e-04
1.0031090250314638747611978297769042001164052635431289672851562500e-04
1.0037018545365590722114740307446822953352238982915878295898437500e-04
1.0042810954260848559354418751965454248420428484678268432617187500e-04
1.0048467753364627517553148150497577262285631150007247924804687500e-04
1.0054043253899932412308987350613165290269535034894943237304687500e-04
1.0059466698727127407456821694964332891686353832483291625976562500e-04
1.0064783232075315885095667667314955906476825475692749023437500000e-04
1.0069997767643721015094065984740723251888994127511978149414062500e-04
1.0075064227874571429026395730232934511150233447551727294921875000e-04
1.0080039717262850949147656720583654532674700021743774414062500000e-04
1.0084891024312044147288880413526612755958922207355499267578125000e-04
1.0089611787796046236780067584248854473116807639598846435546875000e-04
1.0094240729233707419814497496801664055965375155210494995117187500e-04
1.0098733379493207078063388149047341357800178229808807373046875000e-04
1.0103114657491914219183265499779622587084304541349411010742187500e-04
1.0107391999553716238798017901245884786476381123065948486328125000e-04
1.0111534334984921350807096640522786401561461389064788818359375000e-04
1.0115576760915693176837854005967187731584999710321426391601562500e-04
1.0119501276741063263732434140962368473992682993412017822265625000e-04
1.0123301413838205913865719853816926843137480318546295166015625000e-04
1.0127002264554415612071019969775420577207114547491073608398437500e-04
1.0130577253822878878216501297160334615909960120916366577148437500e-04
1.0134040076930600862183118326953490395681001245975494384765625000e-04
1.0137396715063250922719828572837741376133635640144348144531250000e-04
1.0140628065730845355166961363480027102923486381769180297851562500e-04
1.0143754743246593337697991632495586600271053612232208251953125000e-04
1.0146766998888244405620934207590266851184424012899398803710937500e-04
1.0149660426560592801827759279476026677002664655447006225585937500e-04
1.0152449975652201249760181456238683495030272752046585083007812500e-04
1.0155120515945900542837537772200562358193565160036087036132812500e-04
1.0157679667407637697819355881989622503169812262058258056640625000e-04
1.0160131173288992727232749047061588498763740062713623046875000000e-04
1.0162464207591774458666611380408539844211190938949584960937500000e-04
1.0164690429923706378474018707791515225835610181093215942382812500e-04
1.0166804492152808892229537418572249407588969916105270385742187500e-04
1.0168804047189554872702293986108657009026501327753067016601562500e-04
1.0170697411676361647525634879229983198456466197967529296875000000e-04
1.0172476296825876606547828240323383397480938583612442016601562500e-04
1.0174145108997132553024095313887187330692540854215621948242187500e-04
1.0175705755303619782451557407298992075084242969751358032226562500e-04
1.0177152579421952277496238314924426049401517957448959350585937500e-04
1.0178492001119481761683277509789036230358760803937911987304687500e-04
1.0179720980884506280512991072129125313949771225452423095703125000e-04
1.0180838660162755404670065217942465096712112426757812500000000000e-04
1.0181849324300712726545231623376253082824405282735824584960937500e-04
1.0182748636560454179918883133026952236832585185766220092773437500e-04
1.0183539252943441552699127550241087192262057214975357055664062500e-04
1.0184221892567448257589657334420962797594256699085235595703125000e-04
1.0184793932220129522841362001983611662581097334623336791992187500e-04
1.0185258761104299415987256560711671227181795984506607055664062500e-04
1.0185614658855902188612507774934101689723320305347442626953125000e-04
1.0185861586353090802760379407487789649167098104953765869140625000e-04
1.0186001552228288516682014330783090372278820723295211791992187500e-04
1.0186032467496003038522761618978051956219132989645004272460937500e-04
1.0185955915799131362483448404177011070714797824621200561523437500e-04
1.0185772052460825018785350870587080862605944275856018066406250000e-04
1.0185479855876881135744865813919091124262195080518722534179687500e-04
1.0185081027086146981865816263379542760958429425954818725585937500e-04
1.0184574656381024135125279439506584822083823382854461669921875000e-04
1.0183961008596636370164556506523467760416679084300994873046875000e-04
1.0183240950813228910092067547310534791904501616954803466796875000e-04
1.0182413584669270647728445133850527781760320067405700683593750000e-04
1.0181479832982649226524873853350072749890387058258056640625000000e-04
1.0180439662381869788624483286199051690346095710992813110351562500e-04
1.0179292798819430791203155539648150806897319853305816650390625000e-04
1.0178040061809740283397390792075043464137706905603408813476562500e-04
1.0176681018834767271808577904224080157291609793901443481445312500e-04
1.0175215989763344783154697115179487809655256569385528564453125000e-04
1.0173645313670695252729336832686612979159690439701080322265625000e-04
1.0171968687740203581438419577764875612047035247087478637695312500e-04
1.0170186631240358925143407731184197473339736461639404296875000000e-04
1.0168299091519804701940626889822283374087419360876083374023437500e-04
1.0166306102859803365146690312670330058608669787645339965820312500e-04
1.0164208035311232062713332480186068096372764557600021362304687500e-04
1.0162004740432405689755379629701792509877122938632965087890625000e-04
1.0159696477253346341609180347731467008998151868581771850585937500e-04
1.0157283375685309111547544036469048478465992957353591918945312500e-04
1.0154765404439611146177740996776606152707245200872421264648437500e-04
1.0152142839254698735828447153650699874560814350843429565429687500e-04
1.0149415674205286390374691762872316758148372173309326171875000000e-04
1.0146584022311327206652964427746610454050824046134948730468750000e-04
1.0143648056416925122991817831419325557362753897905349731445312500e-04
1.0140607770912350336315471688308775810583028942346572875976562500e-04
1.0137463340822786808572558703289701043104287236928939819335937500e-04
1.0134214836304434995996326396294762162142433226108551025390625000e-04
1.0130862316570785129458964757276362433913163840770721435546875000e-04
1.0127405931975445082388054274247224384453147649765014648437500000e-04
1.0123845713706673481949854798145338463655207306146621704101562500e-04
1.0120181772109393088850820552337950175569858402013778686523437500e-04
1.0116414199228175195208190295659278490347787737846374511718750000e-04
1.0112543043486409393826724878451273070822935551404953002929687500e-04
1.0108568417548456218769264980394950725894887000322341918945312500e-04
1.0104490375826459948142843625618070291238836944103240966796875000e-04
1.0100308994559750101586981241297280575963668525218963623046875000e-04
1.0096024358589355738018839003800053433224093168973922729492187500e-04
1.0091636517819261068505676259832171126618050038814544677734375000e-04
1.0087145554630748064961487386881344718858599662780761718750000000e-04
1.0082551529097434357250956393770024988043587654829025268554687500e-04
1.0077854499083219706485198274847903121553827077150344848632812500e-04
1.0073054534984704716602671448200112536142114549875259399414062500e-04
1.0068151685981187445570461669319684006040915846824645996093750000e-04
1.0063146013181113128803767509111821709666401147842407226562500000e-04
1.0058037571381193910242946021327270500478334724903106689453125000e-04
1.0052826407217383352342421343195155714056454598903656005859375000e-04
1.0047512576231338069735615770028402948810253292322158813476562500e-04
1.0042096122179233774231177367397549460292793810367584228515625000e-04
1.0036577090795806722206551242493333120364695787429809570312500000e-04
1.0030955526657362451067173614305261253321077674627304077148437500e-04
1.0025231467898393540594259576437252690084278583526611328125000000e-04
1.0019404955681899919983646185528414207510650157928466796875000000e-04
1.0013476024609399746018861820928691486187744885683059692382812500e-04
1.0007444709198824608995664897648225633020047098398208618164062500e-04
1.0001311042422434956049304144443112818407826125621795654296875000e-04
9.9950750519607321786276499242518411847413517534732818603515625000e-05
9.9887367667597445224959840093248431003303267061710357666015625000e-05
9.9822962117473155226748948720683074498083442449569702148437500000e-05
9.9757534094655058993887652984966507574426941573619842529296875000e-05
9.9691083812564301974527836147643711228738538920879364013671875000e-05
9.9623611449601960632360686531683313660323619842529296875000000000e-05
9.9555117174256698201438575690502830184414051473140716552734375000e-05
9.9485601123330149697480961901163709626416675746440887451171875000e-05
9.9415063410889626489483350546549900172976776957511901855468750000e-05
9.9343504138641329005189606338177554789581336081027984619140625000e-05
9.9270923376235882030528545616476776558556593954563140869140625000e-05
9.9197321169389673055361011932973269722424447536468505859375000000e-05
9.9122697545932260941060898407073409543954767286777496337890625000e-05
9.9047052511584641738655310216898897124337963759899139404296875000e-05
9.8970386047295553686407865168206399175687693059444427490234375000e-05
9.8892698107030070696181478506758821822586469352245330810546875000e-05
9.8813988624779850312822293556536124015110544860363006591796875000e-05
9.8734257516512515667761462623275292571634054183959960937500000000e-05
9.8653504665862273891388523061607429553987458348274230957031250000e-05
9.8571729938335905471004372291332629174576140940189361572265625000e-05
9.8488933176777519458260090612355952544021420180797576904296875000e-05
9.8405114197604894705172229318890231297700665891170501708984375000e-05
9.8320272793407756817957166006749503139872103929519653320312500000e-05
9.8234408733103971032504797555873210512800142168998718261718750000e-05
9.8147521768611939224288831518094866623869165778160095214843750000e-05
9.8059611616989087400607372213556800488731823861598968505859375000e-05
9.7970677976230941073204627755899309704545885324478149414062500000e-05
9.7880720524117208886094587683146528434008359909057617187500000000e-05
9.7789738909065100722767249763478503155056387186050415039062500000e-05
9.7697732753664016523871549413371440095943398773670196533203125000e-05
9.7604701657697868263235951857836880662944167852401733398437500000e-05
9.7510645202248012676678190491230679981526918709278106689453125000e-05
9.7415562934831780375621868017788074212148785591125488281250000000e-05
9.7319454380567291663754747599313077444094233214855194091796875000e-05
9.7222319043090583154734241055905386019730940461158752441406250000e-05
9.7124156396324765007019297335943974758265540003776550292968750000e-05
9.7024965888501177703820421704961063369410112500190734863281250000e-05
9.6924746944680162104128473554709444215404801070690155029296875000e-05
9.6823498964046042784999113184341013038647361099720001220703125000e-05
9.6721221320639208453469326531859451279160566627979278564453125000e-05
9.6617913358986438378261940584934563958086073398590087890625000000e-05
9.6513574395809862511638743676201102061895653605461120605468750000e-05
9.6408203728767989139358807193502798327244818210601806640625000000e-05
9.6301800621068558570965489895598921066266484558582305908203125000e-05
9.6194364313038322020395221034760879774694330990314483642578125000e-05
9.6085894019490761361508568416667230849270708858966827392578125000e-05
9.5976388921194624205546208628447857336141169071197509765625000000e-05
9.5865848175965135942802608504109684872673824429512023925781250000e-05
9.5754270912952829273787069830348173127276822924613952636718750000e-05
9.5641656233733384233006158403611607354832813143730163574218750000e-05
9.5528003211945613083570794099586009906488470733165740966796875000e-05
9.5413310887317533451855433579424925483181141316890716552734375000e-05
9.5297578275997432673515008527687086825608275830745697021484375000e-05
9.5180804367415793683024349824961518606869503855705261230468750000e-05
9.5062988113338417386216638860219063644763082265853881835937500000e-05
9.4944128439526624002077481723205210073501802980899810791015625000e-05
9.4824224243928166870262752574660680693341419100761413574218750000e-05
9.4703274393519154810555660262139099359046667814254760742187500000e-05
9.4581277721778443819643233947402904959744773805141448974609375000e-05
9.4458233029755223845308487184979640005622059106826782226562500000e-05
9.4334139093563756039116652285514419418177567422389984130859375000e-05
9.4208994655279083168565590344911697684437967836856842041015625000e-05
9.4082798419610073935651084475750849378528073430061340332031250000e-05
9.3955549062540798894646587591239494940964505076408386230468750000e-05
9.3827245231625081077313221822322475418332032859325408935546875000e-05
9.3697885534146520378380451621325164524023421108722686767578125000e-05
9.3567468545479088215706398035109714328427799046039581298828125000e-05
9.3435992811447909998229244266099158267024904489517211914062500000e-05
9.3303456839298823258591064622180510923499241471290588378906250000e-05
9.3169859099530326958932269221236310841049998998641967773437500000e-05
9.3035198031617342257458547205573040628223679959774017333984375000e-05
9.2899472040212384936486156306045813835225999355316162109375000000e-05
9.2762679488954594814696663629405293249874375760555267333984375000e-05
9.2624818706301266209648948013466451811837032437324523925781250000e-05
9.2485887985556497980187129481777219552895985543727874755859375000e-05
9.2345885583168941905529703007005082326941192150115966796875000000e-05
9.2204809712997782655645451210801866182009689509868621826171875000e-05
9.2062658550877106964673013411726287813507951796054840087890625000e-05
9.1919430239798918563960683503211157585610635578632354736328125000e-05
9.1775122879019305145893714570348720371839590370655059814453125000e-05
9.1629734522376705269097740824690845329314470291137695312500000000e-05
9.1483263186928513786659589168692718885722570121288299560546875000e-05
9.1335706853834083200453786144379364486667327582836151123046875000e-05
9.1187063455164740159025749122179149708244949579238891601562500000e-05
9.1037330879214573616659000876438767591025680303573608398437500000e-05
9.0886506976480839806696587768186645917012356221675872802734375000e-05
9.0734589550973322887549021853459407793707214295864105224609375000e-05
9.0581576359612467211693265234373484418028965592384338378906250000e-05
9.0427465117185780452135901441579335369169712066650390625000000000e-05
9.0272253494176949144972565974853750958573073148727416992187500000e-05
9.0115939110308831993569056439952191794873215258121490478515625000e-05
8.9958519536531669812465250579691655730130150914192199707031250000e-05
8.9799992299060491787385251960529330972349271178245544433593750000e-05
8.9640354876891858819376590616911926190368831157684326171875000000e-05
8.9479604696678473937238029733975963608827441930770874023437500000e-05
8.9317739132202856352886477520058861045981757342815399169921875000e-05
8.9154755508682450790280960006839450215920805931091308593750000000e-05
8.8990651100974730788872868458838638616725802421569824218750000000e-05
8.8825423127007678927337386287632625680998899042606353759765625000e-05
8.8659068752321211568517833612190770509187132120132446289062500000e-05
8.8491585089669466397503672094870807995903305709362030029296875000e-05
8.8322969194699552032863654194017044574138708412647247314453125000e-05
8.8153218064979547226485412370067251686123199760913848876953125000e-05
8.7982328640892086741610855771256183288642205297946929931640625000e-05
8.7810297809016177664198643526560772443190217018127441406250000000e-05
8.7637122390195595152302676655864388521877117455005645751953125000e-05
8.7462799147630540747347382968257534230360761284828186035156250000e-05
8.7287324787049501970993825583633451969944871962070465087890625000e-05
8.7110695944620018631165958566953122499398887157440185546875000000e-05
8.6932909196897199984033210995448825997300446033477783203125000000e-05
8.6753961056932346954106982650500867748633027076721191406250000000e-05
8.6573847969819401975376249591676014460972510278224945068359375000e-05
8.6392566317207547510990950367926188846467994153499603271484375000e-05
8.6210112409402386650890404151681423172703944146633148193359375000e-05
8.6026482488407333493532491708322140766540542244911193847656250000e-05
8.5841672731701732456353892697364926789305172860622406005859375000e-05
8.5655679239017237401251914086230954126222059130668640136718750000e-05
8.5468498038863163724851434999152388627408072352409362792968750000e-05
8.5280125091467766222132207420969507438712753355503082275390625000e-05
8.5090556278749260570720691632118359848391264677047729492187500000e-05
8.4899787405358121089408995896263832037220709025859832763671875000e-05
8.4707814200524141111728337882880168763222172856330871582031250000e-05
8.4514632318271972377839162948731654978473670780658721923828125000e-05
8.4320237330206952199029846184430425637401640415191650390625000000e-05
8.4124624727500480923444992065185488172573968768119812011718750000e-05
8.3927789921112730614841113130353278393158689141273498535156250000e-05
8.3729728237817986993309082865977188703254796564579010009765625000e-05
8.3530434920933978684177978468738956507877446711063385009765625000e-05
8.3329905127730552710611788835848301459918729960918426513671875000e-05
8.3128133930474113551419013123933154929545708000659942626953125000e-05
8.2925116313831772089579241757917316135717555880546569824218750000e-05
8.2720847170176045473968806653886076674098148941993713378906250000e-05
8.2515321304287489174826564219955571388709358870983123779296875000e-05
8.2308533433039709147592544180582763146958313882350921630859375000e-05
8.2100478175522917010341339416612527202232740819454193115234375000e-05
8.1891150057707070035115104467138280597282573580741882324218750000e-05
8.1680543515892940873053540418169404802029021084308624267578125000e-05
8.1468652888804936242767018583776916784700006246566772460937500000e-05
8.1255472415937173621264255629625949950423091650009155273437500000e-05
8.1040996240948389296547549331961590723949484527111053466796875000e-05
8.0825218411394099773427390775992762428359128534793853759765625000e-05
8.0608132874369003506923037072340321174124255776405334472656250000e-05
8.0389733475160252726236798093140123455668799579143524169921875000e-05
8.0170013960479798924112226909954870279761962592601776123046875000e-05
7.9948967976187134613745566280584853302570991218090057373046875000e-05
7.9726589065005163954429068251528178734588436782360076904296875000e-05
7.9502870667522317267052189837528430871316231787204742431640625000e-05
7.9277806123168387199447171287403079986688680946826934814453125000e-05
7.9051388668826966786042087509400744238519109785556793212890625000e-05
7.8823611435890512401901408789939296184456907212734222412109375000e-05
7.8594467454111091066215610823064707801677286624908447265625000000e-05
7.8363949652597846440987838789737907063681632280349731445312500000e-05
7.8132050857001935652811075438961552208638750016689300537109375000e-05
7.7898763789810578474573365959088278032140806317329406738281250000e-05
7.7664081073142753942374627573741463493206538259983062744140625000e-05
7.7427995231463893517631635887710217502899467945098876953125000000e-05
7.7190498686459136246790224689107162703294306993484497070312500000e-05
7.6951583763160385631002524675636777828913182020187377929687500000e-05
7.6711242693115554549046497534448008082108572125434875488281250000e-05
7.6469467610751622622250467387061689805705100297927856445312500000e-05
7.6226250558408763084196346770937680048518814146518707275390625000e-05
7.5981583489853035846828266386410177801735699176788330078125000000e-05
7.5735458272542546223800308258233826563809998333454132080078125000e-05
7.5487866689459841469667100710694285226054489612579345703125000000e-05
7.5238800441207077268103431411105930237681604921817779541015625000e-05
7.4988251154331728187164840537803911502123810350894927978515625000e-05
7.4736210384643487385572524495103152730735018849372863769531250000e-05
7.4482669616898641807775649503753356839297339320182800292968750000e-05
7.4227620274949898584310181703926900809165090322494506835937500000e-05
7.3971053727414377149118607235322997439652681350708007812500000000e-05
7.3712961291874364109372175235534996318165212869644165039062500000e-05
7.3453334240917918544419573656512056913925334811210632324218750000e-05
7.3192163811502231702751930519923462270526215434074401855468750000e-05
7.2929441214292022943946336432929911097744479775428771972656250000e-05
7.2665157638054678505487582462762929935706779360771179199218750000e-05
7.2399304259654671074228349247903224750189110636711120605468750000e-05
7.2131872257735147658565255657237003106274642050266265869140625000e-05
7.1862852821854419980811268242604228362324647605419158935546875000e-05
7.1592237159232575125812625405075095841311849653720855712890625000e-05
7.1320016512242001170338023818828787625534459948539733886718750000e-05
7.1046182172228213719256117997247201856225728988647460937500000000e-05
7.0770725488264070164416696950837604163098149001598358154296875000e-05
7.0493637884389343168690944541054932415136136114597320556640625000e-05
7.0214910876715812423042029077890902044600807130336761474609375000e-05
6.9934536089296867370466992408495343624963425099849700927734375000e-05
6.9652505270213191422915000039495225792052224278450012207031250000e-05
6.9368810310230282151558456327222756954142823815345764160156250000e-05
6.9083443264380742362615328566732841863995417952537536621093750000e-05
6.8796396371629905020124440273576738036354072391986846923828125000e-05
6.8507662075153408979925895305740368712577037513256072998046875000e-05
6.8217233046450695562422372741906428927904926240444183349609375000e-05
6.7925102209320675924163202008543294141418300569057464599609375000e-05
6.7631262762806118875487382258171464854967780411243438720703125000e-05
6.7335708207940132429165924765612771807354874908924102783203125000e-05
6.7038432377234036989646637216822000482352450489997863769531250000e-05
6.6739429460065138291664788017243381545995362102985382080078125000e-05
6.6438694030241212382971449645907568992697633802890777587890625000e-05
6.6136221079518575129141400026355768204666674137115478515625000000e-05
6.5832006047679381913889651301019512175116688013076782226562500000e-05
6.5526044853836704984564875964281327469507232308387756347656250000e-05
6.5218333929135358464392047128654894549981690943241119384765625000e-05
6.4908870251435742690718222469570264365756884217262268066406250000e-05
6.4597651380811788859523381312044421065365895628929138183593750000e-05
6.4284675492166362458998363216267080133548006415367126464843750000e-05
6.3969941413037786047401933586797895259223878383636474609375000000e-05
6.3653448660631726683731268501276190363569185137748718261718750000e-05
6.3335197477643059523789992315556673929677344858646392822265625000e-05
6.3015188869292634160634847262372204568237066268920898437500000000e-05
6.2693424640797437230946287378685610747197642922401428222656250000e-05
6.2369907436330435253866999456562325576669536530971527099609375000e-05
6.2044640774876482175285985487533935156534425914287567138671875000e-05
6.1717629086838305080102429212018932958017103374004364013671875000e-05
6.1388877751207467656571759029304757859790697693824768066406250000e-05
6.1058393132998266240006601801582064581452868878841400146484375000e-05
6.0726182615761760343227326774950824983534403145313262939453125000e-05
6.0392254635104411367510501840172310039633885025978088378906250000e-05
6.0056618715218905999245202487202277552569285035133361816406250000e-05
5.9719285496228792097135606997682089058798737823963165283203125000e-05
5.9380266762639332832254129845850343372148927301168441772460937500e-05
5.9039575474630874650072004383716262054804246872663497924804687500e-05
5.8697225790647569341682010524152701691491529345512390136718750000e-05
5.8353233088102803060095991050104657915653660893440246582031250000e-05
5.8007613984310505306652566703817797133524436503648757934570312500e-05
5.7660386352774649603835505073945455478678923100233078002929687500e-05
5.7311569336124530802019372277555930850212462246417999267578125000e-05
5.6961183354039490137499940347609594937239307910203933715820312500e-05
5.6609250108962023712716460366323190100956708192825317382812500000e-05
5.6255792588411124342893249172803393776121083647012710571289062500e-05
5.5900835059341475808195043306625393597641959786415100097656250000e-05
5.5544403059074230429893737071012083106325007975101470947265625000e-05
5.5186523385060934387188330552120874017418827861547470092773437500e-05
5.4827224075514574390139560522428041622333694249391555786132812500e-05
5.4466534384951270934740324980438685997796710580587387084960937500e-05
5.4104484753558734452024564509642345910833682864904403686523437500e-05
5.3741106774700435821587318763192797632655128836631774902343750000e-05
5.3376433155285021858738048194936709478497505187988281250000000000e-05
5.3010497664764679402998187596196544291160535067319869995117187500e-05
5.2643335086258251061600010878294142457889392971992492675781250000e-05
5.2274981159265102720334894570441974792629480361938476562500000000e-05
5.1905472512120954500965119837729844221030361950397491455078125000e-05
5.1534846593186225168891495540535174768592696636915206909179687500e-05
5.1163141597387160768896363638447155608446337282657623291015625000e-05
5.0790396382958953689235742645635696135286707431077957153320312500e-05
5.0416650385145614647781908690404861772549338638782501220703125000e-05
5.0041943525051631375989702466000608183094300329685211181640625000e-05
4.9666316112580375101599738929536442810785956680774688720703125000e-05
4.9289808745889805707829367520389496348798274993896484375000000000e-05
4.8912462205662343033875372189100971809239126741886138916015625000e-05
4.8534317346279090251218168994284951622830703854560852050781250000e-05
4.8155414983112308530566886277668459115375299006700515747070312500e-05
4.7775795776614928098320611571381277826731093227863311767578125000e-05
4.7395500114465129344598626204287938890047371387481689453125000000e-05
4.7014567992007032454573889346249870868632569909095764160156250000e-05
4.6633038890544964893882656786772145096620079129934310913085937500e-05
4.6250951654700442892183959164853490619861986488103866577148437500e-05
4.5868344368888719776288648288797844543296378105878829956054687500e-05
4.5485254235627236175237841919738457363564521074295043945312500000e-05
4.5101717454068906650900550037164293826208449900150299072265625000e-05
4.4717769096754834653225513241281419141159858554601669311523437500e-05
4.4333442992251243387324260991633195772010367363691329956054687500e-05
4.3948771609608388102625325943861867017403710633516311645507812500e-05
4.3563785941963002875873534058825953252380713820457458496093750000e-05
4.3178515396193197601812374664120852685300633311271667480468750000e-05
4.2792987687597297129411810789889614170533604919910430908203125000e-05
4.2407228736216547732018611327475809957832098007202148437500000000e-05
4.2021262567683669692485126656578131587593816220760345458984375000e-05
4.1635111220032312775041899444161686005827505141496658325195312500e-05
4.1248794655778661601315537854617332413909025490283966064453125000e-05
4.0862330679098337227368731294774306661565788090229034423828125000e-05
4.0475734856863302400277471182477029287838377058506011962890625000e-05
4.0089020447998798761090472053680855424317996948957443237304687500e-05
3.9702198338187880870611690120597359054954722523689270019531250000e-05
3.9315276978232327194200113051891776194679550826549530029296875000e-05
3.8928262330410700849721988836549257939623203128576278686523437500e-05
3.8541157821152660504279013897743766392522957175970077514648437500e-05
3.8153964298203142202579180031207783940772060304880142211914062500e-05
3.7766679992818425121766517937871299182006623595952987670898437500e-05
3.7379300488973366857481384073480512597598135471343994140625000000e-05
3.6991818698643565783892167564417263747600372880697250366210937500e-05
3.6604224839719546160179963756320375978248193860054016113281250000e-05
3.6216506419654522809514762826665901229716837406158447265625000000e-05
3.5828648225550530992747355618632809637347236275672912597656250000e-05
3.5440632316274386036901444807512007173500023782253265380859375000e-05
3.5052438018864196878424110970229321537772193551063537597656250000e-05
3.4664041930152769081102670511995711422059684991836547851562500000e-05
3.4275417920164023995437813097098000980622600764036178588867187500e-05
3.3886537139419071280790202171928626739827450364828109741210937500e-05
3.3497368028343905694936555317298143563675694167613983154296875000e-05
3.3107876329740218966386083865316436458670068532228469848632812500e-05
3.2718025103020425441765345331290859576256480067968368530273437500e-05
3.2327774740232122761308952707537400783621706068515777587890625000e-05
3.1937082983707697052006696525339179970615077763795852661132812500e-05
3.1545904945619833567235779092641223542159423232078552246093750000e-05
3.1154193128030393524982577524440330307697877287864685058593750000e-05
3.0761897443540528484552665222651057774783112108707427978515625000e-05
3.0368965238473978889184590190808421539259143173694610595703125000e-05
2.9975341315290887221796378714344655236345715820789337158203125000e-05
2.9580967956126077891398223895791375070984940975904464721679687500e-05
2.9185784947742959567328763226257137830543797463178634643554687500e-05
2.8789729606740873323836998887159666082879994064569473266601562500e-05
2.8392736806425471391985421165671255039342213422060012817382812500e-05
2.7994739004339859537442633530268665253970539197325706481933593750e-05
2.7595666271976852665587590096585302035236964002251625061035156250e-05
2.7195446327099204213628355630838484557898482307791709899902343750e-05
2.6794004567854766120588508315769615819590399041771888732910156250e-05
2.6391264110566159037645633800295286164327990263700485229492187500e-05
2.5987145832941914186820647758580093977798242121934890747070312500e-05
2.5581568421497599360482644303971255794749595224857330322265625000e-05
2.5174448425674742754786297749269863288645865395665168762207031250e-05
2.4765700320659215464148134033806059051130432635545730590820312500e-05
2.4355236580036580286683783880263831633783411234617233276367187500e-05
2.3942967759089159291265372364598817966907517984509468078613281250e-05
2.3528802592860660034034328558227855410223128274083137512207031250e-05
2.3112648110554473521865981311407267639879137277603149414062500000e-05
2.2694409769307623839446411140308157428080448880791664123535156250e-05
2.2273991610088191754699554758545332333596888929605484008789062500e-05
2.1851296439625645436771739227310717978980392217636108398437500000e-05
2.1426226043313212105308196431252554248203523457050323486328125000e-05
2.0998681431471706180721947809786342986626550555229187011718750000e-05
2.0568563125010686014294478130004506510886130854487419128417968750e-05
2.0135771485801349270057872264949594409699784591794013977050781250e-05
1.9700207095952485881248245069841118493059184402227401733398437500e-05
1.9261771192976287280602606943880061862728325650095939636230468750e-05
1.8820366165940124645282460758011211510165594518184661865234375000e-05
1.8375896118737638010569995783427543756261002272367477416992187500e-05
1.7928267506044837282814380374773577386804390698671340942382812500e-05
1.7477389848341592470774841228120521918754093348979949951171875000e-05
1.7023176529614588266747440825632509131537517532706260681152343750e-05
1.6565545682996488048620634114804772707429947331547737121582031250e-05
1.6104421165705782513196189786874867877486394718289375305175781250e-05
1.5639733624953944967793037501557762425363762304186820983886718750e-05
1.5171421652374925901620925094981373604241525754332542419433593750e-05
1.4699433022076194811579748222829522319443640299141407012939453125e-05
1.4223726002852824068620370134841124354352359659969806671142578125e-05
1.3744270729373039952145481301659657447089557535946369171142578125e-05
1.3261050612328410729730439332474389857452479191124439239501953125e-05
1.2774063758128906818142128676285551591718103736639022827148437500e-05
1.2283324360470266814341147587619218484178418293595314025878906250e-05
1.1788864015007948049897947007114140660632983781397342681884765625e-05
1.1290732897441778042973113682645447397590032778680324554443359375e-05
1.0789000730662335993180304949401460135050001554191112518310546875e-05
1.0283757451766252722031094735122280781070003286004066467285156250e-05
9.7751134760098187890392518184512482548598200082778930664062500000e-06
9.2631994367571133684648859718535618412715848535299301147460937500e-06
8.7481652668722562619279051188136975270026596263051033020019531250e-06
8.2301784734700919983962572046287675675557693466544151306152343750e-06
7.7094214480707256843773286791865473333018599078059196472167968750e-06
7.1860876513148632137089819038600069234234979376196861267089843750e-06
6.6603765178599239938934256644031961513974238187074661254882812500e-06
6.1324869440887193051655315589876238391298102214932441711425781250e-06
5.6026092630098338204778542215311887275674962438642978668212890625e-06
5.0709156685763064967829329143800265455865883268415927886962890625e-06
4.5375491546418269059185238156750585858389968052506446838378906250e-06
4.0026111674489037159699843237969929532482638023793697357177734375e-06
3.4661483700806270164440810177541862913130898959934711456298828125e-06
2.9281391760734133934359919165801855456265911925584077835083007812e-06
2.3884810515164652749509153345508494226123730186372995376586914062e-06
1.8469800036551126952601284067490006179923511808738112449645996094e-06
1.3033441702940606252814721363608718718296586303040385246276855469e-06
7.5718393430812346589102229330037197030378592899069190025329589844e-07
2.0802132146897173586151837381547080596533305651973932981491088867e-07
-3.4468968349025283602339283020588034389675158308818936347961425781e-07
-9.0154266687748446432566990296764153356434690067544579505920410156e-07
-1.4632441786904518994790955210838490074820583686232566833496093750e-06
-2.0279112635784891791523518178586016347253462299704551696777343750e-06
-2.5893924858752572389357805154874725417357694823294878005981445312e-06
