-7.8883328149740694623659464923548512160778045654296875000000000000e-02
-6.6549793809483948070493397608515806496143341064453125000000000000e-02
-5.9671435763899577375823923830466810613870620727539062500000000000e-02
-5.4719425318582336215111894262008718214929103851318359375000000000e-02
-5.1009356895465894632391012919470085762441158294677734375000000000e-02
-4.8139053070354272112485460866082576103508472442626953125000000000e-02
-4.5859118728639264306323752862226683646440505981445312500000000000e-02
-4.4008113535991981446482412820842000655829906463623046875000000000e-02
-4.2477582495499807690997329245874425396323204040527343750000000000e-02
-4.1192321314694226030983514874606044031679630279541015625000000000e-02
-4.0098751954811794051547479966757236979901790618896484375000000000e-02
-3.9157776606173713696001925654854858294129371643066406250000000000e-02
-3.8340268502713742426735166191065218299627304077148437500000000000e-02
-3.7623467848416775050068849850504193454980850219726562500000000000e-02
-3.6989233916873795471325081507529830560088157653808593750000000000e-02
-3.6424195479949184051093880043481476604938507080078125000000000000e-02
-3.5918429973467100313477828876784769818186759948730468750000000000e-02
-3.5463872944265145692455121206876356154680252075195312500000000000e-02
-3.5053921930111739402313730806781677529215812683105468750000000000e-02
-3.4683140846991970807078331517914193682372570037841796875000000000e-02
-3.4347037760482201917966449400410056114196777343750000000000000000e-02
-3.4041897135732017420917117078715818934142589569091796875000000000e-02
-3.3764653580842816926743665817411965690553188323974609375000000000e-02
-3.3512797759311444001362190192594425752758979797363281250000000000e-02
-3.3284308244197237380834764053361141122877597808837890625000000000e-02
-3.3151097525944715760370939960921532474458217620849609375000000000e-02
-3.3109788072647645951196437863472965545952320098876953125000000000e-02
-3.3069513618765915274888556041332776658236980438232421875000000000e-02
-3.3030210631306247681671095506317215040326118469238281250000000000e-02
-3.2991817225363144483463173628479125909507274627685546875000000000e-02
-3.2954278618364744868340920902483048848807811737060546875000000000e-02
-3.2917547406554899247499434977726195938885211944580078125000000000e-02
-3.2881580875028251775837873083219164982438087463378906250000000000e-02
-3.2846340455105871303231879210215993225574493408203125000000000000e-02
-3.2811791335625145604737440407916437834501266479492187500000000000e-02
-3.2777901920117806511267843916357378475368022918701171875000000000e-02
-3.2744643393586868318489990770103759132325649261474609375000000000e-02
-3.2711989380667633176003050721192266792058944702148437500000000000e-02
-3.2679915651758567607387817588460166007280349731445312500000000000e-02
-3.2648399869098537751099797787901479750871658325195312500000000000e-02
-3.2617421371793811624151260275539243593811988830566406250000000000e-02
-3.2586960992179496432452623366771149449050426483154296875000000000e-02
-3.2557000897098835323628662763439933769404888153076171875000000000e-02
-3.2527524450516626108864670641196426004171371459960937500000000000e-02
-3.2498516094130645848192529001607908867299556732177734375000000000e-02
-3.2469961243073879042508878001171979121863842010498046875000000000e-02
-3.2441846194447655771231353583061718381941318511962890625000000000e-02
-3.2414158046804822377318089365871855989098548889160156250000000000e-02
-3.2386884629019792314341685823819716461002826690673828125000000000e-02
-3.2360014437256251484953395447519142180681228637695312500000000000e-02
-3.2333536578923960380649305079714395105838775634765625000000000000e-02
-3.2307440722697366997095969054498709738254547119140625000000000000e-02
-3.2281717053810152218140672175650252029299736022949218750000000000e-02
-3.2256356233987752701874995864272932521998882293701171875000000000e-02
-3.2231349365397614359363132052749278955161571502685546875000000000e-02
-3.2206687958169673280384159852474112994968891143798828125000000000e-02
-3.2182363901043412046654168534587370231747627258300781250000000000e-02
-3.2158369434793838970154666867529158480465412139892578125000000000e-02
-3.2134697128085150386045398818168905563652515411376953125000000000e-02
-3.2111339855549925204059036332182586193084716796875000000000000000e-02
-3.2088290777747559279209355054263141937553882598876953125000000000e-02
-3.2065543322948850124554098783846711739897727966308593750000000000e-02
-3.2043091170334353501303326083871070295572280883789062500000000000e-02
-3.2020928234783023469400831118036876432597637176513671875000000000e-02
-3.1999048652639423828691889184483443386852741241455078125000000000e-02
-3.1977446768973558088866582238551927730441093444824218750000000000e-02
-3.1956117125392438649278403772768797352910041809082031250000000000e-02
-3.1935054449335316395508499454081174917519092559814453125000000000e-02
-3.1914253643540141380796626435767393559217453002929687500000000000e-02
-3.1893709777060776089374627417782903648912906646728515625000000000e-02
-3.1873418076013022848247402407650952227413654327392578125000000000e-02
-3.1853373916062847903685195660727913491427898406982421875000000000e-02
-3.1833572814280994278668401875620475038886070251464843750000000000e-02
-3.1814010422760032048561384954155073501169681549072265625000000000e-02
-3.1794682521474285086249267351377056911587715148925781250000000000e-02
-3.1775585012739332446685125432850327342748641967773437500000000000e-02
-3.1756713915125141245443529669501003809273242950439453125000000000e-02
-3.1738065358328758358563703723120852373540401458740234375000000000e-02
-3.1719635578281557553026459572720341384410858154296875000000000000e-02
-3.1701420912088128234440631558754830621182918548583984375000000000e-02
-3.1683417794400536848797855782322585582733154296875000000000000000e-02
-3.1665622752243778592617928779873182065784931182861328125000000000e-02
-3.1648032402491116377163393735827412456274032592773437500000000000e-02
-3.1630643446723782918894585236557759344577789306640625000000000000e-02
-3.1613452669476502232548398296785308048129081726074218750000000000e-02
-3.1596456933141857381652783942627138458192348480224609375000000000e-02
-3.1579653177176425504768531027366407215595245361328125000000000000e-02
-3.1563038412420821310355734112818026915192604064941406250000000000e-02
-3.1546609721914919965968238102504983544349670410156250000000000000e-02
-3.1530364254193400663783819481977843679487705230712890625000000000e-02
-3.1514299225064185128175608952005859464406967163085937500000000000e-02
-3.1498411912110751975646394384966697543859481811523437500000000000e-02
-3.1482699653331086553365025793027598410844802856445312500000000000e-02
-3.1467159847680455098117846546301734633743762969970703125000000000e-02
-3.1451789946993852220558096632885280996561050415039062500000000000e-02
-3.1436587462226849021273977768942131660878658294677734375000000000e-02
-3.1421549954593806786018461707499227486550807952880859375000000000e-02
-3.1406675036215310481413354182222974486649036407470703125000000000e-02
-3.1391960373449073751217497374454978853464126586914062500000000000e-02
-3.1377403673779336035210008049034513533115386962890625000000000000e-02
-3.1363002697473045532472468721607583574950695037841796875000000000e-02
-3.1348755249974956382796875686835846863687038421630859375000000000e-02
-3.1334659171370286834257257169156218878924846649169921875000000000e-02
-3.1320712362916537652157700222232961095869541168212890625000000000e-02
-3.1306912745761854288684133962306077592074871063232421875000000000e-02
-3.1293258295345502406625826097297249361872673034667968750000000000e-02
-3.1279747030771139215676868161608581431210041046142578125000000000e-02
-3.1266376981414212288257203908869996666908264160156250000000000000e-02
-3.1253146257709092659116123513740603812038898468017578125000000000e-02
-3.1240052965244038268854964712772925850003957748413085937500000000e-02
-3.1227095257203279360380676621389284264296293258666992187500000000e-02
-3.1214271354441821409997359637600311543792486190795898437500000000e-02
-3.1201579434511156341258697466400917619466781616210937500000000000e-02
-3.1189017796735107879158022115007042884826660156250000000000000000e-02
-3.1176584718433042464624804779305122792720794677734375000000000000e-02
-3.1164278480791514358561045128226396627724170684814453125000000000e-02
-3.1152097513912006820913092042246717028319835662841796875000000000e-02
-3.1140040105647040502567790554167004302144050598144531250000000000e-02
-3.1128104712436138051812051230626821052283048629760742187500000000e-02
-3.1116289801265392678253363101248396560549736022949218750000000000e-02
-3.1104593715067505033111672219092724844813346862792968750000000000e-02
-3.1093015100664353478343571168807102367281913757324218750000000000e-02
-3.1081552357590032376055688700944301672279834747314453125000000000e-02
-3.1070204015187397050823392419260926544666290283203125000000000000e-02
-3.1058968797840626197004354480668553151190280914306640625000000000e-02
-3.1047845042493426442886672589338559191673994064331054687500000000e-02
-3.1036831570797528134786347209228551946580410003662109375000000000e-02
-3.1025926988876857681720622395005193538963794708251953125000000000e-02
-3.1015129737340114968180415644383174367249011993408203125000000000e-02
-3.1004438882692678114416651169449323788285255432128906250000000000e-02
-3.0993852767049082791439573725256195757538080215454101562500000000e-02
-3.0983370210042233267033751076269254554063081741333007812500000000e-02
-3.0972990240217816715340148903123917989432811737060546875000000000e-02
-3.0962711037243774436777954406352364458143711090087890625000000000e-02
-3.0952531966271290553294193159672431647777557373046875000000000000e-02
-3.0942451608784803107621286244466318748891353607177734375000000000e-02
-3.0932468424095999059986183965520467609167098999023437500000000000e-02
-3.0922582090738559568166010649292729794979095458984375000000000000e-02
-3.0912790571445965953634171796693408396095037460327148437500000000e-02
-3.0903093139677290102085294165590312331914901733398437500000000000e-02
-3.0893489130668437547821980615481152199208736419677734375000000000e-02
-3.0883976282715056710381773541485017631202936172485351562500000000e-02
-3.0874554818299856928653923660021973773837089538574218750000000000e-02
-3.0865223050158738932191582193809153977781534194946289062500000000e-02
-3.0855979377175126593391141227584739681333303451538085937500000000e-02
-3.0846824375436385223814284017862519249320030212402343750000000000e-02
-3.0837755222719986231139088772579270880669355392456054687500000000e-02
-3.0828771823126058237996005573222646489739418029785156250000000000e-02
-3.0819873933261507370495735358417732641100883483886718750000000000e-02
-3.0811058408196822372415724089478317182511091232299804687500000000e-02
-3.0802326752420974148582999418977124150842428207397460937500000000e-02
-3.0793676820573469277153577650096849538385868072509765625000000000e-02
-3.0785106669148548652614749698841478675603866577148437500000000000e-02
-3.0776618319279483437789224353764439001679420471191406250000000000e-02
-3.0768207618659410701456025094557844568043947219848632812500000000e-02
-3.0759875206323044477541017727162397932261228561401367187500000000e-02
-3.0751621649379685258240968437348783481866121292114257812500000000e-02
-3.0743442181246562194818494617720716632902622222900390625000000000e-02
-3.0735340150594009367424064294027630239725112915039062500000000000e-02
-3.0727312901817589035902145155887410510331392288208007812500000000e-02
-3.0719357550378034033000673730384733062237501144409179687500000000e-02
-3.0711478402827490502557949980655394028872251510620117187500000000e-02
-3.0703669391800924443058917745474900584667921066284179687500000000e-02
-3.0695931742419718668557493401749525219202041625976562500000000000e-02
-3.0688267619374546418820060011967143509536981582641601562500000000e-02
-3.0680669649802861514986673796556715387850999832153320312500000000e-02
-3.0673143487384497279935047231447242666035890579223632812500000000e-02
-3.0665686346579488358310427997821534518152475357055664062500000000e-02
-3.0658293327553588075717883043580513913184404373168945312500000000e-02
-3.0650972042567222602960086419443541672080755233764648437500000000e-02
-3.0643714229574698509894759013150178361684083938598632812500000000e-02
-3.0636520918453410966542094229225767776370048522949218750000000000e-02
-3.0629397222931335764695148782266187481582164764404296875000000000e-02
-3.0622332097272452616776305944767955224961042404174804687500000000e-02
-3.0615333459526116594018319005954253952950239181518554687500000000e-02
-3.0608399575878349890833973745429830159991979598999023437500000000e-02
-3.0601521897798727306350130561440892051905393600463867187500000000e-02
-3.0594712271999908309583204868431494105607271194458007812500000000e-02
-3.0587960710562158567205059966909175273030996322631835937500000000e-02
-3.0581266328643823271260515639369259588420391082763671875000000000e-02
-3.0574639050226708886226489880755252670496702194213867187500000000e-02
-3.0568063380590908967304741850057325791567564010620117187500000000e-02
-3.0561548557470608750152862853610713500529527664184570312500000000e-02
-3.0555095972644490120995186543950694613158702850341796875000000000e-02
-3.0548691590096207354454449500735790934413671493530273437500000000e-02
-3.0542351722520792028925384897775074932724237442016601562500000000e-02
-3.0536066316926489122574039924984390381723642349243164062500000000e-02
-3.0529829975353403592741585725889308378100395202636718750000000000e-02
-3.0523659231799109281535464788248646073043346405029296875000000000e-02
-3.0517534367330258898709516302005795296281576156616210937500000000e-02
-3.0511463757880285391221875102019112091511487960815429687500000000e-02
-3.0505454536305855184341595531805069185793399810791015625000000000e-02
-3.0499486019017692933763541418556997086852788925170898437500000000e-02
-3.0493577631122394805407438411748444195836782455444335937500000000e-02
-3.0487722434211841915363550015172222629189491271972656250000000000e-02
-3.0481907470956533245942665644179214723408222198486328125000000000e-02
-3.0476156759374130322814977489542798139154911041259765625000000000e-02
-3.0470448237562931803612542580594890750944614410400390625000000000e-02
-3.0464786060107024168175371414690744131803512573242187500000000000e-02
-3.0459185484252627312828920480569649953395128250122070312500000000e-02
-3.0453619655838797680713625481985218357294797897338867187500000000e-02
-3.0448107721609649067850966730475192889571189880371093750000000000e-02
-3.0442650152107897376652090315474197268486022949218750000000000000e-02
-3.0437223921229189516068913690105546265840530395507812500000000000e-02
-3.0431859644241918833040827507829817477613687515258789062500000000e-02
-3.0426536468198477070057350601928192190825939178466796875000000000e-02
-3.0421250695738050878746960847820446360856294631958007812500000000e-02
-3.0416026618960537858393777810306346509605646133422851562500000000e-02
-3.0410834001619296146357029897444590460509061813354492187500000000e-02
-3.0405686751199804962464412483313935808837413787841796875000000000e-02
-3.0400596732434673891143361856848059687763452529907226562500000000e-02
-3.0395530397815659351401507137779844924807548522949218750000000000e-02
-3.0390521650010608040171078414459771011024713516235351562500000000e-02
-3.0385555498729354545472958193386148195713758468627929687500000000e-02
-3.0380617794659732500139881494760629720985889434814453125000000000e-02
-3.0375740310536348404157891422983084339648485183715820312500000000e-02
-3.0370894348605979862210091368979192338883876800537109375000000000e-02
-3.0366083453711948531017483787763922009617090225219726562500000000e-02
-3.0361332729610297082034620075319253373891115188598632812500000000e-02
-3.0356600859055685170950766860187286511063575744628906250000000000e-02
-3.0351919447433532706082104368761065416038036346435546875000000000e-02
-3.0347284017340436790277635736856609582901000976562500000000000000e-02
-3.0342669391987295984813854943240585271269083023071289062500000000e-02
-3.0338110954251845674534138197486754506826400756835937500000000000e-02
-3.0333587075361944512819079022847290616482496261596679687500000000e-02
-3.0329087771548635110718805663054808974266052246093750000000000000e-02
-3.0324649631464736798669434847397496923804283142089843750000000000e-02
-3.0320229471306379964712363062062649987637996673583984375000000000e-02
-3.0315850114674830484418066589569207280874252319335937500000000000e-02
-3.0311520670091265244883160789868270512670278549194335937500000000e-02
-3.0307206875634418868914465861053031403571367263793945312500000000e-02
-3.0302942642247737009553176790177531074732542037963867187500000000e-02
-3.0298717482081075763611366369332245085388422012329101562500000000e-02
-3.0294508342197087880087735811684979125857353210449218750000000000e-02
-3.0290357814346465653576601084751018788665533065795898437500000000e-02
-3.0286228385763312026535132304161379579454660415649414062500000000e-02
-3.0282128867624269474845277727581560611724853515625000000000000000e-02
-3.0278082069598449832525943747896235436201095581054687500000000000e-02
-3.0274048907009017822522523033512698020786046981811523437500000000e-02
-3.0270056922150082034939089226099895313382148742675781250000000000e-02
-3.0266108080969859189801596244251413736492395401000976562500000000e-02
-3.0262170265625956688815278994297841563820838928222656250000000000e-02
-3.0258284667340623608211558348557446151971817016601562500000000000e-02
-3.0254425940442676579156255911584594286978244781494140625000000000e-02
-3.0250586997255888427327263912047783378511667251586914062500000000e-02
-3.0246801020512893709568658096031867899000644683837890625000000000e-02
-3.0243029711924409447254546989825030323117971420288085937500000000e-02
-3.0239290754264458449540597939630970358848571777343750000000000000e-02
-3.0235597064444494352919434732029912993311882019042968750000000000e-02
-3.0231913302825860756506415327748982235789299011230468750000000000e-02
-3.0228272752074788337628419299107918050140142440795898437500000000e-02
-3.0224665208055834231259950684034265577793121337890625000000000000e-02
-3.0221070055228609063657785327450255863368511199951171875000000000e-02
-3.0217524880930948794066637219657422974705696105957031250000000000e-02
-3.0213997631964022161366045793329249136149883270263671875000000000e-02
-3.0210494781749266945958254382276209071278572082519531250000000000e-02
-3.0207036757351007905114670393231790512800216674804687500000000000e-02
-3.0203590542065030660756619340645556803792715072631835937500000000e-02
-3.0200177994772703371495481405872851610183715820312500000000000000e-02
-3.0196802766815022955881886446150019764900207519531250000000000000e-02
-3.0193436315408706677176908783621911425143480300903320312500000000e-02
-3.0190114041847914555516396717393945436924695968627929687500000000e-02
-3.0186813832848137517661513129496597684919834136962890625000000000e-02
-3.0183531930034014634234296181602985598146915435791015625000000000e-02
-3.0180292069686451977839070082154648844152688980102539062500000000e-02
-3.0177067343510267233286370469613757450133562088012695312500000000e-02
-3.0173868091475892355690646695620671380311250686645507812500000000e-02
-3.0170707496425305110809844677532964851707220077514648437500000000e-02
-3.0167555553415322661114927882408665027469396591186523437500000000e-02
-3.0164440515176936530306051054139970801770687103271484375000000000e-02
-3.0161351118192163828224394706012390088289976119995117187500000000e-02
-3.0158276267593608216399658772388647776097059249877929687500000000e-02
-3.0155239065907803869270864538520982023328542709350585937500000000e-02
-3.0152220348600464877586446732493641320616006851196289062500000000e-02
-3.0149221259872748673869224944610323291271924972534179687500000000e-02
-3.0146259310782120427463226519648742396384477615356445312500000000e-02
-3.0143308100960438528082008247110934462398290634155273437500000000e-02
-3.0140386648046663120581456496438477188348770141601562500000000000e-02
-3.0137492839251538156997156647776137106120586395263671875000000000e-02
-3.0134612015908199961211622053269820753484964370727539062500000000e-02
-3.0131763759422506426810528523674292955547571182250976562500000000e-02
-3.0128936445730773729945184413736569695174694061279296875000000000e-02
-3.0126125310406468016388714659115066751837730407714843750000000000e-02
-3.0123347913604246045560230982118810061365365982055664062500000000e-02
-3.0120584018079325089312092700311040971428155899047851562500000000e-02
-3.0117844046234208688073152870856574736535549163818359375000000000e-02
-3.0115131857980547563924389464773412328213453292846679687500000000e-02
-3.0112432664440587359866441374833812005817890167236328125000000000e-02
-3.0109761131470579725855074570972647052258253097534179687500000000e-02
-3.0107111720087644662902093273260106798261404037475585937500000000e-02
-3.0104476908976510185489416926429839804768562316894531250000000000e-02
-3.0101871691604383668439126608973310794681310653686523437500000000e-02
-3.0099282273916113522593818174755142536014318466186523437500000000e-02
-3.0096712719861740820137541163603600580245256423950195312500000000e-02
-3.0094169561773166654550237808507517911493778228759765625000000000e-02
-3.0091640177874804523705520864496065769344568252563476562500000000e-02
-3.0089134298493143415687001152036827988922595977783203125000000000e-02
-3.0086650497133750337130919660921790637075901031494140625000000000e-02
-3.0084180878856708191149138542641594540327787399291992187500000000e-02
-3.0081736824090800352937691286570043303072452545166015625000000000e-02
-3.0079309911960828288757241466555569786578416824340820312500000000e-02
-3.0076900379405534929899701523936528246849775314331054687500000000e-02
-3.0074514992922976586164907075726659968495368957519531250000000000e-02
-3.0072144240249221863736650561804708559066057205200195312500000000e-02
-3.0069793802778681246490322109821136109530925750732421875000000000e-02
-3.0067464513778476703498299116290581878274679183959960937500000000e-02
-3.0065149490992742337125420704069256316870450973510742187500000000e-02
-3.0062856597892997911891654894134262576699256896972656250000000000e-02
-3.0060581223923014959620303443443845026195049285888671875000000000e-02
-3.0058321826964370937496084934537066146731376647949218750000000000e-02
-3.0056084103724452910588738063779601361602544784545898437500000000e-02
-3.0053861532044263971119590905800578184425830841064453125000000000e-02
-3.0051657001269972691037679624059819616377353668212890625000000000e-02
-3.0049472193512307555129936531557177659124135971069335937500000000e-02
-3.0047301791214581917488501972002268303185701370239257812500000000e-02
-3.0045150823033248826954277888034994248300790786743164062500000000e-02
-3.0043017013834556749873883063628454692661762237548828125000000000e-02
-3.0040898381590776244909335446209297515451908111572265625000000000e-02
-3.0038799121263760893985050870469422079622745513916015625000000000e-02
-3.0036715077032392906541957700028433464467525482177734375000000000e-02
-3.0034647492267561169621004069085756782442331314086914062500000000e-02
-3.0032598038035700216408230289744096808135509490966796875000000000e-02
-3.0030562973403219367840577547212888021022081375122070312500000000e-02
-3.0028545295418620358907091372202557977288961410522460937500000000e-02
-3.0026543988902053283762683122404268942773342132568359375000000000e-02
-3.0024557301863451230783397249979316256940364837646484375000000000e-02
-3.0022588022427361409416590731780161149799823760986328125000000000e-02
-3.0020633648002125609677293027743871789425611495971679687500000000e-02
-3.0018694579118088833213917610009957570582628250122070312500000000e-02
-3.0016772113411079730971309231790655758231878280639648437500000000e-02
-3.0014863798157234014984950931648199912160634994506835937500000000e-02
-3.0012971311358851295159055894146149512380361557006835937500000000e-02
-3.0011094231877206983671868556484696455299854278564453125000000000e-02
-3.0009231248149616233522607444683671928942203521728515625000000000e-02
-3.0007384070919383006748049069756234530359506607055664062500000000e-02
-3.0005551235218988481712187876837560907006263732910156250000000000e-02
-3.0003732785742486671720641311367216985672712326049804687500000000e-02
-3.0001929581033912053378287509985966607928276062011718750000000000e-02
-3.0000140089983067664958227283023006748408079147338867187500000000e-02
-2.9998365207997028381026183296853560023009777069091796875000000000e-02
-2.9996604739621977875341229946570820175111293792724609375000000000e-02
-2.9994857805363515229624127300667169038206338882446289062500000000e-02
-2.9993125377228885969360661079008423257619142532348632812500000000e-02
-2.9991406597033629100046425719483522698283195495605468750000000000e-02
-2.9989701401664004692948495289783750195056200027465820312500000000e-02
-2.9988010275892214295812010504960198886692523956298828125000000000e-02
-2.9986332300750484503026882521226070821285247802734375000000000000e-02
-2.9984667927099053347239632216769678052514791488647460937500000000e-02
-2.9983017024620649965127583413959655445069074630737304687500000000e-02
-2.9981379047583977398572230299578222911804914474487304687500000000e-02
-2.9979754497399115770184252482977171894162893295288085937500000000e-02
-2.9978142863328886835727615789437550120055675506591796875000000000e-02
-2.9976544065453712695212828975854790769517421722412109375000000000e-02
-2.9974958329173226334596336073445854708552360534667968750000000000e-02
-2.9973385114304581383626313595414103474467992782592773437500000000e-02
-2.9971824625725496799022451455130067188292741775512695312500000000e-02
-2.9970276747851850446258126225984597112983465194702148437500000000e-02
-2.9968741153191522097465337992616696283221244812011718750000000000e-02
-2.9967218067315101737158045125397620722651481628417968750000000000e-02
-2.9965707173438847765734038830487406812608242034912109375000000000e-02
-2.9964208399510066510584849197584844660013914108276367187500000000e-02
-2.9962721814459875729896864982038096059113740921020507812500000000e-02
-2.9961247097966537539237563692040566820651292800903320312500000000e-02
-2.9959784323970922725877130687877070158720016479492187500000000000e-02
-2.9958333379643667382374871976935537531971931457519531250000000000e-02
-2.9956894068178179652006676292330666910856962203979492187500000000e-02
-2.9955466462205447564226545864585204981267452239990234375000000000e-02
-2.9954050353671851647519019934406969696283340454101562500000000000e-02
-2.9952645679979576082141434767436294350773096084594726562500000000e-02
-2.9951252424278849290084636436404252890497446060180664062500000000e-02
-2.9949870391050261581034064306550135370343923568725585937500000000e-02
-2.9948499583373183047241283816219947766512632369995117187500000000e-02
-2.9947139894483398164792831153135921340435743331909179687500000000e-02
-2.9945791199570571256005635518704366404563188552856445312500000000e-02
-2.9944453490427846986676740925759077072143554687500000000000000000e-02
-2.9943126623301855038228325156524078920483589172363281250000000000e-02
-2.9941810538220502146966595091726048849523067474365234375000000000e-02
-2.9940505179064651197773372359733912162482738494873046875000000000e-02
-2.9939210418167990640503361987612152006477117538452148437500000000e-02
-2.9937926220550400979725225170113844797015190124511718750000000000e-02
-2.9936652490516461877501086519259843043982982635498046875000000000e-02
-2.9935389138312337026226472858070337679237127304077148437500000000e-02
-2.9934136118052422081969865530481911264359951019287109375000000000e-02
-2.9932893323578520228256394375421223230659961700439453125000000000e-02
-2.9931660694145732770632406527511193417012691497802734375000000000e-02
-2.9930438160419958748548197036143392324447631835937500000000000000e-02
-2.9929225629532762997797590287518687546253204345703125000000000000e-02
-2.9928023048489064972255135899104061536490917205810546875000000000e-02
-2.9926830332875079682120045276860764715820550918579101562500000000e-02
-2.9925647409407087756738619077623297926038503646850585937500000000e-02
-2.9924474217358634081653789849042368587106466293334960937500000000e-02
-2.9923310672481127914235088383065885864198207855224609375000000000e-02
-2.9922156713300451791326395323267206549644470214843750000000000000e-02
-2.9921012269052835869098672105792502406984567642211914062500000000e-02
-2.9919877264932868282665268111486511770635843276977539062500000000e-02
-2.9918751640602123803569512006106378976255655288696289062500000000e-02
-2.9917635321787216379219032091896224301308393478393554687500000000e-02
-2.9916528242863432013320945657142146956175565719604492187500000000e-02
-2.9915430339600913162145801038604986388236284255981445312500000000e-02
-2.9914341540932570112643062998358800541609525680541992187500000000e-02
-2.9913261785363940564730356186373683158308267593383789062500000000e-02
-2.9912191005954952977008431957983702886849641799926757812500000000e-02
-2.9911129137102435149309087591973366215825080871582031250000000000e-02
-2.9910076117407896623134888614004012197256088256835937500000000000e-02
-2.9909031880590384450124830095774086657911539077758789062500000000e-02
-2.9907996365132770433259423725758097134530544281005859375000000000e-02
-2.9906969508715398192721934833571140188723802566528320312500000000e-02
-2.9905951247986291285929638661400531418621540069580078125000000000e-02
-2.9904941523192389574159477660941774956881999969482421875000000000e-02
-2.9903940272217634233076211103252717293798923492431640625000000000e-02
-2.9902947434864077941307769492595980409532785415649414062500000000e-02
-2.9901962951786643235552176633973431307822465896606445312500000000e-02
-2.9900986762576665933810460273889475502073764801025390625000000000e-02
-2.9900018809105130546122097712213872000575065612792968750000000000e-02
-2.9899059032560244830722950837298412807285785675048828125000000000e-02
-2.9898107374801759228422071146269445307552814483642578125000000000e-02
-2.9897163778783337334532532736375287640839815139770507812500000000e-02
-2.9896228186986020802784480565605917945504188537597656250000000000e-02
-2.9895300543135550075390938218333758413791656494140625000000000000e-02
-2.9894380791107271616580121076367504429072141647338867187500000000e-02
-2.9893468875066043360932965811116446275264024734497070312500000000e-02
-2.9892564740081322555154130782284482847899198532104492187500000000e-02
-2.9891668331221664389740766409886418841779232025146484375000000000e-02
-2.9890779594249069356370895889085659291595220565795898437500000000e-02
-2.9889898475378904457722128995555976871401071548461914062500000000e-02
-2.9889024921060668854577713204889732878655195236206054687500000000e-02
-2.9888158878443406296643303221571841277182102203369140625000000000e-02
-2.9887300294905810166268267380473844241350889205932617187500000000e-02
-2.9886449118308164307755703248403733596205711364746093750000000000e-02
-2.9885605297013360936997372618861845694482326507568359375000000000e-02
-2.9884768779650572323447477174340747296810150146484375000000000000e-02
-2.9883939515402677122857255653798347339034080505371093750000000000e-02
-2.9883117453784694556029322143331228289753198623657226562500000000e-02
-2.9882302544722686571398995170056878123432397842407226562500000000e-02
-2.9881494738587539850005470043470268137753009796142578125000000000e-02
-2.9880693986084796986979483790491940453648567199707031250000000000e-02
-2.9879900238376895516001496844182838685810565948486328125000000000e-02
-2.9879113446976395679355320567083253990858793258666992187500000000e-02
-2.9878333563791176913371216983250633347779512405395507812500000000e-02
-2.9877560541128188320580960635197698138654232025146484375000000000e-02
-2.9876794331652259395504245276242727413773536682128906250000000000e-02
-2.9876034888422102475669106524946982972323894500732421875000000000e-02
-2.9875282164857040745342686705043888650834560394287109375000000000e-02
-2.9874536114756437138462175084896443877369165420532226562500000000e-02
-2.9873796692281722603423688155999116133898496627807617187500000000e-02
-2.9873063851951320302191561495419591665267944335937500000000000000e-02
-2.9872337548649242899845290821758680976927280426025390625000000000e-02
-2.9871617737618136323440864998701727017760276794433593750000000000e-02
-2.9870904374449957358050866673693235497921705245971679687500000000e-02
-2.9870197415081300301720190759624529164284467697143554687500000000e-02
-2.9869496815803572853376124385249568149447441101074218750000000000e-02
-2.9868802533248445252311853437277022749185562133789062500000000000e-02
-2.9868114524388218039563369643474288750439882278442382812500000000e-02
-2.9867432746528824183407380132848629727959632873535156250000000000e-02
-2.9866757157316667359303608009213348850607872009277343750000000000e-02
-2.9866087714725281926364530704631761182099580764770507812500000000e-02
-2.9865424377052297161272420567001972813159227371215820312500000000e-02
-2.9864767102928041486720189823245164006948471069335937500000000000e-02
-2.9864115851301900605996308968315133824944496154785156250000000000e-02
-2.9863470581442154438978064945331425406038761138916015625000000000e-02
-2.9862831252928819653069680839507782366126775741577148437500000000e-02
-2.9862197825666465800242832528965664096176624298095703125000000000e-02
-2.9861570259861767995257508800932555459439754486083984375000000000e-02
-2.9860948516027385757354295492405071854591369628906250000000000000e-02
-2.9860332554987354530817711406598391477018594741821289062500000000e-02
-2.9859722337866597546840452537253440823405981063842773437500000000e-02
-2.9859117826089787844923151283182960469275712966918945312500000000e-02
-2.9858518981372917516781129165792663116008043289184570312500000000e-02
-2.9857925765736766099411880759362247772514820098876953125000000000e-02
-2.9857338141484678767367810792165983002632856369018554687500000000e-02
-2.9856756071211475872528851027709606569260358810424804687500000000e-02
-2.9856179517800739836586032538434665184468030929565429687500000000e-02
-2.9855608444418355040816948076098924502730369567871093750000000000e-02
-2.9855042814515824617371819726940884720534086227416992187500000000e-02
-2.9854482591815917347233266809780616313219070434570312500000000000e-02
-2.9853927740321504341602931731358694378286600112915039062500000000e-02
-2.9853378224312106942184286140218318905681371688842773437500000000e-02
-2.9852834008335497190111951226754172239452600479125976562500000000e-02
-2.9852295057210195827757104325428372249007225036621093750000000000e-02
-2.9851761336024358606255901804615859873592853546142578125000000000e-02
-2.9851232810124059963152731711488740984350442886352539062500000000e-02
-2.9850709445122133173233791580969409551471471786499023437500000000e-02
-2.9850191206890981654442640547131304629147052764892578125000000000e-02
-2.9849678061560254438422390421692398376762866973876953125000000000e-02
-2.9849169975517349240323738968072575516998767852783203125000000000e-02
-2.9848666915395439397373777978828002233058214187622070312500000000e-02
-2.9848168848085998572372545822872780263423919677734375000000000000e-02
-2.9847675740729967541753353543754201382398605346679687500000000000e-02
-2.9847187560708410974941173776642244774848222732543945312500000000e-02
-2.9846704275649602045028530028503155335783958435058593750000000000e-02
-2.9846225853426805452173198318632785230875015258789062500000000000e-02
-2.9845752262153173867131883412184834014624357223510742187500000000e-02
-2.9845283470176599271983519656714634038507938385009765625000000000e-02
-2.9844819446080417257860517565859481692314147949218750000000000000e-02
-2.9844360158688024858841814079823961947113275527954101562500000000e-02
-2.9843905577052940586435525460728968027979135513305664062500000000e-02
-2.9843455670452857797503298797892057336866855621337890625000000000e-02
-2.9843010408397912386346817470439418684691190719604492187500000000e-02
-2.9842569760628503972021974277595290914177894592285156250000000000e-02
-2.9842133697101959344255561745740124024450778961181640625000000000e-02
-2.9841702187999578910204689918828080408275127410888671875000000000e-02
-2.9841275203727691406330180257100437302142381668090820312500000000e-02
-2.9840852714906437176400899602413119282573461532592773437500000000e-02
-2.9840434692371159419721493577526416629552841186523437500000000000e-02
-2.9840021107175967313152042947876907419413328170776367187500000000e-02
-2.9839611930588663679664307437633397057652473449707031250000000000e-02
-2.9839207134083629152643268866995640564709901809692382812500000000e-02
-2.9838806689345666323109895756715559400618076324462890625000000000e-02
-2.9838410568268892986143470125171006657183170318603515625000000000e-02
-2.9838018742954653533816511412624095100909471511840820312500000000e-02
-2.9837631185703265140896078833065985236316919326782226562500000000e-02
-2.9837247869018233142890395015456306282430887222290039062500000000e-02
-2.9836868765609932119264868788377498276531696319580078125000000000e-02
-2.9836493848383254662293140313522599171847105026245117187500000000e-02
-2.9836123090435838489664632788844755850732326507568359375000000000e-02
-2.9835756465064373899043204119152505882084369659423828125000000000e-02
-2.9835393945765262962988018102805654052644968032836914062500000000e-02
-2.9835035506219919482218116968397225718945264816284179687500000000e-02
-2.9834681120299612333557348620161064900457859039306640625000000000e-02
-2.9834330762069836973093828191849752329289913177490234375000000000e-02
-2.9833984405781031196136510175165312830358743667602539062500000000e-02
-2.9833642025867242869585638231910706963390111923217773437500000000e-02
-2.9833303596949804076254864071415795478969812393188476562500000000e-02
-2.9832969093834444535007222043532237876206636428833007812500000000e-02
-2.9832638491504116784458489064491004683077335357666015625000000000e-02
-2.9832311765120418656227485598719795234501361846923828125000000000e-02
-2.9831988890025903926606076765892794355750083923339843750000000000e-02
-2.9831669841742191467970357621197763364762067794799804687500000000e-02
-2.9831354595963113091050544767313112970441579818725585937500000000e-02
-2.9831043128554005777752777817113383207470178604125976562500000000e-02
-2.9830735415555361539352574595795886125415563583374023437500000000e-02
-2.9830431433180117778425355368199234362691640853881835937500000000e-02
-2.9830131157806905745077941105591889936476945877075195312500000000e-02
-2.9829834565983610189521257893829897511750459671020507812500000000e-02
-2.9829541634426654655998234488833986688405275344848632812500000000e-02
-2.9829252340016432221148079406702890992164611816406250000000000000e-02
-2.9828966659795438931546129879279760643839836120605468750000000000e-02
-2.9828684570969009326457666020360193215310573577880859375000000000e-02
-2.9828406050908078117611665902586537413299083709716796875000000000e-02
-2.9828131077137252230579989031866716686636209487915039062500000000e-02
-2.9827859627341978682180112514288339298218488693237304687500000000e-02
-2.9827591679368759686186152180198405403643846511840820312500000000e-02
-2.9827327211212929791717130001416080631315708160400390625000000000e-02
-2.9827066201028044206688960571227653417736291885375976562500000000e-02
-2.9826808627121597500275740344477526377886533737182617187500000000e-02
-2.9826554467950648630303334130076109431684017181396484375000000000e-02
-2.9826303702126192446408836644877737853676080703735351562500000000e-02
-2.9826056308404985673021769798651803284883499145507812500000000000e-02
-2.9825812265692072666745104925212217494845390319824218750000000000e-02
-2.9825571553045281819604994666406128089874982833862304687500000000e-02
-2.9825334149661285321197823350303224287927150726318359375000000000e-02
-2.9825100034881781713158588331680221017450094223022460937500000000e-02
-2.9824869188197308811361097014014376327395439147949218750000000000e-02
-2.9824641589236377398064448129844095092266798019409179687500000000e-02
-2.9824417217766806958989533882231626193970441818237304687500000000e-02
-2.9824196053697651226377374200637859757989645004272460937500000000e-02
-2.9823978077079017767747615152984508313238620758056640625000000000e-02
-2.9823763268095649509037414759404782671481370925903320312500000000e-02
-2.9823551607068121693799866989138536155223846435546875000000000000e-02
-2.9823343074453449036420593643015308771282434463500976562500000000e-02
-2.9823137650841380352773057893500663340091705322265625000000000000e-02
-2.9822935316954967549518684677423152606934309005737304687500000000e-02
-2.9822736053647883741613000552206358406692743301391601562500000000e-02
-2.9822539841905793683851655373473477084189653396606445312500000000e-02
-2.9822346662843942505238814533186086919158697128295898437500000000e-02
-2.9822156497702079908096450822085898835211992263793945312500000000e-02
-2.9821969327849463110569061541355040390044450759887695312500000000e-02
-2.9821785134784468268565049697826907504349946975708007812500000000e-02
-2.9821603900125080721661419147494598291814327239990234375000000000e-02
-2.9821425605613131187832109958435466978698968887329101562500000000e-02
-2.9821250233117883171596318447882367763668298721313476562500000000e-02
-2.9821077764627838130317982745509652886539697647094726562500000000e-02
-2.9820908182249427492704896280883986037224531173706054687500000000e-02
-2.9820741468210096997148994546478206757456064224243164062500000000e-02
-2.9820577604857519127268261627250467427074909210205078125000000000e-02
-2.9820416574655384672754010466633189935237169265747070312500000000e-02
-2.9820258360181709639258329502808919642120599746704101562500000000e-02
-2.9820102944131510191994038905249908566474914550781250000000000000e-02
-2.9819950309314311592823187879730539862066507339477539062500000000e-02
-2.9819800438651063861916767905313463415950536727905273437500000000e-02
-2.9819653315174828728251199549958982970565557479858398437500000000e-02
-2.9819508922030762282373572702454112004488706588745117187500000000e-02
-2.9819367242474040247124378311127657070755958557128906250000000000e-02
-2.9819228259866159547186725831124931573867797851562500000000000000e-02
-2.9819091957677304471907575589284533634781837463378906250000000000e-02
-2.9818958319486242591889180175712681375443935394287109375000000000e-02
-2.9818827328976317547759578019395121373236179351806640625000000000e-02
-2.9818698969933960657430205287710123229771852493286132812500000000e-02
-2.9818573226249939916998599187536456156522035598754882812500000000e-02
-2.9818450081920060829032692595319531392306089401245117187500000000e-02
-2.9818329521037773011116200905235018581151962280273437500000000000e-02
-2.9818211527798052506987858123466139659285545349121093750000000000e-02
-2.9818096086498109553719615405498188920319080352783203125000000000e-02
-2.9817983181530484382282253363882773555815219879150390625000000000e-02
-2.9817872797385201744102545262649073265492916107177734375000000000e-02
-2.9817764918649774380510208970918029081076383590698242187500000000e-02
-2.9817659530007534218754017274477519094944000244140625000000000000e-02
-2.9817556616235568051065385475340008269995450973510742187500000000e-02
-2.9817456162202288921792003861810371745377779006958007812500000000e-02
-2.9817358152870745979790001456422032788395881652832031250000000000e-02
-2.9817262573296698935365611760062165558338165283203125000000000000e-02
-2.9817169408622574283684869556054763961583375930786132812500000000e-02
-2.9817078644081486393790925149005488492548465728759765625000000000e-02
-2.9816990264996477699721566523294313810765743255615234375000000000e-02
-2.9816904256777163745306680198154936078935861587524414062500000000e-02
-2.9816820604918164994145968194061424583196640014648437500000000000e-02
-2.9816739295000328074936035704922687727957963943481445312500000000e-02
-2.9816660312691211504043664604068908374756574630737304687500000000e-02
-2.9816583643739732328858949017558188643306493759155273437500000000e-02
-2.9816509273976478378020971149453544057905673980712890625000000000e-02
-2.9816437189316306877184814538850332610309123992919921875000000000e-02
-2.9816367375755707669338079313092748634517192840576171875000000000e-02
-2.9816299819367710066675414282144629396498203277587890625000000000e-02
-2.9816234506306247414864074585238995496183633804321289062500000000e-02
-2.9816171422806084234657930664980085566639900207519531250000000000e-02
-2.9816110555176810609223636561182502191513776779174804687500000000e-02
-2.9816051889804788543880675888431142084300518035888671875000000000e-02
-2.9815995413153762588764905672178429085761308670043945312500000000e-02
-2.9815941111763496346176438578368106391280889511108398437500000000e-02
-2.9815888972247590188446864090110466349869966506958007812500000000e-02
-2.9815838981293123904903197285420901607722043991088867187500000000e-02
-2.9815791125661818966596783297973161097615957260131835937500000000e-02
-2.9815745392188876261574392856346094049513339996337890625000000000e-02
-2.9815701767781237901955293523315049242228269577026367187500000000e-02
-2.9815660239418131927102706413279520347714424133300781250000000000e-02
-2.9815620794151384553849482017540140077471733093261718750000000000e-02
-2.9815583419102956869162213138224615249782800674438476562500000000e-02
-2.9815548101465610963956009982211980968713760375976562500000000000e-02
-2.9815514828505227523658405175410734955221414566040039062500000000e-02
-2.9815483587557967820602655706352379638701677322387695312500000000e-02
-2.9815454366028868588012201712444948498159646987915039062500000000e-02
-2.9815427151395044319537319665869290474802255630493164062500000000e-02
-2.9815401931204910113137884764000773429870605468750000000000000000e-02
-2.9815378693077505128927739974642463494092226028442382812500000000e-02
-2.9815357424702537691985071433009579777717590332031250000000000000e-02
-2.9815338113841492045930081644655729178339242935180664062500000000e-02
-2.9815320748328971028895395534163981210440397262573242187500000000e-02
-2.9815305316070607466460984369405196048319339752197265625000000000e-02
-2.9815291805045333189960743425217515323311090469360351562500000000e-02
-2.9815280203306596812362627701986639294773340225219726562500000000e-02
-2.9815270498982134744769822987109364476054906845092773437500000000e-02
-2.9815262680274543655167818201334739569574594497680664062500000000e-02
-2.9815256735462349058085607111934223212301731109619140625000000000e-02
-2.9815252652902631685938317218642623629420995712280273437500000000e-02
-2.9815250421030448091386233500088565051555633544921875000000000000e-02
-2.9815250028359635559027651652286294847726821899414062500000000000e-02
-2.9815251463484959693062137375818565487861633300781250000000000000e-02
-2.9815254715084865688723425591888371855020523071289062500000000000e-02
-2.9815259771920284842527948399037995841354131698608398437500000000e-02
-2.9815266622835706611382988739933352917432785034179687500000000000e-02
-2.9815275256764764422179325720207998529076576232910156250000000000e-02
-2.9815285662727952775696849130326882004737854003906250000000000000e-02
-2.9815297829833421749956556823235587216913700103759765625000000000e-02
-2.9815311747282857712804116090410389006137847900390625000000000000e-02
-2.9815327404370432079483421716759039554744958877563476562500000000e-02
-2.9815344790483210707376926507095049601048231124877929687500000000e-02
-2.9815363895104030067528810832300223410129547119140625000000000000e-02
-2.9815384707813287479272190694246091879904270172119140625000000000e-02
-2.9815407218290287255646475728099176194518804550170898437500000000e-02
-2.9815431416313480095237054001700016669929027557373046875000000000e-02
-2.9815457291762263725143355941327172331511974334716796875000000000e-02
-2.9815484834619359472140942557416565250605344772338867187500000000e-02
-2.9815514034970198170571009654850058723241090774536132812500000000e-02
-2.9815544883002611381561663961292651947587728500366210937500000000e-02
-2.9815577369010380637259771674507646821439266204833984375000000000e-02
-2.9815611483393213154702294787057326175272464752197265625000000000e-02
-2.9815647216655735696200224538188194856047630310058593750000000000e-02
-2.9815684559406342712950532813920290209352970123291015625000000000e-02
-2.9815723502359559038410452558309771120548248291015625000000000000e-02
-2.9815764036336341730182297737883345689624547958374023437500000000e-02
-2.9815806152258803041199541894457070156931877136230468750000000000e-02
-2.9815849841152822913281639216620533261448144912719726562500000000e-02
-2.9815895094147632643499790106034197378903627395629882812500000000e-02
-2.9815941902470631530430722477831295691430568695068359375000000000e-02
-2.9815990257446720740341916666693578008562326431274414062500000000e-02
-2.9816040150498268612722085890709422528743743896484375000000000000e-02
-2.9816091573140236087313681423438538331538438796997070312500000000e-02
-2.9816144516977616252262350826640613377094268798828125000000000000e-02
-2.9816198973703026547932282142028270754963159561157226562500000000e-02
-2.9816254935092590533374234951224934775382280349731445312500000000e-02
-2.9816312393002763342364502818782057147473096847534179687500000000e-02
-2.9816371339365887321859460712403233628720045089721679687500000000e-02
-2.9816431766186368701454512120108120143413543701171875000000000000e-02
-2.9816493665536236701285588424070738255977630615234375000000000000e-02
-2.9816557029549922014366458711265295278280973434448242187500000000e-02
-2.9816621850419788158914613518390979152172803878784179687500000000e-02
-2.9816688120391728750169235695466340985149145126342773437500000000e-02
-2.9816755831759904349365086773104849271476268768310546875000000000e-02
-2.9816824976861749929568645711697172373533248901367187500000000000e-02
-2.9816895548071986610239036963321268558502197265625000000000000000e-02
-2.9816967537798805265580881496134679764509201049804687500000000000e-02
-2.9817040938479592165899489941693900618702173233032226562500000000e-02
-2.9817115742573722936281654938284191302955150604248046875000000000e-02
-2.9817191942559318623695574501653027255088090896606445312500000000e-02
-2.9817269530930338300445114896319864783436059951782226562500000000e-02
-2.9817348500189948951044627278861298691481351852416992187500000000e-02
-2.9817428842847118475312129248777637258172035217285156250000000000e-02
-2.9817510551414693614757922546232293825596570968627929687500000000e-02
-2.9817593618405500294210597189703548792749643325805664062500000000e-02
-2.9817678036329158669515138058159209322184324264526367187500000000e-02
-2.9817763797690188809497158217709511518478393554687500000000000000e-02
-2.9817850894986900472938273765066696796566247940063476562500000000e-02
-2.9817939320710539624625923238454561214894056320190429687500000000e-02
-2.9818029067343192889394387634638405870646238327026367187500000000e-02
-2.9818120127359005328004926127505314070731401443481445312500000000e-02
-2.9818212493225672299335116122165345586836338043212890625000000000e-02
-2.9818306157403808021033597697169170714914798736572265625000000000e-02
-2.9818401112349478265794999742865911684930324554443359375000000000e-02
-2.9818497350517746136144836555104120634496212005615234375000000000e-02
-2.9818594864365055574495499968179501593112945556640625000000000000e-02
-2.9818693646352020798495630060642724856734275817871093750000000000e-02
-2.9818793688948203729482955282037437427788972854614257812500000000e-02
-2.9818894984637949602257478431965864729136228561401367187500000000e-02
-2.9818997525924272745667664707980293314903974533081054687500000000e-02
-2.9819101305334095447507891663008194882422685623168945312500000000e-02
-2.9819206315425422770815089279494713991880416870117187500000000000e-02
-2.9819312548792997752400424360530450940132141113281250000000000000e-02
-2.9819419998074133543175534555302874650806188583374023437500000000e-02
-2.9819528655955905571683928201309754513204097747802734375000000000e-02
-2.9819638515181767779438359866617247462272644042968750000000000000e-02
-2.9819749568557693542025788246974116191267967224121093750000000000e-02
-2.9819861808958514348688595418934710323810577392578125000000000000e-02
-2.9819975229334143990156391623713716398924589157104492187500000000e-02
-2.9820089822715223348836843797471374273300170898437500000000000000e-02
-2.9820205582218168444130768079958215821534395217895507812500000000e-02
-2.9820322501049614793977582394290948286652565002441406250000000000e-02
-2.9820440572510969329256269588768191169947385787963867187500000000e-02
-2.9820559790001095745726189534252625890076160430908203125000000000e-02
-2.9820680147018149841464662586076883599162101745605468750000000000e-02
-2.9820801637161633429462526123643328901380300521850585937500000000e-02
-2.9820924254132345765366807199825416319072246551513671875000000000e-02
-2.9821047991731169241047538776001601945608854293823242187500000000e-02
-2.9821172843857410988954725894473085645586252212524414062500000000e-02
-2.9821298804505663032626827657622925471514463424682617187500000000e-02
-2.9821425867761340577910544880069210194051265716552734375000000000e-02
-2.9821554027795137836731598213191318791359663009643554687500000000e-02
-2.9821683278856189747152427571563748642802238464355468750000000000e-02
-2.9821813615264779195879185635931207798421382904052734375000000000e-02
-2.9821945031403153392179916636450798250734806060791015625000000000e-02
-2.9822077521705368796656188123961328528821468353271484375000000000e-02
-2.9822211080647514219732485685199208091944456100463867187500000000e-02
-2.9822345702735869599209195257571991533041000366210937500000000000e-02
-2.9822481382494572116348408030717109795659780502319335937500000000e-02
-2.9822618114453476600989034750455175526440143585205078125000000000e-02
-2.9822755893135811239291754759506147820502519607543945312500000000e-02
-2.9822894713044591219475165644325898028910160064697265625000000000e-02
-2.9823034568649754022517939233694050926715135574340820312500000000e-02
-2.9823175454375707577048260077390295919030904769897460937500000000e-02
-2.9823317364589034539346101837509195320308208465576171875000000000e-02
-2.9823460293586380454033957221327000297605991363525390625000000000e-02
-2.9823604235582990701347583240021776873618364334106445312500000000e-02
-2.9823749184703176456912032676882517989724874496459960937500000000e-02
-2.9823895134970610648617039828423003200441598892211914062500000000e-02
-2.9824042080299983936697572062257677316665649414062500000000000000e-02
-2.9824190014490326028351319109788164496421813964843750000000000000e-02
-2.9824338931219829262886378273833543062210083007812500000000000000e-02
-2.9824488824042000995051537870494939852505922317504882812500000000e-02
-2.9824639686383897646537732839533418882638216018676757812500000000e-02
-2.9824791511546027561463390043172694277018308639526367187500000000e-02
-2.9824944292704894110990210265299538150429725646972656250000000000e-02
-2.9825098022917610057769266518334916327148675918579101562500000000e-02
-2.9825252695129134822282779282431874889880418777465820312500000000e-02
-2.9825408302182731395957304698640655260533094406127929687500000000e-02
-2.9825564836833060033960407508857315406203269958496093750000000000e-02
-2.9825722291763129973007906414750323165208101272583007812500000000e-02
-2.9825880659604661615524889839434763416647911071777343750000000000e-02
-2.9826039932962501027846613510519091505557298660278320312500000000e-02
-2.9826200104443208183102598241021041758358478546142578125000000000e-02
-2.9826361166687586495838147016002039890736341476440429687500000000e-02
-2.9826523112407778148824633035474107600748538970947265625000000000e-02
-2.9826685934428734392476201264798874035477638244628906250000000000e-02
-2.9826849625732773652053708701714640483260154724121093750000000000e-02
-2.9827014179508004598773140969569794833660125732421875000000000000e-02
-2.9827179589198969666963279223637073300778865814208984375000000000e-02
-2.9827345848557909602227766754367621615529060363769531250000000000e-02
-2.9827512951695635962101604832241719122976064682006835937500000000e-02
-2.9827680893129367850624689140204282011836767196655273437500000000e-02
-2.9827849667824899576595854000515828374773263931274414062500000000e-02
-2.9828019271229740810857933297484123613685369491577148437500000000e-02
-2.9828189699293929798562530208982934709638357162475585937500000000e-02
-2.9828360948474439556798998296471836511045694351196289062500000000e-02
-2.9828533015718972087881866173120215535163879394531250000000000000e-02
-2.9828705898425445647292875150924373883754014968872070312500000000e-02
-2.9828879594374149708535526315245078876614570617675781250000000000e-02
-2.9829054101630537998435244162465096451342105865478515625000000000e-02
-2.9829229418417851221745351608660712372511625289916992187500000000e-02
-2.9829405542962837694087596673853113315999507904052734375000000000e-02
-2.9829582473319467272876437391460058279335498809814453125000000000e-02
-2.9829760207181199582748831744538620114326477050781250000000000000e-02
-2.9829938741695406767551190796439186669886112213134765625000000000e-02
-2.9830118073299979886137123230582801625132560729980468750000000000e-02
-2.9830298197604871585086883101212151814252138137817382812500000000e-02
-2.9830479109343346899585469600424403324723243713378906250000000000e-02
-2.9830660802417124227714495532381988596171140670776367187500000000e-02
-2.9830843270054026999948959542052762117236852645874023437500000000e-02
-2.9831026505140873644750243443013459909707307815551757812500000000e-02
-2.9831210501118629596639664214308140799403190612792968750000000000e-02
-2.9831395246832825146610090882859367411583662033081054687500000000e-02
-2.9831580697645371930137869753707491327077150344848632812500000000e-02
-2.9831766976975534338967221970051468815654516220092773437500000000e-02
