2.1297162397014334292433268558397685410454869270324707031250000000e-03
2.1160637403627672453731989321568107698112726211547851562500000000e-03
2.1024103301767677401401535064451309153810143470764160156250000000e-03
2.0887556713655983965660656309637488448061048984527587890625000000e-03
2.0750997639293173278873805287503273575566709041595458984375000000e-03
2.0614426078679258351467051824101872625760734081268310546875000000e-03
2.0477842031813306769572058385620039189234375953674316406250000000e-03
2.0341245498695773898101268883920056396164000034332275390625000000e-03
2.0204636479327323268784244447715536807663738727569580078125000000e-03
2.0068014973706835984978980036430584732443094253540039062500000000e-03
1.9931380981835066651397525561151269357651472091674804687500000000e-03
1.9794734503712028278465950847930798772722482681274414062500000000e-03
1.9658075539337647140436526882467660470865666866302490234375000000e-03
1.9521404088711656523574822230671088618692010641098022460937500000e-03
1.9384720151833705146376951589104464801494032144546508789062500000e-03
1.9248023728704961778784854331547649053391069173812866210937500000e-03
1.9111314819324407270756394083832674368750303983688354492187500000e-03
1.8974593423692084990378470266136901045683771371841430664062500000e-03
1.8837859541808740868745752905510926211718469858169555664062500000e-03
1.8701113173674207938723679234271912719123065471649169921875000000e-03
1.8564354319287807489752273326644171902444213628768920898437500000e-03
1.8427582978649739015031272515443561132997274398803710937500000000e-03
1.8290799151760297417551592857876130437944084405899047851562500000e-03
1.8154002838619662674873866947677925054449588060379028320312500000e-03
1.8017194039227600599328837915891199372708797454833984375000000000e-03
1.8065811077929169823491628577016854251269251108169555664062500000e-03
1.8326522704393407789402736796091630822047591209411621093750000000e-03
1.8591896083713034450862755520006430742796510457992553710937500000e-03
1.8861101828715064361585707075619211536832153797149658203125000000e-03
1.9133400326061787439374528574376199685502797365188598632812500000e-03
1.9408147401205313922062378750865718757268041372299194335937500000e-03
1.9684785937728968042981225750054363743402063846588134765625000000e-03
1.9962828833214756908687181891082218498922884464263916015625000000e-03
2.0241849351687285323009302118180130491964519023895263671875000000e-03
2.0521473176849814451516706981237803120166063308715820312500000000e-03
2.0801371062164476614941843735095972078852355480194091796875000000e-03
2.1081252716215435893953866752781323157250881195068359375000000000e-03
2.1360861715609530918358327511441530077718198299407958984375000000e-03
2.1639971173074961513504987919986888300627470016479492187500000000e-03
2.1918380030355169227340716986418556189164519309997558593750000000e-03
2.2195909892608507718581023482329328544437885284423828125000000000e-03
2.2472402312699239594617761639483433100394904613494873046875000000e-03
2.2747716448771786515448134480266162427142262458801269531250000000e-03
2.3021727038361290348933430038869119016453623771667480468750000000e-03
2.3294322640684092702578755762488071923144161701202392578125000000e-03
2.3565404106257719502037772940639115404337644577026367187500000000e-03
2.3834883240423116596007346856822550762444734573364257812500000000e-03
2.4102681632832355894391351824879166088066995143890380859375000000e-03
2.4368729629402397819648573573658723034895956516265869140625000000e-03
2.4632965427026521504361156189588655252009630203247070312500000000e-03
2.4895334274370761219741243763792226673103868961334228515625000000e-03
2.5155787764605968583053741127741886884905397891998291015625000000e-03
2.5414283208047296590270658356303101754747331142425537109375000000e-03
2.5670783074477595067652835325588966952636837959289550781250000000e-03
2.5925254496368412525375557464712983346544206142425537109375000000e-03
2.6177668825359393968421617415742730372585356235504150390625000000e-03
2.6428001235755142414585172616625641239807009696960449218750000000e-03
2.6676230368943096987743857084751653019338846206665039062500000000e-03
2.6922338014663169634965722565311807557009160518646240234375000000e-03
2.7166308823770549292497822335690216277725994586944580078125000000e-03
2.7408130050440666566902159217988810269162058830261230468750000000e-03
2.7647791318329076326598681134782964363694190979003906250000000000e-03
2.7885284411098853508959027891478399396874010562896728515625000000e-03
2.8120603080437527390711416330759675474837422370910644531250000000e-03
2.8353742875365378628416124229261185973882675170898437500000000000e-03
2.8584700983094769866088569187922985292971134185791015625000000000e-03
2.8813476090006960410316860787816040101461112499237060546875000000e-03
2.9040068248076473036989320064549247035756707191467285156250000000e-03
2.9264478762070778028459017150453291833400726318359375000000000000e-03
2.9486710076004154536255530416610781685449182987213134765625000000e-03
2.9706765681991858379928928002300381194800138473510742187500000000e-03
2.9924650022765497507648557728998639504425227642059326171875000000e-03
3.0140368418008658783768805022873493726365268230438232421875000000e-03
3.0353926980657822999598582924818401806987822055816650390625000000e-03
3.0565332556243426063991019958621109253726899623870849609375000000e-03
3.0774592652427629202449566037103068083524703979492187500000000000e-03
3.0981715386605235620920417716206429759040474891662597656250000000e-03
3.1186709429198637526237103401172134908847510814666748046875000000e-03
3.1389583954907385350552306846338979084976017475128173828125000000e-03
3.1590348600956993235788772267369495239108800888061523437500000000e-03
3.1789013417378468237539657081924815429374575614929199218750000000e-03
3.1985588842168514306374405009592010173946619033813476562500000000e-03
3.2180085646051682403412375066409367718733847141265869140625000000e-03
3.2372514926317531164245977493010286707431077957153320312500000000e-03
3.2562888043474757550355125346186468959785997867584228515625000000e-03
3.2751216631563577139085730038914334727451205253601074218750000000e-03
3.2937512531939759120869215536231422447599470615386962890625000000e-03
3.3121787807528918490262981322302948683500289916992187500000000000e-03
3.3304054689311823368724763128057020367123186588287353515625000000e-03
3.3484325577207755229858232581818811013363301753997802734375000000e-03
3.3662613009278539825952503150574557366780936717987060546875000000e-03
3.3838929651408620850883135489084452274255454540252685546875000000e-03
3.4013288269529378879396652735067618777975440025329589843750000000e-03
3.4185701738257425440214998246801769710145890712738037109375000000e-03
3.4356182990009026881339515568924980470910668373107910156250000000e-03
3.4524745039482005251607610318842489505186676979064941406250000000e-03
3.4691400960396973594812575214518801658414304256439208984375000000e-03
3.4856163825486455136448693536976861651055514812469482421875000000e-03
3.5019046828005306534747909097404772182926535606384277343750000000e-03
3.5180063066026531597152438024522780324332416057586669921875000000e-03
3.5339225758800429759431960263782457332126796245574951171875000000e-03
3.5496548088577470174420636084278157795779407024383544921875000000e-03
3.5652043168170736466004999698498068028129637241363525390625000000e-03
3.5805724280939857893935052146616726531647145748138427734375000000e-03
3.5957604463225912271029383049381067394278943538665771484375000000e-03
3.6107696892736999665085573241185556980781257152557373046875000000e-03
3.6256014755269901778111929502301791217178106307983398437500000000e-03
3.6402570900270340460702644946877626352943480014801025390625000000e-03
3.6547378646761032039425032280632876791059970855712890625000000000e-03
3.6690450777095940868011147983906994340941309928894042968750000000e-03
3.6831800209334662060678411421577038709074258804321289062500000000e-03
3.6971440176060922297440747286145779071375727653503417968750000000e-03
3.7109382950752827813600820405781632871367037296295166015625000000e-03
3.7245641860583905691228778778167907148599624633789062500000000000e-03
3.7380229446778569062093122710166426259092986583709716796875000000e-03
3.7513157961034777031217313236766131012700498104095458984375000000e-03
3.7644440957266501676659053998719173250719904899597167968750000000e-03
3.7774089873138473258395997333991545019671320915222167968750000000e-03
3.7902117761560486473848552435583769693039357662200927734375000000e-03
3.8028537471087638793809659887301677372306585311889648437500000000e-03
3.8153359739468914457738435430655954405665397644042968750000000000e-03
3.8276598902152901213180591355467186076566576957702636718750000000e-03
3.8398265666489566662333832169906600029207766056060791015625000000e-03
3.8518371831385363364408380704162482288666069507598876953125000000e-03
3.8636931838812982840936083306360160349868237972259521484375000000e-03
3.8753953897968495406756161969497043173760175704956054687500000000e-03
3.8869452972374431490298896108015469508245587348937988281250000000e-03
3.8983440441684182563297778045807717717252671718597412109375000000e-03
3.9095924669838031176305470637544203782454133033752441406250000000e-03
3.9206923272611660102882069622864946722984313964843750000000000000e-03
3.9316442111065105086131765688151062931865453720092773437500000000e-03
3.9424494342772745114622523487923899665474891662597656250000000000e-03
3.9531095635226614834478731097533454885706305503845214843750000000e-03
3.9636248157040986778154589842415589373558759689331054687500000000e-03
3.9739972434783745608433136453641054686158895492553710937500000000e-03
3.9842275877670536854413541050234925933182239532470703125000000000e-03
3.9943163891909307106065085690715932287275791168212890625000000000e-03
4.0042660951746782832527671303068927954882383346557617187500000000e-03
4.0140763289690387441432939397145673865452408790588378906250000000e-03
4.0237488269398409904131774794677767204120755195617675781250000000e-03
4.0332854058655167109326278307435131864622235298156738281250000000e-03
4.0426851390199490532406656484454288147389888763427734375000000000e-03
4.0519512973712194792152985201028059236705303192138671875000000000e-03
4.0610838515032264897652858337551151635125279426574707031250000000e-03
4.0700828308172110753249128833886061329394578933715820312500000000e-03
4.0789521289376472895638059412704023998230695724487304687500000000e-03
4.0876895065794921491075797348457854241132736206054687500000000000e-03
4.0962975992325564161822271103119419422000646591186523437500000000e-03
4.1047787831669860225680679377546766772866249084472656250000000000e-03
4.1131299930437497519575273940972692798823118209838867187500000000e-03
4.1213568358042119293971339288873423356562852859497070312500000000e-03
4.1294579930165756578852587210803903872147202491760253906250000000e-03
4.1374324981373142989804492231087351683527231216430664062500000000e-03
4.1452869697654439254397296110710158245638012886047363281250000000e-03
4.1530160125277841912105891708506533177569508552551269531250000000e-03
4.1606235996211257677224182316422229632735252380371093750000000000e-03
4.1681134853364942838283013770706020295619964599609375000000000000e-03
4.1754788158650819190897962585040659178048372268676757812500000000e-03
4.1827289802834491730387789232281647855415940284729003906250000000e-03
4.1898611638212018490334820342013699701055884361267089843750000000e-03
4.1968720866748842127091911891056952299550175666809082031250000000e-03
4.2037732127121760564159025364006083691492676734924316406250000000e-03
4.2105544544646144114463659491320868255570530891418457031250000000e-03
4.2172209426061500747717758486032835207879543304443359375000000000e-03
4.2237797996204856990076770273390138754621148109436035156250000000e-03
4.2302177585180162841527184980350284604355692863464355468750000000e-03
4.2365495131926620211992862152783345663920044898986816406250000000e-03
4.2427715248927033026005162241744983475655317306518554687500000000e-03
4.2488754223989630767754910323219519341364502906799316406250000000e-03
4.2548806021928987919356046631946810521185398101806640625000000000e-03
4.2607710089154968158275949008384486660361289978027343750000000000e-03
4.2665513297932841987880614453843008959665894508361816406250000000e-03
4.2722357288920084772421148500143317505717277526855468750000000000e-03
4.2778011344143992283894917250108846928924322128295898437500000000e-03
4.2832682852742163734371949601609230739995837211608886718750000000e-03
4.2886356006693968773157976670518110040575265884399414062500000000e-03
4.2938850915016013240488312874276743968948721885681152343750000000e-03
4.2990474555818876042923015745600423542782664299011230468750000000e-03
4.3041009586319975074863997122065484290942549705505371093750000000e-03
4.3090457597987439491982186723362246993929147720336914062500000000e-03
4.3139084447760328230869752985654486110433936119079589843750000000e-03
4.3186531325083111695906090687913092551752924919128417968750000000e-03
4.3233049294124463457489326856375555507838726043701171875000000000e-03
4.3278698004635234031223234296703594736754894256591796875000000000e-03
4.3323142816695447629427029312410013517364859580993652343750000000e-03
4.3366823481052968816684689556950615951791405677795410156250000000e-03
4.3409503097788628214748207767570420401170849800109863281250000000e-03
4.3451064351425613616064502764402277534827589988708496093750000000e-03
4.3491959574287735595943260591411672066897153854370117187500000000e-03
4.3531695003306367791617859097641485277563333511352539062500000000e-03
4.3570508443443326310196006545538693899288773536682128906250000000e-03
4.3608620067938320616351965952617319999262690544128417968750000000e-03
4.3645485956992600973247675710808834992349147796630859375000000000e-03
4.3681660954575773220254220063907268922775983810424804687500000000e-03
4.3716972999820113629509954478180588921532034873962402343750000000e-03
4.3751087580091285039740611750858079176396131515502929687500000000e-03
4.3784689764559715785541271770853199996054172515869140625000000000e-03
4.3817190586971331567323062472496530972421169281005859375000000000e-03
4.3848713473652279823400412794853764353320002555847167968750000000e-03
4.3879732163327267793762054282069584587588906288146972656250000000e-03
4.3909477264036421775839080794412438990548253059387207031250000000e-03
4.3938538996601697941835062977133929962292313575744628906250000000e-03
4.3966938886604908093280741354647034313529729843139648437500000000e-03
4.3994031885263079270642627705001359572634100914001464843750000000e-03
4.4020729397663549420371964515652507543563842773437500000000000000e-03
4.4046451458137720821883753785641602007672190666198730468750000000e-03
4.4071076435900956649871496040304919006302952766418457031250000000e-03
4.4095394676428303556980914379437308525666594505310058593750000000e-03
4.4118468274323072164655457072512945160269737243652343750000000000e-03
4.4140774976613103564027085212728707119822502136230468750000000000e-03
4.4162674423836754608596599780412361724302172660827636718750000000e-03
4.4183166932461014064781323895658715628087520599365234375000000000e-03
4.4203302336500499211680015321235259762033820152282714843750000000e-03
4.4222670668526741291626258600899745943024754524230957031250000000e-03
4.4240784016723990260122612028226285474374890327453613281250000000e-03
4.4258741046840138419482535425686364760622382164001464843750000000e-03
4.4275576186672740280902971221621555741876363754272460937500000000e-03
4.4291471348926964371472969617116177687421441078186035156250000000e-03
4.4307226518507155516024553776333050336688756942749023437500000000e-03
4.4321538808420159541445748629939771490171551704406738281250000000e-03
4.4335423086720414376227239472427754662930965423583984375000000000e-03
4.4348817550798865297356776693504798458889126777648925781250000000e-03
4.4360809214551858228881009438282490009441971778869628906250000000e-03
4.4372700463157022446325505882214201847091317176818847656250000000e-03
4.4383696749131385655973147663644340354949235916137695312500000000e-03
4.4393529755279151002844706397354457294568419456481933593750000000e-03
4.4403437291238960493711118715509655885398387908935546875000000000e-03
4.4411980507908918255899344273984752362594008445739746093750000000e-03
4.4419913283605177642399119974925270071253180503845214843750000000e-03
4.4427658170850007832153316655876551521942019462585449218750000000e-03
4.4433919976327269571458877805980591801926493644714355468750000000e-03
4.4440017094567177066699592558052245294675230979919433593750000000e-03
4.4445522113360936417025826017379586119204759597778320312500000000e-03
4.4449658410210474493440280241429718444123864173889160156250000000e-03
4.4453967235194933455000310118521156255155801773071289062500000000e-03
4.4457123641606774086532105627611599629744887351989746093750000000e-03
4.4459413053181970690297397652557265246286988258361816406250000000e-03
4.4461777033354887497806906537789473077282309532165527343750000000e-03
4.4462688869688939130586646797382854856550693511962890625000000000e-03
4.4463262914080509125014373239537235349416732788085937500000000000e-03
4.4463562914736727213482758713780640391632914543151855468750000000e-03
4.4462377030034519118095737155726965283975005149841308593750000000e-03
4.4461314121609354574338190957405458902940154075622558593750000000e-03
4.4459414516617766846562354032812436344102025032043457031250000000e-03
4.4456388021320968756411318167920398991554975509643554687500000000e-03
4.4453596296585460787009758121257618768140673637390136718750000000e-03
4.4449507216875426551805361441438435576856136322021484375000000000e-03
4.4444843913261427789662683096594264497980475425720214843750000000e-03
4.4440170837379330132099752859176078345626592636108398437500000000e-03
4.4434024833299896883875845787770231254398822784423828125000000000e-03
4.4427823631781881985602922213729470968246459960937500000000000000e-03
4.4421135132559699809640108014718862250447273254394531250000000000e-03
4.4413134200145618774024924846344219986349344253540039062500000000e-03
4.4405390485143803047662913741078227758407592773437500000000000000e-03
4.4396602757976058942213093416739866370335221290588378906250000000e-03
4.4387004160232846824984953570947254775092005729675292968750000000e-03
4.4377556051984502066831694833126675803214311599731445312500000000e-03
4.4366775011750883908612230754897609585896134376525878906250000000e-03
4.4355692630040780347067119748771801823750138282775878906250000000e-03
4.4344424850841970137116376804442552383989095687866210937500000000e-03
4.4331785162138367256678961325633281376212835311889648437500000000e-03
4.4319295478677548857926460357248288346454501152038574218750000000e-03
4.4306058177003412520966740828498586779460310935974121093750000000e-03
4.4291832301193113582971072617056051967665553092956542968750000000e-03
4.4277796797218566676734852194385894108563661575317382812500000000e-03
4.4262654376841506151385452483282278990373015403747558593750000000e-03
4.4246970116129137606808541249847621656954288482666015625000000000e-03
4.4231297202607464807977422083240526262670755386352539062500000000e-03
4.4214324489766712589222663609689334407448768615722656250000000000e-03
4.4197312618959325516976299752514023566618561744689941406250000000e-03
4.4179827804034501811947244220846187090501189231872558593750000000e-03
4.4161271862719854094936344779398496029898524284362792968750000000e-03
4.4142843554493731497712083466922194929793477058410644531250000000e-03
4.4123562549942775198874578279628622112795710563659667968750000000e-03
4.4103561989659884751135976443947583902627229690551757812500000000e-03
4.4083648689004399992552585274552257033064961433410644531250000000e-03
4.4062602709595798111674724850672646425664424896240234375000000000e-03
4.4041311333217203483059165591839700937271118164062500000000000000e-03
4.4019750042283093544037697597559599671512842178344726562500000000e-03
4.3997134697720732127157461377464642282575368881225585937500000000e-03
4.3974521756803266678281794099802937125787138938903808593750000000e-03
4.3951286236864634676679841618351929355412721633911132812500000000e-03
4.3927241785054515002539865520247985841706395149230957031250000000e-03
4.3903261227424654478124210754685918800532817840576171875000000000e-03
4.3878354755674140938448424265061476035043597221374511718750000000e-03
4.3853033805679522694198624321870738640427589416503906250000000000e-03
4.3827554960036265233047636513674660818651318550109863281250000000e-03
4.3801115368263992058683875541191810043528676033020019531250000000e-03
4.3774536027544790409149477738992572994902729988098144531250000000e-03
4.3747507932368080024732037713874888140708208084106445312500000000e-03
4.3719664654768832998121830257787223672494292259216308593750000000e-03
4.3691803502527125357968174057532451115548610687255859375000000000e-03
4.3663213225929491459464948377444670768454670906066894531250000000e-03
4.3634103760658267748273608788167621241882443428039550781250000000e-03
4.3604868293958326183612506099507299950346350669860839843750000000e-03
4.3574803936773107496116530512608733261004090309143066406250000000e-03
4.3544477370378942629458585145130200544372200965881347656250000000e-03
4.3513810465573262223348827149038697825744748115539550781250000000e-03
4.3482381159206063767075356452096457360312342643737792968750000000e-03
4.3450834792080504295763709876609937055036425590515136718750000000e-03
4.3418716019314271964413265436633082572370767593383789062500000000e-03
4.3386038403419183509535095311093755299225449562072753906250000000e-03
4.3353214080929730958602341672758484492078423500061035156250000000e-03
4.3319696056101225645207364323141518980264663696289062500000000000e-03
4.3285832347809164930008130056648951722308993339538574218750000000e-03
4.3251680125134042698142877725331345573067665100097656250000000000e-03
4.3216848496653885100537983987578627420589327812194824218750000000e-03
4.3181811642123727953967993187234242213889956474304199218750000000e-03
4.3146310642422610118207337848161841975525021553039550781250000000e-03
4.3110260042186323084512089565123460488393902778625488281250000000e-03
4.3074018715959462230702392560033331392332911491394042968750000000e-03
4.3037199900199758426100338226660824147984385490417480468750000000e-03
4.2999992696000103806208691992196690989658236503601074218750000000e-03
4.2962510653669627735951053182361647486686706542968750000000000000e-03
4.2924438123776295292421956162343121832236647605895996093750000000e-03
4.2886096618656487436394009193918464006856083869934082031250000000e-03
4.2847357413152093244534945881696330616250634193420410156250000000e-03
4.2808105352476772537118065997674420941621065139770507812500000000e-03
4.2768617336718653051952365728993754601106047630310058593750000000e-03
4.2728640472340416803231910591875930549576878547668457031250000000e-03
4.2688264542395182657430474648663221159949898719787597656250000000e-03
4.2647608257031449988105897830337198683992028236389160156250000000e-03
4.2606440987672444462019960553789132973179221153259277343750000000e-03
4.2564967308055395855959091022668872028589248657226562500000000000e-03
4.2523132979723028343488344660272559849545359611511230468750000000e-03
4.2480832407180051449313573641575203510001301765441894531250000000e-03
4.2438261063978853157574455678968661231920123100280761718750000000e-03
4.2395263335209491112332003126539348158985376358032226562500000000e-03
4.2351876050760531300376499075355241075158119201660156250000000000e-03
4.2308197403953121465414177748698421055451035499572753906250000000e-03
4.2264071917742012871044288147004408529028296470642089843750000000e-03
4.2219623863592207688166801915485848439857363700866699218750000000e-03
4.2174835162847243430483956672105705365538597106933593750000000000e-03
4.2129625736509954125885712983290432021021842956542968750000000000e-03
4.2084124112350251162295577955774206202477216720581054687500000000e-03
4.2038238841279719840149375897908612387254834175109863281250000000e-03
4.1991983093385143455122943123569712042808532714843750000000000000e-03
4.1945427274149051088958373156856396235525608062744140625000000000e-03
4.1898473546923336793823544610404496779665350914001464843750000000e-03
4.1851195205175233463035233683058322640135884284973144531250000000e-03
4.1803588532346542747109019444451405433937907218933105468750000000e-03
4.1755600298743443532512031879377900622785091400146484375000000000e-03
4.1707310343609945227361102126906189369037747383117675781250000000e-03
4.1658666601272322307925044526655256049707531929016113281250000000e-03
4.1609673941053210849405630256114818621426820755004882812500000000e-03
4.1560377837309312940017314019769401056692004203796386718750000000e-03
4.1510720318826341279638825199072016403079032897949218750000000000e-03
4.1460744227463626823682041333540837513282895088195800781250000000e-03
4.1410449788920021541027693956493749283254146575927734375000000000e-03
4.1359805466804318643814220024523820029571652412414550781250000000e-03
4.1308858650537837522986883698195015313103795051574707031250000000e-03
4.1257580239867589627644761662850214634090662002563476562500000000e-03
4.1205973441224815270733650152124027954414486885070800781250000000e-03
4.1154065091211916582736307645973283797502517700195312500000000000e-03
4.1101822889794926638162841925350221572443842887878417968750000000e-03
4.1049272046540579914064572619736281922087073326110839843750000000e-03
4.0996412894305769500369329705335985636338591575622558593750000000e-03
4.0943229026062233355531816414440982043743133544921875000000000000e-03
4.0889747426575816929839035651639278512448072433471679687500000000e-03
4.0835952205600691000686452980517060495913028717041015625000000000e-03
4.0781846787554384622942471594342350726947188377380371093750000000e-03
4.0727445746319788227873814889790082816034555435180664062500000000e-03
4.0672732442695314070135736983502283692359924316406250000000000000e-03
4.0617721830730982995882882846672146115452051162719726562500000000e-03
4.0562413736391633722888627744396217167377471923828125000000000000e-03
4.0506801059005618365072010078620223794132471084594726562500000000e-03
4.0450898607936464079770644275413360446691513061523437500000000000e-03
4.0394698142374799165743581852439092472195625305175781250000000000e-03
4.0338203250442003500175758290424710139632225036621093750000000000e-03
4.0281421331939707905500647200369712663814425468444824218750000000e-03
4.0224344765904355980534745640397886745631694793701171875000000000e-03
4.0166982488850141302938467902094998862594366073608398437500000000e-03
4.0109334177319240846704140324163745390251278877258300781250000000e-03
4.0051397810129032300840989933021774049848318099975585937500000000e-03
3.9993181310016496024517529406239191303029656410217285156250000000e-03
3.9934680869388779894668672909574524965137243270874023437500000000e-03
3.9875899828620570836124059610483527649194002151489257812500000000e-03
3.9816841819864086729485741500411677407100796699523925781250000000e-03
3.9757504124005383153162007658920629182830452919006347656250000000e-03
3.9697892120228181825347668620906915748491883277893066406250000000e-03
3.9638005724005618071736911645075451815500855445861816406250000000e-03
3.9577845341267252690653499769268819363787770271301269531250000000e-03
3.9517415194215066084892917785964527865871787071228027343750000000e-03
3.9456714037688122090341558134696242632344365119934082031250000000e-03
3.9395744671930771341195054446870926767587661743164062500000000000e-03
3.9334509004270408819015081292036484228447079658508300781250000000e-03
3.9273006783883740097862435902698052814230322837829589843750000000e-03
3.9211241298751789777221610222568415338173508644104003906250000000e-03
3.9149212896379811596481168578520737355574965476989746093750000000e-03
3.9086922895210183398484460326471889857202768325805664062500000000e-03
3.9024373684292583755461869543523789616301655769348144531250000000e-03
3.8961565425705358203800621197387954453006386756896972656250000000e-03
3.8898500321340695289051847538530637393705546855926513671875000000e-03
3.8835179647576166354905335964531332137994468212127685546875000000e-03
3.8771604230347592873195949891851341817528009414672851562500000000e-03
3.8707776201954663224114039365986172924749553203582763671875000000e-03
3.8643696302725358618368467489290196681395173072814941406250000000e-03
3.8579366035207634903769768897063840995542705059051513671875000000e-03
3.8514786977131934032902993436664473847486078739166259765625000000e-03
3.8449959971344721369745922601168786059133708477020263671875000000e-03
3.8384886741743709862029199086919106775894761085510253906250000000e-03
3.8319568402974462859034154860182752599939703941345214843750000000e-03
3.8254006149301598115053391069295685156248509883880615234375000000e-03
3.8188201521692070362912208025818472378887236118316650390625000000e-03
3.8122155513567999342294800868558013462461531162261962890625000000e-03
3.8055869540937065087504720395372714847326278686523437500000000000e-03
3.7989344863294310580825730028209363808855414390563964843750000000e-03
3.7922582590012637523968486163994384696707129478454589843750000000e-03
3.7855584122844466651858219563564489362761378288269042968750000000e-03
3.7788350568570897025644228506280342116951942443847656250000000000e-03
3.7720883169555991833166164184376611956395208835601806640625000000e-03
3.7653183191322324961658463138292063376866281032562255859375000000e-03
3.7585251738605392202163812953585875220596790313720703125000000000e-03
3.7517090084205912542403282827763177920132875442504882812500000000e-03
3.7448699377730315998591414938800880918279290199279785156250000000e-03
3.7380080776956143943923205341661741840653121471405029296875000000e-03
3.7311235498148375734628334754461320699192583560943603515625000000e-03
3.7242164649415516498864864303186550387181341648101806640625000000e-03
3.7172869412431162015886254579299929901026189327239990234375000000e-03
3.7103350929567611472814636641714969300664961338043212890625000000e-03
3.7033610315201637153137426139437593519687652587890625000000000000e-03
3.6963648726434689302522418330454456736333668231964111328125000000e-03
3.6893467261313434533975819107354254811070859432220458984375000000e-03
3.6823067040343627001619530858533835271373391151428222656250000000e-03
3.6752449175202501346904071510834910441190004348754882812500000000e-03
3.6681614749519159818236246906053565908223390579223632812500000000e-03
3.6610564867496260543777708562629413791000843048095703125000000000e-03
3.6539300604445214618043458187912619905546307563781738281250000000e-03
3.6467823036142946180326873673038790002465248107910156250000000000e-03
3.6396133236725001364186837804481911007314920425415039062500000000e-03
3.6324232260269645813921535193458112189546227455139160156250000000e-03
3.6252121166496834546444372193718663766048848628997802734375000000e-03
3.6179801000834192238608810754385558539070188999176025390625000000e-03
3.6107272801954872452900868751157759106718003749847412109375000000e-03
3.6034537606551455928005633921884509618394076824188232421875000000e-03
3.5961596437817967830685716990046785213053226470947265625000000000e-03
3.5888450317231477756929614031378150684759020805358886718750000000e-03
3.5815100257673513489686811794854293111711740493774414062500000000e-03
3.5741547264024971404527963869668383267708122730255126953125000000e-03
3.5667792337573858002519600063351390417665243148803710937500000000e-03
3.5593836469941606687195090330533275846391916275024414062500000000e-03
3.5519680648086484307801580229124738252721726894378662109375000000e-03
3.5445325852231498661715214382184058194980025291442871093750000000e-03
3.5370773055165309270431173160886828554794192314147949218750000000e-03
3.5296023224834906055480399089674392598681151866912841796875000000e-03
3.5221077321555688266485617532453034073114395141601562500000000000e-03
3.5145936300040557520585338124874397180974483489990234375000000000e-03
3.5070601108815732324663905217221326893195509910583496093750000000e-03
3.4995072689752047476186014307586447102949023246765136718750000000e-03
3.4919351979224655738165417062646156409755349159240722656250000000e-03
3.4843439907051060484832749608585800160653889179229736328125000000e-03
3.4767337397330127721217785108365205815061926841735839843750000000e-03
3.4691045368117792539741639501471581752412021160125732421875000000e-03
3.4614564731465795495435333606337735545821487903594970703125000000e-03
3.4537896393720033359764354230492244823835790157318115234375000000e-03
3.4461041255262250121438327710166049655526876449584960937500000000e-03
3.4384000210842149795886779628517615492455661296844482421875000000e-03
3.4306774149360373844797056364086529356427490711212158203125000000e-03
3.4229363954146282446322491210821681306697428226470947265625000000e-03
3.4151770502834659024027352813845936907455325126647949218750000000e-03
3.4073994667528535729150718225355376489460468292236328125000000000e-03
3.3996037314772305226728832394655910320580005645751953125000000000e-03
3.3917899305608042830051385152501097763888537883758544921875000000e-03
3.3839581495676588837606679760483530117198824882507324218750000000e-03
3.3761084735177459073551808899082971038296818733215332031250000000e-03
3.3682409868995687868276078802409756463021039962768554687500000000e-03
3.3603557736653611419386233905015615164302289485931396484375000000e-03
3.3524529172497376586226103256649366812780499458312988281250000000e-03
3.3445325005525701998754239951949784881435334682464599609375000000e-03
3.3365946059675699771063239751356377382762730121612548828125000000e-03
3.3286393153673082129229143788506917189806699752807617187500000000e-03
3.3206667101167604283507017726151389069855213165283203125000000000e-03
3.3126768710800905126667714739596704021096229553222656250000000000e-03
3.3046698786108981080178459421858860878273844718933105468750000000e-03
3.2966458125747877955236120328663673717528581619262695312500000000e-03
3.2886047523370885541094121862215615692548453807830810546875000000e-03
3.2805467767819634743176049340718236635439097881317138671875000000e-03
3.2724719643010260691773360974821116542443633079528808593750000000e-03
3.2643803928113683879286277544906624825671315193176269531250000000e-03
3.2562721397469285983250486538054246921092271804809570312500000000e-03
3.2481472820729633509129197221909635118208825588226318359375000000e-03
3.2400058962867191170165170888139982707798480987548828125000000000e-03
3.2318480584127432311825067756672069663181900978088378906250000000e-03
3.2236738440225491501844867769932534429244697093963623046875000000e-03
3.2154833282250824127990185274938994552940130233764648437500000000e-03
3.2072765856758843165674743858062356594018638134002685546875000000e-03
3.1990536905803436569517561594011567649431526660919189453125000000e-03
3.1908147166970330342594674988276892690919339656829833984375000000e-03
3.1825597373420400244825589908259644289501011371612548828125000000e-03
3.1742888253922991494138106105538099654950201511383056640625000000e-03
3.1660020532869124348929190659873711410909891128540039062500000000e-03
3.1576994930364392887012225941134602180682122707366943359375000000e-03
3.1493812162185848453621606068963956204243004322052001953125000000e-03
3.1410472939865626343380888840783882187679409980773925781250000000e-03
3.1326977970738060889910325812479641172103583812713623046875000000e-03
3.1243327957935209879258842136096063768491148948669433593750000000e-03
3.1159523600447209916441959620669877040199935436248779296875000000e-03
3.1075565593148830705050311706827415036968886852264404296875000000e-03
3.0991454626839616548483746782949310727417469024658203125000000000e-03
3.0907191388226083750279116202364093624055385589599609375000000000e-03
3.0822776560039595074302898325413480051793158054351806640625000000e-03
3.0738210821029819837246765956706440192647278308868408203125000000e-03
3.0653494845954117400954608285701397107914090156555175781250000000e-03
3.0568629305695710872414760927995303063653409481048583984375000000e-03
3.0483614867211164013716118148522582487203180789947509765625000000e-03
3.0398452193605061087688934406969565316103398799896240234375000000e-03
3.0313141944189247664609432320048654219135642051696777343750000000e-03
3.0227684774424864837250037652438550139777362346649169921875000000e-03
3.0142081336032452119899627263066577143035829067230224609375000000e-03
3.0056332277018657853084881992344890022650361061096191406250000000e-03
2.9970438241627341685591190412196738179773092269897460937500000000e-03
2.9884399870480559888163973880637058755382895469665527343750000000e-03
2.9798217800531975017752639445234308368526399135589599609375000000e-03
2.9711892665089268544820200190770265180617570877075195312500000000e-03
2.9625425093911146590119898291959543712437152862548828125000000000e-03
2.9538815713171422475125105222559795947745442390441894531250000000e-03
2.9452065145502506239572060309228618280030786991119384765625000000e-03
2.9365174010040732965887144700900535099208354949951171875000000000e-03
2.9278142922443710013946649439731118036434054374694824218750000000e-03
2.9190972494908592332896191123836615588515996932983398437500000000e-03
2.9103663336214119147782319885209290077909827232360839843750000000e-03
2.9016216051717027418765937341049720998853445053100585937500000000e-03
2.8928631243429975619663174768447788665071129798889160156250000000e-03
2.8840909509989872024082746548856448498554527759552001953125000000e-03
2.8753051446732702002562209742109189392067492008209228515625000000e-03
2.8665057645686047027577814105825382284820079803466796875000000000e-03
2.8576928695583495888821179420347107225097715854644775390625000000e-03
2.8488665181944936369284882005104009294882416725158691406250000000e-03
2.8400267687032428216842294688149195280857384204864501953125000000e-03
2.8311736789925412080548561277737462660297751426696777343750000000e-03
2.8223073066526902473449833763652350171469151973724365234375000000e-03
2.8134277089562073972950351219424192095175385475158691406250000000e-03
2.8045349428641088568303629813271982129663228988647460937500000000e-03
2.7956290650251497571787684393029849161393940448760986328125000000e-03
2.7867101317788295702926326669057743856683373451232910156250000000e-03
2.7777781991590588805962624974199570715427398681640625000000000000e-03
2.7688333228934802407450455064008565386757254600524902343750000000e-03
2.7598755584070243547512024662182739120908081531524658203125000000e-03
2.7509049608243690485109844701128167798742651939392089843750000000e-03
2.7419215849711644182595815522063276148401200771331787109375000000e-03
2.7329254853763955239454030987644728156737983226776123046875000000e-03
2.7239167162730042875962155335400893818587064743041992187500000000e-03
2.7148953316000774133032180657210119534283876419067382812500000000e-03
2.7058613850060660339924556438973013428039848804473876953125000000e-03
2.6968149298485710393946668261833110591396689414978027343750000000e-03
2.6877560191984396255338030101711410679854452610015869140625000000e-03
2.6786847058377495460479433830869311350397765636444091796875000000e-03
2.6696010422644278134440831706797325750812888145446777343750000000e-03
2.6605050806919826843210952205254216096363961696624755859375000000e-03
2.6513968730512362144413618381122432765550911426544189453125000000e-03
2.6422764709928487150691900353649543831124901771545410156250000000e-03
2.6331439258863919769537709214546339353546500205993652343750000000e-03
2.6239992888241765039980535334507294464856386184692382812500000000e-03
2.6148426106186871582803821212337425095029175281524658203125000000e-03
2.6056739418076819460312609777474790462292730808258056640625000000e-03
2.5964933326529937573923234594985842704772949218750000000000000000e-03
2.5873008331397068064461119973884706269018352031707763671875000000e-03
2.5780964929821240799734383131180948112159967422485351562500000000e-03
2.5688803616182890807162486623838049126788973808288574218750000000e-03
2.5596524882137358658518166976136853918433189392089843750000000000e-03
2.5504129216630672116750133682216983288526535034179687500000000000e-03
2.5411617105886540046721933094886480830609798431396484375000000000e-03
2.5318989033399396174073281429173221113160252571105957031250000000e-03
2.5226245479963750606433592338362359441816806793212890625000000000e-03
2.5133386923649860336671402194497204618528485298156738281250000000e-03
2.5040413839819320070134711642140246112830936908721923828125000000e-03
2.4947326701111058669391162823103513801470398902893066406250000000e-03
2.4854125977445636931639771916024983511306345462799072265625000000e-03
2.4760812136027259867943062232598094851709902286529541015625000000e-03
2.4667385641311484825721755953509273240342736244201660156250000000e-03
2.4573846955045410694884466806797718163579702377319335937500000000e-03
2.4480196536200301248020760880308444029651582241058349609375000000e-03
2.4386434840996781998889719744738613371737301349639892578125000000e-03
2.4292562322909029559614424442770541645586490631103515625000000000e-03
2.4198579432598132238352306444539863150566816329956054687500000000e-03
2.4104486617950709320679081315574876498430967330932617187500000000e-03
2.4010284324034198571995446513938077259808778762817382812500000000e-03
2.3915972993083689686344417424379571457393467426300048828125000000e-03
2.3821553064483245651383747087947995169088244438171386718750000000e-03
2.3727024974717096303389318734389235032722353935241699218750000000e-03
2.3632389157402732514368093319490071735344827175140380859375000000e-03
2.3537646043221660367705805327886992017738521099090576171875000000e-03
2.3442796059888865688181081026186802773736417293548583984375000000e-03
2.3347839632143580976264551907206623582169413566589355468750000000e-03
2.3252777181701459081886174118380949948914349079132080078125000000e-03
2.3157609127226002308785890448916688910685479640960693359375000000e-03
2.3062335884290532939111528776265913620591163635253906250000000000e-03
2.2966957865334881525032351134996133623644709587097167968750000000e-03
2.2871475479630093939620305576454484253190457820892333984375000000e-03
2.2775889133232617329849478693404307705350220203399658203125000000e-03
2.2680199228914820104574534553876219433732330799102783203125000000e-03
2.2584406166161149522031426073453985736705362796783447265625000000e-03
2.2488510341095442439385276856000928091816604137420654296875000000e-03
2.2392512146396331522424372195700925658456981182098388671875000000e-03
2.2296411971290193594630313356219630804844200611114501953125000000e-03
2.2200210201460133033202204444478411460295319557189941406250000000e-03
2.2103907219002618018965922175311789033003151416778564453125000000e-03
2.2007503402361400582365469347223552176728844642639160156250000000e-03
2.1910999126253587025725533266040656599216163158416748046875000000e-03
2.1814394761604750591632573275546747026965022087097167968750000000e-03
2.1717690675495809893291720982233528047800064086914062500000000000e-03
2.1620887231074080968296069471534792683087289333343505859375000000e-03
2.1523984787475769833720029566848097601905465126037597656250000000e-03
2.1426983699781637290882052582219330361112952232360839843750000000e-03
2.1329884318920960296905864339578329236246645450592041015625000000e-03
2.1232686991580333214779674477767912321723997592926025390625000000e-03
2.1135392060163352839774475455669744405895471572875976562500000000e-03
2.1037999862695291007630427060348665690980851650238037109375000000e-03
2.0940510732725798291598007239144862978719174861907958984375000000e-03
2.0842924999295180978065022969758501858450472354888916015625000000e-03
2.0745242986818599600917778502662258688360452651977539062500000000e-03
2.0647465015034703779417402103035783511586487293243408203125000000e-03
2.0549591398922239723900950991719582816585898399353027343750000000e-03
2.0451622448626398213800126058004025253467261791229248046875000000e-03
2.0353558469398216369816712045803797082044184207916259765625000000e-03
2.0255399761525262440631234284182937699370086193084716796875000000e-03
2.0157146620278622653477107462549611227586865425109863281250000000e-03
2.0058799335841838266947245728033522027544677257537841796875000000e-03
1.9960358193271943681723623598145422874949872493743896484375000000e-03
1.9861823472452238593943807387631750316359102725982666015625000000e-03
1.9763195448063712762742927253611924243159592151641845703125000000e-03
1.9664474389534179581129347269552454235963523387908935546875000000e-03
1.9565660561044208830272506105529828346334397792816162109375000000e-03
1.9466754221521705668640489506060475832782685756683349609375000000e-03
1.9367755624616837372559130514559910807292908430099487304687500000e-03
1.9268665018741090635273627285073416715022176504135131835937500000e-03
1.9169482647096143870801832065353664802387356758117675781250000000e-03
1.9070208747711510713362947910809452878311276435852050781250000000e-03
1.8970843553499333426770601107591573963873088359832763671875000000e-03
1.8871387292353882306206180885510548250749707221984863281250000000e-03
1.8771840187234807226235311361506319371983408927917480468750000000e-03
1.8672202456280527840815075535374489845708012580871582031250000000e-03
1.8572474312967988605005409397108451230451464653015136718750000000e-03
1.8472655966246627132210100796783081023022532463073730468750000000e-03
1.8372747620744567763340082677814280032180249691009521484375000000e-03
1.8272749476975621782393055525517411297187209129333496093750000000e-03
1.8172661731572520987798569080950983334332704544067382812500000000e-03
1.8072484577559447087302668677466499502770602703094482421875000000e-03
1.7972218204627659742661505148930700670462101697921752929687500000e-03
1.7871862799474160128643251965741001185961067676544189453125000000e-03
1.7771418546152540924448759440679168619681149721145629882812500000e-03
1.7670885626454438995652784782919297867920249700546264648437500000e-03
1.7570264220324179841453693384778489416930824518203735351562500000e-03
1.7469554506294397017152064677247835788875818252563476562500000000e-03
1.7368756661979450374444500226900345296598970890045166015625000000e-03
1.7267870864575889447434242640611046226695179939270019531250000000e-03
1.7166897291400501791153176966986393381375819444656372070312500000e-03
1.7065836120464324306145176279869701829738914966583251953125000000e-03
1.6964687531067417034652544671757823380175977945327758789062500000e-03
1.6863451704438728925156132376628193014767020940780639648437500000e-03
1.6762128824374434871852246331513924815226346254348754882812500000e-03
1.6660719077915462325856221781350541277788579463958740234375000000e-03
1.6559222656068175658083951873322803294286131858825683593750000000e-03
1.6457639754507774002695308368515725305769592523574829101562500000e-03
1.6355970574315466335019175758702658640686422586441040039062500000e-03
1.6254215322734904148466172912890215229708701372146606445312500000e-03
1.6152374213932419681066798844426557479891926050186157226562500000e-03
1.6050447469764038237183267909813366713933646678924560546875000000e-03
1.5948435320529367326125580461848585400730371475219726562500000000e-03
1.5846338005750051653591770062234900251496583223342895507812500000e-03
1.5744155774911512690739101572034996934235095977783203125000000000e-03
1.5641888888202558870188507711418424150906503200531005859375000000e-03
1.5539537617252131319889318916693810024298727512359619140625000000e-03
1.5437102245796339734101865204252135299611836671829223632812500000e-03
1.5334583070359276285588023824857373256236314773559570312500000000e-03
1.5231980400874523678966809825396921951323747634887695312500000000e-03
1.5129294561255263347476773816424611140973865985870361328125000000e-03
1.5026525889932620862893264401805026864167302846908569335937500000e-03
1.4923674740325817197200697350467635260429233312606811523437500000e-03
1.4820741481253601763007354819023930758703500032424926757812500000e-03
1.4717726497276934025798533767215303669217973947525024414062500000e-03
1.4614630188977907523234511799614665505941957235336303710937500000e-03
1.4511452973136915005347713503169870818965137004852294921875000000e-03
1.4408195282844570624808389069926306547131389379501342773437500000e-03
1.4304857567529545743501007137865599361248314380645751953125000000e-03
1.4201440292885840650793927153472395730204880237579345703125000000e-03
1.4097943940709215318585201259793393546715378761291503906250000000e-03
1.3994369008631761530647708013930241577327251434326171875000000000e-03
1.3890716009784126201004328393651121587026864290237426757812500000e-03
1.3786985472333433081632003691652244015131145715713500976562500000e-03
1.3683177938917348744063406940085769747383892536163330078125000000e-03
1.3579293966021618259715220133898583299014717340469360351562500000e-03
1.3475334123235725714007315900744288228452205657958984375000000000e-03
1.3371298992410685958776017656646217801608145236968994140625000000e-03
1.3267189166744298902539389573007611033972352743148803710937500000e-03
1.3163005249790097651862996741556344204582273960113525390625000000e-03
1.3058747854372539185657808857854433881584554910659790039062500000e-03
1.2954417601438897138244055184941316838376224040985107421875000000e-03
1.2850015118855543684583953023548019700683653354644775390625000000e-03
1.2745541040137119311037583457846267265267670154571533203125000000e-03
1.2640996003134622165803291338193048432003706693649291992187500000e-03
1.2536380648694122035696763006740184209775179624557495117187500000e-03
1.2431695619267929889262269682603800902143120765686035156250000000e-03
1.2326941557513895406095194573481421684846282005310058593750000000e-03
1.2222119104902287416158923605280506308190524578094482421875000000e-03
1.2117228900303197731275206550094480917323380708694458007812500000e-03
1.2012271578586534732241419831666462414432317018508911132812500000e-03
1.1907247769248811928438636087435043009463697671890258789062500000e-03
1.1802158095073583647660608875185062061063945293426513671875000000e-03
1.1697003170814503688473839915218377427663654088973999023437500000e-03
1.1591783601939049420936900247625089832581579685211181640625000000e-03
1.1486499983425545266119138787530573608819395303726196289062500000e-03
1.1381152898615823094302657025878033891785889863967895507812500000e-03
1.1275742918147627861374937552341179980430752038955688476562500000e-03
1.1170270598951095256806675948269003129098564386367797851562500000e-03
1.1064736483331566539028978368719435820821672677993774414062500000e-03
1.0959141098139998232730007998725341167300939559936523437500000000e-03
1.0853484954023667839045907967943094263318926095962524414062500000e-03
1.0747768544769745798633797662091637903358787298202514648437500000e-03
1.0641992346747460463501910865602440026123076677322387695312500000e-03
1.0536156818432161532544943938205506128724664449691772460937500000e-03
1.0430262400034184637476197821115420083515346050262451171875000000e-03
1.0324309513210611858463616741232726781163364648818969726562500000e-03
1.0218298560865711303857761294011652353219687938690185546875000000e-03
1.0112229927055358183474176314575743163004517555236816406250000000e-03
1.0006103976962896131425173606999123876448720693588256835937500000e-03
9.8999210569601430939612463077992288162931799888610839843750000000e-04
9.7936814947435172490353139096441736910492181777954101562500000000e-04
9.6873855995593114494995878871463901305105537176132202148437500000e-04
9.5810336624788583134715302946915471693500876426696777343750000000e-04
9.4746259567480932677757676785290641419123858213424682617187500000e-04
9.3681627382021567113090654288498626556247472763061523437500000000e-04
9.2616442457170813137151688110293434874620288610458374023437500000e-04
9.1550707017258277971988311705331398115959018468856811523437500000e-04
9.0484423127673227482681284072896232828497886657714843750000000000e-04
8.9417592700784058988572322590471230796538293361663818359375000000e-04
8.8350217502174534581205200822751066880300641059875488281250000000e-04
8.7282299157057877808663093333052529487758874893188476562500000000e-04
8.6213839156955946949056901473795733181759715080261230468750000000e-04
8.5144838866583777859525783426875022996682673692703247070312500000e-04
8.4075299530789204295599947869277457357384264469146728515625000000e-04
8.3005222281439168009742335385681144543923437595367431640625000000e-04
8.1934608144492023732580188166707557684276252985000610351562500000e-04
8.0863458046955146406309378193100201315246522426605224609375000000e-04
7.9791772823663384851117230667227886442560702562332153320312500000e-04
7.8719553224113828892444244544890352699439972639083862304687500000e-04
7.7646799918969504512855639433155374717898666858673095703125000000e-04
7.6573513506448035153412190467747677757870405912399291992187500000e-04
7.5499694518502233776119370034507483069319278001785278320312500000e-04
7.4425343426693464556759272099384361354168504476547241210937500000e-04
7.3350460647830469963770472219266594038344919681549072265625000000e-04
7.2275046549295730771017565174929586646612733602523803710937500000e-04
7.1199101454089369720584778988836660573724657297134399414062500000e-04
7.0122625645560631487546165985236257256474345922470092773437500000e-04
6.9045619371849783086486640470980091777164489030838012695312500000e-04
6.7968082850030189009243875020160885469522327184677124023437500000e-04
6.6890016269997886518700047631114102841820567846298217773437500000e-04
6.5811419798111512550337076632445132418069988489151000976562500000e-04
6.4732293580649781072205994902901693421881645917892456054687500000e-04
6.3652637747121834210090041139551431115251034498214721679687500000e-04
6.2572452413498479140141483867409988306462764739990234375000000000e-04
6.1491737685473674222130791022777884791139513254165649414062500000e-04
6.0410493661758497829783465249420260079205036163330078125000000000e-04
5.9328720437588639956966174437980043876450508832931518554687500000e-04
5.8246418108626001313571363127152835659217089414596557617187500000e-04
5.7163586775228108008417571284098812611773610115051269531250000000e-04
5.6080226547337288720007641984466317808255553245544433593750000000e-04
5.4996337550131850838153191318724566372111439704895019531250000000e-04
5.3911919930669388329597113695967891544569283723831176757812500000e-04
5.2826973865601248823986590963386333896778523921966552734375000000e-04
5.1741499570185343643419217940504495345521718263626098632812500000e-04
5.0655497308862951991864642664609164057765156030654907226562500000e-04
4.9568967407490158606081509518048733298201113939285278320312500000e-04
4.8481910267479623108388686603120731888338923454284667968750000000e-04
4.7394326381928098164408869052977024693973362445831298828125000000e-04
4.6306216353927097135328994070846420072484761476516723632812500000e-04
4.5217580917096165341734215203928215487394481897354125976562500000e-04
4.4128420958364526424655416292353038443252444267272949218750000000e-04
4.3038737542917685288679230382058449322357773780822753906250000000e-04
4.1948531941124478101406980456999917805660516023635864257812500000e-04
4.0857805657121520469948761089540312241297215223312377929687500000e-04
3.9766560458630398908544401059828032884979620575904846191406250000e-04
3.8674798407310501547479164585752187122125178575515747070312500000e-04
3.7582521888713832803469161447651458729524165391921997070312500000e-04
3.6489733640860511467221560799600865721004083752632141113281250000e-04
3.5396436779954631350955662760782161058159545063972473144531250000e-04
3.4302634821643134856172796531836866051889955997467041015625000000e-04
3.3208331695932331514842239528206846443936228752136230468750000000e-04
3.2113531753610088242956166482144908513873815536499023437500000000e-04
3.1018239761924676529958322390712055494077503681182861328125000000e-04
2.9922460887043801592774516784345451014814898371696472167968750000e-04
2.8826200660919725155331705401806630106875672936439514160156250000e-04
2.7729464930424912571388373905278967868071049451828002929687500000e-04
2.6632259786889164428561049824395468021975830197334289550781250000e-04
2.5534591474962021031072656462868053495185449719429016113281250000e-04
2.4436466280670221659296337257671893894439563155174255371093750000e-04
2.3337890399920943390252303650811427360167726874351501464843750000e-04
2.2238869790588969483670356286353353425511159002780914306640625000e-04
2.1139410013533812063291073002346820430830121040344238281250000000e-04
2.0039516070739714598096525843828885626862756907939910888671875000e-04
1.8939192252049029960639381364728706103051081299781799316406250000e-04
1.7838442005552561917848530814723062576376833021640777587890625000e-04
1.6737267850544827393899360856721614254638552665710449218750000000e-04
1.5635671356212271125921131620373216719599440693855285644531250000e-04
1.4533653220198927127557175786876086931442841887474060058593750000e-04
1.3431213550352862897904748784583262022351846098899841308593750000e-04
1.2328352808481111480866376783893656465806998312473297119140625000e-04
1.1225057724168460476701220107642598122765775769948959350585937500e-04
1.0121308049908121827562684780232871162297669798135757446289062500e-04
9.0171466381985834162744730679861504540895111858844757080078125000e-05
