-2.7515856280597952299160624534124508500099182128906250000000000000e+00
-2.7506204943175553978562675183638930320739746093750000000000000000e+00
-2.7496930790792539767153357388451695442199707031250000000000000000e+00
-2.7488022761631052404140973521862179040908813476562500000000000000e+00
-2.7479446506381202119939644035184755921363830566406250000000000000e+00
-2.7471188684019587356033298419788479804992675781250000000000000000e+00
-2.7463234396669631287579704803647473454475402832031250000000000000e+00
-2.7455565655942706371206440962851047515869140625000000000000000000e+00
-2.7448167569619523753488010697765275835990905761718750000000000000e+00
-2.7441026784723900888707248668652027845382690429687500000000000000e+00
-2.7434130842878556855168881156714633107185363769531250000000000000e+00
-2.7427468542830171216451162763405591249465942382812500000000000000e+00
-2.7421027966140503195902056177146732807159423828125000000000000000e+00
-2.7414797870059173234835725452285259962081909179687500000000000000e+00
-2.7408768408899839563730438385391607880592346191406250000000000000e+00
-2.7402931165495192367131949140457436442375183105468750000000000000e+00
-2.7397279123776416831503865978447720408439636230468750000000000000e+00
-2.7391806617569196546924104040954262018203735351562500000000000000e+00
-2.7386509340789801925097890489269047975540161132812500000000000000e+00
-2.7381384407988549334334038576344028115272521972656250000000000000e+00
-2.7376430468741519419495489273685961961746215820312500000000000000e+00
-2.7371647880994305346291639580158516764640808105468750000000000000e+00
-2.7367038967758761103254983026999980211257934570312500000000000000e+00
-2.7362608399507650780435596971074119210243225097656250000000000000e+00
-2.7358363629740032330062149412697181105613708496093750000000000000e+00
-2.7354315407058660269967731437645852565765380859375000000000000000e+00
-2.7350462489544606903280055121285840868949890136718750000000000000e+00
-2.7346788739662928335860669903922826051712036132812500000000000000e+00
-2.7343279474133224127285757276695221662521362304687500000000000000e+00
-2.7339921392758839147063554264605045318603515625000000000000000000e+00
-2.7336702482405601521975313517032191157341003417968750000000000000e+00
-2.7333611851286558902529577608220279216766357421875000000000000000e+00
-2.7330639605966857708096995338564738631248474121093750000000000000e+00
-2.7327776752320267483753468695795163512229919433593750000000000000e+00
-2.7325015102135825628693055477924644947052001953125000000000000000e+00
-2.7322347189978888337691387278027832508087158203125000000000000000e+00
-2.7319766200234618658271301683271303772926330566406250000000000000e+00
-2.7317265902261640420078947499860078096389770507812500000000000000e+00
-2.7314840592671143504333031160058453679084777832031250000000000000e+00
-2.7312485043987217991912075376603752374649047851562500000000000000e+00
-2.7310194458923886529078117746394127607345581054687500000000000000e+00
-2.7307964429587281429689937795046716928482055664062500000000000000e+00
-2.7305790901024287187226491369074210524559020996093750000000000000e+00
-2.7303670138613758133772080327617004513740539550781250000000000000e+00
-2.7301598698853464242120026028715074062347412109375000000000000000e+00
-2.7299573403152681549954650108702480792999267578125000000000000000e+00
-2.7297591314290250430474316090112552046775817871093750000000000000e+00
-2.7295649715238172738906996528385207056999206542968750000000000000e+00
-2.7293746090088495392933509720023721456527709960937500000000000000e+00
-2.7291878106851572560742624773411080241203308105468750000000000000e+00
-2.7290043601922442384477562882238999009132385253906250000000000000e+00
-2.7288240566035786294207809987710788846015930175781250000000000000e+00
-2.7286467131550660170091759937349706888198852539062500000000000000e+00
-2.7284721560925171424116797425085678696632385253906250000000000000e+00
-2.7283002236257059003321501222671940922737121582031250000000000000e+00
-2.7281307649780068835809743177378550171852111816406250000000000000e+00
-2.7279636395219082345420247293077409267425537109375000000000000000e+00
-2.7277987159917054249547163635725155472755432128906250000000000000e+00
-2.7276358717656967733944384235655888915061950683593750000000000000e+00
-2.7274749922110115285533993301214650273323059082031250000000000000e+00
-2.7273159700849896047714082669699564576148986816406250000000000000e+00
-2.7271587049876013786331441224319860339164733886718750000000000000e+00
-2.7270031028600922873295075987698510289192199707031250000000000000e+00
-2.7268490755254375379479370167246088385581970214843750000000000000e+00
-2.7266965402667473483688809210434556007385253906250000000000000000e+00
-2.7265454194400544629672822338761761784553527832031250000000000000e+00
-2.7263956401184246125524168746778741478919982910156250000000000000e+00
-2.7262471337644322844084854295942932367324829101562500000000000000e+00
-2.7260998359286068293272364826407283544540405273437500000000000000e+00
-2.7259536859714108558705447649117559194564819335937500000000000000e+00
-2.7258086268067884816446166951209306716918945312500000000000000000e+00
-2.7256646046653294490624830359593033790588378906250000000000000000e+00
-2.7255215688754450553688002401031553745269775390625000000000000000e+00
-2.7253794716609203163670827052555978298187255859375000000000000000e+00
-2.7252382679535989140617857628967612981796264648437500000000000000e+00
-2.7250979152197500887666592461755499243736267089843750000000000000e+00
-2.7249583732992115336912775092059746384620666503906250000000000000e+00
-2.7248196042560604013260672218166291713714599609375000000000000000e+00
-2.7246815722399566617184518690919503569602966308593750000000000000e+00
-2.7245442433574700302756355085875838994979858398437500000000000000e+00
-2.7244075855520581974644755973713472485542297363281250000000000000e+00
-2.7242715684929743602538110280875116586685180664062500000000000000e+00
-2.7241361634711527273111641989089548587799072265625000000000000000e+00
-2.7240013433026493139266221987782046198844909667968750000000000000e+00
-2.7238670822388213466069828427862375974655151367187500000000000000e+00
-2.7237333558812313327734955237247049808502197265625000000000000000e+00
-2.7236001411047197073855841153999790549278259277343750000000000000e+00
-2.7234674159822289674082185229053720831871032714843750000000000000e+00
-2.7233351597174242364474139321828261017799377441406250000000000000e+00
-2.7232033525810539487110872869379818439483642578125000000000000000e+00
-2.7230719758478616476793376932619139552116394042968750000000000000e+00
-2.7229410117459558193786506308242678642272949218750000000000000000e+00
-2.7228104433975079956553599913604557514190673828125000000000000000e+00
-2.7226802547740427407063634746009483933448791503906250000000000000e+00
-2.7225504306511010277347395458491519093513488769531250000000000000e+00
-2.7224209565554287060251681396039202809333801269531250000000000000e+00
-2.7222918187413114310402306728065013885498046875000000000000000000e+00
-2.7221630041324695881144180020783096551895141601562500000000000000e+00
-2.7220345002987431648477922863094136118888854980468750000000000000e+00
-2.7219062954270545340307307924376800656318664550781250000000000000e+00
-2.7217783782609417109199512196937575936317443847656250000000000000e+00
-2.7216507381182171165789895894704386591911315917968750000000000000e+00
-2.7215233648134806720975120697403326630592346191406250000000000000e+00
-2.7213962486551248609600861527724191546440124511718750000000000000e+00
-2.7212693804467509295363925048150122165679931640625000000000000000e+00
-2.7211427513797254995608909666771069169044494628906250000000000000e+00
-2.7210163531284137228283270815154537558555603027343750000000000000e+00
-2.7208901777305007918528190202778205275535583496093750000000000000e+00
-2.7207642175822943642060636193491518497467041015625000000000000000e+00
-2.7206384655296451668959889502730220556259155273437500000000000000e+00
-2.7205129146300826015192342310911044478416442871093750000000000000e+00
-2.7203875583806120808105788455577567219734191894531250000000000000e+00
-2.7202623905654159663924929191125556826591491699218750000000000000e+00
-2.7201374051500009088044862437527626752853393554687500000000000000e+00
-2.7200125966121255771668074885383248329162597656250000000000000000e+00
-2.7198879594428504447023442480713129043579101562500000000000000000e+00
-2.7197634885209649446835555863799527287483215332031250000000000000e+00
-2.7196391790731015980497886630473658442497253417968750000000000000e+00
-2.7195150261968623617292450944660231471061706542968750000000000000e+00
-2.7193910256886382192931250756373628973960876464843750000000000000e+00
-2.7192671732047921651087563077453523874282836914062500000000000000e+00
-2.7191434645708678630171561962924897670745849609375000000000000000e+00
-2.7190198963067784276859129022341221570968627929687500000000000000e+00
-2.7188964643006090504684379993705078959465026855468750000000000000e+00
-2.7187731653302749101897006767103448510169982910156250000000000000e+00
-2.7186499961790318025123269762843847274780273437500000000000000000e+00
-2.7185269531371711870804119826061651110649108886718750000000000000e+00
-2.7184040339253305873512545076664537191390991210937500000000000000e+00
-2.7182812351118696980734057433437556028366088867187500000000000000e+00
-2.7181585539191166489558781904634088277816772460937500000000000000e+00
-2.7180359884755169730397028615698218345642089843750000000000000000e+00
-2.7179135351172774015537925151875242590904235839843750000000000000e+00
-2.7177911924502451412877235270570963621139526367187500000000000000e+00
-2.7176689580825805769848102499963715672492980957031250000000000000e+00
-2.7175468288629018864810404920717701315879821777343750000000000000e+00
-2.7174248045075133362047381524462252855300903320312500000000000000e+00
-2.7173028814590360902059273939812555909156799316406250000000000000e+00
-2.7171810582602584638323151011718437075614929199218750000000000000e+00
-2.7170593344591522644293490884592756628990173339843750000000000000e+00
-2.7169377057929948726666680158814415335655212402343750000000000000e+00
-2.7168161731393585256455480703152716159820556640625000000000000000e+00
-2.7166947341758551637269647471839562058448791503906250000000000000e+00
-2.7165733857165572651126694836420938372611999511718750000000000000e+00
-2.7164521300547135318481650756439194083213806152343750000000000000e+00
-2.7163309622132669751692901627393439412117004394531250000000000000e+00
-2.7162098822661047137216883129440248012542724609375000000000000000e+00
-2.7160888913308585124184446613071486353874206542968750000000000000e+00
-2.7159679831390084459030731522943824529647827148437500000000000000e+00
-2.7158471618300894512287868565181270241737365722656250000000000000e+00
-2.7157264244205387981878629943821579217910766601562500000000000000e+00
-2.7156057668263824389498495293082669377326965332031250000000000000e+00
-2.7154851952090064415301640110556036233901977539062500000000000000e+00
-2.7153647015195674363496891601243987679481506347656250000000000000e+00
-2.7152442876025237872283923934446647763252258300781250000000000000e+00
-2.7151239569645424509758413478266447782516479492187500000000000000e+00
-2.7150036992395905066643990721786394715309143066406250000000000000e+00
-2.7148835233078592032995857152855023741722106933593750000000000000e+00
-2.7147634251420473816551748313941061496734619140625000000000000000e+00
-2.7146433981059474582764323713490739464759826660156250000000000000e+00
-2.7145234544809815346866344043519347906112670898437500000000000000e+00
-2.7144035812616542635566929675405845046043395996093750000000000000e+00
-2.7142837817617322393459744489518925547599792480468750000000000000e+00
-2.7141640639298185710970301443012431263923645019531250000000000000e+00
-2.7140444102770167056348782352870330214500427246093750000000000000e+00
-2.7139248360190406650360728235682472586631774902343750000000000000e+00
-2.7138053367644205948749913659412413835525512695312500000000000000e+00
-2.7136859002214057667856650368776172399520874023437500000000000000e+00
-2.7135665480447985764556051435647532343864440917968750000000000000e+00
-2.7134472607672326383010386052774265408515930175781250000000000000e+00
-2.7133280413565139532749981299275532364845275878906250000000000000e+00
-2.7132089061058279888527522416552528738975524902343750000000000000e+00
-2.7130898265969709548528498999075964093208312988281250000000000000e+00
-2.7129708251554660591864376328885555267333984375000000000000000000e+00
-2.7128518998188897448642364906845614314079284667968750000000000000e+00
-2.7127330276427312760745280684204772114753723144531250000000000000e+00
-2.7126142432845332663760018476750701665878295898437500000000000000e+00
-2.7124955210263506089063412218820303678512573242187500000000000000e+00
-2.7123768589275263352078582101967185735702514648437500000000000000e+00
-2.7122582876055592038255781517364084720611572265625000000000000000e+00
-2.7121397640698687858673565642675384879112243652343750000000000000e+00
-2.7120213161975845750362168473657220602035522460937500000000000000e+00
-2.7119029502750415794309901684755459427833557128906250000000000000e+00
-2.7117846262842815185933886823477223515510559082031250000000000000e+00
-2.7116663941031688978000602219253778457641601562500000000000000000e+00
-2.7115482257149055023148775944719091057777404785156250000000000000e+00
-2.7114301059704626339907918008975684642791748046875000000000000000e+00
-2.7113120871590847826837489265017211437225341796875000000000000000e+00
-2.7111941100465624110427143023116514086723327636718750000000000000e+00
-2.7110762026965788962229453318286687135696411132812500000000000000e+00
-2.7109583882310634983525687857763841748237609863281250000000000000e+00
-2.7108406039480632543359206465538591146469116210937500000000000000e+00
-2.7107229126381988670857481338316574692726135253906250000000000000e+00
-2.7106052938405467145344118762295693159103393554687500000000000000e+00
-2.7104877071458433057671300048241391777992248535156250000000000000e+00
-2.7103702333794035261860244645504280924797058105468750000000000000e+00
-2.7102527993222911284476595028536394238471984863281250000000000000e+00
-2.7101354239763568720888997631845995783805847167968750000000000000e+00
-2.7100181559884344295596747542731463909149169921875000000000000000e+00
-2.7099009095236126221095673827221617102622985839843750000000000000e+00
-2.7097837496881576058171958720777183771133422851562500000000000000e+00
-2.7096666805252231924328043533023446798324584960937500000000000000e+00
-2.7095496221143178239287863107165321707725524902343750000000000000e+00
-2.7094326877401573305803594848839566111564636230468750000000000000e+00
-2.7093157970567838255249171197647228837013244628906250000000000000e+00
-2.7091989495762502926368142652790993452072143554687500000000000000e+00
-2.7090822228995445897226090892218053340911865234375000000000000000e+00
-2.7089655180943257306580562726594507694244384765625000000000000000e+00
-2.7088488812212636602794191276188939809799194335937500000000000000e+00
-2.7087323635569027224789806496119126677513122558593750000000000000e+00
-2.7086158325640723454341696196934208273887634277343750000000000000e+00
-2.7084994328642100214210586273111402988433837890625000000000000000e+00
-2.7083830867905884787205650354735553264617919921875000000000000000e+00
-2.7082667679920255920933414017781615257263183593750000000000000000e+00
-2.7081505752449732682407557149417698383331298828125000000000000000e+00
-2.7080344200141186483676847274182364344596862792968750000000000000e+00
-2.7079182990511840856129310850519686937332153320312500000000000000e+00
-2.7078023340276318187136439519235864281654357910156250000000000000e+00
-2.7076863329202782715299235860584303736686706542968750000000000000e+00
-2.7075704641720581555830449360655620694160461425781250000000000000e+00
-2.7074546624648898607290448126150295138359069824218750000000000000e+00
-2.7073388779969009831916082475800067186355590820312500000000000000e+00
-2.7072232097493524882736437575658783316612243652343750000000000000e+00
-2.7071076128415483275091446557780727744102478027343750000000000000e+00
-2.7069920042091131229256006918149068951606750488281250000000000000e+00
-2.7068765898539126624200434889644384384155273437500000000000000000e+00
-2.7067611238088082892261354572838172316551208496093750000000000000e+00
-2.7066457835008392862619075458496809005737304687500000000000000000e+00
-2.7065305234853487270640925999032333493232727050781250000000000000e+00
-2.7064152817891886648737909126793965697288513183593750000000000000e+00
-2.7063001292467019354148760612588375806808471679687500000000000000e+00
-2.7061850957803539330370767856948077678680419921875000000000000000e+00
-2.7060700017800671801637690805364400148391723632812500000000000000e+00
-2.7059551314388654574827342003118246793746948242187500000000000000e+00
-2.7058402074761627176258116378448903560638427734375000000000000000e+00
-2.7057253941301571131816672277636826038360595703125000000000000000e+00
-2.7056106715399876883054730569710955023765563964843750000000000000e+00
-2.7054959801492657334165414795279502868652343750000000000000000000e+00
-2.7053813389340071182687097461894154548645019531250000000000000000e+00
-2.7052668666459047663863657362526282668113708496093750000000000000e+00
-2.7051522963116605424715999106410890817642211914062500000000000000e+00
-2.7050379590199602475308893190231174230575561523437500000000000000e+00
-2.7049235843871897166934559209039434790611267089843750000000000000e+00
-2.7048092972658106525329912983579561114311218261718750000000000000e+00
-2.7046951078381478161816175997955724596977233886718750000000000000e+00
-2.7045809699594012265322362509323284029960632324218750000000000000e+00
-2.7044668422907536253774196666199713945388793945312500000000000000e+00
-2.7043529209420014147724486974766477942466735839843750000000000000e+00
-2.7042388876835654620833793160272762179374694824218750000000000000e+00
-2.7041250710569095794255645159864798188209533691406250000000000000e+00
-2.7040112506201450237597327941330149769783020019531250000000000000e+00
-2.7038974898948531233600078849121928215026855468750000000000000000e+00
-2.7037838302221515185408406978240236639976501464843750000000000000e+00
-2.7036702436058455134570976952090859413146972656250000000000000000e+00
-2.7035566370524510837469733814941719174385070800781250000000000000e+00
-2.7034432517250559513399821298662573099136352539062500000000000000e+00
-2.7033297681970989145838757394813001155853271484375000000000000000e+00
-2.7032164626682835262272419640794396400451660156250000000000000000e+00
-2.7031031962414537872518849326297640800476074218750000000000000000e+00
-2.7029899633895326793719959823647513985633850097656250000000000000e+00
-2.7028768306222228368085325200809165835380554199218750000000000000e+00
-2.7027637889071751686742572928778827190399169921875000000000000000e+00
-2.7026507124690311023584854410728439688682556152343750000000000000e+00
-2.7025378487162505791729927295818924903869628906250000000000000000e+00
-2.7024249216493738678934732888592407107353210449218750000000000000e+00
-2.7023121234390901079791547090280801057815551757812500000000000000e+00
-2.7021994048062025761680615687509998679161071777343750000000000000e+00
-2.7020867022373278309999022894771769642829895019531250000000000000e+00
-2.7019740934954019628833066235529258847236633300781250000000000000e+00
-2.7018615884416354866459641925757750868797302246093750000000000000e+00
-2.7017490485336588257325729500735178589820861816406250000000000000e+00
-2.7016366961851270289685089664999395608901977539062500000000000000e+00
-2.7015243240800059787432019220432266592979431152343750000000000000e+00
-2.7014120349561716594166682625655084848403930664062500000000000000e+00
-2.7012998534589138799333341012243181467056274414062500000000000000e+00
-2.7011876829221344031850549072260037064552307128906250000000000000e+00
-2.7010755951959555254404676816193386912345886230468750000000000000e+00
-2.7009636182426683959079127816949039697647094726562500000000000000e+00
-2.7008516165927214380815257754875347018241882324218750000000000000e+00
-2.7007397704856663800399019237374886870384216308593750000000000000e+00
-2.7006279448723113922881111648166552186012268066406250000000000000e+00
-2.7005161691132948398319513216847553849220275878906250000000000000e+00
-2.7004045127574891616006880212808027863502502441406250000000000000e+00
-2.7002928733824527185447550436947494745254516601562500000000000000e+00
-2.7001813037125357297441041737329214811325073242187500000000000000e+00
-2.7000698465436974160525096522178500890731811523437500000000000000e+00
-2.6999583801666009463815498747862875461578369140625000000000000000e+00
-2.6998470384274959599224530393257737159729003906250000000000000000e+00
-2.6997357470647935784313631302211433649063110351562500000000000000e+00
-2.6996244877948263329869860172038897871971130371093750000000000000e+00
-2.6995133458679307913996581191895529627799987792968750000000000000e+00
-2.6994022331362823585720889241201803088188171386718750000000000000e+00
-2.6992911784267299424300290411338210105895996093750000000000000000e+00
-2.6991802330455367808781375060789287090301513671875000000000000000e+00
-2.6990692952929378201076815457781776785850524902343750000000000000e+00
-2.6989584568880542470026284718187525868415832519531250000000000000e+00
-2.6988476867475701403975563152926042675971984863281250000000000000e+00
-2.6987369435832140318609617679612711071968078613281250000000000000e+00
-2.6986263075484631102085586462635546922683715820312500000000000000e+00
-2.6985157136605870675793994450941681861877441406250000000000000000e+00
-2.6984051699806168578277265623910352587699890136718750000000000000e+00
-2.6982947286673626408060044923331588506698608398437500000000000000e+00
-2.6981843104310803127532381040509790182113647460937500000000000000e+00
-2.6980739732595888646926596265984699130058288574218750000000000000e+00
-2.6979637121560293699928934074705466628074645996093750000000000000e+00
-2.6978534806803264878283243888290598988533020019531250000000000000e+00
-2.6977433435292921259929244115483015775680541992187500000000000000e+00
-2.6976332585945139719285634782863780856132507324218750000000000000e+00
-2.6975232204079038211830265936441719532012939453125000000000000000e+00
-2.6974132755597675092928966478211805224418640136718750000000000000e+00
-2.6973033662431404877679597120732069015502929687500000000000000000e+00
-2.6971935261412416373616451892303302884101867675781250000000000000e+00
-2.6970837630525492656374808575492352247238159179687500000000000000e+00
-2.6969740355074334203777652874123305082321166992187500000000000000e+00
-2.6968643905076548072941022837767377495765686035156250000000000000e+00
-2.6967548036954283041666258213808760046958923339843750000000000000e+00
-2.6966452634751196804074879764812067151069641113281250000000000000e+00
-2.6965358072673026867960288655012845993041992187500000000000000000e+00
-2.6964263954577587512062564201187342405319213867187500000000000000e+00
-2.6963170459398808631590327422600239515304565429687500000000000000e+00
-2.6962077705865579169142165483208373188972473144531250000000000000e+00
-2.6960985369317937987432287627598270773887634277343750000000000000e+00
-2.6959893765693565548247079277643933892250061035156250000000000000e+00
-2.6958802767436176317517038114601746201515197753906250000000000000e+00
-2.6957712250602754444628317287424579262733459472656250000000000000e+00
-2.6956622490206734177320413436973467469215393066406250000000000000e+00
-2.6955533228710817361672980041475966572761535644531250000000000000e+00
-2.6954444553084502267381594720063731074333190917968750000000000000e+00
-2.6953356575229041602881352446274831891059875488281250000000000000e+00
-2.6952269063183105224368318886263296008110046386718750000000000000e+00
-2.6951182217408344854447932448238134384155273437500000000000000000e+00
-2.6950095975817656146489298407686874270439147949218750000000000000e+00
-2.6949010234625769832916830637259408831596374511718750000000000000e+00
-2.6947925181250327320015003351727500557899475097656250000000000000e+00
-2.6946840654798389635971034294925630092620849609375000000000000000e+00
-2.6945756694658142826881430664798244833946228027343750000000000000e+00
-2.6944673386540136661437827569898217916488647460937500000000000000e+00
-2.6943590575943727749574918561847880482673645019531250000000000000e+00
-2.6942508384885051064827621303265914320945739746093750000000000000e+00
-2.6941426783347237616794700443278998136520385742187500000000000000e+00
-2.6940345696488443572036430850857868790626525878906250000000000000e+00
-2.6939265243805610161587082984624430537223815917968750000000000000e+00
-2.6938185327265489199533021746901795268058776855468750000000000000e+00
-2.6937105964587400031007291545392945408821105957031250000000000000e+00
-2.6936027212593636193105339771136641502380371093750000000000000000e+00
-2.6934948974104950814023595739854499697685241699218750000000000000e+00
-2.6933871321211793059546835138462483882904052734375000000000000000e+00
-2.6932794237526906933055670378962531685829162597656250000000000000e+00
-2.6931717674898463243948754097800701856613159179687500000000000000e+00
-2.6930641704824367366200021933764219284057617187500000000000000000e+00
-2.6929566268243312343599882296985015273094177246093750000000000000e+00
-2.6928491374124647883547822857508435845375061035156250000000000000e+00
-2.6927417055427400605083221307722851634025573730468750000000000000e+00
-2.6926343253964715174220145854633301496505737304687500000000000000e+00
-2.6925270011226971611506542103597894310951232910156250000000000000e+00
-2.6924197316007529856562996428692713379859924316406250000000000000e+00
-2.6923125140240271591096643533091992139816284179687500000000000000e+00
-2.6922053523809426067714412056375294923782348632812500000000000000e+00
-2.6920982431211641916490862058708444237709045410156250000000000000e+00
-2.6919911867950099271240560483420267701148986816406250000000000000e+00
-2.6918841850251031821983360714511945843696594238281250000000000000e+00
-2.6917772344776742521332835167413577437400817871093750000000000000e+00
-2.6916703374523396341544412280200049281120300292968750000000000000e+00
-2.6915634930430827331804266577819362282752990722656250000000000000e+00
-2.6914566997534890013810127129545435309410095214843750000000000000e+00
-2.6913499596073804376317184505751356482505798339843750000000000000e+00
-2.6912432704684494666480532032437622547149658203125000000000000000e+00
-2.6911366327004984100312867667526006698608398437500000000000000000e+00
-2.6910300468953574082320301386062055826187133789062500000000000000e+00
-2.6909235112132519063266045122873038053512573242187500000000000000e+00
-2.6908170268357323173802342353155836462974548339843750000000000000e+00
-2.6907105929996144588756123994244262576103210449218750000000000000e+00
-2.6906042089571555742111286235740408301353454589843750000000000000e+00
-2.6904978755775261767269057600060477852821350097656250000000000000e+00
-2.6903915915715059803403619298478588461875915527343750000000000000e+00
-2.6902853571434919288662968028802424669265747070312500000000000000e+00
-2.6901791723281278656543236138531938195228576660156250000000000000e+00
-2.6900730361286071534721031639492139220237731933593750000000000000e+00
-2.6899669490519291237262677896069362759590148925781250000000000000e+00
-2.6898609104706747707780323253246024250984191894531250000000000000e+00
-2.6897549200020782755871096014743670821189880371093750000000000000e+00
-2.6896489778791412561531615210697054862976074218750000000000000000e+00
-2.6895430833118898483746761485235765576362609863281250000000000000e+00
-2.6894372363508396439613079564878717064857482910156250000000000000e+00
-2.6893314367754967975088220555335283279418945312500000000000000000e+00
-2.6892256840261841155381716816918924450874328613281250000000000000e+00
-2.6891199782119410421898919594241306185722351074218750000000000000e+00
-2.6890143188308908150929710245691239833831787109375000000000000000e+00
-2.6889087056374978423889388068346306681632995605468750000000000000e+00
-2.6888031385432675790525536285713315010070800781250000000000000000e+00
-2.6886976170380263440051749057602137327194213867187500000000000000e+00
-2.6885921410382609408884491131175309419631958007812500000000000000e+00
-2.6884867102346943212864971428643912076950073242187500000000000000e+00
-2.6883813242664928999658968677977100014686584472656250000000000000e+00
-2.6882759830204627782279658276820555329322814941406250000000000000e+00
-2.6881706860931360303368364839116111397743225097656250000000000000e+00
-2.6880654332618560964363041421165689826011657714843750000000000000e+00
-2.6879602242945832557552421349100768566131591796875000000000000000e+00
-2.6878550588224681128224347048671916127204895019531250000000000000e+00
-2.6877499366617767506681957456748932600021362304687500000000000000e+00
-2.6876448574892823906168359826551750302314758300781250000000000000e+00
-2.6875398210149583633210568223148584365844726562500000000000000000e+00
-2.6874348270123449289314976340392604470252990722656250000000000000e+00
-2.6873298751406204942782096622977405786514282226562500000000000000e+00
-2.6872249651564126260439024918014183640480041503906250000000000000e+00
-2.6871200967741444287639751564711332321166992187500000000000000000e+00
-2.6870152696835050143420176027575507760047912597656250000000000000e+00
-2.6869104836366473065822901844512671232223510742187500000000000000e+00
-2.6868057383187848863315139169571921229362487792968750000000000000e+00
-2.6867010334512348990188002062495797872543334960937500000000000000e+00
-2.6865963687563141348846329492516815662384033203125000000000000000e+00
-2.6864917439232329776643837249139323830604553222656250000000000000e+00
-2.6863871586807559488363494892837479710578918457031250000000000000e+00
-2.6862826127274250787024811870651319622993469238281250000000000000e+00
-2.6861781057676252792987270368030294775962829589843750000000000000e+00
-2.6860736375178615453762631659628823399543762207031250000000000000e+00
-2.6859692076705554697468869562726467847824096679687500000000000000e+00
-2.6858648159372133790157022303901612758636474609375000000000000000e+00
-2.6857604620190511646171671600313857197761535644531250000000000000e+00
-2.6856561456128136278209694864926859736442565917968750000000000000e+00
-2.6855518664255537686358366045169532299041748046875000000000000000e+00
-2.6854476241505933487019319727551192045211791992187500000000000000e+00
-2.6853434184881486146423412719741463661193847656250000000000000000e+00
-2.6852392491362446769187499739928171038627624511718750000000000000e+00
-2.6851351157871352626216321368701756000518798828125000000000000000e+00
-2.6850310181389112074157310416921973228454589843750000000000000000e+00
-2.6849269558828177117959512543166056275367736816406250000000000000e+00
-2.6848229287113349883497903647366911172866821289062500000000000000e+00
-2.6847189363169725595525960670784115791320800781250000000000000000e+00
-2.6846149783878310302043246338143944740295410156250000000000000000e+00
-2.6845110546143708951660755701595917344093322753906250000000000000e+00
-2.6844071646837401878826767642749473452568054199218750000000000000e+00
-2.6843033082822707058312516892328858375549316406250000000000000000e+00
-2.6841994850963555307998831267468631267547607421875000000000000000e+00
-2.6840956948094421008477183931972831487655639648437500000000000000e+00
-2.6839919371053602148435857088770717382431030273437500000000000000e+00
-2.6838882116661122445577802864136174321174621582031250000000000000e+00
-2.6837845181723540832763319485820829868316650390625000000000000000e+00
-2.6836808563043623721000585646834224462509155273437500000000000000e+00
-2.6835772257403940344033799192402511835098266601562500000000000000e+00
-2.6834736261581402239073668170021846890449523925781250000000000000e+00
-2.6833700572339762580043043271871283650398254394531250000000000000e+00
-2.6832665186428954484654241241514682769775390625000000000000000000e+00
-2.6831630100591148391231399727985262870788574218750000000000000000e+00
-2.6830595311553104842516859207535162568092346191406250000000000000e+00
-2.6829560816031805536852061777608469128608703613281250000000000000e+00
-2.6828526610732157386962626333115622401237487792968750000000000000e+00
-2.6827492692346002201020382926799356937408447265625000000000000000e+00
-2.6826459057554696840952601633034646511077880859375000000000000000e+00
-2.6825425703026248847038459643954411149024963378906250000000000000e+00
-2.6824392625417101676532638521166518330574035644531250000000000000e+00
-2.6823359821371517419663632608717307448387145996093750000000000000e+00
-2.6822327287520866256897988932905718684196472167968750000000000000e+00
-2.6821295020484785531778015865711495280265808105468750000000000000e+00
-2.6820263016869798633479149430058896541595458984375000000000000000e+00
-2.6819231273270132120956077415030449628829956054687500000000000000e+00
-2.6818199786267240547488199808867648243904113769531250000000000000e+00
-2.6817168552429575534290506766410544514656066894531250000000000000e+00
-2.6816137568312909955636769154807552695274353027343750000000000000e+00
-2.6815106830459689568613157462095841765403747558593750000000000000e+00
-2.6814076335399392725378220347920432686805725097656250000000000000e+00
-2.6813046079648046315924148075282573699951171875000000000000000000e+00
-2.6812016059708296822350348520558327436447143554687500000000000000e+00
-2.6810986272069254887639999651582911610603332519531250000000000000e+00
-2.6809956713206237743918336491333320736885070800781250000000000000e+00
-2.6808927379580786976021045120432972908020019531250000000000000000e+00
-2.6807898267640379863507860136451199650764465332031250000000000000e+00
-2.6806869373818349444604791642632335424423217773437500000000000000e+00
-2.6805840694533733525872776226606220006942749023437500000000000000e+00
-2.6804812226191034874034357926575466990470886230468750000000000000e+00
-2.6803783965180127957239619718166068196296691894531250000000000000e+00
-2.6802755907876050223137553984997794032096862792968750000000000000e+00
-2.6801728050638811140515826991759240627288818359375000000000000000e+00
-2.6800700389813201240940543357282876968383789062500000000000000000e+00
-2.6799672921728592278611813526367768645286560058593750000000000000e+00
-2.6798645642698808444492897251620888710021972656250000000000000000e+00
-2.6797618549021779976726520544616505503654479980468750000000000000e+00
-2.6796591636979476547253398166503757238388061523437500000000000000e+00
-2.6795564902837609722041634086053818464279174804687500000000000000e+00
-2.6794538342845317657747727935202419757843017578125000000000000000e+00
-2.6793511953235196187961264513432979583740234375000000000000000000e+00
-2.6792485730222708184555813204497098922729492187500000000000000000e+00
-2.6791459670006250171070405485806986689567565917968750000000000000e+00
-2.6790433768766712674391783366445451974868774414062500000000000000e+00
-2.6789408022667240416581080353353172540664672851562500000000000000e+00
-2.6788382427853010270268896420020610094070434570312500000000000000e+00
-2.6787356980450947041560993966413661837577819824218750000000000000e+00
-2.6786331676569368198670417768880724906921386718750000000000000000e+00
-2.6785306512297819558909850456984713673591613769531250000000000000e+00
-2.6784281483706591231452875945251435041427612304687500000000000000e+00
-2.6783256586846637681276206421898677945137023925781250000000000000e+00
-2.6782231817748973767834286263678222894668579101562500000000000000e+00
-2.6781207172424639217922504030866548418998718261718750000000000000e+00
-2.6780182646864121309704387385863810777664184570312500000000000000e+00
-2.6779158237037172796135564567521214485168457031250000000000000000e+00
-2.6778133938892390020214406831655651330947875976562500000000000000e+00
-2.6777109748356848761829951399704441428184509277343750000000000000e+00
-2.6776085661335677912120445398613810539245605468750000000000000000e+00
-2.6775061673711824106192125327652320265769958496093750000000000000e+00
-2.6774037781345447761793820973252877593040466308593750000000000000e+00
-2.6773013980073745443633015383966267108917236328125000000000000000e+00
-2.6771990265710350342942547285929322242736816406250000000000000000e+00
-2.6770966634044990328789026534650474786758422851562500000000000000e+00
-2.6769943080843057181539279554272070527076721191406250000000000000e+00
-2.6768919601845100331161120266187936067581176757812500000000000000e+00
-2.6767896192766436058718682033941149711608886718750000000000000000e+00
-2.6766872849296632352888991590589284896850585937500000000000000000e+00
-2.6765849567099002648262739967321977019309997558593750000000000000e+00
-2.6764826341810228349515909940237179398536682128906250000000000000e+00
-2.6763803169039688256702902435790747404098510742187500000000000000e+00
-2.6762780044369023357830883469432592391967773437500000000000000000e+00
-2.6761756963351679416973638581112027168273925781250000000000000000e+00
-2.6760733921512156463506926229456439614295959472656250000000000000e+00
-2.6759710914345649079848499241052195429801940917968750000000000000e+00
-2.6758687937317415794780117721529677510261535644531250000000000000e+00
-2.6757664985862112949632773961639031767845153808593750000000000000e+00
-2.6756642055383310641047955868998542428016662597656250000000000000e+00
-2.6755619141252764414673492865404114127159118652343750000000000000e+00
-2.6754596238809882358111735811689868569374084472656250000000000000e+00
-2.6753573343361072289781077415682375431060791015625000000000000000e+00
-2.6752550450178951280122419120743870735168457031250000000000000000e+00
-2.6751527554501897121497222542529925704002380371093750000000000000e+00
-2.6750504651533177913336203346261754631996154785156250000000000000e+00
-2.6749481736440259282971965149044990539550781250000000000000000000e+00
-2.6748458804354249274126686941599473357200622558593750000000000000e+00
-2.6747435850368899146189960447372868657112121582031250000000000000e+00
-2.6746412869540128198764250555541366338729858398437500000000000000e+00
-2.6745389856884989043805944675114005804061889648437500000000000000e+00
-2.6744366807381121375897237157914787530899047851562500000000000000e+00
-2.6743343715965761653308163658948615193367004394531250000000000000e+00
-2.6742320577535054759721333539346233010292053222656250000000000000e+00
-2.6741297386943094771538653731113299727439880371093750000000000000e+00
-2.6740274139001205533361371635692194104194641113281250000000000000e+00
-2.6739250828476901489239025977440178394317626953125000000000000000e+00
-2.6738227450093194903502080705948173999786376953125000000000000000e+00
-2.6737203998527498960413595341378822922706604003906250000000000000e+00
-2.6736180468410868371620381367392838001251220703125000000000000000e+00
-2.6735156854326875830452081572730094194412231445312500000000000000e+00
-2.6734133150810834855803932441631332039833068847656250000000000000e+00
-2.6733109352348667364651646494166925549507141113281250000000000000e+00
-2.6732085453376046579876401665387675166130065917968750000000000000e+00
-2.6731061448277184666721950634382665157318115234375000000000000000e+00
-2.6730037331384028931324792210943996906280517578125000000000000000e+00
-2.6729013096975027252710788161493837833404541015625000000000000000e+00
-2.6727988739274177731886084075085818767547607421875000000000000000e+00
-2.6726964252449851855431006697472184896469116210937500000000000000e+00
-2.6725939630613773090317408787086606025695800781250000000000000000e+00
-2.6724914867819848929286763450363650918006896972656250000000000000e+00
-2.6723889958063002936228258477058261632919311523437500000000000000e+00
-2.6722864895278144459211944194976240396499633789062500000000000000e+00
-2.6721839673338840803751281782751902937889099121093750000000000000e+00
-2.6720814286056264741375798621447756886482238769531250000000000000e+00
-2.6719788727177924414490917115472257137298583984375000000000000000e+00
-2.6718762990386486499971852026646956801414489746093750000000000000e+00
-2.6717737069298594931865409307647496461868286132812500000000000000e+00
-2.6716710957463472020378958404762670397758483886718750000000000000e+00
-2.6715684648361959219187156122643500566482543945312500000000000000e+00
-2.6714658135404958372305372904520481824874877929687500000000000000e+00
-2.6713631411932423631583333190064877271652221679687500000000000000e+00
-2.6712604471211918166773102711886167526245117187500000000000000000e+00
-2.6711577306437450651799281331477686762809753417968750000000000000e+00
-2.6710549910728209610510930360760539770126342773437500000000000000e+00
-2.6709522277127208944591529871104285120964050292968750000000000000e+00
-2.6708494398600066688231891021132469177246093750000000000000000000e+00
-2.6707466268033748235666280379518866539001464843750000000000000000e+00
-2.6706437878235318450492741249036043882369995117187500000000000000e+00
-2.6705409221930622720719838980585336685180664062500000000000000000e+00
-2.6704380291763158972173641814151778817176818847656250000000000000e+00
-2.6703351080292727637299776688450947403907775878906250000000000000e+00
-2.6702321579994348077491395088145509362220764160156250000000000000e+00
-2.6701291783257019574193691369146108627319335937500000000000000000e+00
-2.6700261682382548933389898593304678797721862792968750000000000000e+00
-2.6699231269584489112389746878761798143386840820312500000000000000e+00
-2.6698200536987037878589035244658589363098144531250000000000000000e+00
-2.6697169476623980877150188462110236287117004394531250000000000000e+00
-2.6696138080437710193848488415824249386787414550781250000000000000e+00
-2.6695106340278291767731388972606509923934936523437500000000000000e+00
-2.6694074247902577212698815856128931045532226562500000000000000000e+00
-2.6693041794973382252464944031089544296264648437500000000000000000e+00
-2.6692008973058762855146142101148143410682678222656250000000000000e+00
-2.6690975773631353540338295715628191828727722167968750000000000000e+00
-2.6689942188067865558309676998760551214218139648437500000000000000e+00
-2.6688908207648482928675548464525490999221801757812500000000000000e+00
-2.6687873823556644836685336485970765352249145507812500000000000000e+00
-2.6686839026878721448099440749501809477806091308593750000000000000e+00
-2.6685803808603973941160347749246284365653991699218750000000000000e+00
-2.6684768159624505656779547280166298151016235351562500000000000000e+00
-2.6683732070735537433847639476880431175231933593750000000000000000e+00
-2.6682695532635700708112835854990407824516296386718750000000000000e+00
-2.6681658535927641473506355396239086985588073730468750000000000000e+00
-2.6680621071118650888820411637425422668457031250000000000000000000e+00
-2.6679583128621708887351360317552462220191955566406250000000000000e+00
-2.6678544698756549991003339528106153011322021484375000000000000000e+00
-2.6677505771751226504306941933464258909225463867187500000000000000e+00
-2.6676466337743498513646045466884970664978027343750000000000000000e+00
-2.6675426386783134269364836654858663678169250488281250000000000000e+00
-2.6674385908833886382751643395749852061271667480468750000000000000e+00
-2.6673344893776174124866429337998852133750915527343750000000000000e+00
-2.6672303331409961124620622285874560475349426269531250000000000000e+00
-2.6671261211458028306253709160955622792243957519531250000000000000e+00
-2.6670218523569633184422400518087670207023620605468750000000000000e+00
-2.6669175257324564398686561617068946361541748046875000000000000000e+00
-2.6668131402237631455420796555699780583381652832031250000000000000e+00
-2.6667086947763665172317359974840655922889709472656250000000000000e+00
-2.6666041883302948889422623324207961559295654296875000000000000000e+00
-2.6664996198207124855628080695169046521186828613281250000000000000e+00
-2.6663949881785820039681311754975467920303344726562500000000000000e+00
-2.6662902923313667180593711236724629998207092285156250000000000000e+00
-2.6661855312037925358481516013853251934051513671875000000000000000e+00
-2.6660807037186935453121350292349234223365783691406250000000000000e+00
-2.6659758087979059659744507371215149760246276855468750000000000000e+00
-2.6658708453632309343106498999986797571182250976562500000000000000e+00
-2.6657658123374838865515812358353286981582641601562500000000000000e+00
-2.6656607086456096666893245128449052572250366210937500000000000000e+00
-2.6655555332158780146301069180481135845184326171875000000000000000e+00
-2.6654502849811705367244485387345775961875915527343750000000000000e+00
-2.6653449628803334015003656531916931271553039550781250000000000000e+00
-2.6652395658596499394832335383398458361625671386718750000000000000e+00
-2.6651340928743691982560903852572664618492126464843750000000000000e+00
-2.6650285428903606188555386324878782033920288085937500000000000000e+00
-2.6649229148858473159577897604322060942649841308593750000000000000e+00
-2.6648172078532463835642829508287832140922546386718750000000000000e+00
-2.6647114208011091207595200103241950273513793945312500000000000000e+00
-2.6646055527561784970203007105737924575805664062500000000000000000e+00
-2.6644996027655247772258917393628507852554321289062500000000000000e+00
-2.6643935698988290283750757225789129734039306640625000000000000000e+00
-2.6642874532507367923983565560774877667427062988281250000000000000e+00
-2.6641812519433525352496872073970735073089599609375000000000000000e+00
-2.6640749651288304633567349810618907213211059570312500000000000000e+00
-2.6639685919920759182843994494760408997535705566406250000000000000e+00
-2.6638621317535662313957800506614148616790771484375000000000000000e+00
-2.6637555836722652813364220492076128721237182617187500000000000000e+00
-2.6636489470486668373894190153805539011955261230468750000000000000e+00
-2.6635422212279129539069799648132175207138061523437500000000000000e+00
-2.6634354056030411506128530163550749421119689941406250000000000000e+00
-2.6633284996183115289625220611924305558204650878906250000000000000e+00
-2.6632215027726302558619408955564722418785095214843750000000000000e+00
-2.6631144146230552038900896150153130292892456054687500000000000000e+00
-2.6630072347883784189548350695986300706863403320312500000000000000e+00
-2.6628999629527867476497249299427494406700134277343750000000000000e+00
-2.6627925988695744230483342107618227601051330566406250000000000000e+00
-2.6626851423648951744382884498918429017066955566406250000000000000e+00
-2.6625775933415822827043939469149336218833923339843750000000000000e+00
-2.6624699517829508721433739992789924144744873046875000000000000000e+00
-2.6623622177566472757348492450546473264694213867187500000000000000e+00
-2.6622543914184726432381467020604759454727172851562500000000000000e+00
-2.6621464730161870093638754042331129312515258789062500000000000000e+00
-2.6620384628932769466302943328628316521644592285156250000000000000e+00
-2.6619303614926561607489929883740842342376708984375000000000000000e+00
-2.6618221693602870381312186509603634476661682128906250000000000000e+00
-2.6617138871487067142140858777565881609916687011718750000000000000e+00
-2.6616055156204043719014862290350720286369323730468750000000000000e+00
-2.6614970556510737509370301268063485622406005859375000000000000000e+00
-2.6613885082326742548275433364324271678924560546875000000000000000e+00
-2.6612798744762815594810945185599848628044128417968750000000000000e+00
-2.6611711556147308321840228018118068575859069824218750000000000000e+00
-2.6610623530049797302865499659674242138862609863281250000000000000e+00
-2.6609534681302080549869515380123630166053771972656250000000000000e+00
-2.6608445026015692391752054390963166952133178710937500000000000000e+00
-2.6607354581596331932757948379730805754661560058593750000000000000e+00
-2.6606263366754467902808301005279645323753356933593750000000000000e+00
-2.6605171401511760187474919803207740187644958496093750000000000000e+00
-2.6604078707203586695584363042144104838371276855468750000000000000e+00
-2.6602985306476645277484749385621398687362670898437500000000000000e+00
-2.6601891223281990406235308910254389047622680664062500000000000000e+00
-2.6600796482863020564479938911972567439079284667968750000000000000e+00
-2.6599701111738149883478854462737217545509338378906250000000000000e+00
-2.6598605137678021925751181697705760598182678222656250000000000000e+00
-2.6597508589677172352594425319693982601165771484375000000000000000e+00
-2.6596411497919918431875885289628058671951293945312500000000000000e+00
-2.6595313893740102351159748650388792157173156738281250000000000000e+00
-2.6594215809575203479653282556682825088500976562500000000000000000e+00
-2.6593117278914046863746989401988685131072998046875000000000000000e+00
-2.6592018336238596454279559111455455422401428222656250000000000000e+00
-2.6590919016959690956980466580716893076896667480468750000000000000e+00
-2.6589819357346775596795396268134936690330505371093750000000000000e+00
-2.6588719394451554300928819429827854037284851074218750000000000000e+00
-2.6587619166026117412116036575753241777420043945312500000000000000e+00
-2.6586518710435274037706676608650013804435729980468750000000000000e+00
-2.6585418066563679673208753229118883609771728515625000000000000000e+00
-2.6584317273717736895832786103710532188415527343750000000000000000e+00
-2.6583216371522766507951018866151571273803710937500000000000000000e+00
-2.6582115399815871015221091511193662881851196289062500000000000000e+00
-2.6581014398534477116697871679207310080528259277343750000000000000e+00
-2.6579913407601583053008198476163670420646667480468750000000000000e+00
-2.6578812466807599790286076313350349664688110351562500000000000000e+00
-2.6577711615689731949885299400193616747856140136718750000000000000e+00
-2.6576610893409049474200855911476537585258483886718750000000000000e+00
-2.6575510338626009421147955436026677489280700683593750000000000000e+00
-2.6574409989375062934868765296414494514465332031250000000000000000e+00
-2.6573309882938525028350795764708891510963439941406250000000000000e+00
-2.6572210055720737464923786319559440016746520996093750000000000000e+00
-2.6571110543122835601081987988436594605445861816406250000000000000e+00
-2.6570011379418714270173040858935564756393432617187500000000000000e+00
-2.6568912597632952099502290366217494010925292968750000000000000000e+00
-2.6567814229420947391702156892279163002967834472656250000000000000e+00
-2.6566716304952002758454909780994057655334472656250000000000000000e+00
-2.6565618852795882531836468842811882495880126953125000000000000000e+00
-2.6564521899813100525022946385433897376060485839843750000000000000e+00
-2.6563425471049750825613955385051667690277099609375000000000000000e+00
-2.6562329589636846094435895793139934539794921875000000000000000000e+00
-2.6561234276694980493971343094017356634140014648437500000000000000e+00
-2.6560139551244210665004175098147243261337280273437500000000000000e+00
-2.6559045430119807562618916563224047422409057617187500000000000000e+00
-2.6557951927893839183525415137410163879394531250000000000000000000e+00
-2.6556859056802846197342660161666572093963623046875000000000000000e+00
-2.6555766826681841408230866363737732172012329101562500000000000000e+00
-2.6554675244904464292972079419996589422225952148437500000000000000e+00
-2.6553584316329539305456819420214742422103881835937500000000000000e+00
-2.6552494043253993538655777228996157646179199218750000000000000000e+00
-2.6551404425371787354492880695033818483352661132812500000000000000e+00
-2.6550315459739173284958724252646788954734802246093750000000000000e+00
-2.6549227140745719211167852336075156927108764648437500000000000000e+00
-2.6548139460091024766086320596514269709587097167968750000000000000e+00
-2.6547052406767157606282125925645232200622558593750000000000000000e+00
-2.6545965967045983546768184169195592403411865234375000000000000000e+00
-2.6544880124471608162650682061212137341499328613281250000000000000e+00
-2.6543794859857214873954944778233766555786132812500000000000000000e+00
-2.6542710151286228459355243103345856070518493652343750000000000000e+00
-2.6541625974117399877627576643135398626327514648437500000000000000e+00
-2.6540542300993013036247702984837815165519714355468750000000000000e+00
-2.6539459101850657596344262856291607022285461425781250000000000000e+00
-2.6538376343937284396190534607740119099617004394531250000000000000e+00
-2.6537293991825730010702955041779205203056335449218750000000000000e+00
-2.6536212007433315207549640035722404718399047851562500000000000000e+00
-2.6535130350041828961593637359328567981719970703125000000000000000e+00
-2.6534048976318942436591896694153547286987304687500000000000000000e+00
-2.6532967840340453413716659269994124770164489746093750000000000000e+00
-2.6531886893613187972107425594003871083259582519531250000000000000e+00
-2.6530806085098626034834978781873360276222229003906250000000000000e+00
-2.6529725361236446978807634877739474177360534667968750000000000000e+00
-2.6528644665968381666232289717299863696098327636718750000000000000e+00
-2.6527563940761975658233495778404176235198974609375000000000000000e+00
-2.6526483124634681054487828077981248497962951660156250000000000000e+00
-2.6525402154177633029519256524508818984031677246093750000000000000e+00
-2.6524320963580056975672505359398201107978820800781250000000000000e+00
-2.6523239484653964304072815139079466462135314941406250000000000000e+00
-2.6522157646859687574192321335431188344955444335937500000000000000e+00
-2.6521075377333040989924484165385365486145019531250000000000000000e+00
-2.6519992600914084057706077146576717495918273925781250000000000000e+00
-2.6518909240178807351639989065006375312805175781250000000000000000e+00
-2.6517825215474379874081023444887250661849975585937500000000000000e+00
-2.6516740444959197020580177195370197296142578125000000000000000000e+00
-2.6515654844648941512730289105093106627464294433593750000000000000e+00
-2.6514568328470211611147533403709530830383300781250000000000000000e+00
-2.6513480808323679482896295667160302400588989257812500000000000000e+00
-2.6512392194158347358268201787723228335380554199218750000000000000e+00
-2.6511302394059890197297590930247679352760314941406250000000000000e+00
-2.6510211314355118794594545761356130242347717285156250000000000000e+00
-2.6509118859736000572979719436261802911758422851562500000000000000e+00
-2.6508024933406111323108689248329028487205505371093750000000000000e+00
-2.6506929437253790027284594543743878602981567382812500000000000000e+00
-2.6505832272055473985972184891579672694206237792968750000000000000e+00
-2.6504733337713997087803363683633506298065185546875000000000000000e+00
-2.6503632533536873872037631372222676873207092285156250000000000000e+00
-2.6502529758559436601217385032214224338531494140625000000000000000e+00
-2.6501424911918367577357003028737381100654602050781250000000000000e+00
-2.6500317893281852832387812668457627296447753906250000000000000000e+00
-2.6499208603341926071550460619619116187095642089843750000000000000e+00
-2.6498096944375522099335285020060837268829345703125000000000000000e+00
-2.6496982820879568798488890024600550532341003417968750000000000000e+00
-2.6495866140286721268637393222888931632041931152343750000000000000e+00
-2.6494746813766107962351270543877035379409790039062500000000000000e+00
-2.6493624757113778400707815308123826980590820312500000000000000000e+00
-2.6492499891735370454171061282977461814880371093750000000000000000e+00
-2.6491372145722213993224158912198618054389953613281250000000000000e+00
-2.6490241455019076788346410467056557536125183105468750000000000000e+00
-2.6489107764678920808876227965811267495155334472656250000000000000e+00
-2.6487971030195422983410935557913035154342651367187500000000000000e+00
-2.6486831218898507778192197292810305953025817871093750000000000000e+00
-2.6485688311392934224386408459395170211791992187500000000000000000e+00
-2.6484542303010103481142323289532214403152465820312500000000000000e+00
-2.6483393205236609446728834882378578186035156250000000000000000000e+00
-2.6482241047069270400982077262597158551216125488281250000000000000e+00
-2.6481085876236889475876523647457361221313476562500000000000000000e+00
-2.6479927760213781695597390353213995695114135742187500000000000000e+00
-2.6478766786934531118902214075205847620964050292968750000000000000e+00
-2.6477603065105301816117844282416626811027526855468750000000000000e+00
-2.6476436723988778787486353394342586398124694824218750000000000000e+00
-2.6475267912526345703838615008862689137458801269531250000000000000e+00
-2.6474096797645132461695993697503581643104553222656250000000000000e+00
-2.6472923561589798424620312289334833621978759765625000000000000000e+00
-2.6471748398114116618273783387849107384681701660156250000000000000e+00
-2.6470571507374218711561297823209315538406372070312500000000000000e+00
-2.6469393089383013162319002731237560510635375976562500000000000000e+00
-2.6468213335926726870184211293235421180725097656250000000000000000e+00
-2.6467032420904854639331915677757933735847473144531250000000000000e+00
-2.6465850489157749514390616241144016385078430175781250000000000000e+00
-2.6464667643983985634292821487179026007652282714843750000000000000e+00
-2.6463483933750198140444354066858068108558654785156250000000000000e+00
-2.6462299338260613090767492394661530852317810058593750000000000000e+00
-2.6461113755897027743912985897623002529144287109375000000000000000e+00
-2.6459926992964524217200050770770758390426635742187500000000000000e+00
-2.6458738757175526146170341235119849443435668945312500000000000000e+00
-2.6457548657716074558265972882509231567382812500000000000000000000e+00
-2.6456356214671630233681298705050721764564514160156250000000000000e+00
-2.6455160879508583526842357969144359230995178222656250000000000000e+00
-2.6453962056254005652533578540896996855735778808593750000000000000e+00
-2.6452759029415928715422978712012991309165954589843750000000000000e+00
-2.6451553728645929020046878576977178454399108886718750000000000000e+00
-2.6450352109555801405349484411999583244323730468750000000000000000e+00
