4.5524736943636089563369750976562500000000000000000000000000000000e+03
4.5524736943636089563369750976562500000000000000000000000000000000e+03
1.6403987643756787292659282684326171875000000000000000000000000000e+04
1.4670163913598749786615371704101562500000000000000000000000000000e+04
1.3084122921741334721446037292480468750000000000000000000000000000e+04
1.1682542956631397828459739685058593750000000000000000000000000000e+04
1.0461233063574880361557006835937500000000000000000000000000000000e+04
9.4019627787944627925753593444824218750000000000000000000000000000e+03
8.4834211288383230566978454589843750000000000000000000000000000000e+03
7.6851572008961811661720275878906250000000000000000000000000000000e+03
6.9890180052297655493021011352539062500000000000000000000000000000e+03
6.3795824269859585911035537719726562500000000000000000000000000000e+03
5.8437627230540383607149124145507812500000000000000000000000000000e+03
5.3706545351976528763771057128906250000000000000000000000000000000e+03
4.9511921405231114476919174194335937500000000000000000000000000000e+03
4.5777244164645671844482421875000000000000000000000000000000000000e+03
4.2439491404069121927022933959960937500000000000000000000000000000e+03
3.9445252310228534042835235595703125000000000000000000000000000000e+03
3.6749355055682826787233352661132812500000000000000000000000000000e+03
3.4314279531689826399087905883789062500000000000000000000000000000e+03
3.2107471727137453854084014892578125000000000000000000000000000000e+03
3.0101562557616271078586578369140625000000000000000000000000000000e+03
2.8273198025624733418226242065429687500000000000000000000000000000e+03
2.6601844178556930273771286010742187500000000000000000000000000000e+03
2.5070355136133730411529541015625000000000000000000000000000000000e+03
2.3663553325394168496131896972656250000000000000000000000000000000e+03
2.2368123655689414590597152709960937500000000000000000000000000000e+03
2.1172962074200622737407684326171875000000000000000000000000000000e+03
2.0067718412610702216625213623046875000000000000000000000000000000e+03
1.9043720431062392890453338623046875000000000000000000000000000000e+03
1.8093345532673411071300506591796875000000000000000000000000000000e+03
1.7209424959486350417137145996093750000000000000000000000000000000e+03
1.6386203339588828384876251220703125000000000000000000000000000000e+03
1.5618144437200389802455902099609375000000000000000000000000000000e+03
1.4900331354942172765731811523437500000000000000000000000000000000e+03
1.4228759773191995918750762939453125000000000000000000000000000000e+03
1.3599285393520258367061614990234375000000000000000000000000000000e+03
1.3008578141108155250549316406250000000000000000000000000000000000e+03
1.2453676314898766577243804931640625000000000000000000000000000000e+03
1.1931436887991148978471755981445312500000000000000000000000000000e+03
1.1439683101016562432050704956054687500000000000000000000000000000e+03
1.0975964244974311441183090209960937500000000000000000000000000000e+03
1.0538076155874878168106079101562500000000000000000000000000000000e+03
1.0124471341231837868690490722656250000000000000000000000000000000e+03
9.7330755387945100665092468261718750000000000000000000000000000000e+02
9.3624819981656037271022796630859375000000000000000000000000000000e+02
9.0113843389321118593215942382812500000000000000000000000000000000e+02
8.6781350651523098349571228027343750000000000000000000000000000000e+02
8.3618797074467875063419342041015625000000000000000000000000000000e+02
8.0613623856776393949985504150390625000000000000000000000000000000e+02
7.7754398899641819298267364501953125000000000000000000000000000000e+02
7.5035125591186806559562683105468750000000000000000000000000000000e+02
7.2443771466100588440895080566406250000000000000000000000000000000e+02
6.9973969817277975380420684814453125000000000000000000000000000000e+02
6.7619435724592767655849456787109375000000000000000000000000000000e+02
6.5370487658120691776275634765625000000000000000000000000000000000e+02
6.3223712636041454970836639404296875000000000000000000000000000000e+02
6.1172113724332302808761596679687500000000000000000000000000000000e+02
5.9209114977973513305187225341796875000000000000000000000000000000e+02
5.7332307803514413535594940185546875000000000000000000000000000000e+02
5.5534525512158870697021484375000000000000000000000000000000000000e+02
5.3812295705219730734825134277343750000000000000000000000000000000e+02
5.2162568450043909251689910888671875000000000000000000000000000000e+02
5.0579393120901659131050109863281250000000000000000000000000000000e+02
4.9061090455017983913421630859375000000000000000000000000000000000e+02
4.7603764476208016276359558105468750000000000000000000000000000000e+02
4.6203447562176734209060668945312500000000000000000000000000000000e+02
4.4858702646871097385883331298828125000000000000000000000000000000e+02
4.3565765372477471828460693359375000000000000000000000000000000000e+02
4.2321988067473284900188446044921875000000000000000000000000000000e+02
4.1125972805381752550601959228515625000000000000000000000000000000e+02
3.9974284767406061291694641113281250000000000000000000000000000000e+02
3.8865289559657685458660125732421875000000000000000000000000000000e+02
3.7797418800578452646732330322265625000000000000000000000000000000e+02
3.6767812075722031295299530029296875000000000000000000000000000000e+02
3.5775401835492812097072601318359375000000000000000000000000000000e+02
3.4818592823180370032787322998046875000000000000000000000000000000e+02
3.3894953714613802731037139892578125000000000000000000000000000000e+02
3.3003947282372973859310150146484375000000000000000000000000000000e+02
3.2143809949094429612159729003906250000000000000000000000000000000e+02
3.1312585274782031774520874023437500000000000000000000000000000000e+02
3.0510236386116594076156616210937500000000000000000000000000000000e+02
2.9734490462695248425006866455078125000000000000000000000000000000e+02
2.8984386556013487279415130615234375000000000000000000000000000000e+02
2.8259706384944729506969451904296875000000000000000000000000000000e+02
2.7558042112737894058227539062500000000000000000000000000000000000e+02
2.6879429200990125536918640136718750000000000000000000000000000000e+02
2.6222975408984348177909851074218750000000000000000000000000000000e+02
2.5586700488044880330562591552734375000000000000000000000000000000e+02
2.4971282158000394701957702636718750000000000000000000000000000000e+02
2.4374915179843083024024963378906250000000000000000000000000000000e+02
2.3796737225726246833801269531250000000000000000000000000000000000e+02
2.3237167921988293528556823730468750000000000000000000000000000000e+02
2.2694050801545381546020507812500000000000000000000000000000000000e+02
2.2167006678623147308826446533203125000000000000000000000000000000e+02
2.1654190711397677659988403320312500000000000000000000000000000000e+02
2.1153877692460082471370697021484375000000000000000000000000000000e+02
2.0668363441573455929756164550781250000000000000000000000000000000e+02
2.0197224201518110930919647216796875000000000000000000000000000000e+02
1.9739625614648684859275817871093750000000000000000000000000000000e+02
1.9296114651206880807876586914062500000000000000000000000000000000e+02
1.8865041325287893414497375488281250000000000000000000000000000000e+02
1.8446484761661849915981292724609375000000000000000000000000000000e+02
1.8040322753181681036949157714843750000000000000000000000000000000e+02
1.7645196519349701702594757080078125000000000000000000000000000000e+02
1.7261587688582949340343475341796875000000000000000000000000000000e+02
1.6888798624812625348567962646484375000000000000000000000000000000e+02
1.6526021512341685593128204345703125000000000000000000000000000000e+02
1.6173717210302129387855529785156250000000000000000000000000000000e+02
1.5830895560467615723609924316406250000000000000000000000000000000e+02
1.5497268068464472889900207519531250000000000000000000000000000000e+02
1.5173075732053257524967193603515625000000000000000000000000000000e+02
1.4857250297605060040950775146484375000000000000000000000000000000e+02
1.4549943562829867005348205566406250000000000000000000000000000000e+02
1.4251045973272994160652160644531250000000000000000000000000000000e+02
1.3959622658928856253623962402343750000000000000000000000000000000e+02
1.3676121221575886011123657226562500000000000000000000000000000000e+02
1.3400029412214644253253936767578125000000000000000000000000000000e+02
1.3130736741446889936923980712890625000000000000000000000000000000e+02
1.2868796198070049285888671875000000000000000000000000000000000000e+02
1.2613296036585234105587005615234375000000000000000000000000000000e+02
1.2364169818721711635589599609375000000000000000000000000000000000e+02
1.2121728726034052670001983642578125000000000000000000000000000000e+02
1.1884907069476321339607238769531250000000000000000000000000000000e+02
1.1654200862767174839973449707031250000000000000000000000000000000e+02
1.1429367055976763367652893066406250000000000000000000000000000000e+02
1.1209607921494171023368835449218750000000000000000000000000000000e+02
1.0995702154422178864479064941406250000000000000000000000000000000e+02
1.0786782880499958992004394531250000000000000000000000000000000000e+02
1.0582725759642198681831359863281250000000000000000000000000000000e+02
1.0384053119714371860027313232421875000000000000000000000000000000e+02
1.0189629856776446104049682617187500000000000000000000000000000000e+02
1.0000044305878691375255584716796875000000000000000000000000000000e+02
9.8151198565261438488960266113281250000000000000000000000000000000e+01
9.6340594659093767404556274414062500000000000000000000000000000000e+01
9.4577190199634060263633728027343750000000000000000000000000000000e+01
9.2852546892361715435981750488281250000000000000000000000000000000e+01
9.1165948006790131330490112304687500000000000000000000000000000000e+01
8.9522771370131522417068481445312500000000000000000000000000000000e+01
8.7912291054613888263702392578125000000000000000000000000000000000e+01
8.6340620402246713638305664062500000000000000000000000000000000000e+01
8.4806099017616361379623413085937500000000000000000000000000000000e+01
8.3301620828919112682342529296875000000000000000000000000000000000e+01
8.1835459121270105242729187011718750000000000000000000000000000000e+01
8.0399693732848390936851501464843750000000000000000000000000000000e+01
7.8994296514894813299179077148437500000000000000000000000000000000e+01
7.7623949509812518954277038574218750000000000000000000000000000000e+01
7.6279267800739035010337829589843750000000000000000000000000000000e+01
7.4965999578824266791343688964843750000000000000000000000000000000e+01
7.3682469475548714399337768554687500000000000000000000000000000000e+01
7.2422881224425509572029113769531250000000000000000000000000000000e+01
7.1194322944385930895805358886718750000000000000000000000000000000e+01
6.9990107264136895537376403808593750000000000000000000000000000000e+01
6.8810317218536511063575744628906250000000000000000000000000000000e+01
6.7658936250954866409301757812500000000000000000000000000000000000e+01
6.6528181255795061588287353515625000000000000000000000000000000000e+01
6.5422818155726417899131774902343750000000000000000000000000000000e+01
6.4341620577732101082801818847656250000000000000000000000000000000e+01
6.3279741408536210656166076660156250000000000000000000000000000000e+01
6.2243022854672744870185852050781250000000000000000000000000000000e+01
6.1226183296879753470420837402343750000000000000000000000000000000e+01
6.0229090146021917462348937988281250000000000000000000000000000000e+01
5.9255114300409331917762756347656250000000000000000000000000000000e+01
5.8298112930729985237121582031250000000000000000000000000000000000e+01
5.7361560381716117262840270996093750000000000000000000000000000000e+01
5.6444925805320963263511657714843750000000000000000000000000000000e+01
5.5544105513021349906921386718750000000000000000000000000000000000e+01
5.4663609155686572194099426269531250000000000000000000000000000000e+01
5.3799745085416361689567565917968750000000000000000000000000000000e+01
5.2951834982959553599357604980468750000000000000000000000000000000e+01
5.2122844886966049671173095703125000000000000000000000000000000000e+01
5.1308105606818571686744689941406250000000000000000000000000000000e+01
5.0509793375618755817413330078125000000000000000000000000000000000e+01
4.9728070024866610765457153320312500000000000000000000000000000000e+01
4.8959504871396347880363464355468750000000000000000000000000000000e+01
4.8207280643284320831298828125000000000000000000000000000000000000e+01
4.7469226480228826403617858886718750000000000000000000000000000000e+01
4.6744146922137588262557983398437500000000000000000000000000000000e+01
4.6034515016246587038040161132812500000000000000000000000000000000e+01
4.5337156715337187051773071289062500000000000000000000000000000000e+01
4.4652903754729777574539184570312500000000000000000000000000000000e+01
4.3982603760436177253723144531250000000000000000000000000000000000e+01
4.3323429373558610677719116210937500000000000000000000000000000000e+01
4.2677312762709334492683410644531250000000000000000000000000000000e+01
4.2043461245717480778694152832031250000000000000000000000000000000e+01
4.1420217836042866110801696777343750000000000000000000000000000000e+01
4.0809583326568827033042907714843750000000000000000000000000000000e+01
4.0209693330340087413787841796875000000000000000000000000000000000e+01
3.9620237285038456320762634277343750000000000000000000000000000000e+01
3.9042585110291838645935058593750000000000000000000000000000000000e+01
3.8474467837018892168998718261718750000000000000000000000000000000e+01
3.7916752437828108668327331542968750000000000000000000000000000000e+01
3.7369756152387708425521850585937500000000000000000000000000000000e+01
3.6831472592428326606750488281250000000000000000000000000000000000e+01
3.6303535513579845428466796875000000000000000000000000000000000000e+01
3.5785036512650549411773681640625000000000000000000000000000000000e+01
3.5274893087102100253105163574218750000000000000000000000000000000e+01
3.4774788438342511653900146484375000000000000000000000000000000000e+01
3.4282863577827811241149902343750000000000000000000000000000000000e+01
3.3799334697425365447998046875000000000000000000000000000000000000e+01
3.3325119326822459697723388671875000000000000000000000000000000000e+01
3.2858144854893907904624938964843750000000000000000000000000000000e+01
3.2399746872251853346824645996093750000000000000000000000000000000e+01
3.1949549121549353003501892089843750000000000000000000000000000000e+01
3.1506201582262292504310607910156250000000000000000000000000000000e+01
3.1071367892669513821601867675781250000000000000000000000000000000e+01
3.0643538735574111342430114746093750000000000000000000000000000000e+01
3.0222664108267053961753845214843750000000000000000000000000000000e+01
2.9809740271186456084251403808593750000000000000000000000000000000e+01
2.9402968533569946885108947753906250000000000000000000000000000000e+01
2.9003374897874891757965087890625000000000000000000000000000000000e+01
2.8610781796276569366455078125000000000000000000000000000000000000e+01
2.8224026330281049013137817382812500000000000000000000000000000000e+01
2.7844393817475065588951110839843750000000000000000000000000000000e+01
2.7470794882159680128097534179687500000000000000000000000000000000e+01
2.7103102359455078840255737304687500000000000000000000000000000000e+01
2.6742057558381929993629455566406250000000000000000000000000000000e+01
2.6386400670977309346199035644531250000000000000000000000000000000e+01
2.6036748738260939717292785644531250000000000000000000000000000000e+01
2.5693026417400687932968139648437500000000000000000000000000000000e+01
2.5354435683693736791610717773437500000000000000000000000000000000e+01
2.5021714173955842852592468261718750000000000000000000000000000000e+01
2.4694263380952179431915283203125000000000000000000000000000000000e+01
2.4371881624683737754821777343750000000000000000000000000000000000e+01
2.4055003478890284895896911621093750000000000000000000000000000000e+01
2.3742947535589337348937988281250000000000000000000000000000000000e+01
2.3435879615601152181625366210937500000000000000000000000000000000e+01
2.3133874659426510334014892578125000000000000000000000000000000000e+01
2.2836411416530609130859375000000000000000000000000000000000000000e+01
2.2543768289033323526382446289062500000000000000000000000000000000e+01
2.2255786390975117683410644531250000000000000000000000000000000000e+01
2.1972134058829396963119506835937500000000000000000000000000000000e+01
2.1693089018575847148895263671875000000000000000000000000000000000e+01
2.1418349806219339370727539062500000000000000000000000000000000000e+01
2.1147760195191949605941772460937500000000000000000000000000000000e+01
2.0881554023362696170806884765625000000000000000000000000000000000e+01
2.0619315340183675289154052734375000000000000000000000000000000000e+01
2.0361105456016957759857177734375000000000000000000000000000000000e+01
2.0107006440870463848114013671875000000000000000000000000000000000e+01
1.9856590636540204286575317382812500000000000000000000000000000000e+01
1.9610122211743146181106567382812500000000000000000000000000000000e+01
1.9367418900132179260253906250000000000000000000000000000000000000e+01
1.9128236709162592887878417968750000000000000000000000000000000000e+01
1.8892867641989141702651977539062500000000000000000000000000000000e+01
1.8660912943072617053985595703125000000000000000000000000000000000e+01
1.8432431211229413747787475585937500000000000000000000000000000000e+01
1.8207507897634059190750122070312500000000000000000000000000000000e+01
1.7985755610279738903045654296875000000000000000000000000000000000e+01
1.7767435912508517503738403320312500000000000000000000000000000000e+01
1.7552340857218950986862182617187500000000000000000000000000000000e+01
1.7340325847268104553222656250000000000000000000000000000000000000e+01
1.7131594900507479906082153320312500000000000000000000000000000000e+01
1.6925804624333977699279785156250000000000000000000000000000000000e+01
1.6723073345143347978591918945312500000000000000000000000000000000e+01
1.6523362907115370035171508789062500000000000000000000000000000000e+01
1.6326447739731520414352416992187500000000000000000000000000000000e+01
1.6132510252296924591064453125000000000000000000000000000000000000e+01
1.5941322556231170892715454101562500000000000000000000000000000000e+01
1.5752885994967073202133178710937500000000000000000000000000000000e+01
1.5567236807197332382202148437500000000000000000000000000000000000e+01
1.5384163960814476013183593750000000000000000000000000000000000000e+01
1.5203786609694361686706542968750000000000000000000000000000000000e+01
1.5025962979067116975784301757812500000000000000000000000000000000e+01
1.4850646418984979391098022460937500000000000000000000000000000000e+01
1.4677884466014802455902099609375000000000000000000000000000000000e+01
1.4507500871084630489349365234375000000000000000000000000000000000e+01
1.4339574835728853940963745117187500000000000000000000000000000000e+01
1.4174006169661879539489746093750000000000000000000000000000000000e+01
1.4010732475668191909790039062500000000000000000000000000000000000e+01
1.3849807698279619216918945312500000000000000000000000000000000000e+01
1.3691071040928363800048828125000000000000000000000000000000000000e+01
1.3534583900589495897293090820312500000000000000000000000000000000e+01
1.3380278347060084342956542968750000000000000000000000000000000000e+01
1.3228067337069660425186157226562500000000000000000000000000000000e+01
1.3078025711234658956527709960937500000000000000000000000000000000e+01
1.2930001240689307451248168945312500000000000000000000000000000000e+01
1.2784028298221528530120849609375000000000000000000000000000000000e+01
1.2640088187064975500106811523437500000000000000000000000000000000e+01
1.2498057697899639606475830078125000000000000000000000000000000000e+01
1.2358025582507252693176269531250000000000000000000000000000000000e+01
1.2219870885368436574935913085937500000000000000000000000000000000e+01
1.2083575168624520301818847656250000000000000000000000000000000000e+01
1.1949178462848067283630371093750000000000000000000000000000000000e+01
1.1816535936202853918075561523437500000000000000000000000000000000e+01
1.1685716979205608367919921875000000000000000000000000000000000000e+01
1.1556663133669644594192504882812500000000000000000000000000000000e+01
1.1429292867891490459442138671875000000000000000000000000000000000e+01
1.1303685003891587257385253906250000000000000000000000000000000000e+01
1.1179711894132196903228759765625000000000000000000000000000000000e+01
1.1057387385983020067214965820312500000000000000000000000000000000e+01
1.0936725991778075695037841796875000000000000000000000000000000000e+01
1.0817604706156998872756958007812500000000000000000000000000000000e+01
1.0700098089873790740966796875000000000000000000000000000000000000e+01
1.0584134455304592847824096679687500000000000000000000000000000000e+01
1.0469659441150724887847900390625000000000000000000000000000000000e+01
1.0356738416943699121475219726562500000000000000000000000000000000e+01
1.0245250361505895853042602539062500000000000000000000000000000000e+01
1.0135224955622106790542602539062500000000000000000000000000000000e+01
1.0026660002302378416061401367187500000000000000000000000000000000e+01
9.9194532623514533042907714843750000000000000000000000000000000000e+00
9.8136779838241636753082275390625000000000000000000000000000000000e+00
9.7092550629749894142150878906250000000000000000000000000000000000e+00
9.6061543640680611133575439453125000000000000000000000000000000000e+00
9.5044244504533708095550537109375000000000000000000000000000000000e+00
9.4039553352631628513336181640625000000000000000000000000000000000e+00
9.3047893163748085498809814453125000000000000000000000000000000000e+00
9.2069040983915328979492187500000000000000000000000000000000000000e+00
9.1102256122976541519165039062500000000000000000000000000000000000e+00
9.0148161510005593299865722656250000000000000000000000000000000000e+00
8.9205936230719089508056640625000000000000000000000000000000000000e+00
8.8275545635260641574859619140625000000000000000000000000000000000e+00
8.7357195909135043621063232421875000000000000000000000000000000000e+00
8.6450032843276858329772949218750000000000000000000000000000000000e+00
8.5554492790251970291137695312500000000000000000000000000000000000e+00
8.4670167644508183002471923828125000000000000000000000000000000000e+00
8.3796678883954882621765136718750000000000000000000000000000000000e+00
8.2934376313351094722747802734375000000000000000000000000000000000e+00
8.2082570861093699932098388671875000000000000000000000000000000000e+00
8.1241391836665570735931396484375000000000000000000000000000000000e+00
8.0410746238194406032562255859375000000000000000000000000000000000e+00
7.9590149428695440292358398437500000000000000000000000000000000000e+00
7.8779858085326850414276123046875000000000000000000000000000000000e+00
7.7979446570388972759246826171875000000000000000000000000000000000e+00
7.7188815092667937278747558593750000000000000000000000000000000000e+00
7.6407987806014716625213623046875000000000000000000000000000000000e+00
7.5636564535088837146759033203125000000000000000000000000000000000e+00
7.4874627878889441490173339843750000000000000000000000000000000000e+00
7.4121948867104947566986083984375000000000000000000000000000000000e+00
7.3378355447202920913696289062500000000000000000000000000000000000e+00
7.2643836736679077148437500000000000000000000000000000000000000000e+00
7.1918135443702340126037597656250000000000000000000000000000000000e+00
7.1201213342137634754180908203125000000000000000000000000000000000e+00
7.0492913573980331420898437500000000000000000000000000000000000000e+00
6.9793104738928377628326416015625000000000000000000000000000000000e+00
6.9101698324084281921386718750000000000000000000000000000000000000e+00
6.8418534426018595695495605468750000000000000000000000000000000000e+00
6.7743546492420136928558349609375000000000000000000000000000000000e+00
6.7076565856114029884338378906250000000000000000000000000000000000e+00
6.6417527613230049610137939453125000000000000000000000000000000000e+00
6.5766301108524203300476074218750000000000000000000000000000000000e+00
6.5122753316536545753479003906250000000000000000000000000000000000e+00
6.4486846281215548515319824218750000000000000000000000000000000000e+00
6.3858384145423769950866699218750000000000000000000000000000000000e+00
6.3237337199971079826354980468750000000000000000000000000000000000e+00
6.2623582244850695133209228515625000000000000000000000000000000000e+00
6.2016974426805973052978515625000000000000000000000000000000000000e+00
6.1417508716695010662078857421875000000000000000000000000000000000e+00
6.0824986430816352367401123046875000000000000000000000000000000000e+00
6.0239376719109714031219482421875000000000000000000000000000000000e+00
5.9660586244426667690277099609375000000000000000000000000000000000e+00
5.9088458460755646228790283203125000000000000000000000000000000000e+00
5.8523000050336122512817382812500000000000000000000000000000000000e+00
5.7964033521711826324462890625000000000000000000000000000000000000e+00
5.7411512499675154685974121093750000000000000000000000000000000000e+00
5.6865368848666548728942871093750000000000000000000000000000000000e+00
5.6325450497679412364959716796875000000000000000000000000000000000e+00
5.5791757246479392051696777343750000000000000000000000000000000000e+00
5.5264140134677290916442871093750000000000000000000000000000000000e+00
5.4742542305029928684234619140625000000000000000000000000000000000e+00
5.4226905824616551399230957031250000000000000000000000000000000000e+00
5.3717095800675451755523681640625000000000000000000000000000000000e+00
5.3213100195862352848052978515625000000000000000000000000000000000e+00
5.2714791754260659217834472656250000000000000000000000000000000000e+00
5.2222114503383636474609375000000000000000000000000000000000000000e+00
5.1735010067932307720184326171875000000000000000000000000000000000e+00
5.1253362814895808696746826171875000000000000000000000000000000000e+00
5.0777153861708939075469970703125000000000000000000000000000000000e+00
5.0306267305277287960052490234375000000000000000000000000000000000e+00
4.9840655690059065818786621093750000000000000000000000000000000000e+00
4.9380257516168057918548583984375000000000000000000000000000000000e+00
4.8924971390515565872192382812500000000000000000000000000000000000e+00
4.8474779250100255012512207031250000000000000000000000000000000000e+00
4.8029568898491561412811279296875000000000000000000000000000000000e+00
4.7589303334243595600128173828125000000000000000000000000000000000e+00
4.7153920917771756649017333984375000000000000000000000000000000000e+00
4.6723326724022626876831054687500000000000000000000000000000000000e+00
4.6297509982250630855560302734375000000000000000000000000000000000e+00
4.5876359166577458381652832031250000000000000000000000000000000000e+00
4.5459844064898788928985595703125000000000000000000000000000000000e+00
4.5047909445129334926605224609375000000000000000000000000000000000e+00
4.4640459897927939891815185546875000000000000000000000000000000000e+00
4.4237493840046226978302001953125000000000000000000000000000000000e+00
4.3838903112336993217468261718750000000000000000000000000000000000e+00
4.3444657269865274429321289062500000000000000000000000000000000000e+00
4.3054713322781026363372802734375000000000000000000000000000000000e+00
4.2668972644023597240447998046875000000000000000000000000000000000e+00
4.2287439601495862007141113281250000000000000000000000000000000000e+00
4.1910015442408621311187744140625000000000000000000000000000000000e+00
4.1536662755534052848815917968750000000000000000000000000000000000e+00
4.1167353042401373386383056640625000000000000000000000000000000000e+00
4.0801986795850098133087158203125000000000000000000000000000000000e+00
4.0440567429177463054656982421875000000000000000000000000000000000e+00
4.0083011761307716369628906250000000000000000000000000000000000000e+00
3.9729272373951971530914306640625000000000000000000000000000000000e+00
3.9379332303069531917572021484375000000000000000000000000000000000e+00
3.9033097191713750362396240234375000000000000000000000000000000000e+00
3.8690562625415623188018798828125000000000000000000000000000000000e+00
3.8351663635112345218658447265625000000000000000000000000000000000e+00
3.8016344825737178325653076171875000000000000000000000000000000000e+00
3.7684594010934233665466308593750000000000000000000000000000000000e+00
3.7356328349560499191284179687500000000000000000000000000000000000e+00
3.7031532339751720428466796875000000000000000000000000000000000000e+00
3.6710156463086605072021484375000000000000000000000000000000000000e+00
3.6392143229022622108459472656250000000000000000000000000000000000e+00
3.6077478658407926559448242187500000000000000000000000000000000000e+00
3.5766093945130705833435058593750000000000000000000000000000000000e+00
3.5457964171655476093292236328125000000000000000000000000000000000e+00
3.5153049514628946781158447265625000000000000000000000000000000000e+00
3.4851295924745500087738037109375000000000000000000000000000000000e+00
3.4552684319205582141876220703125000000000000000000000000000000000e+00
3.4257158250547945499420166015625000000000000000000000000000000000e+00
3.3964687902480363845825195312500000000000000000000000000000000000e+00
3.3675237502902746200561523437500000000000000000000000000000000000e+00
3.3388759018853306770324707031250000000000000000000000000000000000e+00
3.3105229018256068229675292968750000000000000000000000000000000000e+00
3.2824599160812795162200927734375000000000000000000000000000000000e+00
3.2546838927082717418670654296875000000000000000000000000000000000e+00
3.2271913709118962287902832031250000000000000000000000000000000000e+00
3.1999780801124870777130126953125000000000000000000000000000000000e+00
3.1730414968915283679962158203125000000000000000000000000000000000e+00
3.1463772263377904891967773437500000000000000000000000000000000000e+00
3.1199823496863245964050292968750000000000000000000000000000000000e+00
3.0938534755259752273559570312500000000000000000000000000000000000e+00
3.0679866736754775047302246093750000000000000000000000000000000000e+00
3.0423794551752507686614990234375000000000000000000000000000000000e+00
3.0170276584103703498840332031250000000000000000000000000000000000e+00
2.9919285057112574577331542968750000000000000000000000000000000000e+00
2.9670787551440298557281494140625000000000000000000000000000000000e+00
2.9424746362492442131042480468750000000000000000000000000000000000e+00
2.9181137783452868461608886718750000000000000000000000000000000000e+00
2.8939922209829092025756835937500000000000000000000000000000000000e+00
2.8701072246767580509185791015625000000000000000000000000000000000e+00
2.8464557672850787639617919921875000000000000000000000000000000000e+00
2.8230341873131692409515380859375000000000000000000000000000000000e+00
2.7998401601798832416534423828125000000000000000000000000000000000e+00
2.7768699787557125091552734375000000000000000000000000000000000000e+00
2.7541208979673683643341064453125000000000000000000000000000000000e+00
2.7315900470130145549774169921875000000000000000000000000000000000e+00
2.7092739245854318141937255859375000000000000000000000000000000000e+00
2.6871701921336352825164794921875000000000000000000000000000000000e+00
2.6652753762900829315185546875000000000000000000000000000000000000e+00
2.6435867366380989551544189453125000000000000000000000000000000000e+00
2.6221015038900077342987060546875000000000000000000000000000000000e+00
2.6008163671940565109252929687500000000000000000000000000000000000e+00
2.5797289055772125720977783203125000000000000000000000000000000000e+00
2.5588358924724161624908447265625000000000000000000000000000000000e+00
2.5381346247158944606781005859375000000000000000000000000000000000e+00
2.5176223255693912506103515625000000000000000000000000000000000000e+00
2.4972959435544908046722412109375000000000000000000000000000000000e+00
2.4771529850549995899200439453125000000000000000000000000000000000e+00
2.4571903734467923641204833984375000000000000000000000000000000000e+00
2.4374055108055472373962402343750000000000000000000000000000000000e+00
2.4177956231869757175445556640625000000000000000000000000000000000e+00
2.3983578523620963096618652343750000000000000000000000000000000000e+00
2.3790896795690059661865234375000000000000000000000000000000000000e+00
2.3599881930276751518249511718750000000000000000000000000000000000e+00
2.3410508753731846809387207031250000000000000000000000000000000000e+00
2.3222749810665845870971679687500000000000000000000000000000000000e+00
2.3036578549072146415710449218750000000000000000000000000000000000e+00
2.2851969837211072444915771484375000000000000000000000000000000000e+00
2.2668896103277802467346191406250000000000000000000000000000000000e+00
2.2487333281897008419036865234375000000000000000000000000000000000e+00
2.2307254709303379058837890625000000000000000000000000000000000000e+00
2.2128635621629655361175537109375000000000000000000000000000000000e+00
2.1951451678760349750518798828125000000000000000000000000000000000e+00
2.1775677101686596870422363281250000000000000000000000000000000000e+00
2.1601289035752415657043457031250000000000000000000000000000000000e+00
2.1428262521512806415557861328125000000000000000000000000000000000e+00
2.1256574583239853382110595703125000000000000000000000000000000000e+00
2.1086202268488705158233642578125000000000000000000000000000000000e+00
2.0917122303508222103118896484375000000000000000000000000000000000e+00
2.0749313379637897014617919921875000000000000000000000000000000000e+00
2.0582752912305295467376708984375000000000000000000000000000000000e+00
2.0417420333251357078552246093750000000000000000000000000000000000e+00
2.0253294864669442176818847656250000000000000000000000000000000000e+00
2.0090356254950165748596191406250000000000000000000000000000000000e+00
1.9928585574962198734283447265625000000000000000000000000000000000e+00
1.9767963509075343608856201171875000000000000000000000000000000000e+00
1.9608472534455358982086181640625000000000000000000000000000000000e+00
1.9450095053762197494506835937500000000000000000000000000000000000e+00
1.9292814629152417182922363281250000000000000000000000000000000000e+00
1.9136615586467087268829345703125000000000000000000000000000000000e+00
1.8981482931412756443023681640625000000000000000000000000000000000e+00
1.8827403048053383827209472656250000000000000000000000000000000000e+00
1.8674362432211637496948242187500000000000000000000000000000000000e+00
1.8522349479608237743377685546875000000000000000000000000000000000e+00
1.8371353060938417911529541015625000000000000000000000000000000000e+00
1.8221363020129501819610595703125000000000000000000000000000000000e+00
1.8072370761074125766754150390625000000000000000000000000000000000e+00
1.7924368339590728282928466796875000000000000000000000000000000000e+00
1.7777349334210157394409179687500000000000000000000000000000000000e+00
1.7631308236159384250640869140625000000000000000000000000000000000e+00
1.7486241003498435020446777343750000000000000000000000000000000000e+00
1.7342144655995070934295654296875000000000000000000000000000000000e+00
1.7199017517268657684326171875000000000000000000000000000000000000e+00
1.7056859438307583332061767578125000000000000000000000000000000000e+00
1.6915671131573617458343505859375000000000000000000000000000000000e+00
1.6775455083698034286499023437500000000000000000000000000000000000e+00
1.6636214801110327243804931640625000000000000000000000000000000000e+00
1.6497955163940787315368652343750000000000000000000000000000000000e+00
1.6360682575032114982604980468750000000000000000000000000000000000e+00
1.6224404405802488327026367187500000000000000000000000000000000000e+00
1.6089129578322172164916992187500000000000000000000000000000000000e+00
1.5954868150874972343444824218750000000000000000000000000000000000e+00
1.5821631397120654582977294921875000000000000000000000000000000000e+00
1.5689431899227201938629150390625000000000000000000000000000000000e+00
1.5558283156715333461761474609375000000000000000000000000000000000e+00
1.5428199856542050838470458984375000000000000000000000000000000000e+00
1.5299197840504348278045654296875000000000000000000000000000000000e+00
1.5171293620951473712921142578125000000000000000000000000000000000e+00
1.5044504664838314056396484375000000000000000000000000000000000000e+00
1.4918849393725395202636718750000000000000000000000000000000000000e+00
1.4794346531853079795837402343750000000000000000000000000000000000e+00
1.4671015553176403045654296875000000000000000000000000000000000000e+00
1.4548876588232815265655517578125000000000000000000000000000000000e+00
1.4427949669770896434783935546875000000000000000000000000000000000e+00
1.4308255319483578205108642578125000000000000000000000000000000000e+00
1.4189814128912985324859619140625000000000000000000000000000000000e+00
1.4072646331042051315307617187500000000000000000000000000000000000e+00
1.3956772307865321636199951171875000000000000000000000000000000000e+00
1.3842211938463151454925537109375000000000000000000000000000000000e+00
1.3728984389454126358032226562500000000000000000000000000000000000e+00
1.3617108492180705070495605468750000000000000000000000000000000000e+00
1.3506602169945836067199707031250000000000000000000000000000000000e+00
1.3397482167929410934448242187500000000000000000000000000000000000e+00
1.3289764397777616977691650390625000000000000000000000000000000000e+00
1.3183463481254875659942626953125000000000000000000000000000000000e+00
1.3078592410311102867126464843750000000000000000000000000000000000e+00
1.2975162905640900135040283203125000000000000000000000000000000000e+00
1.2873185030184686183929443359375000000000000000000000000000000000e+00
1.2772666821256279945373535156250000000000000000000000000000000000e+00
1.2673614704981446266174316406250000000000000000000000000000000000e+00
1.2576033086515963077545166015625000000000000000000000000000000000e+00
1.2479924131184816360473632812500000000000000000000000000000000000e+00
1.2385288081131875514984130859375000000000000000000000000000000000e+00
1.2292122887447476387023925781250000000000000000000000000000000000e+00
1.2200424289330840110778808593750000000000000000000000000000000000e+00
1.2110185800120234489440917968750000000000000000000000000000000000e+00
1.2021398567594587802886962890625000000000000000000000000000000000e+00
1.1934051625430583953857421875000000000000000000000000000000000000e+00
1.1848131665028631687164306640625000000000000000000000000000000000e+00
1.1763623161241412162780761718750000000000000000000000000000000000e+00
1.1680508544668555259704589843750000000000000000000000000000000000e+00
1.1598768103867769241333007812500000000000000000000000000000000000e+00
1.1518380171619355678558349609375000000000000000000000000000000000e+00
1.1439321236684918403625488281250000000000000000000000000000000000e+00
1.1361565971747040748596191406250000000000000000000000000000000000e+00
1.1285087424330413341522216796875000000000000000000000000000000000e+00
1.1209857193753123283386230468750000000000000000000000000000000000e+00
1.1135845468379557132720947265625000000000000000000000000000000000e+00
1.1063021370209753513336181640625000000000000000000000000000000000e+00
1.0991352889686822891235351562500000000000000000000000000000000000e+00
1.0920807099901139736175537109375000000000000000000000000000000000e+00
1.0851350650191307067871093750000000000000000000000000000000000000e+00
1.0782949472777545452117919921875000000000000000000000000000000000e+00
1.0715569159947335720062255859375000000000000000000000000000000000e+00
1.0649175299331545829772949218750000000000000000000000000000000000e+00
1.0583733324892818927764892578125000000000000000000000000000000000e+00
1.0519208833575248718261718750000000000000000000000000000000000000e+00
1.0455567841418087482452392578125000000000000000000000000000000000e+00
1.0392776820808649063110351562500000000000000000000000000000000000e+00
1.0330802667886018753051757812500000000000000000000000000000000000e+00
1.0269613121636211872100830078125000000000000000000000000000000000e+00
1.0209176805801689624786376953125000000000000000000000000000000000e+00
1.0149463084526360034942626953125000000000000000000000000000000000e+00
1.0090442467480897903442382812500000000000000000000000000000000000e+00
1.0032086563296616077423095703125000000000000000000000000000000000e+00
9.9743680050596594810485839843750000000000000000000000000000000000e-01
9.9172606784850358963012695312500000000000000000000000000000000000e-01
9.8607397731393575668334960937500000000000000000000000000000000000e-01
9.8047815682366490364074707031250000000000000000000000000000000000e-01
9.7493637166917324066162109375000000000000000000000000000000000000e-01
9.6944651659578084945678710937500000000000000000000000000000000000e-01
9.6400659019127488136291503906250000000000000000000000000000000000e-01
9.5861472981050610542297363281250000000000000000000000000000000000e-01
9.5326919341459870338439941406250000000000000000000000000000000000e-01
9.4796834699809551239013671875000000000000000000000000000000000000e-01
9.4271066645160317420959472656250000000000000000000000000000000000e-01
9.3749474221840500831604003906250000000000000000000000000000000000e-01
9.3231925740838050842285156250000000000000000000000000000000000000e-01
9.2718298686668276786804199218750000000000000000000000000000000000e-01
9.2208481160923838615417480468750000000000000000000000000000000000e-01
9.1702367225661873817443847656250000000000000000000000000000000000e-01
9.1199859231710433959960937500000000000000000000000000000000000000e-01
9.0700868098065257072448730468750000000000000000000000000000000000e-01
9.0205308655276894569396972656250000000000000000000000000000000000e-01
8.9713101601228117942810058593750000000000000000000000000000000000e-01
8.9224174199625849723815917968750000000000000000000000000000000000e-01
8.8738457439467310905456542968750000000000000000000000000000000000e-01
8.8255884824320673942565917968750000000000000000000000000000000000e-01
8.7776394514366984367370605468750000000000000000000000000000000000e-01
8.7299927184358239173889160156250000000000000000000000000000000000e-01
8.6826423788443207740783691406250000000000000000000000000000000000e-01
8.6355829471722245216369628906250000000000000000000000000000000000e-01
8.5888089658692479133605957031250000000000000000000000000000000000e-01
8.5423149261623620986938476562500000000000000000000000000000000000e-01
8.4960955521091818809509277343750000000000000000000000000000000000e-01
8.4501453442499041557312011718750000000000000000000000000000000000e-01
8.4044589335098862648010253906250000000000000000000000000000000000e-01
8.3590310066938400268554687500000000000000000000000000000000000000e-01
8.3138557476922869682312011718750000000000000000000000000000000000e-01
8.2689275359734892845153808593750000000000000000000000000000000000e-01
8.2242406904697418212890625000000000000000000000000000000000000000e-01
8.1797889946028590202331542968750000000000000000000000000000000000e-01
8.1355663714930415153503417968750000000000000000000000000000000000e-01
8.0915665812790393829345703125000000000000000000000000000000000000e-01
8.0477828998118638992309570312500000000000000000000000000000000000e-01
8.0042086308822035789489746093750000000000000000000000000000000000e-01
7.9608369059860706329345703125000000000000000000000000000000000000e-01
7.9176604002714157104492187500000000000000000000000000000000000000e-01
7.8746717842295765876770019531250000000000000000000000000000000000e-01
7.8318635607138276100158691406250000000000000000000000000000000000e-01
7.7892278041690587997436523437500000000000000000000000000000000000e-01
7.7467565890401601791381835937500000000000000000000000000000000000e-01
7.7044418780133128166198730468750000000000000000000000000000000000e-01
7.6622751913964748382568359375000000000000000000000000000000000000e-01
7.6202481426298618316650390625000000000000000000000000000000000000e-01
7.5783523311838507652282714843750000000000000000000000000000000000e-01
7.5365789607167243957519531250000000000000000000000000000000000000e-01
7.4949193745851516723632812500000000000000000000000000000000000000e-01
7.4533648835495114326477050781250000000000000000000000000000000000e-01
7.4119066959246993064880371093750000000000000000000000000000000000e-01
7.3705362109467387199401855468750000000000000000000000000000000000e-01
7.3292448744177818298339843750000000000000000000000000000000000000e-01
7.2880242019891738891601562500000000000000000000000000000000000000e-01
7.2468659467995166778564453125000000000000000000000000000000000000e-01
7.2057620622217655181884765625000000000000000000000000000000000000e-01
7.1647047996520996093750000000000000000000000000000000000000000000e-01
7.1236867131665349006652832031250000000000000000000000000000000000e-01
7.0827007154002785682678222656250000000000000000000000000000000000e-01
7.0417402032762765884399414062500000000000000000000000000000000000e-01
7.0007989788427948951721191406250000000000000000000000000000000000e-01
6.9598713889718055725097656250000000000000000000000000000000000000e-01
6.9189523858949542045593261718750000000000000000000000000000000000e-01
6.8780374899506568908691406250000000000000000000000000000000000000e-01
6.8371227849274873733520507812500000000000000000000000000000000000e-01
6.7962051508948206901550292968750000000000000000000000000000000000e-01
6.7552821151912212371826171875000000000000000000000000000000000000e-01
6.7143517965450882911682128906250000000000000000000000000000000000e-01
6.6734132217243313789367675781250000000000000000000000000000000000e-01
6.6324660042300820350646972656250000000000000000000000000000000000e-01
6.5915104420855641365051269531250000000000000000000000000000000000e-01
6.5505475923418998718261718750000000000000000000000000000000000000e-01
6.5095789171755313873291015625000000000000000000000000000000000000e-01
6.4686067216098308563232421875000000000000000000000000000000000000e-01
6.4276337437331676483154296875000000000000000000000000000000000000e-01
6.3866629265248775482177734375000000000000000000000000000000000000e-01
6.3456978835165500640869140625000000000000000000000000000000000000e-01
6.3047423167154192924499511718750000000000000000000000000000000000e-01
6.2637999467551708221435546875000000000000000000000000000000000000e-01
6.2228747364133596420288085937500000000000000000000000000000000000e-01
6.1819704016670584678649902343750000000000000000000000000000000000e-01
6.1410904163494706153869628906250000000000000000000000000000000000e-01
6.1002380307763814926147460937500000000000000000000000000000000000e-01
6.0594158340245485305786132812500000000000000000000000000000000000e-01
6.0186259821057319641113281250000000000000000000000000000000000000e-01
5.9778699744492769241333007812500000000000000000000000000000000000e-01
5.9371484303846955299377441406250000000000000000000000000000000000e-01
5.8964613592252135276794433593750000000000000000000000000000000000e-01
5.8558077551424503326416015625000000000000000000000000000000000000e-01
5.8151859324425458908081054687500000000000000000000000000000000000e-01
5.7745935767889022827148437500000000000000000000000000000000000000e-01
5.7340274611487984657287597656250000000000000000000000000000000000e-01
5.6934841023758053779602050781250000000000000000000000000000000000e-01
5.6529597053304314613342285156250000000000000000000000000000000000e-01
5.6124502420425415039062500000000000000000000000000000000000000000e-01
5.5719520384445786476135253906250000000000000000000000000000000000e-01
5.5314619978889822959899902343750000000000000000000000000000000000e-01
5.4909779736772179603576660156250000000000000000000000000000000000e-01
5.4504991415888071060180664062500000000000000000000000000000000000e-01
5.4100265214219689369201660156250000000000000000000000000000000000e-01
5.3695633634924888610839843750000000000000000000000000000000000000e-01
5.3291156142950057983398437500000000000000000000000000000000000000e-01
5.2886925172060728073120117187500000000000000000000000000000000000e-01
5.2483067940920591354370117187500000000000000000000000000000000000e-01
5.2079752320423722267150878906250000000000000000000000000000000000e-01
5.1677188975736498832702636718750000000000000000000000000000000000e-01
5.1275634532794356346130371093750000000000000000000000000000000000e-01
5.0875394139438867568969726562500000000000000000000000000000000000e-01
5.0476820208132266998291015625000000000000000000000000000000000000e-01
5.0080313812941312789916992187500000000000000000000000000000000000e-01
4.9686322687193751335144042968750000000000000000000000000000000000e-01
4.9295338522642850875854492187500000000000000000000000000000000000e-01
4.8907892638817429542541503906250000000000000000000000000000000000e-01
4.8524549696594476699829101562500000000000000000000000000000000000e-01
4.8145902808755636215209960937500000000000000000000000000000000000e-01
4.7772565577179193496704101562500000000000000000000000000000000000e-01
4.7405160777270793914794921875000000000000000000000000000000000000e-01
4.7044314676895737648010253906250000000000000000000000000000000000e-01
4.6690646419301629066467285156250000000000000000000000000000000000e-01
4.6344753727316856384277343750000000000000000000000000000000000000e-01
4.6007205406203866004943847656250000000000000000000000000000000000e-01
4.5678531937301158905029296875000000000000000000000000000000000000e-01
4.5359212672337889671325683593750000000000000000000000000000000000e-01
4.5049667870625853538513183593750000000000000000000000000000000000e-01
4.4750252086669206619262695312500000000000000000000000000000000000e-01
4.4461243785917758941650390625000000000000000000000000000000000000e-01
4.4182841340079903602600097656250000000000000000000000000000000000e-01
4.3915159115567803382873535156250000000000000000000000000000000000e-01
4.3658223608508706092834472656250000000000000000000000000000000000e-01
4.3411974469199776649475097656250000000000000000000000000000000000e-01
4.3176264781504869461059570312500000000000000000000000000000000000e-01
4.2950860923156142234802246093750000000000000000000000000000000000e-01
4.2735449317842721939086914062500000000000000000000000000000000000e-01
4.2529645608738064765930175781250000000000000000000000000000000000e-01
4.2332995543256402015686035156250000000000000000000000000000000000e-01
4.2144985450431704521179199218750000000000000000000000000000000000e-01
4.1965055186301469802856445312500000000000000000000000000000000000e-01
4.1792603628709912300109863281250000000000000000000000000000000000e-01
4.1627000551670789718627929687500000000000000000000000000000000000e-01
4.1467598918825387954711914062500000000000000000000000000000000000e-01
4.1313742054626345634460449218750000000000000000000000000000000000e-01
4.1164776403456926345825195312500000000000000000000000000000000000e-01
4.1020061215385794639587402343750000000000000000000000000000000000e-01
4.0878973249346017837524414062500000000000000000000000000000000000e-01
4.0740915481001138687133789062500000000000000000000000000000000000e-01
4.0605323202908039093017578125000000000000000000000000000000000000e-01
4.0471667191013693809509277343750000000000000000000000000000000000e-01
4.0339454729110002517700195312500000000000000000000000000000000000e-01
4.0208231844007968902587890625000000000000000000000000000000000000e-01
4.0077581210061907768249511718750000000000000000000000000000000000e-01
3.9947117213159799575805664062500000000000000000000000000000000000e-01
3.9816482644528150558471679687500000000000000000000000000000000000e-01
3.9685343205928802490234375000000000000000000000000000000000000000e-01
3.9553380291908979415893554687500000000000000000000000000000000000e-01
3.9420284749940037727355957031250000000000000000000000000000000000e-01
3.9285751571878790855407714843750000000000000000000000000000000000e-01
3.9149469649419188499450683593750000000000000000000000000000000000e-01
3.9011118002235889434814453125000000000000000000000000000000000000e-01
3.8870367826893925666809082031250000000000000000000000000000000000e-01
3.8726879144087433815002441406250000000000000000000000000000000000e-01
3.8580303220078349113464355468750000000000000000000000000000000000e-01
3.8430292205885052680969238281250000000000000000000000000000000000e-01
3.8276511291041970252990722656250000000000000000000000000000000000e-01
3.8118654675781726837158203125000000000000000000000000000000000000e-01
3.7956468388438224792480468750000000000000000000000000000000000000e-01
3.7789775384590029716491699218750000000000000000000000000000000000e-01
3.7618505349382758140563964843750000000000000000000000000000000000e-01
3.7442732043564319610595703125000000000000000000000000000000000000e-01
3.7262705760076642036437988281250000000000000000000000000000000000e-01
3.7078887457028031349182128906250000000000000000000000000000000000e-01
3.6891988152638077735900878906250000000000000000000000000000000000e-01
3.6702996119856834411621093750000000000000000000000000000000000000e-01
3.6513195838779211044311523437500000000000000000000000000000000000e-01
3.6324180057272315025329589843750000000000000000000000000000000000e-01
3.6137847648933529853820800781250000000000000000000000000000000000e-01
3.5956384846940636634826660156250000000000000000000000000000000000e-01
3.5782221425324678421020507812500000000000000000000000000000000000e-01
3.5617968207225203514099121093750000000000000000000000000000000000e-01
3.5466329380869865417480468750000000000000000000000000000000000000e-01
3.5329997446388006210327148437500000000000000000000000000000000000e-01
3.5211518732830882072448730468750000000000000000000000000000000000e-01
3.5113139450550079345703125000000000000000000000000000000000000000e-01
3.5036651790142059326171875000000000000000000000000000000000000000e-01
3.4983224188908934593200683593750000000000000000000000000000000000e-01
3.4953242354094982147216796875000000000000000000000000000000000000e-01
3.4946168167516589164733886718750000000000000000000000000000000000e-01
3.4960435796529054641723632812500000000000000000000000000000000000e-01
3.4993391949683427810668945312500000000000000000000000000000000000e-01
3.5041289590299129486083984375000000000000000000000000000000000000e-01
3.5099360160529613494873046875000000000000000000000000000000000000e-01
3.5161958541721105575561523437500000000000000000000000000000000000e-01
3.5222793230786919593811035156250000000000000000000000000000000000e-01
3.5275224409997463226318359375000000000000000000000000000000000000e-01
3.5312615800648927688598632812500000000000000000000000000000000000e-01
3.5328735457733273506164550781250000000000000000000000000000000000e-01
3.5318153724074363708496093750000000000000000000000000000000000000e-01
3.5276601975783705711364746093750000000000000000000000000000000000e-01
3.5201272601261734962463378906250000000000000000000000000000000000e-01
3.5091017792001366615295410156250000000000000000000000000000000000e-01
3.4946395736187696456909179687500000000000000000000000000000000000e-01
3.4769575158134102821350097656250000000000000000000000000000000000e-01
3.4564119577407836914062500000000000000000000000000000000000000000e-01
3.4334633778780698776245117187500000000000000000000000000000000000e-01
3.4086366835981607437133789062500000000000000000000000000000000000e-01
3.3824854902923107147216796875000000000000000000000000000000000000e-01
3.3555634645745158195495605468750000000000000000000000000000000000e-01
3.3284125616773962974548339843750000000000000000000000000000000000e-01
3.3015714120119810104370117187500000000000000000000000000000000000e-01
3.2756024366244673728942871093750000000000000000000000000000000000e-01
3.2511292025446891784667968750000000000000000000000000000000000000e-01
3.2288690563291311264038085937500000000000000000000000000000000000e-01
3.2096491707488894462585449218750000000000000000000000000000000000e-01
3.1943876296281814575195312500000000000000000000000000000000000000e-01
3.1840309547260403633117675781250000000000000000000000000000000000e-01
3.1794592412188649177551269531250000000000000000000000000000000000e-01
3.1813864922150969505310058593750000000000000000000000000000000000e-01
3.1902984110638499259948730468750000000000000000000000000000000000e-01
3.2064775982871651649475097656250000000000000000000000000000000000e-01
3.2301545282825827598571777343750000000000000000000000000000000000e-01
3.2617760542780160903930664062500000000000000000000000000000000000e-01
3.3023173827677965164184570312500000000000000000000000000000000000e-01
3.3535294886678457260131835937500000000000000000000000000000000000e-01
3.4184745233505964279174804687500000000000000000000000000000000000e-01
3.5071738297119736671447753906250000000000000000000000000000000000e-01
3.6657270323485136032104492187500000000000000000000000000000000000e-01
3.1813292577862739562988281250000000000000000000000000000000000000e-01
1.2751973187550902366638183593750000000000000000000000000000000000e-01
-3.3526804763823747634887695312500000000000000000000000000000000000e-02
-3.3526804763823747634887695312500000000000000000000000000000000000e-02
