2.6052499975656687181135851005819858983159065246582031250000000000e-02
2.5006666921697090488763137727801222354173660278320312500000000000e-02
2.4330157940941295191539239795019966550171375274658203125000000000e-02
2.3794904731113536433539934478176292032003402709960937500000000000e-02
2.3360908418637325867361909104147343896329402923583984375000000000e-02
2.3001701975163598573592693696809874381870031356811523437500000000e-02
2.2699269417916587837646957837023364845663309097290039062500000000e-02
2.2440927805060607858056442864835844375193119049072265625000000000e-02
2.2217494417548493135239340290354448370635509490966796875000000000e-02
2.2022162507722538998811145916079112794250249862670898437500000000e-02
2.1849777303549981072317009989092184696346521377563476562500000000e-02
2.1696367337968421734606394579714105930179357528686523437500000000e-02
2.1558824468381997119248438821159652434289455413818359375000000000e-02
2.1434679116239592489012721898689051158726215362548828125000000000e-02
2.1321948405287095840154876214000978507101535797119140625000000000e-02
2.1219019459802954813421038693377340678125619888305664062500000000e-02
2.1124567604285122285334708180926099885255098342895507812500000000e-02
2.1037497150550255042844582931138575077056884765625000000000000000e-02
2.0956890592541771445311837851477321237325668334960937500000000000e-02
2.0881976834370239576310623874633165542036294937133789062500000000e-02
2.0812102193829347396292206440193695016205310821533203125000000000e-02
2.0746708083573043440717142971152497921139001846313476562500000000e-02
2.0685316272661558728573893972679798025637865066528320312500000000e-02
2.0627513397192483862729872612362669315189123153686523437500000000e-02
2.0572940659681609315567740736696578096598386764526367187500000000e-02
2.0521286446800460906425556117937958333641290664672851562500000000e-02
2.0472276709573609260184312574892828706651926040649414062500000000e-02
2.0425671262542792472327590758141013793647289276123046875000000000e-02
2.0381258435262082640004877021056017838418483734130859375000000000e-02
2.0338849544234274824283659199863905087113380432128906250000000000e-02
2.0298278443033918039262175625481177121400833129882812500000000000e-02
2.0259395824247784095861746322952967602759599685668945312500000000e-02
2.0222068390148367766911974285903852432966232299804687500000000000e-02
2.0186177202014130710461259354815410915762186050415039062500000000e-02
2.0151614250481713480622758538629568647593259811401367187500000000e-02
2.0118282809586465059714655012612638529390096664428710937500000000e-02
2.0086095553348417425132410585320030804723501205444335937500000000e-02
2.0054972368385801800849677078986132983118295669555664062500000000e-02
2.0024841766538500897887331575475400313735008239746093750000000000e-02
1.9995637796471638775175350133395113516598939895629882812500000000e-02
1.9967300194111286398834792521483905147761106491088867187500000000e-02
1.9939774944177705157111191169860830996185541152954101562500000000e-02
1.9913011075346324224577543304803839419037103652954101562500000000e-02
1.9886962951409445365946737638296326622366905212402343750000000000e-02
1.9861588444477891457484730608484824188053607940673828125000000000e-02
1.9836847974082930101680233292427146807312965393066406250000000000e-02
1.9812706260092020210672458802036999259144067764282226562500000000e-02
1.9789129857494432151998609015208785422146320343017578125000000000e-02
1.9766087757539671510009782195993466302752494812011718750000000000e-02
1.9743552247042068376048362665642343927174806594848632812500000000e-02
1.9721496201571125927998195948021020740270614624023437500000000000e-02
1.9699895472068389840059055018173239659518003463745117187500000000e-02
1.9678727459291691509468691378970106597989797592163085937500000000e-02
1.9657970329124516140062439717439701780676841735839843750000000000e-02
1.9637604919946632237026662437529012095183134078979492187500000000e-02
1.9617612440551195768234649108308076392859220504760742187500000000e-02
1.9597975448025679173769120211545669008046388626098632812500000000e-02
1.9578678266608803143489225817575061228126287460327148437500000000e-02
1.9559705267181769910989075356155808549374341964721679687500000000e-02
1.9541042421433188480683895704714814200997352600097656250000000000e-02
1.9522676635905594766384751892474014312028884887695312500000000000e-02
1.9504594881602367595352376383743830956518650054931640625000000000e-02
1.9486785858498514856229633096518227830529212951660156250000000000e-02
1.9469238252419265866599573655548738315701484680175781250000000000e-02
1.9451941511948907248541473791192402131855487823486328125000000000e-02
1.9434886064201746525004210752740618772804737091064453125000000000e-02
1.9418062351356998873619374990084907039999961853027343750000000000e-02
1.9401461637677856753025906755283358506858348846435546875000000000e-02
1.9385075754062446040659750678969430737197399139404296875000000000e-02
1.9368896615972807512262576778994116466492414474487304687500000000e-02
1.9352916895780076372846068011313036549836397171020507812500000000e-02
1.9337129582914436981555539318833325523883104324340820312500000000e-02
1.9321527794675136258106817876978311687707901000976562500000000000e-02
1.9306105355498318770779420106009638402611017227172851562500000000e-02
1.9290856157135462950469317888746445532888174057006835937500000000e-02
1.9275774388199422987311137944743677508085966110229492187500000000e-02
1.9260854706170525696418138750232174061238765716552734375000000000e-02
1.9246091865523760194855995564466866198927164077758789062500000000e-02
1.9231480816251804444316775288825738243758678436279296875000000000e-02
1.9217017040562452134810911275053513236343860626220703125000000000e-02
1.9202695851358871081959733828625758178532123565673828125000000000e-02
1.9188512997854772351713492639646574389189481735229492187500000000e-02
1.9174464507774439253617870804191625211387872695922851562500000000e-02
1.9160546235433402462167151725225267000496387481689453125000000000e-02
1.9146754609395345153588507969288912136107683181762695312500000000e-02
1.9133086037865655593126490430222474969923496246337890625000000000e-02
1.9119536918253597634898000023895292542874813079833984375000000000e-02
1.9106104211630944161859346763776557054370641708374023437500000000e-02
1.9092784607230291887836060027439089026302099227905273437500000000e-02
1.9079575059275016846171979523205664008855819702148437500000000000e-02
1.9066472887123157159416919625982700381428003311157226562500000000e-02
1.9053475035672142595677414078636502381414175033569335937500000000e-02
1.9040579025539204616190858132540597580373287200927734375000000000e-02
1.9027782298952859024732120474254770670086145401000976562500000000e-02
1.9015082221094329467669936661877727601677179336547851562500000000e-02
1.9002476497494615731431721883382124360650777816772460937500000000e-02
1.8989962385509980696829401836112083401530981063842773437500000000e-02
1.8977537498002142180020257455907994881272315979003906250000000000e-02
1.8965199957176805123371110539665096439421176910400390625000000000e-02
1.8952947564651101419741507925209589302539825439453125000000000000e-02
1.8940778516790067464992119994349195621907711029052734375000000000e-02
1.8928691008800683365231876109646691475063562393188476562500000000e-02
1.8916683092753357187110196946377982385456562042236328125000000000e-02
1.8904753220604489372114187517581740394234657287597656250000000000e-02
1.8892899642974199381217914606168051250278949737548828125000000000e-02
1.8881120707195865604521856084829778410494327545166015625000000000e-02
1.8869414984445692651249260052281897515058517456054687500000000000e-02
1.8857780855872151998253727356313902419060468673706054687500000000e-02
1.8846216892418846122758679939579451456665992736816406250000000000e-02
1.8834721763392521520774636201167595572769641876220703125000000000e-02
1.8823293982122769885112489873790764249861240386962890625000000000e-02
1.8811932316080776095290616467536892741918563842773437500000000000e-02
1.8800635492468364268203728784101258497685194015502929687500000000e-02
1.8789402184137354856474644293484743684530258178710937500000000000e-02
1.8778231297851805114973444688075687736272811889648437500000000000e-02
1.8767121620312753743631262182134378235787153244018554687500000000e-02
1.8756071978349858619949941385129932314157485961914062500000000000e-02
1.8745081387648725862460352686866826843470335006713867187500000000e-02
1.8734148681502544447896596579994366038590669631958007812500000000e-02
1.8723272855191326613510938159379293210804462432861328125000000000e-02
1.8712452978855376173328295408282428979873657226562500000000000000e-02
1.8701687951716991498152253825537627562880516052246093750000000000e-02
1.8690976932629724954759709021345770452171564102172851562500000000e-02
1.8680318989877226637519314067503728438168764114379882812500000000e-02
1.8669713141873409828486174433237465564161539077758789062500000000e-02
1.8659158658316656737019556544510123785585165023803710937500000000e-02
1.8648654592821972686422782317094970494508743286132812500000000000e-02
1.8638200125089071645945182353898417204618453979492187500000000000e-02
1.8627794560814283503225041727091593202203512191772460937500000000e-02
1.8617436969799672219494368619052693247795104980468750000000000000e-02
1.8607126706317516501298925390983640681952238082885742187500000000e-02
1.8596863026424478859688349530188133940100669860839843750000000000e-02
1.8586645109928336128124470860711880959570407867431640625000000000e-02
1.8576472406916226531858882253800402395427227020263671875000000000e-02
1.8566344124959607148062090686835290398448705673217773437500000000e-02
1.8556259606720731242246458236877515446394681930541992187500000000e-02
1.8546218302513635400874392189507489092648029327392578125000000000e-02
1.8536219434944711803581185449729673564434051513671875000000000000e-02
1.8526262495326260848482746723675518296658992767333984375000000000e-02
1.8516346874102088820857048290235979948192834854125976562500000000e-02
1.8506471890207990688148598223961016628891229629516601562500000000e-02
1.8496637112444251627163538387321750633418560028076171875000000000e-02
1.8486841874507765198787367921795521397143602371215820312500000000e-02
1.8477085644778037248903146405609732028096914291381835937500000000e-02
1.8467367973806648323575885228819970507174730300903320312500000000e-02
1.8457688211197635641536152206754195503890514373779296875000000000e-02
1.8448045949347638416959682672313647344708442687988281250000000000e-02
1.8438440675127718004766563808516366407275199890136718750000000000e-02
1.8428871829506258267494800406893773470073938369750976562500000000e-02
1.8419339054658472043524142236492480151355266571044921875000000000e-02
1.8409841795197712938092493573094543535262346267700195312500000000e-02
1.8400379612298511933232703086105175316333770751953125000000000000e-02
1.8390952128159047951339033488693530671298503875732421875000000000e-02
1.8381558804013039404301466106517182197421789169311523437500000000e-02
1.8372199296232807896878114206629106774926185607910156250000000000e-02
1.8362873177232490878862947170091501902788877487182617187500000000e-02
1.8353579979933851151763235520775197073817253112792968750000000000e-02
1.8344319400523848018202954790467629209160804748535156250000000000e-02
1.8335090976837130349874627199824317358434200286865234375000000000e-02
1.8325894337898558650312708095952984876930713653564453125000000000e-02
1.8316729162903461897160539706419513095170259475708007812500000000e-02
1.8307595004444687097899802097344945650547742843627929687500000000e-02
1.8298491564460790670398893098536063916981220245361328125000000000e-02
1.8289418485628389926533898801608302164822816848754882812500000000e-02
1.8280375375609520666175811243192583788186311721801757812500000000e-02
1.8271361966931187748031106821144931018352508544921875000000000000e-02
1.8262377879857807916330614261823939159512519836425781250000000000e-02
1.8253422790640339706813577436150808352977037429809570312500000000e-02
1.8244496426458346738375126960818306542932987213134765625000000000e-02
1.8235598414485507112736684121045982465147972106933593750000000000e-02
1.8226728489161691387776542683241132181137800216674804687500000000e-02
1.8217886352959729995282245340604276861995458602905273437500000000e-02
1.8209071671890945942617889841130818240344524383544921875000000000e-02
1.8200284207426989380174120469746412709355354309082031250000000000e-02
1.8191523646595170876638647428080730605870485305786132812500000000e-02
1.8182789704716238038395559328819217626005411148071289062500000000e-02
1.8174082144428234386612786011028219945728778839111328125000000000e-02
1.8165400657706949616443381501085241325199604034423828125000000000e-02
1.8156745001309468334760310881392797455191612243652343750000000000e-02
1.8148114927894747061554170386443729512393474578857421875000000000e-02
1.8139510151670455023742434264022449497133493423461914062500000000e-02
1.8130930455095048414726477403746685013175010681152343750000000000e-02
1.8122375582109561537036412914858374278992414474487304687500000000e-02
1.8113845278273955907710757173845195211470127105712890625000000000e-02
1.8105339335670926625976306922893854789435863494873046875000000000e-02
1.8096857499046718059654281773873663041740655899047851562500000000e-02
1.8088399543906254901548535940492001827806234359741210937500000000e-02
1.8079965262940953657500031681593100074678659439086914062500000000e-02
1.8071554411017456270860392919530568178743124008178710937500000000e-02
1.8063166787313112565671602283146057743579149246215820312500000000e-02
1.8054802182276043220898742447388940490782260894775390625000000000e-02
1.8046460366766433475183006862607726361602544784545898437500000000e-02
1.8038141157376588047389631697114964481443166732788085937500000000e-02
1.8029844341220534198466651787384762428700923919677734375000000000e-02
1.8021569710692943167007484817077056504786014556884765625000000000e-02
1.8013317091231512839799577818666875828057527542114257812500000000e-02
1.8005086269677426230595429501590842846781015396118164062500000000e-02
1.7996877062649022788187735955034440848976373672485351562500000000e-02
1.7988689295077395224886629421234829351305961608886718750000000000e-02
1.7980522761420918154140480282876524142920970916748046875000000000e-02
1.7972377299212537876682560522567655425518751144409179687500000000e-02
1.7964252727119465330440917227861064020544290542602539062500000000e-02
1.7956148856591743617761025575418898370116949081420898437500000000e-02
1.7948065536950018328266054368214099667966365814208984375000000000e-02
1.7940002581606714210371578133162984158843755722045898437500000000e-02
1.7931959825450496937015998355491319671273231506347656250000000000e-02
1.7923937117153902059962788939628808293491601943969726562500000000e-02
1.7915934274498092337868371259901323355734348297119140625000000000e-02
1.7907951152697776375788407676736824214458465576171875000000000000e-02
1.7899987593052824746964191149345424491912126541137695312500000000e-02
1.7892043428677433664075735464393801521509885787963867187500000000e-02
1.7884118524397949606674629308145085815340280532836914062500000000e-02
1.7876212717272188523764953060890547931194305419921875000000000000e-02
1.7868325860025530832375650902577035594731569290161132812500000000e-02
1.7860457816771094924357399236214405391365289688110351562500000000e-02
1.7852608429233002285130282871250528842210769653320312500000000000e-02
1.7844777565623408388528758905522408895194530487060546875000000000e-02
1.7836965085485895904371389519837975967675447463989257812500000000e-02
1.7829170843109337640797207313880790024995803833007812500000000000e-02
1.7821394713430097067607960070745320990681648254394531250000000000e-02
1.7813636555256209814679380087909521535038948059082031250000000000e-02
1.7805896236659145281944205407853587530553340911865234375000000000e-02
1.7798173633275300720146816502165165729820728302001953125000000000e-02
1.7790468609186399495669661519059445708990097045898437500000000000e-02
1.7782781042101000745780936540541006252169609069824218750000000000e-02
1.7775110807897363807139612390528782270848751068115234375000000000e-02
1.7767457778807258655939804725676367525011301040649414062500000000e-02
1.7759821838028287677158090218654251657426357269287109375000000000e-02
1.7752202863744601796236466384470986668020486831665039062500000000e-02
1.7744600735936741364717761371139204129576683044433593750000000000e-02
1.7737015341460410366991595765284728258848190307617187500000000000e-02
1.7729446562407873144717740387932281009852886199951171875000000000e-02
1.7721894285102766236628113460938038770109415054321289062500000000e-02
1.7714358400005469212912245779989461880177259445190429687500000000e-02
1.7706838793121570940769515800639055669307708740234375000000000000e-02
1.7699335356717162820450184312903729733079671859741210937500000000e-02
1.7691847984308371050099495391805248800665140151977539062500000000e-02
1.7684376566000879760220954040050855837762355804443359375000000000e-02
1.7676920999994818334277724147796106990426778793334960937500000000e-02
1.7669481181419189469439245954163197893649339675903320312500000000e-02
1.7662057006010704190979154759588709566742181777954101562500000000e-02
1.7654648376271064869058591284556314349174499511718750000000000000e-02
1.7647255188904260869708906511732493527233600616455078125000000000e-02
1.7639877346449030909303345993066614028066396713256835937500000000e-02
1.7632514753162280979337239728010899852961301803588867187500000000e-02
1.7625167309257994824323034777080465573817491531372070312500000000e-02
1.7617834923111603401268965285453305114060640335083007812500000000e-02
1.7610517499395232643433217845085891894996166229248046875000000000e-02
1.7603214944207169756484887557235197164118289947509765625000000000e-02
1.7595927168930779876943049089277337770909070968627929687500000000e-02
1.7588654079857678202980508785913116298615932464599609375000000000e-02
1.7581395589353742553440085316651675384491682052612304687500000000e-02
1.7574151609413082159028007822598738130182027816772460937500000000e-02
1.7566922050576007363620334444931359030306339263916015625000000000e-02
1.7559706829272159200883152152528055012226104736328125000000000000e-02
1.7552505858310231412477975254660123027861118316650390625000000000e-02
1.7545319053747083365424330736459523905068635940551757812500000000e-02
1.7538146333479547045453017517502303235232830047607421875000000000e-02
1.7530987613193951824008820494782412424683570861816406250000000000e-02
1.7523842813336881762964480913069564849138259887695312500000000000e-02
1.7516711852535619270421207716026401612907648086547851562500000000e-02
1.7509594650986594344121982658180058933794498443603515625000000000e-02
1.7502491131314378003391851734704687260091304779052734375000000000e-02
1.7495401214181558607885236256151983980089426040649414062500000000e-02
1.7488324823947000441481947063948609866201877593994140625000000000e-02
1.7481261884222297486868313853847212158143520355224609375000000000e-02
1.7474212319351260097599620735309144947677850723266601562500000000e-02
1.7467176056131978462149234587741375435143709182739257812500000000e-02
1.7460153019779895561258697966877662111073732376098632812500000000e-02
1.7453143138500205183705205058686260599642992019653320312500000000e-02
1.7446146340292244952818734304855752270668745040893554687500000000e-02
1.7439162553310752490354218480206327512860298156738281250000000000e-02
1.7432191708400122942546062176916166208684444427490234375000000000e-02
1.7425233734889657849498334485360828693956136703491210937500000000e-02
1.7418288564427647502341756080568302422761917114257812500000000000e-02
1.7411356129212903626202191276206576731055974960327148437500000000e-02
1.7404436360933216165758352644843398593366146087646484375000000000e-02
1.7397529194046197631440264785851468332111835479736328125000000000e-02
1.7390634561813639313854196188913192600011825561523437500000000000e-02
1.7383752398992362298013603094659629277884960174560546875000000000e-02
1.7376882641719278155267858210208942182362079620361328125000000000e-02
1.7370025225004179225685163601156091317534446716308593750000000000e-02
1.7363180086438802923742841244347800966352224349975585937500000000e-02
1.7356347163213797779590663594717625528573989868164062500000000000e-02
1.7349526392854537626408983896908466704189777374267578125000000000e-02
1.7342717714972501891201872581405041273683309555053710937500000000e-02
1.7335921067985239629738458688734681345522403717041015625000000000e-02
1.7329136392152045403891591490719292778521776199340820312500000000e-02
1.7322363628358095066772648351616226136684417724609375000000000000e-02
1.7315602716841065056296855573236825875937938690185546875000000000e-02
1.7308853600156898916440084690293588209897279739379882812500000000e-02
1.7302116220219512093825287024628778453916311264038085937500000000e-02
1.7295390519587314909211173130643146578222513198852539062500000000e-02
1.7288676442429318225180168155930005013942718505859375000000000000e-02
1.7281973931921788822929642037706798873841762542724609375000000000e-02
1.7275282932984029754530652667199319694191217422485351562500000000e-02
1.7268603390856149953913600825217145029455423355102539062500000000e-02
1.7261935250468145308655465441916021518409252166748046875000000000e-02
1.7255278458716927919569528171450656373053789138793945312500000000e-02
1.7248632961752548981015920048776024486869573593139648437500000000e-02
1.7241998706619677400597723249120463151484727859497070312500000000e-02
1.7235375641566585275255008014028135221451520919799804687500000000e-02
1.7228763713974366844627894579389248974621295928955078125000000000e-02
1.7222162872972509445324007515409903135150671005249023437500000000e-02
1.7215573067681431279618564644806610886007547378540039062500000000e-02
1.7208994247206323147114659377621137537062168121337890625000000000e-02
1.7202426362290509920249803599290316924452781677246093750000000000e-02
1.7195869362926739787322816255255020223557949066162109375000000000e-02
1.7189323200198530772198068916623014956712722778320312500000000000e-02
1.7182787825897757882920302563434233888983726501464843750000000000e-02
1.7176263191291101656288375920667022000998258590698242187500000000e-02
1.7169749249199329349524489884970535058528184890747070312500000000e-02
1.7163245952202036553879693769886216614395380020141601562500000000e-02
1.7156753253269502873523677521916397381573915481567382812500000000e-02
1.7150271106438037121977302490449801553040742874145507812500000000e-02
1.7143799465257004294160836366245348472148180007934570312500000000e-02
1.7137338284421540363089420111464278306812047958374023437500000000e-02
1.7130887518805006791700051849147712346166372299194335937500000000e-02
1.7124447123311927615452177064980787690728902816772460937500000000e-02
1.7118017053970639718141200091849896125495433807373046875000000000e-02
1.7111597266531358707553067688422743231058120727539062500000000000e-02
1.7105187717414517545311269941521459259092807769775390625000000000e-02
1.7098788363571443965627238981141999829560518264770507812500000000e-02
1.7092399161898686604788011322852980811148881912231445312500000000e-02
1.7086020070139908144657425737023004330694675445556640625000000000e-02
1.7079651046088932531130666347962687723338603973388671875000000000e-02
1.7073292047942747323707735063180734869092702865600585937500000000e-02
1.7066943034452941585499274879111908376216888427734375000000000000e-02
1.7060603964419353978376747704714944120496511459350585937500000000e-02
1.7054274797247609418704428208002354949712753295898437500000000000e-02
1.7047955492577041708424090415974205825477838516235351562500000000e-02
1.7041646010350141454692263209835800807923078536987304687500000000e-02
1.7035346310943739328580548431091301608830690383911132812500000000e-02
1.7029056354946697782182241098780650645494461059570312500000000000e-02
1.7022776103392471547248732122170622460544109344482421875000000000e-02
1.7016505517561248544966545637180388439446687698364257812500000000e-02
1.7010244559075109876955522736352577339857816696166992187500000000e-02
1.7003993189870354046933087488469027448445558547973632812500000000e-02
1.6997751372173370426610361505481705535203218460083007812500000000e-02
1.6991519068585061308374051236569357570260763168334960937500000000e-02
1.6985296241893887286833475513958546798676252365112304687500000000e-02
1.6979082855301929483315959146239038091152906417846679687500000000e-02
1.6972878872265759891968528449979203287512063980102539062500000000e-02
1.6966684256471922798148455058253603056073188781738281250000000000e-02
1.6960498972029062342281591213577485177665948867797851562500000000e-02
1.6954322983199449775826295194747217465192079544067382812500000000e-02
1.6948156254603788384294205116020748391747474670410156250000000000e-02
1.6941998751132815448361412791200564242899417877197265625000000000e-02
1.6935850437890878628088842106080846861004829406738281250000000000e-02
1.6929711280388282101938557389075867831707000732421875000000000000e-02
1.6923581244248475652369734234525822103023529052734375000000000000e-02
1.6917460295451543922373716100082674529403448104858398437500000000e-02
1.6911348400258829210995870084843772929161787033081054687500000000e-02
1.6905245525095913966540095429991197306662797927856445312500000000e-02
1.6899151636765877282364556322136195376515388488769531250000000000e-02
1.6893066702213025559453640767060278449207544326782226562500000000e-02
1.6886990688701353918732550596359942574054002761840820312500000000e-02
1.6880923563754996613583969633509695995599031448364257812500000000e-02
1.6874865295055024860815251486201304942369461059570312500000000000e-02
1.6868815850639751890982509507921349722892045974731445312500000000e-02
1.6862775198705357709849650404976273421198129653930664062500000000e-02
1.6856743307699855599635085923182487022131681442260742187500000000e-02
1.6850720146343943495192974069141200743615627288818359375000000000e-02
1.6844705683536367879504780376009875908493995666503906250000000000e-02
1.6838699888465695486683415538209374062716960906982421875000000000e-02
1.6832702730481260283701416824442276265472173690795898437500000000e-02
1.6826714179184840136649370379018364474177360534667968750000000000e-02
1.6820734204430594360690776056799222715198993682861328125000000000e-02
1.6814762776244746023124321254726964980363845825195312500000000000e-02
1.6808799864906309035061937606769788544625043869018554687500000000e-02
1.6802845440860865455778849764101323671638965606689453125000000000e-02
1.6796899474822567233101011652252054773271083831787109375000000000e-02
1.6790961937694269534571134272482595406472682952880859375000000000e-02
1.6785032800542339093130550509158638305962085723876953125000000000e-02
1.6779112034727022145785824136510200332850217819213867187500000000e-02
1.6773199611733957681281026452779769897460937500000000000000000000e-02
1.6767295503273823426004796033339516725391149520874023437500000000e-02
1.6761399681276618195413519174508110154420137405395507812500000000e-02
1.6755512117830988205735565088616567663848400115966796875000000000e-02
1.6749632785267774826021280887289321981370449066162109375000000000e-02
1.6743761656045397928638251983102236408740282058715820312500000000e-02
1.6737898702861173094724733800831018015742301940917968750000000000e-02
1.6732043898619080452006002701637044083327054977416992187500000000e-02
1.6726197216341245205262211470653710421174764633178710937500000000e-02
1.6720358629288840923710068864238564856350421905517578125000000000e-02
1.6714528110879579153591478757334698457270860671997070312500000000e-02
1.6708705634720946719973255767399678006768226623535156250000000000e-02
1.6702891174607686908260006930504459887742996215820312500000000000e-02
1.6697084704475485816832502905526780523359775543212890625000000000e-02
1.6691286198497863602074886557602440007030963897705078125000000000e-02
1.6685495630960105184481534479346009902656078338623046875000000000e-02
1.6679712976322626227787537800395512022078037261962890625000000000e-02
1.6673938209276116528823052931329584680497646331787109375000000000e-02
1.6668171304614304989444306670520745683461427688598632812500000000e-02
1.6662412237321455599214914400363340973854064941406250000000000000e-02
1.6656660982539150950287876185029745101928710937500000000000000000e-02
1.6650917515580010430653601360972970724105834960937500000000000000e-02
1.6645181811924043835393405288414214737713336944580078125000000000e-02
1.6639453847179082324192478381519322283565998077392578125000000000e-02
1.6633733597155465205874591561041597742587327957153320312500000000e-02
1.6628021037787637376181848480882763396948575973510742187500000000e-02
1.6622316145151500021981405552651267498731613159179687500000000000e-02
1.6616618895521861193342871843015018384903669357299804687500000000e-02
1.6610929265294199774771755073743406683206558227539062500000000000e-02
1.6605247231015949488375227360847929958254098892211914062500000000e-02
1.6599572769386287257598056044116674456745386123657226562500000000e-02
1.6593905857242730733647206875502888578921556472778320312500000000e-02
1.6588246471595964603995554398352396674454212188720703125000000000e-02
1.6582594589564167431028351984423352405428886413574218750000000000e-02
1.6576950188424147830668076153415313456207513809204101562500000000e-02
1.6571313245610497927318149891107168514281511306762695312500000000e-02
1.6565683738669248481478746271022828295826911926269531250000000000e-02
1.6560061645294745641399103419644234236329793930053710937500000000e-02
1.6554446943322836949263887618144508451223373413085937500000000000e-02
1.6548839610728574567311000009794952347874641418457031250000000000e-02
1.6543239625611386861558926852922013495117425918579101562500000000e-02
1.6537646966202024234604550656513310968875885009765625000000000000e-02
1.6532061610874750762212315180477162357419729232788085937500000000e-02
1.6526483538129483480405568229798518586903810501098632812500000000e-02
1.6520912726588943969519007737289939541369676589965820312500000000e-02
1.6515349155008442194603190955604077316820621490478515625000000000e-02
1.6509792802270037426204396524553885683417320251464843750000000000e-02
1.6504243647388214255578020583925535902380943298339843750000000000e-02
1.6498701669490585530741810771360178478062152862548828125000000000e-02
1.6493166847825941473404398607272014487534761428833007812500000000e-02
1.6487639161776479479470935984863899648189544677734375000000000000e-02
1.6482118590843888167318809223615971859544515609741210937500000000e-02
1.6476605114641725002844196978912805207073688507080078125000000000e-02
1.6471098712898524923931020680356596130877733230590820312500000000e-02
1.6465599365478349874747365788607567083090543746948242187500000000e-02
1.6460107052346718836677297304049716331064701080322265625000000000e-02
1.6454621753581869653126901198447740171104669570922851562500000000e-02
1.6449143449393219956755629596045764628797769546508789062500000000e-02
1.6443672120089264376829873981478158384561538696289062500000000000e-02
1.6438207746084555066490295871517446357756853103637695312500000000e-02
1.6432750307920296339858623468899168074131011962890625000000000000e-02
1.6427299786244121265754714045215223450213670730590820312500000000e-02
1.6421856161805168522471731762379931751638650894165039062500000000e-02
1.6416419415465250547514486356703855562955141067504882812500000000e-02
1.6410989528190818298458708568432484753429889678955078125000000000e-02
1.6405566481061364253468681795311567839235067367553710937500000000e-02
1.6400150255250399433659680425989790819585323333740234375000000000e-02
1.6394740832038092598343936856508662458509206771850585937500000000e-02
1.6389338192820072231947747809499560389667749404907226562500000000e-02
1.6383942319082758776183084137301193550229072570800781250000000000e-02
1.6378553192409408406637894017876533325761556625366210937500000000e-02
1.6373170794489643603553119532989512663334608078002929687500000000e-02
1.6367795107120622355445505036186659708619117736816406250000000000e-02
1.6362426112189534799234991169214481487870216369628906250000000000e-02
1.6357063791674727321057147833016642834991216659545898437500000000e-02
1.6351708127660156272265012944444606546312570571899414062500000000e-02
1.6346359102330242779599345226415607612580060958862304687500000000e-02
1.6341016697954534320214037279583862982690334320068359375000000000e-02
1.6335680896899518188547517638653516769409179687500000000000000000e-02
1.6330351681632243598940590345591772347688674926757812500000000000e-02
1.6325029034705364899826562918860872741788625717163085937500000000e-02
1.6319712938760673470728335132662323303520679473876953125000000000e-02
1.6314403376536647238825850081411772407591342926025390625000000000e-02
1.6309100330868828848673857123685593251138925552368164062500000000e-02
1.6303803784668651627454138974826491903513669967651367187500000000e-02
1.6298513720939638432794183131591125857084989547729492187500000000e-02
1.6293230122785624242043311937777616549283266067504882812500000000e-02
1.6287952973387063299037791352930071298032999038696289062500000000e-02
1.6282682256006996562858191168743360321968793869018554687500000000e-02
1.6277417954001751482229209955221449490636587142944335937500000000e-02
1.6272160050820012183736551492074795532971620559692382812500000000e-02
1.6266908529983570980137486117200751323252916336059570312500000000e-02
1.6261663375099006528801126592043146956712007522583007812500000000e-02
1.6256424569866662760420084055112965870648622512817382812500000000e-02
1.6251192098060085466926238950691185891628265380859375000000000000e-02
1.6245965943534848574536511023325147107243537902832031250000000000e-02
1.6240746090233418308379498284921282902359962463378906250000000000e-02
1.6235532522178436343196494817675556987524032592773437500000000000e-02
1.6230325223476439050473985048483882565051317214965820312500000000e-02
1.6225124178305960764845394805888645350933074951171875000000000000e-02
1.6219929370923560213446634747924690600484609603881835937500000000e-02
1.6214740785677642792572683561047597322613000869750976562500000000e-02
1.6209558406982436246090983900103310588747262954711914062500000000e-02
1.6204382219335951992311706248983682598918676376342773437500000000e-02
1.6199212207318288564428243603288137819617986679077148437500000000e-02
1.6194048355573066599877307680799276567995548248291015625000000000e-02
1.6188890648829699220323519170960935298353433609008789062500000000e-02
1.6183739071892043470679567462866543792188167572021484375000000000e-02
1.6178593609640114225900475730668404139578342437744140625000000000e-02
1.6173454247030760733139231888344511389732360839843750000000000000e-02
1.6168320969084819249683704356357338838279247283935546875000000000e-02
1.6163193760907728496745150437163829337805509567260742187500000000e-02
1.6158072607682736482326291138633678201586008071899414062500000000e-02
1.6152957494652207121044185100799950305372476577758789062500000000e-02
1.6147848407137472409589307176247530151158571243286132812500000000e-02
1.6142745330537000558734916921821422874927520751953125000000000000e-02
1.6137648250320546505776064805104397237300872802734375000000000000e-02
1.6132557152023854069033959035550651606172323226928710937500000000e-02
1.6127472021251705591726732791357790119946002960205078125000000000e-02
1.6122392843691598501854045366599166300147771835327148437500000000e-02
1.6117319605097553403272314653804642148315906524658203125000000000e-02
1.6112252291283525595932957230616011656820774078369140625000000000e-02
1.6107190888140162504660324316319019999355077743530273437500000000e-02
1.6102135381635920841070230835612164810299873352050781250000000000e-02
1.6097085757795111943257992948019818868488073348999023437500000000e-02
1.6092042002712955706122954779857536777853965759277343750000000000e-02
1.6087004102561905383161899862898280844092369079589843750000000000e-02
1.6081972043574206676641580315845203585922718048095703125000000000e-02
1.6076945812045977807214214294617704581469297409057617187500000000e-02
1.6071925394347961330021590242722595576196908950805664062500000000e-02
1.6066910776919112596727856612233154010027647018432617187500000000e-02
1.6061901946255990186740447711599699687212705612182617187500000000e-02
1.6056898888923001184059202728349191602319478988647460937500000000e-02
1.6051901591553053433303333008552726823836565017700195312500000000e-02
1.6046910040846216333187967961748654488474130630493164062500000000e-02
1.6041924223558153700386341711237037088721990585327148437500000000e-02
1.6036944126508974328704226763875340111553668975830078125000000000e-02
1.6031969736594282177621906271269835997372865676879882812500000000e-02
1.6027001040764765615875830917502753436565399169921875000000000000e-02
1.6022038026024375961808843271683144848793745040893554687500000000e-02
1.6017080679445353658119088890998682472854852676391601562500000000e-02
1.6012128988171614452085123048163950443267822265625000000000000000e-02
1.6007182939395167564633482015779009088873863220214843750000000000e-02
1.6002242520365222988587561303575057536363601684570312500000000000e-02
1.5997307718400376186362876751445583067834377288818359375000000000e-02
1.5992378520873515995726066307724977377802133560180664062500000000e-02
1.5987454915210978084738613347326463554054498672485351562500000000e-02
1.5982536888901745925073427656570856925100088119506835937500000000e-02
1.5977624429494966667997246645427367184311151504516601562500000000e-02
1.5972717524588255638695599714083073195070028305053710937500000000e-02
1.5967816161832293353484146791743114590644836425781250000000000000e-02
1.5962920328937712372008306260795507114380598068237304687500000000e-02
1.5958030013672588887096992493752622976899147033691406250000000000e-02
1.5953145203853567879459518508156179450452327728271484375000000000e-02
1.5948265887345172697742157197353662922978401184082031250000000000e-02
1.5943392052068225406280532752134604379534721374511718750000000000e-02
1.5938523685998150225540115343392244540154933929443359375000000000e-02
1.5933660777153274556994233535078819841146469116210937500000000000e-02
1.5928803313603780156260114608812727965414524078369140625000000000e-02
1.5923951283472338041891092075275082606822252273559570312500000000e-02
1.5919104674927166132025746492217876948416233062744140625000000000e-02
1.5914263476180794121273009977812762372195720672607421875000000000e-02
1.5909427675492814752145065426702785771340131759643554687500000000e-02
1.5904597261177464556647365157004969660192728042602539062500000000e-02
1.5899772221583185344284672169123950880020856857299804687500000000e-02
1.5894952545107126490320226253061264287680387496948242187500000000e-02
1.5890138220198302132502021777327172458171844482421875000000000000e-02
1.5885329235336732855987662560437456704676151275634765625000000000e-02
1.5880525579051701923205541788775008171796798706054687500000000000e-02
1.5875727239916734984115365136858599726110696792602539062500000000e-02
1.5870934206543375888376345983488135971128940582275390625000000000e-02
1.5866146467590262758573516066462616436183452606201171875000000000e-02
1.5861364011750863495242569456422643270343542098999023437500000000e-02
1.5856586827759807517557177902745024766772985458374023437500000000e-02
1.5851814904402274086780977313537732698023319244384765625000000000e-02
1.5847048230491614373427466944121988490223884582519531250000000000e-02
1.5842286794882129430384054558089701458811759948730468750000000000e-02
1.5837530586477240740483907188718148972839117050170898437500000000e-02
1.5832779594212757073856678857737279031425714492797851562500000000e-02
1.5828033807060659654553091968409717082977294921875000000000000000e-02
1.5823293214034500620002177129208575934171676635742187500000000000e-02
1.5818557804191394483561694528361840639263391494750976562500000000e-02
1.5813827566621967146698324313547345809638500213623046875000000000e-02
1.5809102490454800260533119171668658964335918426513671875000000000e-02
1.5804382564859806997725755195460806135088205337524414062500000000e-02
1.5799667779042833593017292059812461957335472106933593750000000000e-02
1.5794958122248861642766826207662234082818031311035156250000000000e-02
1.5790253583759881333969943284500914160162210464477539062500000000e-02
1.5785554152898336605082008077260979916900396347045898437500000000e-02
1.5780859819025279400239725191568140871822834014892578125000000000e-02
1.5776170571533472408720655266733956523239612579345703125000000000e-02
1.5771486399857800875246027771936496719717979431152343750000000000e-02
1.5766807293476847728896927947062067687511444091796875000000000000e-02
1.5762133241897915980622713050252059474587440490722656250000000000e-02
1.5757464234666035407528283940337132662534713745117187500000000000e-02
1.5752800261372660456382632787608599755913019180297851562500000000e-02
1.5748141311643499423711389795244031120091676712036132812500000000e-02
1.5743487375137126677016041753631725441664457321166992187500000000e-02
1.5738838441552452374061488171719247475266456604003906250000000000e-02
1.5734194500629992280460456299806537572294473648071289062500000000e-02
1.5729555542145352148297732242099300492554903030395507812500000000e-02
1.5724921555908561582315385862784751225262880325317382812500000000e-02
1.5720292531770489047326933018666750285774469375610351562500000000e-02
1.5715668459620094066231388296728255227208137512207031250000000000e-02
1.5711049329381068795363773915596539154648780822753906250000000000e-02
1.5706435131014311740171862652459822129458189010620117187500000000e-02
1.5701825854520196773522755506746761966496706008911132812500000000e-02
1.5697221489936356159100583340659795794636011123657226562500000000e-02
1.5692622027332604750515798741616890765726566314697265625000000000e-02
1.5688027456817309895908962857902224641293287277221679687500000000e-02
1.5683437768538845136223613963011302985250949859619140625000000000e-02
1.5678852952679740717645273662128602154552936553955078125000000000e-02
1.5674272999456204807922077293369511608034372329711914062500000000e-02
1.5669697899121766415664325222678598947823047637939453125000000000e-02
1.5665127641970089111822517224936746060848236083984375000000000000e-02
1.5660562218323993699531371248667710460722446441650390625000000000e-02
1.5656001618543184672471824114836635999381542205810546875000000000e-02
1.5651445833027691906247369502125366125255823135375976562500000000e-02
1.5646894852207382520248302171239629387855529785156250000000000000e-02
1.5642348666546890961770444050671358127146959304809570312500000000e-02
1.5637807266547412710089304255234310403466224670410156250000000000e-02
1.5633270642745618339564117604822968132793903350830078125000000000e-02
1.5628738785711363684649555239047913346439599990844726562500000000e-02
1.5624211686044851832289026560829370282590389251708984375000000000e-02
1.5619689334383955389706777339142718119546771049499511718750000000e-02
1.5615171721402844318138392054606811143457889556884765625000000000e-02
1.5610658837802823123430684404411294963210821151733398437500000000e-02
1.5606150674320440688291888875482982257381081581115722656250000000e-02
1.5601647221727734868301773474286164855584502220153808593750000000e-02
1.5597148470828251301534272954540938371792435646057128906250000000e-02
1.5592654412455891552169440217312512686476111412048339843750000000e-02
1.5588165037477523869324791405688301892951130867004394531250000000e-02
1.5583680336796332938087417119277233723551034927368164062500000000e-02
1.5579200301343671883347319351287296740338206291198730468750000000e-02
1.5574724922080413619385197421252087224274873733520507812500000000e-02
1.5570254190003129934893877361901104450225830078125000000000000000e-02
1.5565788096141196239496906628119177184998989105224609375000000000e-02
1.5561326631549320109737521988790831528604030609130859375000000000e-02
1.5556869787315295503016265854512312216684222221374511718750000000e-02
1.5552417554562228407810664521093713119626045227050781250000000000e-02
1.5547969924439089539625058478122809901833534240722656250000000000e-02
1.5543526888124785736988719975215644808486104011535644531250000000e-02
1.5539088436830704800795110998024028958752751350402832031250000000e-02
1.5534654561799140365385696327393816318362951278686523437500000000e-02
1.5530225254300835530107960380519216414541006088256835937500000000e-02
1.5525800505635008880167546863049210514873266220092773437500000000e-02
1.5521380307132163003935865219773404533043503761291503906250000000e-02
1.5516964650152943044902897895553905982524156570434570312500000000e-02
1.5512553526085782681920299808098206995055079460144042968750000000e-02
1.5508146926348650995741706992703257128596305847167968750000000000e-02
1.5503744842389912891866821098574291681870818138122558593750000000e-02
1.5499347265684472810254312946653953986242413520812988281250000000e-02
1.5494954187735514652968227267137990565970540046691894531250000000e-02
1.5490565600078177663223577553708310006186366081237792968750000000e-02
1.5486181494275280332018063234045257559046149253845214843750000000e-02
1.5481801861914870968583990418210305506363511085510253906250000000e-02
1.5477426694615171662294805798865127144381403923034667968750000000e-02
1.5473055984023447242958759773046040209010243415832519531250000000e-02
1.5468689721814150861423087235380080528557300567626953125000000000e-02
1.5464327899688521533727580958839098457247018814086914062500000000e-02
1.5459970509375933755968901550659211352467536926269531250000000000e-02
1.5455617542635186403843228220011951634660363197326660156250000000e-02
1.5451268991250129494763321247319254325702786445617675781250000000e-02
1.5446924847032380764821901664163306122645735740661621093750000000e-02
1.5442585101821859963622252109871624270454049110412597656250000000e-02
1.5438249747485350768516632058435789076611399650573730468750000000e-02
1.5433918775916046287055571895052707986906170845031738281250000000e-02
1.5429592179032954046835612871291232295334339141845703125000000000e-02
1.5425269948783770432299000674447597702965140342712402343750000000e-02
1.5420952077142618605321011671094311168417334556579589843750000000e-02
1.5416638556108469906846814012624236056581139564514160156250000000e-02
1.5412329377706484798138397707134572556242346763610839843750000000e-02
1.5408024533990679130757150971930968808010220527648925781250000000e-02
1.5403724017039346211310757439605367835611104965209960937500000000e-02
1.5399427818954243216142963035508728353306651115417480468750000000e-02
1.5395135931867148446072768308567901840433478355407714843750000000e-02
1.5390848347933826223421505119404173456132411956787109375000000000e-02
1.5386565059332063185038030894702387740835547447204589843750000000e-02
1.5382286058268636666501727461309201316908001899719238281250000000e-02
1.5378011336975744641208940777232783148065209388732910156250000000e-02
1.5373740887708061894634248290003597503527998924255371093750000000e-02
1.5369474702745012512083988553968083579093217849731445312500000000e-02
1.5365212774391078659474985101951460819691419601440429687500000000e-02
1.5360955094975838747251017935013805981725454330444335937500000000e-02
1.5356701656851897905275983191586419707164168357849121093750000000e-02
1.5352452452395387583194974467915017157793045043945312500000000000e-02
1.5348207474008329978532039206129411468282341957092285156250000000e-02
1.5343966714115432267706573554733040509745478630065917968750000000e-02
1.5339730165162325861705205909402138786390423774719238281250000000e-02
1.5335497819620021175968105353604187257587909698486328125000000000e-02
1.5331269669984040268650993255050707375630736351013183593750000000e-02
1.5327045708772510379525044754700502380728721618652343750000000000e-02
1.5322825928523950422821542360907187685370445251464843750000000000e-02
1.5318610321800830639804580357576924143359065055847167968750000000e-02
1.5314398881191603959961433645275974413380026817321777343750000000e-02
1.5310191599303142606647298862299066968262195587158203125000000000e-02
1.5305988468765782672953434939699945971369743347167968750000000000e-02
1.5301789482235695488698823396589432377368211746215820312500000000e-02
1.5297594632388772720177350095127621898427605628967285156250000000e-02
1.5293403911922453033978008818394300760701298713684082031250000000e-02
1.5289217313559234912023754304755129851400852203369140625000000000e-02
1.5285034830043349451944578731854562647640705108642578125000000000e-02
1.5280856454140802000440935159986111102625727653503417968750000000e-02
1.5276682178640638501421200601271266350522637367248535156250000000e-02
1.5272511996353778027102343628484959481284022331237792968750000000e-02
1.5268345900113921773111336221973033389076590538024902343750000000e-02
1.5264183882776716921769732948632736224681138992309570312500000000e-02
1.5260025937220311753605983540182933211326599121093750000000000000e-02
1.5255872056345225543094734632632025750353932380676269531250000000e-02
1.5251722233073286907889531960336171323433518409729003906250000000e-02
1.5247576460347932181260688366819522343575954437255859375000000000e-02
1.5243434731134767462501500290272815618664026260375976562500000000e-02
1.5239297038421167895805297121114563196897506713867187500000000000e-02
1.5235163375215817968544307348111033206805586814880371093750000000e-02
1.5231033734547264751890693901259510312229394912719726562500000000e-02
1.5226908109465317822661667435113486135378479957580566406250000000e-02
1.5222786493041906216716618871487298747524619102478027343750000000e-02
1.5218668878366981012106862181099131703376770019531250000000000000e-02
1.5214555258550352401236693822283996269106864929199218750000000000e-02
1.5210445626723712378436381698065815726295113563537597656250000000e-02
1.5206339976036630998179610685383522650226950645446777343750000000e-02
1.5202238299656408923588024606488033896312117576599121093750000000e-02
1.5198140590770509508744545712488616118207573890686035156250000000e-02
1.5194046842585221326893396565083094174042344093322753906250000000e-02
1.5189957048324060490118725397223897743970155715942382812500000000e-02
1.5185871201227994428673007121233240468427538871765136718750000000e-02
1.5181789294556059452534491072128730593249201774597167968750000000e-02
1.5177711321585669532185924879286176292225718498229980468750000000e-02
1.5173637275609889313310318925687170121818780899047851562500000000e-02
1.5169567149938955469279378007740888278931379318237304687500000000e-02
1.5165500937901692235509898409873130731284618377685546875000000000e-02
1.5161438632842264007116739321645582094788551330566406250000000000e-02
1.5157380228121155457676749733764154370874166488647460937500000000e-02
1.5153325717116746668144955378920712973922491073608398437500000000e-02
1.5149275093224423213711382629753643414005637168884277343750000000e-02
1.5145228349855217875319368658892926760017871856689453125000000000e-02
1.5141185480436447283181244927163788815960288047790527343750000000e-02
1.5137146478413614908431483740969270002096891403198242187500000000e-02
1.5133111337248855016168747056326537858694791793823242187500000000e-02
1.5129080050420025405077950608756509609520435333251953125000000000e-02
1.5125052611422905302074326527872472070157527923583984375000000000e-02
1.5121029013770583004916403524475754238665103912353515625000000000e-02
1.5117009250992335250840525873172737192362546920776367187500000000e-02
1.5112993316634876217463556713482830673456192016601562500000000000e-02
1.5108981204262506709001812055248592514544725418090820312500000000e-02
1.5104972907456657923996878878369898302480578422546386718750000000e-02
1.5100968419815811658035720199677598429843783378601074218750000000e-02
1.5096967734955961740195284903620631666854023933410644531250000000e-02
1.5092970846510574134402560275702853687107563018798828125000000000e-02
1.5088977748130208769716809058536455268040299415588378906250000000e-02
1.5084988433482401579133203028959542280063033103942871093750000000e-02
1.5081002896252485023786960027791792526841163635253906250000000000e-02
1.5077021130143107574550498384269303642213344573974609375000000000e-02
1.5073043128873342064166784837198065361008048057556152343750000000e-02
1.5069068886179849686701714972514309920370578765869140625000000000e-02
1.5065098395816487950038542464881174964830279350280761718750000000e-02
1.5061131651553798932452465919595852028578519821166992187500000000e-02
1.5057168647179278164749405277689220383763313293457031250000000000e-02
1.5053209376497388508053809630382602335885167121887207031250000000e-02
1.5049253833329639951088552152214106172323226928710937500000000000e-02
1.5045302011514183684881551528178533772006630897521972656250000000e-02
1.5041353904905855470852671373904740903526544570922851562500000000e-02
1.5037409507376815753776355677473475225269794464111328125000000000e-02
1.5033468812816103837848302759994112420827150344848632812500000000e-02
1.5029531815129093183514008558177010854706168174743652343750000000e-02
1.5025598508238646733303767177858389914035797119140625000000000000e-02
1.5021668886084927826973789422027039108797907829284667968750000000e-02
1.5017742942624569268961209900226094760000705718994140625000000000e-02
1.5013820671831320380240626377599255647510290145874023437500000000e-02
1.5009902067696539659791277188105595996603369712829589843750000000e-02
1.5005987124228454057672799137890251586213707923889160156250000000e-02
1.5002075835452058361063620850472943857312202453613281250000000000e-02
1.4998168195409325095801555960406403755769133567810058593750000000e-02
1.4994264198159147280509095878642256138846278190612792968750000000e-02
1.4990363837776951583258266964548965916037559509277343750000000000e-02
1.4986467108353789326469218678994366200640797615051269531250000000e-02
1.4982574003996995681831094771041534841060638427734375000000000000e-02
1.4978684518829537414275065998481295537203550338745117187500000000e-02
1.4974798646989022354869547370981308631598949432373046875000000000e-02
1.4970916382627598786858591495274595217779278755187988281250000000e-02
1.4967037719911521764792894373385934159159660339355468750000000000e-02
1.4963162653020627493316574430082255275920033454895019531250000000e-02
1.4959291176148034954729304502052400493994355201721191406250000000e-02
1.4955423283499467632107204906333208782598376274108886718750000000e-02
1.4951558969293282999601935046030121156945824623107910156250000000e-02
1.4947698227760276498687908031115512130782008171081542968750000000e-02
1.4943841053143558372795496325124986469745635986328125000000000000e-02
1.4939987439698858978642803663205995690077543258666992187500000000e-02
1.4936137381694629400197271706929313950240612030029296875000000000e-02
1.4932290873412515028184621712625812506303191184997558593750000000e-02
1.4928447909147754546488329197018174454569816589355468750000000000e-02
1.4924608483209870352093062706444470677524805068969726562500000000e-02
1.4920772589923324280558603049939847551286220550537109375000000000e-02
1.4916940223627783018711667750721971970051527023315429687500000000e-02
1.4913111378678706175904267183796036988496780395507812500000000000e-02
1.4909286049448038438680619321985432179644703865051269531250000000e-02
1.4905464230324025690088696194379735970869660377502441406250000000e-02
1.4901645915711365930622633868551929481327533721923828125000000000e-02
1.4897831100031285606055675430070550646632909774780273437500000000e-02
1.4894019777721128477976364479218318592756986618041992187500000000e-02
1.4890211943233947963771690581324946833774447441101074218750000000e-02
1.4886407591038160191931893905348260886967182159423828125000000000e-02
1.4882606715617195322631793885648221476003527641296386718750000000e-02
1.4878809311468881720896817455468408297747373580932617187500000000e-02
1.4875015373105216973104170108399557648226618766784667968750000000e-02
1.4871224895052104209014487423701211810111999511718750000000000000e-02
1.4867437871849152608572097733485861681401729583740234375000000000e-02
1.4863654298049448418406193184182484401389956474304199218750000000e-02
1.4859874168219251375222533795295021263882517814636230468750000000e-02
1.4856097476937963480780879876874678302556276321411132812500000000e-02
1.4852324218797539195913159915107826236635446548461914062500000000e-02
1.4848554388402331050134108636484597809612751007080078125000000000e-02
1.4844787980368609123238421432233735686168074607849121093750000000e-02
1.4841024989324547167512946543865837156772613525390625000000000000e-02
1.4837265409910010971472615892707835882902145385742187500000000000e-02
1.4833509236776808160040985740124597214162349700927734375000000000e-02
1.4829756464589055955927143770622933516278862953186035156250000000e-02
1.4826007088023368529761114587017800658941268920898437500000000000e-02
1.4822261101769131086403064045953215099871158599853515625000000000e-02
1.4818518500528773951252503593423170968890190124511718750000000000e-02
1.4814779279020487412488193967874394729733467102050781250000000000e-02
1.4811043431988329954762662055145483464002609252929687500000000000e-02
1.4807310953903710104562208016432123258709907531738281250000000000e-02
1.4803581777986553336123876079000183381140232086181640625000000000e-02
1.4799856110524244393045201206859928788617253303527832031250000000e-02
