-5.4633531114041291969207758683069187100045382976531982421875000000e-04
-4.6301219221656271258363846143879527517128735780715942382812500000e-04
-4.0877633186445563873157027501292759552597999572753906250000000000e-04
-3.6636741119136051296478751027052567224018275737762451171875000000e-04
-3.3206743719712780195385537496122196898795664310455322265625000000e-04
-3.0375687165148956316029771329567665816284716129302978515625000000e-04
-2.7999293402984447428835657056822583399480208754539489746093750000e-04
-2.5975991620741498058094753886848593538161367177963256835937500000e-04
-2.4232241290841140301040579352331860718550160527229309082031250000e-04
-2.2713529399769069399249443730326447621337138116359710693359375000e-04
-2.1378572279637096014218156092567824089201167225837707519531250000e-04
-2.0195562738347874612646060121790014818543568253517150878906250000e-04
-1.9139607607424332182989579198562068995670415461063385009765625000e-04
-1.8190927501390551112615823203810805352986790239810943603515625000e-04
-1.7333641076836776091958658430058903832104988396167755126953125000e-04
-1.6554830120321805558315786388590140632004477083683013916015625000e-04
-1.5843884522145784969800186292587795833242125809192657470703125000e-04
-1.5192028325099058349775815734972184145590290427207946777343750000e-04
-1.4591912392731510249820059410552630652091465890407562255859375000e-04
-1.4037360371147163486983677760377986487583257257938385009765625000e-04
-1.3523136298535502362525018149597144656581804156303405761718750000e-04
-1.3044765740675639902577953588291848063818179070949554443359375000e-04
-1.2598418046080097102909500783596286055399104952812194824218750000e-04
-1.2180782029734686146022620834017402557947207242250442504882812500e-04
-1.1788983530242657456373056579224112283554859459400177001953125000e-04
-1.1420526492052939697766089643948816956253722310066223144531250000e-04
-1.1073215555827471310527260195399890108092222362756729125976562500e-04
-1.0745126733593040940437091101955502381315454840660095214843750000e-04
-1.0434564497410262731875996156105657064472325146198272705078125000e-04
-1.0140017253494455437036469991340936758206225931644439697265625000e-04
-9.8601542213089016404581332864154319395311176776885986328125000000e-05
-9.5937793082208575067872102781763032908202148973941802978515625000e-05
-9.3398247159942512354499632998283686902141198515892028808593750000e-05
-9.0973378058277728813903195703716164643992669880390167236328125000e-05
-8.8654533060232316304949407026469998527318239212036132812500000000e-05
-8.6433964702850972906637838644172688873368315398693084716796875000e-05
-8.4304678926914455318851471243846162906265817582607269287109375000e-05
-8.2260257597243383259968951826124339277157559990882873535156250000e-05
-8.0294976372379661937878081445774114399682730436325073242187500000e-05
-7.8403552560727494545773919032427556885522790253162384033203125000e-05
-7.6581159011244700259707363088068632350768893957138061523437500000e-05
-7.4823471760808625422370377044956057943636551499366760253906250000e-05
-7.3126407177818430484748934983230128636932931840419769287109375000e-05
-7.1486311810188942275634538248141325311735272407531738281250000000e-05
-6.9899812957055612572775105117983684976934455335140228271484375000e-05
-6.8363740112650510003487747123784856739803217351436614990234375000e-05
-6.6875270373721010415402066229262345586903393268585205078125000000e-05
-6.5431725679902200554921565256449866865295916795730590820312500000e-05
-6.4030623093990908750554325035153624412487260997295379638671875000e-05
-6.2669746471715338364399938697602010506670922040939331054687500000e-05
-6.1346922953011724785263303338922469265526160597801208496093750000e-05
-6.0060221043701738741042717162343933523516170680522918701171875000e-05
-5.8807833118259622909307360316688573220744729042053222656250000000e-05
-5.7588010565826389889482195272307762934360653162002563476562500000e-05
-5.6399222423141441855494460089204267205786891281604766845703125000e-05
-5.5239964811205724841327441287930355429125484079122543334960937500e-05
-5.4108842247357358810119082326295369966828729957342147827148437500e-05
-5.3004602814380900660182205363923912955215200781822204589843750000e-05
-5.1925995425323320472434096561897831634269095957279205322265625000e-05
-5.0871899288559866640201806431420550325128715485334396362304687500e-05
-4.9841268734505127550264008684521854775084648281335830688476562500e-05
-4.8833060899360015896103481836121318337973207235336303710937500000e-05
-4.7846374670107699039744986180267005693167448043823242187500000000e-05
-4.6880305511552761079264312060743691290554124861955642700195312500e-05
-4.5934010396789058802355376620596416614716872572898864746093750000e-05
-4.5006725983656853374258177691302762468694709241390228271484375000e-05
-4.4097688334676619112233175723503109111334197223186492919921875000e-05
-4.3206200512172999647891175056813040100678335875272750854492187500e-05
-4.2331611195649984061457893336211100177024491131305694580078125000e-05
-4.1473274539110873966422932124231692796456627547740936279296875000e-05
-4.0630606703975479247932522941511024328065104782581329345703125000e-05
-3.9803048932558625805800539554368810968298930674791336059570312500e-05
-3.8990051754527317541196285155535861122189089655876159667968750000e-05
-3.8191123796600894132937525915494347827916499227285385131835937500e-05
-3.7405778153287084944293716670671301471884362399578094482421875000e-05
-3.6633551695628532353116862951836196771182585507631301879882812500e-05
-3.5874019515554410677832947174081823504820931702852249145507812500e-05
-3.5126763851546043127254542737247788863896857947111129760742187500e-05
-3.4391382449140902330484564908275046946073416620492935180664062500e-05
-3.3667516825012888768021285246234697297040838748216629028320312500e-05
-3.2954793354928203492730520718367870358633808791637420654296875000e-05
-3.2252874353702987804317497966266614639607723802328109741210937500e-05
-3.1561444806786765726169113888133210821251850575208663940429687500e-05
-3.0880174219633947565316622885234210116323083639144897460937500000e-05
-3.0208779820386646395311350254964111172739649191498756408691406250e-05
-2.9546976488949095780321349447028467238851590082049369812011718750e-05
-2.8894477442527030029402815292094430787983583286404609680175781250e-05
-2.8251042871128574087910556578151499707018956542015075683593750000e-05
-2.7616409420005796519293275737005899372888961806893348693847656250e-05
-2.6990335547140034921876836082610395806113956496119499206542968750e-05
-2.6372609986370067149032830888799594504234846681356430053710937500e-05
-2.5762989196648250256370740740585745243151905015110969543457031250e-05
-2.5161278018600408785607203121514885424403473734855651855468750000e-05
-2.4567274095126702550912975442365393519139615818858146667480468750e-05
-2.3980767944698192937948849623452929336053784936666488647460937500e-05
-2.3401578584451025499867451995505973627587081864476203918457031250e-05
-2.2829486458941265704554457460773164712009020149707794189453125000e-05
-2.2264301712585476668510367503905911235051462426781654357910156250e-05
-2.1705877407596820140951374145110719382500974461436271667480468750e-05
-2.1154038948070948822745632189601394657074706628918647766113281250e-05
-2.0608644980944781856420366938920096799847669899463653564453125000e-05
-2.0069553629366608049969245008981033606687560677528381347656250000e-05
-1.9536610480632588947736555384793177836399991065263748168945312500e-05
-1.9009694981973216060342629640800282686541322618722915649414062500e-05
-1.8488668984300318754929182141211185808060690760612487792968750000e-05
-1.7973402220121869140743650627989325130329234525561332702636718750e-05
-1.7463783371109888454923708689392469750600866973400115966796875000e-05
-1.6959684541714126860623493286972518490074435248970985412597656250e-05
-1.6460993699825015744355599656145727749390061944723129272460937500e-05
-1.5967607030372875446784866615423936764273094013333320617675781250e-05
-1.5479407095621605699098041752925780656369170174002647399902343750e-05
-1.4996297962105841757940796754589030115312198176980018615722656250e-05
-1.4518179954257791187499475327182807404824416153132915496826171875e-05
-1.4044948503265595928716884255305075157593819312751293182373046875e-05
-1.3576518956607421827523750346156106161288334988057613372802734375e-05
-1.3112796027512102712002557691750581625456106849014759063720703125e-05
-1.2653687646038447615556843395268060703529044985771179199218750000e-05
-1.2199117868804893727026177063788026089241611771285533905029296875e-05
-1.1748994784317557952733022952340746769550605677068233489990234375e-05
-1.1303240194595070663876983096951533980245585553348064422607421875e-05
-1.0861782184437943651975772008100307175482157617807388305664062500e-05
-1.0424533920013345116625108621732920255453791469335556030273437500e-05
-9.9914307864459351459949718043951349955023033544421195983886718750e-06
-9.5624001284135983110001877349759524804539978504180908203125000000e-06
-9.1373648151839339653099494875654329462122404947876930236816406250e-06
-8.7162693009479635979563569292416502776177367195487022399902343750e-06
-8.2990391610434347300457799678774506446643499657511711120605468750e-06
-7.8856106814321041536272952066077834842872107401490211486816406250e-06
-7.4759309482651796512813271999853270699532004073262214660644531250e-06
-7.0699264460574418216030727346588236059687915258109569549560546875e-06
-6.6675481426642225330457536269790352889685891568660736083984375000e-06
-6.2687383778049925761415017699818008622969500720500946044921875000e-06
-5.8734327143699605294595300630788869966636411845684051513671875000e-06
-5.4815900158428478104039038854011778312269598245620727539062500000e-06
-5.0931479714133622897450671962449320062660262919962406158447265625e-06
-4.7080559159835900484548064370837749947895645163953304290771484375e-06
-4.3262723512586437920983406524300107776070944964885711669921875000e-06
-3.9477358460583437659041118605873776914449990727007389068603515625e-06
-3.5724082784927313989945495131816954881287529133260250091552734375e-06
-3.2002426098286948521706198056424597098157391883432865142822265625e-06
-2.8311854668179002016083125464751546473962662275880575180053710938e-06
-2.4652051027009559783795614174017885034118080511689186096191406250e-06
-2.1022491589158422882759220950976697395162773318588733673095703125e-06
-1.7422769892519642348597272776822286743936274433508515357971191406e-06
-1.3852549668305253417532668311351606860171159496530890464782714844e-06
-1.0311317658964735120060568496214159495139028877019882202148437500e-06
-6.7987726202193417422741305786160204149837227305397391319274902344e-07
-3.3145198018953055957636143029343411825493603828363120555877685547e-07
1.4187697926542926230967027435240362942536762602685485035181045532e-08
3.5706785231626944731233718084706385553772634011693298816680908203e-07
6.9723194613556923327477889140713074311861419118940830230712890625e-07
1.0347132981021402931340455108588649579814955359324812889099121094e-06
1.3695400320108641805739221192217414113656559493392705917358398438e-06
1.7017544459152224668919582348247665493090607924386858940124511719e-06
2.0313817311170727135328974849448613326785562094300985336303710938e-06
2.3584546149353986610821849040364739380493119824677705764770507812e-06
2.6830093734842305150953625791920842402760172262787818908691406250e-06
3.0050679477348994623033331952122182428865926340222358703613281250e-06
3.3246663157262718881444774066125091849244199693202972412109375000e-06
3.6418325092366589834820544968607691771467216312885284423828125000e-06
3.9565902413512129095389882604827391787694068625569343566894531250e-06
4.2689744125548710081520867309912148357398109510540962219238281250e-06
4.5790067990187578698285143785629003332360298372805118560791015625e-06
4.8867145518663386276488579118559840708257979713380336761474609375e-06
5.1921279411986599787659849014609392270358512178063392639160156250e-06
5.4952662523226040476717266236583725458331173285841941833496093750e-06
5.7961587871101627586403054470665097142045851796865463256835937500e-06
6.0948299736135989890239983424180536530911922454833984375000000000e-06
6.3912997592952500451515124302304116099548991769552230834960937500e-06
6.6855970092118069883079141402237866032010060735046863555908203125e-06
6.9777411953835311774147279195723569955589482560753822326660156250e-06
7.2677546216431365859781364713310125580392195843160152435302734375e-06
7.5556629012973809095374440325532106044192914851009845733642578125e-06
7.8414832685354019940803318999833493307960452511906623840332031250e-06
8.1252395902353053081445741212540667675057193264365196228027343750e-06
8.4069532770018227740100799638689466064533917233347892761230468750e-06
8.6866415709912722810772181536442815286136465147137641906738281250e-06
8.9643280846590251965911796960817525814491091296076774597167968750e-06
9.2400307336361438070382670617597398177167633548378944396972656250e-06
9.5137677951849780583594776151024063892691629007458686828613281250e-06
9.7855610265561769015463938758969675291154999285936355590820312500e-06
1.0055426187379439125976765545544822089141234755516052246093750000e-05
1.0323382531684421648020613671015155432542087510228157043457031250e-05
1.0589449162584912701419795344470742293196963146328926086425781250e-05
1.0853641089931945475587603266998115714159212075173854827880859375e-05
1.1115977638907838421925347582863707884825998917222023010253906250e-05
1.1376475397374057217853883516855972857229062356054782867431640625e-05
1.1635149446811652169638320875044712465751217678189277648925781250e-05
1.1892018310601894365004065068358585222085821442306041717529296875e-05
1.2147096636433041570496058070283140750689199194312095642089843750e-05
1.2400399816942945100989477424935358840230037458240985870361328125e-05
1.2651945055885107507885438404837685766324284486472606658935546875e-05
1.2901745571010329459611665203766506238025613129138946533203125000e-05
1.3149817177306854438828716269416219120103050954639911651611328125e-05
1.3396175278812324986967875750654144439977244473993778228759765625e-05
1.3640832385686021266521170125507467218994861468672752380371093750e-05
1.3883804483840356014693814823424133919615997001528739929199218750e-05
1.4125104902819068020038834054830090281029697507619857788085937500e-05
1.4364746291861330202734026162403324633487500250339508056640625000e-05
1.4602744092474388668836081384139191641224897466599941253662109375e-05
1.4839109862869564372841145460935052824424928985536098480224609375e-05
1.5073856901651152387952396771719776324971462599933147430419921875e-05
1.5306999205570659351640511181003034835157450288534164428710937500e-05
1.5538547412645699151564557261018251210771268233656883239746093750e-05
1.5768515399626831854093880758149737175699556246399879455566406250e-05
1.5996915116578662717809408699842776968580437824130058288574218750e-05
1.6223757361355054413274215385776244602311635389924049377441406250e-05
1.6449055732415228804448037447372144015389494597911834716796875000e-05
1.6672820456758368439344544786884227960399584844708442687988281250e-05
1.6895063056359511336618206556181576161179691553115844726562500000e-05
1.7115795827055508497149122204561422222468536347150802612304687500e-05
1.7335028245215071738107373566784019658371107652783393859863281250e-05
1.7552772303851981214968189237701778893097070977091789245605468750e-05
1.7769038599832354271244871934953835079795680940151214599609375000e-05
1.7983836764666383305428035144224452324124285951256752014160156250e-05
1.8197178456790993048616117411242498747014906257390975952148437500e-05
1.8409072950486196894879023511215621056180680170655250549316406250e-05
1.8619530380739797594371112698929948692239122465252876281738281250e-05
1.8828561348007790586999918303057199864269932731986045837402343750e-05
1.9036174584526772415263989879363748514151666313409805297851562500e-05
1.9242380358363030584721922733315579989721300080418586730957031250e-05
1.9447188124729737976207136207484893475339049473404884338378906250e-05
1.9650606648898853501044800551333935345610370859503746032714843750e-05
1.9852645751223661519128602104267145023186458274722099304199218750e-05
2.0053314068568900917742536815779885728261433541774749755859375000e-05
2.0252620463369120946007378991637892795552033931016921997070312500e-05
2.0450574086583354698701958662709898817411158233880996704101562500e-05
2.0647183125887145837629513267508230001112679019570350646972656250e-05
2.0842456304705959420483715738292573860235279425978660583496093750e-05
2.1036402151521874526879374300847302947659045457839965820312500000e-05
2.1229028573967186841733520430430814940336858853697776794433593750e-05
2.1420343987487103372922836452829642439610324800014495849609375000e-05
2.1610356446654169893352784304063618492364184930920600891113281250e-05
2.1799073614703538370566959780916249656002037227153778076171875000e-05
2.1986503566468897872274515514767756485525751486420631408691406250e-05
2.2172653852858402890452227396167472761590033769607543945312500000e-05
2.2357531973517136980470279561394875145197147503495216369628906250e-05
2.2541145695817633607879737489554372587008401751518249511718750000e-05
2.2723502068819047489470208667228234844515100121498107910156250000e-05
2.2904608496105539834674161281391491229442181065678596496582031250e-05
2.3084472303244302747188970714731226507865358144044876098632812500e-05
2.3263100203083939357135562220335600613907445222139358520507812500e-05
2.3440499486378089580686581716584271362080471590161323547363281250e-05
2.3616676943701773023999088141344770974683342501521110534667968750e-05
2.3791639193254718440042466687245337197964545339345932006835937500e-05
2.3965393236763720210841938085266633606806863099336624145507812500e-05
2.4137945368689228160937951250808453096396988257765769958496093750e-05
2.4309302248523735742388729441643135942285880446434020996093750000e-05
2.4479470398885727508387841200310219846869586035609245300292968750e-05
2.4648455867718247185721436309790988161694258451461791992187500000e-05
2.4816265228271627759368614385415696688141906633973121643066406250e-05
2.4982904481301578214448230741417944500426528975367546081542968750e-05
2.5148379670590780715112855236981204143376089632511138916015625000e-05
2.5312697010237193657794171897101875856606056913733482360839843750e-05
2.5475862180494295315463446072179465318185975775122642517089843750e-05
2.5637881236433338570657181065826080157421529293060302734375000000e-05
2.5798759899241698864474567343130217977886786684393882751464843750e-05
2.5958503749236221065438065536135070487944176420569419860839843750e-05
2.6117118654756990282729198216138399857300100848078727722167968750e-05
2.6274609964232544542881570004411173613334540277719497680664062500e-05
2.6430983233975014889006321938680343919259030371904373168945312500e-05
2.6586243955552613587667645789203163531055906787514686584472656250e-05
2.6740397343597015103033170957402830936189275234937667846679687500e-05
2.6893448815819275281215755546426748878729995340108871459960937500e-05
2.7045403469300645929928803012920468518132111057639122009277343750e-05
2.7196266507134969327369802827298883585172006860375404357910156250e-05
2.7346043078662855146682836293692275830835569649934768676757812500e-05
2.7494738062993142479637984076923373777390224859118461608886718750e-05
2.7642356536283366950880122092648605303111253306269645690917968750e-05
2.7788903356046395300192955457596610813197912648320198059082031250e-05
2.7934383357432174239216512989791851850895909592509269714355468750e-05
2.8078801354743912650768766781084195827133953571319580078125000000e-05
2.8222161991651458596772061859780933446018025279045104980468750000e-05
2.8364470037450332384624043791099268219113582745194435119628906250e-05
2.8505730024572550386236652331106711244501639157533645629882812500e-05
2.8645946489086939471457524120090454289311310276389122009277343750e-05
2.8785124032311009160609027723864983272505924105644226074218750000e-05
2.8923266979283574227904338171946108104748418554663658142089843750e-05
2.9060379780645306514686929122426306548732100054621696472167968750e-05
2.9196466780332044633474927741723092822212493047118186950683593750e-05
2.9331532209104983522111528837506000400026096031069755554199218750e-05
2.9465580399290904300676000038272661640803562477231025695800781250e-05
2.9598615441311411914564535874383466307335766032338142395019531250e-05
2.9730641503964910175297417516127040926221525296568870544433593750e-05
2.9861662736175123463973693493933581066812621429562568664550781250e-05
2.9991683066503781857591037773858033688156865537166595458984375000e-05
3.0120706572198353091806069525837585842964472249150276184082031250e-05
3.0248737196371441312637076692659832133358577266335487365722656250e-05
3.0375778794617763712768154782395413349149748682975769042968750000e-05
3.0501835291513194534356728793156321444257628172636032104492187500e-05
3.0626910424119836013050893752662773295014631003141403198242187500e-05
3.0751008017209093231385252931175955382059328258037567138671875000e-05
3.0874131813795910946225664606146210644510574638843536376953125000e-05
3.0996285412383579752158141440432359559054020792245864868164062500e-05
3.1117472563118363866781213022960628222790546715259552001953125000e-05
3.1237696810965169492632642622709226998267695307731628417968750000e-05
3.1356961685824055947099248120579773058125283569097518920898437500e-05
3.1475270807660285564497787413884566376509610563516616821289062500e-05
3.1592627577646458197739576245766102147172205150127410888671875000e-05
3.1709035463270447013656855306251713955134619027376174926757812500e-05
3.1824497896026618826582216259524216184217948466539382934570312500e-05
3.1939018191488781979632538554625398319330997765064239501953125000e-05
3.2052599746406452247901586183331801294116303324699401855468750000e-05
3.2165245812890470183433022643981757937581278383731842041015625000e-05
3.2276959646442803235789203997185836669814307242631912231445312500e-05
3.2387744524973478962501238775928413815563544631004333496093750000e-05
3.2497603568711805582368973288609481642197351902723312377929687500e-05
3.2606539972357719817021987074312505683337803930044174194335937500e-05
3.2714556861757876208597617395668066819780506193637847900390625000e-05
3.2821657297041972954198402190328920369211118668317794799804687500e-05
3.2927844372502017462889245535961890709586441516876220703125000000e-05
3.3033121058124428805896632965755088662263005971908569335937500000e-05
3.3137490374644398914271564704492334385577123612165451049804687500e-05
3.3240955306680014318902044445636079217365477234125137329101562500e-05
3.3343518717171303296538387161973560068872757256031036376953125000e-05
3.3445183543593249696906921641925691801588982343673706054687500000e-05
3.3545952664930745801882133738658353649952914565801620483398437500e-05
3.3645828880089484328504839671936110789829399436712265014648437500e-05
3.3744815012707686573221327330784902187588158994913101196289062500e-05
3.3842913839907526254036779223000053207215387374162673950195312500e-05
3.3940128117296343717053386246362833844614215195178985595703125000e-05
3.4036460555821280917366405960322595092293340712785720825195312500e-05
3.4131913837852099276488904155968384657171554863452911376953125000e-05
3.4226490648807309619908872955207357335893902927637100219726562500e-05
3.4320193614767153069463473391564889425353612750768661499023437500e-05
3.4413025344675716597677567198942938375694211572408676147460937500e-05
3.4504988423973583075345800130762086155300494283437728881835937500e-05
3.4596085409684470971317105103537414834136143326759338378906250000e-05
3.4686318831316030174977127487068173650186508893966674804687500000e-05
3.4775691192365846247675637004093118775926996022462844848632812500e-05
3.4864204991479591608672522484724254354659933596849441528320312500e-05
3.4951862675289044183647713115448141252272762358188629150390625000e-05
3.5038666663322770729836752590102832982665859162807464599609375000e-05
3.5124619369277238335822627357529768232780043035745620727539062500e-05
3.5209723174620889316575877980852737891837023198604583740234375000e-05
3.5293980454424709095571921491085731759085319936275482177734375000e-05
3.5377393535046648893101911559355698955187108367681503295898437500e-05
3.5459964716787880040314157037428799412737134844064712524414062500e-05
3.5541696315601489124854500678551971759588923305273056030273437500e-05
3.5622590584943273489537673981430998537689447402954101562500000000e-05
3.5702649768310619970371894149607783219835255295038223266601562500e-05
3.5781876098721274702136457834811267275654245167970657348632812500e-05
3.5860271778468896537034327209880757436621934175491333007812500000e-05
3.5937838985278926587103170975368016115680802613496780395507812500e-05
3.6014579875745542992312303587354449518898036330938339233398437500e-05
3.6090496608069697959727401004315083810070063918828964233398437500e-05
3.6165591286775079782334074707250692881643772125244140625000000000e-05
3.6239866003729369597213816334146940789651125669479370117187500000e-05
3.6313322852856871642435870883858228808094281703233718872070312500e-05
3.6385963894840495493152726647068107013183180242776870727539062500e-05
3.6457791161015844346934833275497567228740081191062927246093750000e-05
3.6528806670661251342676484332727682158292736858129501342773437500e-05
3.6599012431167674041024295839008573238970711827278137207031250000e-05
3.6668410431446155680734050319458106059755664318799972534179687500e-05
3.6737002626782605031220685365411782186129130423069000244140625000e-05
3.6804790959120576296966648177644287898147013038396835327148437500e-05
3.6871777367087909822295638262446004773664753884077072143554687500e-05
3.6937963757913795182288851925989092706004157662391662597656250000e-05
3.7003352020643210220154917244883563398616388440132141113281250000e-05
3.7067944031129624617680595743962612687028013169765472412109375000e-05
3.7131741655581235466050682436645047346246428787708282470703125000e-05
3.7194746720642387987319776865291487411013804376125335693359375000e-05
3.7256961051125085074460507872373682403122074902057647705078125000e-05
3.7318386471530739579346297452033809349813964217901229858398437500e-05
3.7379024763091895505739969962633040267974138259887695312500000000e-05
3.7438877697924467693579159144334767006512265652418136596679687500e-05
3.7497947026441672479461081346485684662184212356805801391601562500e-05
3.7556234500284293780988931210629289125790819525718688964843750000e-05
3.7613741862487260771662211933374919681227765977382659912109375000e-05
3.7670470802863068298521609378326502337586134672164916992187500000e-05
3.7726423015546932046571093621878389967605471611022949218750000000e-05
3.7781600198876530189058542408275798152317292988300323486328125000e-05
3.7836004009797561536965204709304089192301034927368164062500000000e-05
3.7889636092881644191532330978589016012847423553466796875000000000e-05
3.7942498096882590937883178439093967426742892712354660034179687500e-05
3.7994591646669701487208647971982600211049430072307586669921875000e-05
3.8045918337071323728215688220188894774764776229858398437500000000e-05
3.8096479766091372726449088004230247861414682120084762573242187500e-05
3.8146277526773552160859609427845384743704926222562789916992187500e-05
3.8195313174449124576058378632836820543161593377590179443359375000e-05
3.8243588254654127989336231951966738051851280033588409423828125000e-05
3.8291104311198015234564417941243164023035205900669097900390625000e-05
3.8337862883527199539361596247744046195293776690959930419921875000e-05
3.8383865482379423490939818197631439034012146294116973876953125000e-05
3.8429113587096658819289296538102007616544142365455627441406250000e-05
3.8473608701846423603941393931648917714483104646205902099609375000e-05
3.8517352300782497576472906963829245796659961342811584472656250000e-05
3.8560345833966217746636290231165844488714355975389480590820312500e-05
3.8602590761162815170999540459462195940432138741016387939453125000e-05
3.8644088523763173994522018839248289623355958610773086547851562500e-05
3.8684840540736294676495143907146712081157602369785308837890625000e-05
3.8724848211437411498597738201965512416791170835494995117187500000e-05
3.8764112953835660124127932002480179107806179672479629516601562500e-05
3.8802636166950294134038446092205276727327145636081695556640625000e-05
3.8840419204828132045126398708134729531593620777130126953125000000e-05
3.8877463437091512035107682132561990329122636467218399047851562500e-05
3.8913770233588442187637468361316450682352297008037567138671875000e-05
3.8949340923944019321641107911347035042126663029193878173828125000e-05
3.8984176845511797615800170246913580740510951727628707885742187500e-05
3.9018279327443999111510453126072661689249798655509948730468750000e-05
3.9051649673463636059777409625937139026063960045576095581054687500e-05
3.9084289175687146719768982894294140351121313869953155517578125000e-05
3.9116199128661791278947085226391777723620180040597915649414062500e-05
3.9147380823738120805572321403431601538613904267549514770507812500e-05
3.9177835517388817274629653208961599375470541417598724365234375000e-05
3.9207564465220800121320054998363957565743476152420043945312500000e-05
3.9236568918573548701150821571559390577021986246109008789062500000e-05
3.9264850120604163441571238246652342240849975496530532836914062500e-05
3.9292409293609891483053248029122528350853826850652694702148437500e-05
3.9319247651107751631311543194513546950474847108125686645507812500e-05
3.9345366414075205274778618269593266632000450044870376586914062500e-05
3.9370766777731970424442781153473447375290561467409133911132812500e-05
3.9395449919569392610314145786176709407300222665071487426757812500e-05
3.9419417028778564978438309074348921967612113803625106811523437500e-05
3.9442669279774016371110240131159230259072501212358474731445312500e-05
3.9465207827194339913062792746245577291119843721389770507812500000e-05
3.9487033823665558117561869000411434171837754547595977783203125000e-05
3.9508148411862791091111318797501894550805445760488510131835937500e-05
3.9528552732577154377614087055192726438690442591905593872070312500e-05
3.9548247904594606492827135735268484495463781058788299560546875000e-05
3.9567235042568642267024614511683466844260692596435546875000000000e-05
3.9585515258922471346515054024806090637866873294115066528320312500e-05
3.9603089654591517286292418065229981039010453969240188598632812500e-05
3.9619959320560050512836230973690021528454963117837905883789062500e-05
3.9636125331572720856005559442181152007833588868379592895507812500e-05
3.9651588765935904255018756847661620668077375739812850952148437500e-05
3.9666350697671785645835595968122788690379820764064788818359375000e-05
3.9680412176386405131468804174943443285883404314517974853515625000e-05
3.9693774248620898798586148492617553529271390289068222045898437500e-05
3.9706437966206726576916946624962179157591890543699264526367187500e-05
3.9718404357889031737905566332713647170749027281999588012695312500e-05
3.9729674447563524523376055075374324587755836546421051025390625000e-05
3.9740249260538318897776483007433512284478638321161270141601562500e-05
3.9750129807861126071070329013323885192221496254205703735351562500e-05
3.9759317083321482925659107188209873129380866885185241699218750000e-05
3.9767812087973189319814459885549240425461903214454650878906250000e-05
3.9775615817108513452057122483651596667186822742223739624023437500e-05
3.9782729244343411787940278934172511071665212512016296386718750000e-05
3.9789153346877101868027393205551334176561795175075531005859375000e-05
3.9794889089556038648358426979001478684949688613414764404296875000e-05
3.9799937436251789596528688486287705927679780870676040649414062500e-05
3.9804299336996061119565287755861504592758137732744216918945312500e-05
3.9807975732094879890276412082172896589327137917280197143554687500e-05
3.9810967571952870429179138778152946542832069098949432373046875000e-05
3.9813275786621221252054025896427447150927037000656127929687500000e-05
3.9814901294314865428866645480354691244428977370262145996093750000e-05
3.9815845015444367401610120671406889414356555789709091186523437500e-05
3.9816107868243986143974577629478517337702214717864990234375000000e-05
3.9815690759122594310614323687147475538949947804212570190429687500e-05
3.9814594579496710138790532829133894665574189275503158569335937500e-05
3.9812820223318800747207973911301337466284167021512985229492187500e-05
3.9810368584170739399488714305164194229291751980781555175781250000e-05
3.9807240536780008383251072690001137743820436298847198486328125000e-05
3.9803436954783999240578551415126185020199045538902282714843750000e-05
3.9798958710866554479117229714546510876971296966075897216796875000e-05
3.9793806665071311697273043206379838920838665217161178588867187500e-05
3.9787981669097088974901277325102455506566911935806274414062500000e-05
3.9781484572675731258006859292208901024423539638519287109375000000e-05
3.9774316228148012732773741717551274632569402456283569335937500000e-05
3.9766477466330631389962446675667706585954874753952026367187500000e-05
3.9757969116495629161456976108368621680710930377244949340820312500e-05
3.9748792013989249992909902342574923750362358987331390380859375000e-05
3.9738946976796781136460207095595364990003872662782669067382812500e-05
3.9728434814311038220709798585161820483335759490728378295898437500e-05
3.9717256335884775603987245640169589933066163212060928344726562500e-05
3.9705412353456434300727484476567497040377929806709289550781250000e-05
3.9692903661045656285317334566187241762236226350069046020507812500e-05
3.9679731047667867089873833252866575094230938702821731567382812500e-05
3.9665895307900449391364655626901480900414753705263137817382812500e-05
3.9651397220136954248174976367380395458894781768321990966796875000e-05
3.9636237558057756797096765621901681697636377066373825073242187500e-05
3.9620417094640743706050745043256711142021231353282928466796875000e-05
3.9603936596805984634520753084885313910490367561578750610351562500e-05
3.9586796829863000796081301535522811718692537397146224975585937500e-05
3.9568998545292416338207963644180154005880467593669891357421875000e-05
3.9550542488691886329043451153708588208246510475873947143554687500e-05
3.9531429412980527253462792458549301954917609691619873046875000000e-05
3.9511660053687733663938669304016571004467550665140151977539062500e-05
3.9491235147177972954982833053705348902440164238214492797851562500e-05
3.9470155429408872432145427566752005077432841062545776367187500000e-05
3.9448421618220526102711886995422219115425832569599151611328125000e-05
3.9426034435598468204202393661006453839945606887340545654296875000e-05
3.9402994597492296520793719771802443574415519833564758300781250000e-05
3.9379302815390889390932682712076484676799736917018890380859375000e-05
3.9354959797845005028266163193961801880504935979843139648437500000e-05
3.9329966238111212120491522181708887728746049106121063232421875000e-05
3.9304322834817969083056471424342248610628303140401840209960937500e-05
3.9278030286348968914706542010506495898880530148744583129882812500e-05
3.9251089271786503858731320892871963224024511873722076416015625000e-05
3.9223500471804203897085994157123423065058887004852294921875000000e-05
3.9195264567027214845824911737537377121043391525745391845703125000e-05
3.9166382232548981393027709430043614702299237251281738281250000000e-05
3.9136854133271359713983766903666605685430113226175308227539062500e-05
3.9106680927032750802983807059121090787812136113643646240234375000e-05
3.9075863279166170934260382541225453678634949028491973876953125000e-05
3.9044401846281111820909787146760550058388616889715194702148437500e-05
3.9012297270268993579483279843245213669433724135160446166992187500e-05
3.8979550195549378952333818837416856695199385285377502441406250000e-05
3.8946161270457487814117963909055220028676558285951614379882812500e-05
3.8912131125809750614719106920347257982939481735229492187500000000e-05
3.8877460390223198829443701507457831212377641350030899047851562500e-05
3.8842149697133275228558280112167722109006717801094055175781250000e-05
3.8806199667524092467799784467175072677491698414087295532226562500e-05
3.8769610914499890233497758629255258711054921150207519531250000000e-05
3.8732384054564112415685456225489247117366176098585128784179687500e-05
3.8694519701712300977902020404641802997502963989973068237304687500e-05
3.8656018456992089621631486506814212589233648031949996948242187500e-05
3.8616880919615456126386260349292456339753698557615280151367187500e-05
3.8577107687770884644588853529256766705657355487346649169921875000e-05
3.8536699358021701258478208806934617314254865050315856933593750000e-05
3.8495656514105479491759387311589080127305351197719573974609375000e-05
3.8453979736351962480898902807524564195773564279079437255859375000e-05
3.8411669613375810710884095122708004055311903357505798339843750000e-05
3.8368726722108091663036855134549796275678090751171112060546875000e-05
3.8325151626587096237094853812266137538244947791099548339843750000e-05
3.8280944893531940729537732526210902506136335432529449462890625000e-05
3.8236107096630945567736908907718884620408061891794204711914062500e-05
3.8190638793168303231559401744732440420193597674369812011718750000e-05
3.8144540534039131547423134849239545474119950085878372192382812500e-05
3.8097812876637039323189648509782045948668383061885833740234375000e-05
3.8050456370275340849465561809950031602056697010993957519531250000e-05
3.8002471556203779718113161534276400743692647665739059448242187500e-05
3.7953858977388764254536079878477039528661407530307769775390625000e-05
3.7904619176966244898860369794135749543784186244010925292968750000e-05
3.7854752686992527131466107492840933446132112294435501098632812500e-05
3.7804260034097247390218188289878753494122065603733062744140625000e-05
3.7753141746884231967542472352405980018374975770711898803710937500e-05
3.7701398354437994965299846272799300095357466489076614379882812500e-05
3.7649030378089080493223678169911750046594534069299697875976562500e-05
3.7596038331437603408589909204096102257608436048030853271484375000e-05
3.7542422729722660216557239554191482966416515409946441650390625000e-05
3.7488184088906273102106969652425050298916175961494445800781250000e-05
3.7433322914555567501298377619534107907384168356657028198242187500e-05
3.7377839711788145076951095369111044419696554541587829589843750000e-05
3.7321734986650240205145745431281056880834512412548065185546875000e-05
3.7265009239797854188706860423252464897814206779003143310546875000e-05
3.7207662966147581171290348311941897918586619198322296142578125000e-05
3.7149696658227341727713521901677040659706108272075653076171875000e-05
3.7091110814693766710783973117315781564684584736824035644531250000e-05
3.7031905920316923904161282576907865404791664332151412963867187500e-05
3.6972082461272291710116522089890622737584635615348815917968750000e-05
3.6911640929088047880218120821993466051935683935880661010742187500e-05
3.6850581800102711282039746887306819189689122140407562255859375000e-05
3.6788905554521079282765533280397107773751486092805862426757812500e-05
3.6726612671930841701791597975201852932514157146215438842773437500e-05
3.6663703625544010378158737983866899412532802671194076538085937500e-05
3.6600178891823096250391494921316848376591224223375320434570312500e-05
3.6536038938595170346129020755299166012264322489500045776367187500e-05
3.6471284231894629610914310147151695673528593033552169799804687500e-05
3.6405915245814088440808042879126560364966280758380889892578125000e-05
3.6339932440248967464042212371921891644888091832399368286132812500e-05
3.6273336274165444731865798333458883462299127131700515747070312500e-05
3.6206127214165781630188234441192207668791525065898895263671875000e-05
3.6138305717788139976350686444206417036184575408697128295898437500e-05
3.6069872237638151237816563909888145644799806177616119384765625000e-05
3.6000827226985269990944260598553228192031383514404296875000000000e-05
3.5931171141999672738204935074080026424780953675508499145507812500e-05
3.5860904431704671772689063669048437077435664832592010498046875000e-05
3.5790027542635708096129681932140442768286447972059249877929687500e-05
3.5718540922368291078061591781178663040918763726949691772460937500e-05
3.5646445014075459404006424035671329875185620039701461791992187500e-05
3.5573740259931315311602711970451196066278498619794845581054687500e-05
3.5500427098974292501598615245939072337932884693145751953125000000e-05
3.5426505970606676147564850776205958027276210486888885498046875000e-05
3.5351977312776741442078981547680882613349240273237228393554687500e-05
3.5276841555141313911108519318915455187379848212003707885742187500e-05
3.5201099129451843467754346139741983279236592352390289306640625000e-05
3.5124750471244892439590112864777893264545127749443054199218750000e-05
3.5047796004774971201367605999621446244418621063232421875000000000e-05
3.4970236152050197765348005241037299128947779536247253417968750000e-05
3.4892071341698876042834026600658603456395212560892105102539062500e-05
3.4813301996668083785040764821516745541885029524564743041992187500e-05
3.4733928532908643768088025050033706975227687507867813110351562500e-05
3.4653951366917139036670503227099970899871550500392913818359375000e-05
3.4573370917111379213917943253875364462146535515785217285156250000e-05
3.4492187597230868653739449536388406158948782831430435180664062500e-05
3.4410401815869481423164344402465530947665683925151824951171875000e-05
3.4328013982884051594896002157497605367098003625869750976562500000e-05
3.4245024506825708565313504117000320547958835959434509277343750000e-05
3.4161433791569980190742927828040365056949667632579803466796875000e-05
3.4077242239023049501407680583753290193271823227405548095703125000e-05
3.3992450251413812304171480072056965582305565476417541503906250000e-05
3.3907058229273439329057304725267840694868937134742736816406250000e-05
3.3821066566449896155770876715607187179557513445615768432617187500e-05
3.3734475656637245865633600860888918759883381426334381103515625000e-05
3.3647285895104090921222533827616985036002006381750106811523437500e-05
3.3559497672794239410496569542274869490938726812601089477539062500e-05
3.3471111376237027974604731905827748050796799361705780029296875000e-05
3.3382127391219812721692011825425083770824130624532699584960937500e-05
3.3292546105934310378925145013084829770377837121486663818359375000e-05
3.3202367900047508356923403605165390217734966427087783813476562500e-05
3.3111593152714162749915283168178348205401562154293060302734375000e-05
3.3020222246275120366303806873631287999160122126340866088867187500e-05
3.2928255555840161953890660173627225049131084233522415161132812500e-05
3.2835693454563818062617169823980134424346033483743667602539062500e-05
3.2742536315549539767573439252856815073755569756031036376953125000e-05
3.2648784511148287626036007536001193329866509884595870971679687500e-05
3.2554438410623790390446830045334536407608538866043090820312500000e-05
3.2459498377854463307349425216230542901030275970697402954101562500e-05
3.2363964778549207256148900757608544154209084808826446533203125000e-05
3.2267837979454911171133674185895756636455189436674118041992187500e-05
3.2171118339092818615588403874383516267698723822832107543945312500e-05
3.2073806216277856416269759209924927745305467396974563598632812500e-05
3.1975901970538735900190241423501902318093925714492797851562500000e-05
3.1877405958380077813547892606749201149796135723590850830078125000e-05
3.1778318532297373990441746727242389169987291097640991210937500000e-05
3.1678640043583383689978355546301713729917537420988082885742187500e-05
3.1578370846148950143537220691669631378317717462778091430664062500e-05
3.1477511288136120768191283936232593987369909882545471191406250000e-05
3.1376061713906933093014978153334482158243190497159957885742187500e-05
3.1274022470156377000519154485402850696118548512458801269531250000e-05
3.1171393903445136829098022213102581190469209104776382446289062500e-05
3.1068176352694710053766596891122730994538869708776473999023437500e-05
3.0964370157271584602445835265882578823948279023170471191406250000e-05
3.0859975659520924465371166656169066300208214670419692993164062500e-05
3.0754993195202862989179326547173332073725759983062744140625000000e-05
3.0649423098086978989405132489665106731990817934274673461914062500e-05
3.0543265702418910902994630962581368294195272028446197509765625000e-05
3.0436521341744722491361174743218498406349681317806243896484375000e-05
3.0329190346465118922111153798581995033600833266973495483398437500e-05
3.0221273044096231272844649273778827591740991920232772827148437500e-05
3.0112769762266076897230457354304178352322196587920188903808593750e-05
3.0003680827744215421290507883611553552327677607536315917968750000e-05
2.9894006564204927853213231148110651247407076880335807800292968750e-05
2.9783747294144604408471649348300047677184920758008956909179687500e-05
2.9672903339973160014887698654462155900546349585056304931640625000e-05
2.9561475020147430552370018674857021778734633699059486389160156250e-05
2.9449462651239027610782297839087107149680377915501594543457031250e-05
2.9336866551585318155020640218388905395840993151068687438964843750e-05
2.9223687037374868535541394543031401553889736533164978027343750000e-05
2.9109924420078928884161525991736141349974786862730979919433593750e-05
2.8995579011688908877475076564245171084621688351035118103027343750e-05
2.8880651123713934572568434733241815592919010668992996215820312500e-05
2.8765141065394906542788955317035970438155345618724822998046875000e-05
2.8649049143489373837933101296648885636386694386601448059082031250e-05
2.8532375663681403384292281644185607092367717996239662170410156250e-05
2.8415120932121831472203649093799526781367603689432144165039062500e-05
2.8297285251024332787235862629593441397446440532803535461425781250e-05
2.8178868921653037752294776452366420471662422642111778259277343750e-05
2.8059872244871098169319637016805302209832007065415382385253906250e-05
2.7940295519970074133650483894086846703430637717247009277343750000e-05
2.7820139044207481149881613924357282030541682615876197814941406250e-05
2.7699403112384290097771136207605024992517428472638130187988281250e-05
2.7578088019958915113813424646593830402707681059837341308593750000e-05
2.7456194060851165479001517732982051711587700992822647094726562500e-05
2.7333721525941926652541677511543127820914378389716148376464843750e-05
2.7210670704700564673413076821617551104282028973102569580078125000e-05
2.7087041887942729911356240513065074537735199555754661560058593750e-05
2.6962835363424355949535718424137087367853382602334022521972656250e-05
2.6838051415129691122923166757274771043739747256040573120117187500e-05
2.6712690330153251479358353370763268230803078040480613708496093750e-05
2.6586752392698351790895419655136322489852318540215492248535156250e-05
2.6460237882320213531530533890290257659216877073049545288085937500e-05
2.6333147081130356176228296538610607058217283338308334350585937500e-05
2.6205480270428980549887038042911058255413081496953964233398437500e-05
2.6077237727862021324492375340398098160221707075834274291992187500e-05
2.5948419729896783766584511532471424288814887404441833496093750000e-05
2.5819026552429029191214338023740992866805754601955413818359375000e-05
2.5689058470910856608188099770018197887111455202102661132812500000e-05
2.5558515758499332644858303975610169800347648561000823974609375000e-05
2.5427398686702008578962644347321031546016456559300422668457031250e-05
2.5295707528033449442306929144663740771648008376359939575195312500e-05
2.5163442552854777911706257720325652371684554964303970336914062500e-05
2.5030604027782475483722771092409686843893723562359809875488281250e-05
2.4897192220372396745950785423850959432456875219941139221191406250e-05
2.4763207398356670618571814812547415840526809915900230407714843750e-05
2.4628649827869515307431080852751392740174196660518646240234375000e-05
2.4493519771307792321467233787046779980300925672054290771484375000e-05
2.4357817490966729380343774868933337529597338289022445678710937500e-05
2.4221543251368552899854477700181121235800674185156822204589843750e-05
2.4084697311468033213048903218300722528510959818959236145019531250e-05
2.3947279929907294015881472071249902455747360363602638244628906250e-05
2.3809291367546716320421212875757532856368925422430038452148437500e-05
2.3670731881168068419908981359078836703702108934521675109863281250e-05
2.3531601725465622849736355148841937534598400816321372985839843750e-05
2.3391901156532462683181397555820524303271668031811714172363281250e-05
2.3251630428644754828475596508674527740367921069264411926269531250e-05
2.3110789794177886990762110785979643878818023949861526489257812500e-05
2.2969379505082151532143266980945384148071752861142158508300781250e-05
2.2827399811545148310826247595173299487214535474777221679687500000e-05
2.2684850963186497548170969529301999045856064185500144958496093750e-05
2.2541733208070826216572538069904396706988336518406867980957031250e-05
2.2398046793476206493605715208694562079472234472632408142089843750e-05
2.2253791965868575367017839772287857158516999334096908569335937500e-05
2.2108968969855259309714029525295586608990561217069625854492187500e-05
2.1963578048783857066652072664858508233010070398449897766113281250e-05
2.1817619445333892168499556607486056236666627228260040283203125000e-05
2.1671093401489477484360077208513928326283348724246025085449218750e-05
2.1524000158193556372704033363696396463637938722968101501464843750e-05
2.1376339954193007139105278668900211869186023250222206115722656250e-05
2.1228113027646755415394144717033952929341467097401618957519531250e-05
2.1079319617514484676680866503950539936340646818280220031738281250e-05
2.0929959959475069071607386539390915913827484473586082458496093750e-05
2.0780034288262046545834801913876788148627383634448051452636718750e-05
2.0629542840075761999784481615094478001992683857679367065429687500e-05
2.0478485848798685166902502907682048771675908938050270080566406250e-05
2.0326863546180602509115542542161847450188361108303070068359375000e-05
2.0174676164705942327899299004734245954750804230570793151855468750e-05
2.0021923936584362212903753786008564929943531751632690429687500000e-05
1.9868607092300635412517387234920818173122825101017951965332031250e-05
1.9714725861301509850795690703684215350222075358033180236816406250e-05
1.9560280472721164741730162650590330031263874843716621398925781250e-05
1.9405271156082099859915141015775930100062396377325057983398437500e-05
1.9249698138628306516226262878888064733473584055900573730468750000e-05
1.9093561647038622086603940064541973242739913985133171081542968750e-05
1.8936861909130147150299647296201044355257181450724601745605468750e-05
1.8779599150465177192842122777527436028321972116827964782714843750e-05
1.8621773595619800463008344793003345785109559074044227600097656250e-05
1.8463385469671663910830664012685531361057655885815620422363281250e-05
1.8304434997425690206116280500658888286125147715210914611816406250e-05
1.8144922401969696827998476673649008716893149539828300476074218750e-05
1.7984847905242311327279891575159354033530689775943756103515625000e-05
1.7824211729984155766146058930132767272880300879478454589843750000e-05
1.7663014098163188752297139694213967686664545908570289611816406250e-05
1.7501255229748618471533744278545441375172231346368789672851562500e-05
1.7338935345047832707913657013243380333733512088656425476074218750e-05
1.7176054664022988944984543513427865946141537278890609741210937500e-05
1.7012613404889273093899965116904127171437721699476242065429687500e-05
1.6848611785447404292194797936765837675920920446515083312988281250e-05
1.6684050023178868512110928357117245468543842434883117675781250000e-05
1.6518928334646137918778271980180250011471798643469810485839843750e-05
1.6353246935415394360370869297760521021700697019696235656738281250e-05
1.6187006040474316510878807773288201588002266362309455871582031250e-05
1.6020205864284656899210190772464557085186243057250976562500000000e-05
1.5852846620219625684965886192046014002698939293622970581054687500e-05
1.5684928520637507985951292210913265989802312105894088745117187500e-05
1.5516451777642943209850612262812319386284798383712768554687500000e-05
1.5347416602695185868648897198340819159056991338729858398437500000e-05
1.5177823205770820286534747434181724656809819862246513366699218750e-05
1.5007671796504392107331898875699494055879767984151840209960937500e-05
1.4836962584040809415308372065656072891215444542467594146728515625e-05
1.4665695776345149796567567113125818423213786445558071136474609375e-05
1.4493871580723067217445938770215008162267622537910938262939453125e-05
1.4321490203718341695476694297450848125663469545543193817138671875e-05
1.4148551851362560895317838083329320397751871496438980102539062500e-05
1.3975056728656029539554529750322586778565892018377780914306640625e-05
1.3801005039680587421009778925640176794331637211143970489501953125e-05
1.3626396988168590232535365425192708244139794260263442993164062500e-05
1.3451232777123359185544870797457406297326087951660156250000000000e-05
1.3275512608084950828477022177764865773497149348258972167968750000e-05
1.3099236682293883754567113963940272469699266366660594940185546875e-05
1.2922405200555305010293519196729050690919393673539161682128906250e-05
1.2745018362156229572968411944966504734111367724835872650146484375e-05
1.2567076365598787974055608462897737354069249704480171203613281250e-05
1.2388579409065342254903270557964134468420525081455707550048828125e-05
1.2209527689788628879033818841470804272830719128251075744628906250e-05
1.2029921403825331578749807670547511406766716390848159790039062500e-05
1.1849760746580714927938399183560136407322715967893600463867187500e-05
1.1669045912822986632725007216659918185541755519807338714599609375e-05
1.1487777096686321439094995155993927937743137590587139129638671875e-05
1.1305954490875600533441452943961280652729328721761703491210937500e-05
1.1123578287867653339570511716871692442509811371564865112304687500e-05
1.0940648679784576965175885154835100365744438022375106811523437500e-05
1.0757165857644522007465284763050306082732276991009712219238281250e-05
1.0573130011983596001495788740953685191925615072250366210937500000e-05
1.0388541332854660633388740875737710211978992447257041931152343750e-05
1.0203400009934864267049578478996352259855484589934349060058593750e-05
1.0017706232517478240622195440057140558565151877701282501220703125e-05
9.8314601893884740016786236149748390289460076019167900085449218750e-06
9.6446620690114032945503344529392109052423620596528053283691406250e-06
9.4573120596169769766980647829335282494866987690329551696777343750e-06
9.2694103489454738291223115376205043958179885521531105041503906250e-06
9.0809571245503629044384247270826904241403099149465560913085937500e-06
8.8919525735197601303038197895212135790643515065312385559082031250e-06
8.7023968825043753144796859766429975024948362261056900024414062500e-06
8.5122902375900116634125855408221639208932174369692802429199218750e-06
8.3216328243335579062291834651077238049765583127737045288085937500e-06
8.1304248278468936844253639462110072599898558109998703002929687500e-06
7.9386664322789221283566477027626717699604341760277748107910156250e-06
7.7463578210095827538067894679763014664786169305443763732910156250e-06
7.5534991767797219415925963348357186077919322997331619262695312500e-06
7.3600906814319584539445251447631335395271889865398406982421875000e-06
7.1661325157887437243870061565065299191701342351734638214111328125e-06
6.9716248599677274705942696397809044128734967671334743499755859375e-06
6.7765678933062946820865130037603307755489367991685867309570312500e-06
6.5809617942106311252927625110586973278259392827749252319335937500e-06
6.3848067403909037354219242754727048350105178542435169219970703125e-06
6.1881029089478333129028045367370225449121790006756782531738281250e-06
5.9908504763174832218161798558231367906046216376125812530517578125e-06
5.7930496182655224357430437387428412421286338940262794494628906250e-06
5.5947005099569219497635322313477956868155160918831825256347656250e-06
5.3958033260908862819215867090427707353228470310568809509277343750e-06
5.1963582408357928725463510677418099703572806902229785919189453125e-06
4.9963654277146512069267617062173769681976409628987312316894531250e-06
4.7958250598795643601115167020676466336226440034806728363037109375e-06
4.5947373100334004721446816421615011449830490164458751678466796875e-06
4.3931023504012790779622681103244730138612794689834117889404296875e-06
4.1909203528473396813689225148813477517251158133149147033691406250e-06
3.9881914889156661518845176095382498715480323880910873413085937500e-06
3.7849159297790238672598486097120584759068151470273733139038085938e-06
3.5810938462020070040074930933782226816219917964190244674682617188e-06
3.3767254085622389250386388842573026636273425538092851638793945312e-06
3.1718107867693170558414782894685046699123631697148084640502929688e-06
2.9663501502689497933955981023856907086155842989683151245117187500e-06
2.7603436679292097222346204915544021218920534010976552963256835938e-06
2.5537915078300781143055050298462660407494695391505956649780273438e-06
2.3466938359606900448830688055146254100691294297575950622558593750e-06
2.1390508519088207150258065802894691387336933985352516174316406250e-06
1.9308012827032499477873054433141319918831868562847375869750976562e-06
1.7221562965319439643364311104400954377524612937122583389282226562e-06
