5.9726265453799118887445729342289268970489501953125000000000000000e+00
5.9387522871346343222853647603187710046768188476562500000000000000e+00
5.9052446729939953584676004538778215646743774414062500000000000000e+00
5.8721037661904889048969380382914096117019653320312500000000000000e+00
5.8392373382335929221653714193962514400482177734375000000000000000e+00
5.8066868983178494545427383854985237121582031250000000000000000000e+00
5.7744712668439177605250733904540538787841796875000000000000000000e+00
5.7425743886715761021832804544828832149505615234375000000000000000e+00
5.7109891353059980545481266744900494813919067382812500000000000000e+00
5.6797148169306739262651717581320554018020629882812500000000000000e+00
5.6487483949519026182883862929884344339370727539062500000000000000e+00
5.6180858858178464032562260399572551250457763671875000000000000000e+00
5.5877237071990899508477923518512398004531860351562500000000000000e+00
5.5576583338177334425722619926091283559799194335937500000000000000e+00
5.5278861445006644004251938895322382450103759765625000000000000000e+00
5.4984034919380055939086560101713985204696655273437500000000000000e+00
5.4692067244483251187148198368959128856658935546875000000000000000e+00
5.4402921852730479201909474795684218406677246093750000000000000000e+00
5.4116562199495641394264566770289093255996704101562500000000000000e+00
5.3832951849489560913752939086407423019409179687500000000000000000e+00
5.3552054550225598461565823527052998542785644531250000000000000000e+00
5.3273834301369253907409984094556421041488647460937500000000000000e+00
5.2998255418576176722922355111222714185714721679687500000000000000e+00
5.2725282589999400428837361687328666448593139648437500000000000000e+00
5.2454880925397011637301147857215255498886108398437500000000000000e+00
5.2187015997612267170779887237586081027984619140625000000000000000e+00
5.1921653876352111822711776767391711473464965820312500000000000000e+00
5.1658761154514651892100118857342749834060668945312500000000000000e+00
5.1398304967708678958615564624778926372528076171875000000000000000e+00
5.1140253007426457187989399244543164968490600585937500000000000000e+00
5.0884573528770040695690113352611660957336425781250000000000000000e+00
5.0631235353265147125512157799676060676574707031250000000000000000e+00
5.0380207867580342195878984057344496250152587890625000000000000000e+00
5.0131461018972833798557076079305261373519897460937500000000000000e+00
4.9884965307926876221245038323104381561279296875000000000000000000e+00
4.9640691778716901083612356160301715135574340820312500000000000000e+00
4.9398612008404132467376257409341633319854736328125000000000000000e+00
4.9158698094657138355501047044526785612106323242187500000000000000e+00
4.8920922642793565060514993092510849237442016601562500000000000000e+00
4.8685258752484896760392985015641897916793823242187500000000000000e+00
4.8451680004219248587560286978259682655334472656250000000000000000e+00
4.8220160445808701865644252393394708633422851562500000000000000000e+00
4.7990674579098033802893041865900158882141113281250000000000000000e+00
4.7763197346967336542888915573712438344955444335937500000000000000e+00
4.7537704120781594241407219669781625270843505859375000000000000000e+00
4.7314170688270458242641325341537594795227050781250000000000000000e+00
4.7092573241871313882711547194048762321472167968750000000000000000e+00
4.6872888367637788320507752359844744205474853515625000000000000000e+00
4.6655093034746837332704672007821500301361083984375000000000000000e+00
4.6439164585404926199885267124045640230178833007812500000000000000e+00
4.6225080725243161694493210234213620424270629882812500000000000000e+00
4.6012819514423775046907394425943493843078613281250000000000000000e+00
4.5802359359157103213533446250949054956436157226562500000000000000e+00
4.5593679003446210273864380724262446165084838867187500000000000000e+00
4.5386757521421472461042867507785558700561523437500000000000000000e+00
4.5181574310574754704816768935415893793106079101562500000000000000e+00
4.4978109084832160746714180277194827795028686523437500000000000000e+00
4.4776341867531623819331798586063086986541748046875000000000000000e+00
4.4576252985789750482581439428031444549560546875000000000000000000e+00
4.4377823065654622425313391431700438261032104492187500000000000000e+00
4.4181033026625842197177007619757205247879028320312500000000000000e+00
4.3985864075036404940988177258986979722976684570312500000000000000e+00
4.3792297698682016715565623599104583263397216796875000000000000000e+00
4.3600315667721050161276252765674144029617309570312500000000000000e+00
4.3409900033563442178774494095705449581146240234375000000000000000e+00
4.3221033108625475094299872580450028181076049804687500000000000000e+00
4.3033697460957318625673906353767961263656616210937500000000000000e+00
4.2847875958089316483778929978143423795700073242187500000000000000e+00
4.2663551751297434933007934887427836656570434570312500000000000000e+00
4.2480708164315021946322303847409784793853759765625000000000000000e+00
4.2299328766683643721080443356186151504516601562500000000000000000e+00
4.2119397605243884541437182633671909570693969726562500000000000000e+00
4.1940898940974813413617994228843599557876586914062500000000000000e+00
4.1763816809635443405568366870284080505371093750000000000000000000e+00
4.1588135794042679904691794945392757654190063476562500000000000000e+00
4.1413841705252272262782753387000411748886108398437500000000000000e+00
4.1240919500630637273275169718544930219650268554687500000000000000e+00
4.1069352245948849144951964262872934341430664062500000000000000000e+00
4.0899123984711405199732325854711234569549560546875000000000000000e+00
4.0730219858481433448105235584080219268798828125000000000000000000e+00
4.0562625042706335065645362192299216985702514648437500000000000000e+00
4.0396324133350143270604348799679428339004516601562500000000000000e+00
4.0231301443112057469875253445934504270553588867187500000000000000e+00
4.0067541060593834245651123637799173593521118164062500000000000000e+00
3.9905027300739512874372394435340538620948791503906250000000000000e+00
3.9743753038830420543092714069643989205360412597656250000000000000e+00
3.9583711073678564673627988668158650398254394531250000000000000000e+00
3.9424886884731811242943422257667407393455505371093750000000000000e+00
3.9267266760979917528118221525801345705986022949218750000000000000e+00
3.9110837571565166825848791631869971752166748046875000000000000000e+00
3.8955586035975056091729129548184573650360107421875000000000000000e+00
3.8801499077447632046755643386859446763992309570312500000000000000e+00
3.8648564079086202838198005338199436664581298828125000000000000000e+00
3.8496768623325641200949576159473508596420288085937500000000000000e+00
3.8346100399169742445337760727852582931518554687500000000000000000e+00
3.8196547355029504267065476597053930163383483886718750000000000000e+00
3.8048097680314172386317750351736322045326232910156250000000000000e+00
3.7900739694338003715756713063456118106842041015625000000000000000e+00
3.7754461898774507311316028790315613150596618652343750000000000000e+00
3.7609253000704847558210985880577936768531799316406250000000000000e+00
3.7465101853096425266187452507438138127326965332031250000000000000e+00
3.7321997463509171133466679748380556702613830566406250000000000000e+00
3.7179929011289729601230646949261426925659179687500000000000000000e+00
3.7038885824557148396252159727737307548522949218750000000000000000e+00
3.6898857372835403012345523166004568338394165039062500000000000000e+00
3.6759833274956941195910076203290373086929321289062500000000000000e+00
3.6621803293361447906306693766964599490165710449218750000000000000e+00
3.6484757324211387619072866073111072182655334472656250000000000000e+00
3.6348685399463462886160414200276136398315429687500000000000000000e+00
3.6213577684897915176520655222702771425247192382812500000000000000e+00
3.6079424475138819339292695076437667012214660644531250000000000000e+00
3.5946216191396409556091384729370474815368652343750000000000000000e+00
3.5813943378623815938510688283713534474372863769531250000000000000e+00
3.5682596707338491981431616295594722032546997070312500000000000000e+00
3.5552166964352185374309556209482252597808837890625000000000000000e+00
3.5422645056419193032581915758782997727394104003906250000000000000e+00
3.5294022007527638962187666038516908884048461914062500000000000000e+00
3.5166288951203990009730659949127584695816040039062500000000000000e+00
3.5039437140349951604889611189719289541244506835937500000000000000e+00
3.4913457929282887270971968973753973841667175292968750000000000000e+00
3.4788342788453556764238783216569572687149047851562500000000000000e+00
3.4664083292756244780719043774297460913658142089843750000000000000e+00
3.4540671115286327719218206766527146100997924804687500000000000000e+00
3.4418098049548233596794943878194317221641540527343750000000000000e+00
3.4296355966784468627395199291640892624855041503906250000000000000e+00
3.4175436861873689231572370772482827305793762207031250000000000000e+00
3.4055332816024268538512842496857047080993652343750000000000000000e+00
3.3936035998794777945875011937459930777549743652343750000000000000e+00
3.3817538710125951695317780831828713417053222656250000000000000000e+00
3.3699833288536873432406082429224625229835510253906250000000000000e+00
3.3582912225458341204387124889763072133064270019531250000000000000e+00
3.3466768064306808838637152803130447864532470703125000000000000000e+00
3.3351393431995659533129128249129280447959899902343750000000000000e+00
3.3236781110916826520451650139875710010528564453125000000000000000e+00
3.3122923851922601024000414327019825577735900878906250000000000000e+00
3.3009814628724551965888167615048587322235107421875000000000000000e+00
3.2897446400464036564414982422022148966789245605468750000000000000e+00
3.2785812214736642644652420131023973226547241210937500000000000000e+00
3.2674905325716840920335926057305186986923217773437500000000000000e+00
3.2564718828583663068343412305694073438644409179687500000000000000e+00
3.2455246184890103045006526372162625193595886230468750000000000000e+00
3.2346480716984213898967936984263360500335693359375000000000000000e+00
3.2238415854974902252649826550623401999473571777343750000000000000e+00
3.2131045335994552480940456007374450564384460449218750000000000000e+00
3.2024362506678629713974260084796696901321411132812500000000000000e+00
3.1918361349882755639839615469099953770637512207031250000000000000e+00
3.1813035491078518468555103027028962969779968261718750000000000000e+00
3.1708378694427712396475271816598251461982727050781250000000000000e+00
3.1604385228461029377911017945734784007072448730468750000000000000e+00
3.1501048556162882796627400239231064915657043457031250000000000000e+00
3.1398363252871988038350536953657865524291992187500000000000000000e+00
3.1296323182346026392508520075352862477302551269531250000000000000e+00
3.1194922366443926797785479720914736390113830566406250000000000000e+00
3.1094155715856146571240969933569431304931640625000000000000000000e+00
3.0994016610705794612101726670516654849052429199218750000000000000e+00
3.0894500332982626211730803333921357989311218261718750000000000000e+00
3.0795600932066236055106855928897857666015625000000000000000000000e+00
3.0697312546654926812550456816097721457481384277343750000000000000e+00
3.0599630944428120038480756193166598677635192871093750000000000000e+00
3.0502549129967078123115697962930426001548767089843750000000000000e+00
3.0406063250356938354457270179409533739089965820312500000000000000e+00
3.0310167529094313998427878686925396323204040527343750000000000000e+00
3.0214855969220701936706063861493021249771118164062500000000000000e+00
3.0120125553289431863390746002551168203353881835937500000000000000e+00
3.0025968520313432996715619083261117339134216308593750000000000000e+00
2.9932382037134392938071414391743019223213195800781250000000000000e+00
2.9839360624647568442924239207059144973754882812500000000000000000e+00
2.9746897673611556456307880580425262451171875000000000000000000000e+00
2.9654991975025080108707697945646941661834716796875000000000000000e+00
2.9563634471564315120417631987947970628738403320312500000000000000e+00
2.9472823489784460981866232032189145684242248535156250000000000000e+00
2.9382554141775987233131672837771475315093994140625000000000000000e+00
2.9292818498770891721960651921108365058898925781250000000000000000e+00
2.9203617907714658485929248854517936706542968750000000000000000000e+00
2.9114941547510881925120429514208808541297912597656250000000000000e+00
2.9026788711042614821167262562084943056106567382812500000000000000e+00
2.8939155948036598964279164647450670599937438964843750000000000000e+00
2.8852032695134250950275145441992208361625671386718750000000000000e+00
2.8765424078463257551163678726879879832267761230468750000000000000e+00
2.8679316838962405356028284586500376462936401367187500000000000000e+00
2.8593710995683356834717869787709787487983703613281250000000000000e+00
2.8508605515388341089533241756726056337356567382812500000000000000e+00
2.8423985948933738754362821055110543966293334960937500000000000000e+00
2.8339861904742424947301060456084087491035461425781250000000000000e+00
2.8256218116789644234643219533609226346015930175781250000000000000e+00
2.8173053494727824386245629284530878067016601562500000000000000000e+00
2.8090372215349286300067888078046962618827819824218750000000000000e+00
2.8008153002210671722593815502477809786796569824218750000000000000e+00
2.7926412000668947577253220515558496117591857910156250000000000000e+00
2.7845131321139438007605804159538820385932922363281250000000000000e+00
2.7764308007845688308634635177440941333770751953125000000000000000e+00
2.7683952619656269078518562309909611940383911132812500000000000000e+00
2.7604036761053958315415002289228141307830810546875000000000000000e+00
2.7524581264564007554440649983007460832595825195312500000000000000e+00
2.7445570022555654254858836793573573231697082519531250000000000000e+00
2.7366991775650051366142179176677018404006958007812500000000000000e+00
2.7288870445207633608220021415036171674728393554687500000000000000e+00
2.7211164614314085063995207747211679816246032714843750000000000000e+00
2.7133903498188258751611101615708321332931518554687500000000000000e+00
2.7057071088912323375552659854292869567871093750000000000000000000e+00
2.6980648911273412693390127969905734062194824218750000000000000000e+00
2.6904671459376832132193158031441271305084228515625000000000000000e+00
2.6829090781715860813960716768633574247360229492187500000000000000e+00
2.6753933402769809468679795827483758330345153808593750000000000000e+00
2.6679198168247340028358394192764535546302795410156250000000000000e+00
2.6604843184067790140545639587799087166786193847656250000000000000e+00
2.6530928453627433682981973106507211923599243164062500000000000000e+00
2.6457387517996298065270366350887343287467956542968750000000000000e+00
2.6384253367695089664834995346609503030776977539062500000000000000e+00
2.6311531048118879105857104150345548987388610839843750000000000000e+00
2.6239166841016605680181328352773562073707580566406250000000000000e+00
2.6167228530584618617638170690042898058891296386718750000000000000e+00
2.6095656259240089802631246129749342799186706542968750000000000000e+00
2.6024458283791611634683249576482921838760375976562500000000000000e+00
2.5953679625580643453020002198172733187675476074218750000000000000e+00
2.5883222398171632505636807763949036598205566406250000000000000000e+00
2.5813190412612740942677191924303770065307617187500000000000000000e+00
2.5743505969357549645337712718173861503601074218750000000000000000e+00
2.5674176499786924843249380501220002770423889160156250000000000000e+00
2.5605258567388222701310951379127800464630126953125000000000000000e+00
2.5536647492650348389986447728006169199943542480468750000000000000e+00
2.5468435078274662686226292862556874752044677734375000000000000000e+00
2.5400582343162261267366375250276178121566772460937500000000000000e+00
2.5333035890923527588824981648940593004226684570312500000000000000e+00
2.5265921400931969920122810435714200139045715332031250000000000000e+00
2.5199075958728021085164527903543785214424133300781250000000000000e+00
2.5132624979164406298082212742883712053298950195312500000000000000e+00
2.5066523833025051715139852603897452354431152343750000000000000000e+00
2.5000708150259747242216690210625529289245605468750000000000000000e+00
2.4935311532142256929489576577907428145408630371093750000000000000e+00
2.4870187247803583474592414859216660261154174804687500000000000000e+00
2.4805409877031445731176972913090139627456665039062500000000000000e+00
2.4741016408826825845324037800310179591178894042968750000000000000e+00
2.4676849324567520227446948410943150520324707031250000000000000000e+00
2.4613122244928278270492683077463880181312561035156250000000000000e+00
2.4549642045866857387181880767457187175750732421875000000000000000e+00
2.4486491460126025287991069490090012550354003906250000000000000000e+00
2.4423724989327340040290437173098325729370117187500000000000000000e+00
2.4361168348712682885093272489029914140701293945312500000000000000e+00
2.4299024507107573889186369342496618628501892089843750000000000000e+00
2.4237154281234207786610568291507661342620849609375000000000000000e+00
2.4175547962579950755923618999077007174491882324218750000000000000e+00
2.4114368320880306129083692212589085102081298828125000000000000000e+00
2.4053349380048398842291135224513709545135498046875000000000000000e+00
2.3992743502363134133759103860938921570777893066406250000000000000e+00
2.3932412612680669106168807047652080655097961425781250000000000000e+00
2.3872310874124007540331149357371032238006591796875000000000000000e+00
2.3812640945138046078000115812756121158599853515625000000000000000e+00
2.3753127576550112642905787652125582098960876464843750000000000000e+00
2.3693982005317208994199518201639875769615173339843750000000000000e+00
2.3635154352494884832935895246919244527816772460937500000000000000e+00
2.3576490828732108440135561977513134479522705078125000000000000000e+00
2.3518283875180778785818347387248650193214416503906250000000000000e+00
2.3460219167014568775186944549204781651496887207031250000000000000e+00
2.3402486050433499720213603723095729947090148925781250000000000000e+00
2.3345101348873629198976686893729493021965026855468750000000000000e+00
2.3287836935741328403537409030832350254058837890625000000000000000e+00
2.3231027248881988001016907219309359788894653320312500000000000000e+00
2.3174373714909415333806919079506769776344299316406250000000000000e+00
2.3117995042640626657259872445138171315193176269531250000000000000e+00
2.3062004334922181492117942980257794260978698730468750000000000000e+00
2.3006095455570649832566232362296432256698608398437500000000000000e+00
2.2950625512039413145259914017515257000923156738281250000000000000e+00
2.2895342569252443709615363331977277994155883789062500000000000000e+00
2.2840266865090641523750036867568269371986389160156250000000000000e+00
2.2785621601625143384239891020115464925765991210937500000000000000e+00
2.2731024796244376773302064975723624229431152343750000000000000000e+00
2.2676846070879062011727000935934484004974365234375000000000000000e+00
2.2622883986102158004882767272647470235824584960937500000000000000e+00
2.2569076465193993463742572203045710921287536621093750000000000000e+00
2.2515714079493873711612650367897003889083862304687500000000000000e+00
2.2462404315364081774930582469096407294273376464843750000000000000e+00
2.2409454222450406746247608680278062820434570312500000000000000000e+00
2.2356781882459744181801397644449025392532348632812500000000000000e+00
2.2304191362608789539478948427131399512290954589843750000000000000e+00
2.2252072902407755705667113943491131067276000976562500000000000000e+00
2.2200001675232332587484052055515348911285400390625000000000000000e+00
2.2148248352507460268157046812120825052261352539062500000000000000e+00
2.2096805936459213981493121536914259195327758789062500000000000000e+00
2.2045413868259591261278274032520130276679992675781250000000000000e+00
2.1994472802906015473922707315068691968917846679687500000000000000e+00
2.1943621390603671450492129224585369229316711425781250000000000000e+00
2.1893007686723131577366530109429731965065002441406250000000000000e+00
2.1842764998058981085193863691529259085655212402343750000000000000e+00
2.1792524882352291015763512405101209878921508789062500000000000000e+00
2.1742728682890395397464544657850638031959533691406250000000000000e+00
2.1693046096063319794211565749719738960266113281250000000000000000e+00
2.1643550976019425569063514558365568518638610839843750000000000000e+00
2.1594446572796108796410408103838562965393066406250000000000000000e+00
2.1545344067560838752228846715297549962997436523437500000000000000e+00
2.1496634108913390548423194559291005134582519531250000000000000000e+00
2.1448097117700091196468292764620855450630187988281250000000000000e+00
2.1399675371984403504654892458347603678703308105468750000000000000e+00
2.1351676304476856493863579089520499110221862792968750000000000000e+00
2.1303670417436868511629199929302558302879333496093750000000000000e+00
2.1256018738055115768759151251288130879402160644531250000000000000e+00
2.1208577283988883088738930382532998919486999511718750000000000000e+00
2.1161211550118639301842904387740418314933776855468750000000000000e+00
2.1114263223489837528745738381985574960708618164062500000000000000e+00
2.1067334736574929721086846257094293832778930664062500000000000000e+00
2.1020696618942702471599659475032240152359008789062500000000000000e+00
2.0974319936719032497762782440986484289169311523437500000000000000e+00
2.0927975894140193879877642757492139935493469238281250000000000000e+00
2.0882044661011529562699706730199977755546569824218750000000000000e+00
2.0836155958764255302639867295511066913604736328125000000000000000e+00
2.0790507120518504358130940090632066130638122558593750000000000000e+00
2.0745149060526757445188650308409705758094787597656250000000000000e+00
2.0699807760534123524109872960252687335014343261718750000000000000e+00
2.0654850072903490065812093234853819012641906738281250000000000000e+00
2.0609974610602082023547154676634818315505981445312500000000000000e+00
2.0565282755875382569854536995990201830863952636718750000000000000e+00
2.0520908655479503934770946216303855180740356445312500000000000000e+00
2.0476541372802365970073878997936844825744628906250000000000000000e+00
2.0432526558038777153569753863848745822906494140625000000000000000e+00
2.0388628264101669174124253913760185241699218750000000000000000000e+00
2.0344871473259766858632247021887451410293579101562500000000000000e+00
2.0301441207915051911925274907844141125679016113281250000000000000e+00
2.0258025204091505422354657639516517519950866699218750000000000000e+00
2.0214920274995606952472826378652825951576232910156250000000000000e+00
2.0171967944042292764095236634602770209312438964843750000000000000e+00
2.0129121050253608871116739464923739433288574218750000000000000000e+00
2.0086601274288975460535766615066677331924438476562500000000000000e+00
2.0044108949245642570247127878246828913688659667968750000000000000e+00
2.0001887783799685571750615054043009877204895019531250000000000000e+00
1.9959847060793807216327877540607005357742309570312500000000000000e+00
1.9917888686404969789123242662753909826278686523437500000000000000e+00
1.9876246104138524106730301355128176510334014892578125000000000000e+00
1.9834651429410528056251905582030303776264190673828125000000000000e+00
1.9793288400755817413312342978315427899360656738281250000000000000e+00
1.9752127629218123594512235285947099328041076660156250000000000000e+00
1.9711034927044670528317737989709712564945220947265625000000000000e+00
1.9670240521999942107100878274650312960147857666015625000000000000e+00
1.9629515616164980862379252357641234993934631347656250000000000000e+00
1.9588988203513142405398639311897568404674530029296875000000000000e+00
1.9548676063807830516338981396984308958053588867187500000000000000e+00
1.9508426930455502468220174705493263900279998779296875000000000000e+00
1.9468453516793100543935679525020532310009002685546875000000000000e+00
1.9428571073620275466709017564426176249980926513671875000000000000e+00
1.9388857447151184310030203050700947642326354980468750000000000000e+00
1.9349364897763239312666883051861077547073364257812500000000000000e+00
1.9309936465635071378699194610817357897758483886718750000000000000e+00
1.9270759559219445833377903909422457218170166015625000000000000000e+00
1.9231692242066584785931127044023014605045318603515625000000000000e+00
1.9192771660581928738764645459013991057872772216796875000000000000e+00
1.9154071320555012825082030758494511246681213378906250000000000000e+00
1.9115440704818282835475429237703792750835418701171875000000000000e+00
1.9077037507952179229420153205865062773227691650390625000000000000e+00
1.9038758868790768286061165781575255095958709716796875000000000000e+00
1.9000610867915384005755186080932617187500000000000000000000000000e+00
1.8962677406302756999423309025587514042854309082031250000000000000e+00
1.8924821551049910706154832951142452657222747802734375000000000000e+00
1.8887170814723011069702351960586383938789367675781250000000000000e+00
1.8849655354344629909491004582378081977367401123046875000000000000e+00
1.8812259748237654122249296051450073719024658203125000000000000000e+00
1.8775069577071548110325238667428493499755859375000000000000000000e+00
1.8737965642118039610863888810854405164718627929687500000000000000e+00
1.8701047162628017250796119697042740881443023681640625000000000000e+00
1.8664270628866603818352132293512113392353057861328125000000000000e+00
1.8627607343563536979047512431861832737922668457031250000000000000e+00
1.8591138487577518745297311397735029458999633789062500000000000000e+00
1.8554764018874527753411030062125064432621002197265625000000000000e+00
1.8518558399015083715255514107411727309226989746093750000000000000e+00
1.8482497817940057860397473632474429905414581298828125000000000000e+00
1.8446546952899587346053067449247464537620544433593750000000000000e+00
1.8410778777197631672635225186240859329700469970703125000000000000e+00
1.8375111934449457340434719299082644283771514892578125000000000000e+00
1.8339600355667209363730307813966646790504455566406250000000000000e+00
1.8304234038196942613296869240002706646919250488281250000000000000e+00
1.8268975930061492896072650182759389281272888183593750000000000000e+00
1.8233888920380776355045782111119478940963745117187500000000000000e+00
1.8198908610914230621347087435424327850341796875000000000000000000e+00
1.8164072719483794760009232049924321472644805908203125000000000000e+00
1.8129380179107443815667011222103610634803771972656250000000000000e+00
1.8094795510088030887629884091438725590705871582031250000000000000e+00
1.8060371065903806364616457358351908624172210693359375000000000000e+00
1.8026057033884759217556847943342290818691253662109375000000000000e+00
1.7991878880333929124901715113082900643348693847656250000000000000e+00
1.7957840726064424607955061219399794936180114746093750000000000000e+00
1.7923910621457097569475536147365346550941467285156250000000000000e+00
1.7890130897930349718194520391989499330520629882812500000000000000e+00
1.7856463754976927837958555755903944373130798339843750000000000000e+00
1.7822925783434566682217337074689567089080810546875000000000000000e+00
1.7789523597149523581606445077341049909591674804687500000000000000e+00
1.7756229707818085294945831265067681670188903808593750000000000000e+00
1.7723077498618065028779255953850224614143371582031250000000000000e+00
1.7690038715330096419364735993440262973308563232421875000000000000e+00
1.7657123777753176430138637442723847925662994384765625000000000000e+00
1.7624339997259825807418565091211348772048950195312500000000000000e+00
1.7591664556129398278017106349579989910125732421875000000000000000e+00
1.7559123215104748272352708227117545902729034423828125000000000000e+00
1.7526695084395653712050489048124291002750396728515625000000000000e+00
1.7494386466471349983464733668370172381401062011718750000000000000e+00
1.7462204282164164315105381319881416857242584228515625000000000000e+00
1.7430130135742758490380310831824317574501037597656250000000000000e+00
1.7398183527989676822045339577016420662403106689453125000000000000e+00
1.7366349113388364067134261858882382512092590332031250000000000000e+00
1.7334630560857888781356450635939836502075195312500000000000000000e+00
1.7303033830519582991769311774987727403640747070312500000000000000e+00
1.7271544448366578095033219142351299524307250976562500000000000000e+00
1.7240176922087449007392478961264714598655700683593750000000000000e+00
1.7208920000318501664082759816665202379226684570312500000000000000e+00
1.7177775739723886161414156958926469087600708007812500000000000000e+00
1.7146748921386505415398460172582417726516723632812500000000000000e+00
1.7115828388918667979368137821438722312450408935546875000000000000e+00
1.7085024760069638105619560519699007272720336914062500000000000000e+00
1.7054329764548790127065558408503420650959014892578125000000000000e+00
1.7023744515646943575859495467739179730415344238281250000000000000e+00
1.6993272616311034806102497896063141524791717529296875000000000000e+00
1.6962905616266872321773462317651137709617614746093750000000000000e+00
1.6932651159869986923212081819656305015087127685546875000000000000e+00
1.6902503128898187512163531209807842969894409179687500000000000000e+00
1.6872462108456864893213378309155814349651336669921875000000000000e+00
1.6842530645424482749206163134658709168434143066406250000000000000e+00
1.6812702432755972647981934642302803695201873779296875000000000000e+00
1.6782982876682188688732821901794523000717163085937500000000000000e+00
1.6753367408021386797400964496773667633533477783203125000000000000e+00
1.6723856326075088318816597166005522012710571289062500000000000000e+00
1.6694451297582131310548447800101712346076965332031250000000000000e+00
1.6665147671377189553254538623150438070297241210937500000000000000e+00
1.6635949190013634702012268462567590177059173583984375000000000000e+00
1.6606852402067964202814209784264676272869110107421875000000000000e+00
1.6577857452337128041364167074789293110370635986328125000000000000e+00
1.6548965314570787121795092389220371842384338378906250000000000000e+00
1.6520172589510793148548373210360296070575714111328125000000000000e+00
1.6491481796077613886097879003500565886497497558593750000000000000e+00
1.6462890295124430473094889748608693480491638183593750000000000000e+00
1.6434398141387107639133091652183793485164642333984375000000000000e+00
1.6406005789614099832363081077346578240394592285156250000000000000e+00
1.6377710768475204350380636242334730923175811767578125000000000000e+00
1.6349514705576775330797545393579639494419097900390625000000000000e+00
1.6321415558015825997273395842057652771472930908203125000000000000e+00
1.6293413317974096976570308470400050282478332519531250000000000000e+00
1.6265508070188630096453152873436920344829559326171875000000000000e+00
1.6237698018157633583768983953632414340972900390625000000000000000e+00
1.6209984146696794216069292815518565475940704345703125000000000000e+00
1.6182364855334241404705153399845585227012634277343750000000000000e+00
1.6154840083208177325957421999191865324974060058593750000000000000e+00
1.6127409665229315294254774926230311393737792968750000000000000000e+00
1.6100072286317459457904988084919750690460205078125000000000000000e+00
1.6072828473119700198878945229807868599891662597656250000000000000e+00
1.6045676956528693857251255394658073782920837402343750000000000000e+00
1.6018617625261069026265658976626582443714141845703125000000000000e+00
1.5991650156644354741075630954583175480365753173828125000000000000e+00
1.5964773572142167967768955350038595497608184814453125000000000000e+00
1.5937988076718880847693071700632572174072265625000000000000000000e+00
1.5911292650895778599817731446819379925727844238281250000000000000e+00
1.5884687134551185305753051579813472926616668701171875000000000000e+00
1.5858171115005430529265595396282151341438293457031250000000000000e+00
1.5831743843827972284543648129329085350036621093750000000000000000e+00
1.5805405304705215652205652077100239694118499755859375000000000000e+00
1.5779154666435022402737331503885798156261444091796875000000000000e+00
1.5752991723144984526072676089825108647346496582031250000000000000e+00
1.5726916019270675839436535170534625649452209472656250000000000000e+00
1.5700926959909249358560145992669276893138885498046875000000000000e+00
1.5675024380852755623294569886638782918453216552734375000000000000e+00
1.5649207592361460417151874935370869934558868408203125000000000000e+00
1.5623476347998181967824393723276443779468536376953125000000000000e+00
1.5597830180337595162853858710150234401226043701171875000000000000e+00
1.5572268594211844394692434434546157717704772949218750000000000000e+00
1.5546791330591014368422975167050026357173919677734375000000000000e+00
1.5521397805162513439114491120562888681888580322265625000000000000e+00
1.5496087737836037323546634070225991308689117431640625000000000000e+00
1.5470860668226504852640346143743954598903656005859375000000000000e+00
1.5445716164190517183385509270010516047477722167968750000000000000e+00
1.5420653909678927462323372310493141412734985351562500000000000000e+00
1.5395673398073230764282470772741362452507019042968750000000000000e+00
1.5370774323457607746234998558065854012966156005859375000000000000e+00
1.5345956242707228245336636973661370575428009033203125000000000000e+00
1.5321218762568244997623878589365631341934204101562500000000000000e+00
1.5296561536271271464215715241152793169021606445312500000000000000e+00
1.5271984113764447421601744281360879540443420410156250000000000000e+00
1.5247486171235227203624162939377129077911376953125000000000000000e+00
1.5223067287159659510820119976415298879146575927734375000000000000e+00
1.5198727092049018061459264572476968169212341308593750000000000000e+00
1.5174465226125386507760595122817903757095336914062500000000000000e+00
1.5150281280132640304714186640921980142593383789062500000000000000e+00
1.5126174919681814046157342090737074613571166992187500000000000000e+00
1.5102145745498423146102595637785270810127258300781250000000000000e+00
1.5078193403013586681993274396518245339393615722656250000000000000e+00
1.5054317530819862902546901750611141324043273925781250000000000000e+00
1.5030517749007519245907360527780838310718536376953125000000000000e+00
1.5006793718880444554741870888392440974712371826171875000000000000e+00
1.4983145061999016967035913694417104125022888183593750000000000000e+00
1.4959571434028335890076277792104519903659820556640625000000000000e+00
1.4936072478774196081729996876674704253673553466796875000000000000e+00
1.4912647837662882377429696134640835225582122802734375000000000000e+00
1.4889297172671558389112078657490201294422149658203125000000000000e+00
1.4866020123860670398840966299758292734622955322265625000000000000e+00
1.4842816355036096975794635000056587159633636474609375000000000000e+00
1.4819685518932042000983528851065784692764282226562500000000000000e+00
1.4796627272956577314744208706542849540710449218750000000000000000e+00
1.4773641283408844859792452552937902510166168212890625000000000000e+00
1.4750727206346523345814603089820593595504760742187500000000000000e+00
1.4727884713097150193306106302770785987377166748046875000000000000e+00
1.4705113466974921720975544303655624389648437500000000000000000000e+00
1.4682413137988601370409469382138922810554504394531250000000000000e+00
1.4659783399199857178984984784619882702827453613281250000000000000e+00
1.4637223920395583398601502267410978674888610839843750000000000000e+00
1.4614734380536618107981894354452379047870635986328125000000000000e+00
1.4592314453918573402546599027118645608425140380859375000000000000e+00
1.4569963821131199921410370734520256519317626953125000000000000000e+00
1.4547682163455335491164532868424430489540100097656250000000000000e+00
1.4525469162570390224686889268923550844192504882812500000000000000e+00
1.4503324505406365307891292104613967239856719970703125000000000000e+00
1.4481247876976754973554761818377301096916198730468750000000000000e+00
1.4459238967333332137599199995747767388820648193359375000000000000e+00
1.4437297466674725576751825428800657391548156738281250000000000000e+00
1.4415423067195891615455138889956288039684295654296875000000000000e+00
1.4393615464109821289184765191748738288879394531250000000000000000e+00
1.4371874352595335189164416078710928559303283691406250000000000000e+00
1.4350199431565182628389720775885507464408874511718750000000000000e+00
1.4328590400322676057243143077357672154903411865234375000000000000e+00
1.4307046960613052366539932336308993399143218994140625000000000000e+00
1.4285568816100651101663743247627280652523040771484375000000000000e+00
1.4264155671508493838928188779391348361968994140625000000000000000e+00
1.4242807234285765893844200036255642771720886230468750000000000000e+00
1.4221523212713580441857175173936411738395690917968750000000000000e+00
1.4200303317427547256102116080000996589660644531250000000000000000e+00
1.4179147260548823350490010852809064090251922607421875000000000000e+00
1.4158054755769784449626058631110936403274536132812500000000000000e+00
1.4137025518862027517741353221936151385307312011718750000000000000e+00
1.4116059266799516613843934464966878294944763183593750000000000000e+00
1.4095155718648333387221782686538062989711761474609375000000000000e+00
1.4074314594860484195493199877091683447360992431640625000000000000e+00
1.4053535617614487662763167463708668947219848632812500000000000000e+00
1.4032818510805105116645563612109981477260589599609375000000000000e+00
1.4012162999757971082459562239819206297397613525390625000000000000e+00
1.3991568811631425184316412924090400338172912597656250000000000000e+00
1.3971035674987468677699098407174460589885711669921875000000000000e+00
1.3950563320094062635945419970084913074970245361328125000000000000e+00
1.3930151478759980054888956146896816790103912353515625000000000000e+00
1.3909799884315710016835510032251477241516113281250000000000000000e+00
1.3889508271730157673573557985946536064147949218750000000000000000e+00
1.3869276377412869116767524246824905276298522949218750000000000000e+00
1.3849103939389753037403352209366858005523681640625000000000000000e+00
1.3828990697147935939881335798418149352073669433593750000000000000e+00
1.3808936391701474022397633234504610300064086914062500000000000000e+00
1.3788940765576547242687865946209058165550231933593750000000000000e+00
1.3769003562746353619417050140327773988246917724609375000000000000e+00
1.3749124528707836745411441370379179716110229492187500000000000000e+00
1.3729303410381188399469465366564691066741943359375000000000000000e+00
1.3709539956166127971926016471115872263908386230468750000000000000e+00
1.3689833915898792504606262809829786419868469238281250000000000000e+00
1.3670185040843629842299833399010822176933288574218750000000000000e+00
1.3650593083704112284948450906085781753063201904296875000000000000e+00
1.3631057798576784456656696420395746827125549316406250000000000000e+00
1.3611578940983584118384897010400891304016113281250000000000000000e+00
1.3592156267824124782350736495573073625564575195312500000000000000e+00
1.3572789537387930369760624671471305191516876220703125000000000000e+00
1.3553478509341074786931358175934292376041412353515625000000000000e+00
1.3534222944707463565094940349808894097805023193359375000000000000e+00
1.3515022605875062211566728365141898393630981445312500000000000000e+00
1.3495877256568447055684600854874588549137115478515625000000000000e+00
1.3476786661855466586956708852085284888744354248046875000000000000e+00
1.3457750588126571322789004625519737601280212402343750000000000000e+00
1.3438768803091010184402875893283635377883911132812500000000000000e+00
1.3419841075766325566576142591657117009162902832031250000000000000e+00
1.3400967176466953567626205767737701535224914550781250000000000000e+00
1.3382146876802893942226546641904860734939575195312500000000000000e+00
1.3363379949660301182490229621180333197116851806640625000000000000e+00
1.3344666169199361771546818999922834336757659912109375000000000000e+00
1.3326005310843642703844125207979232072830200195312500000000000000e+00
1.3307397151272728486048890772508457303047180175781250000000000000e+00
1.3288841468410006463329864345723763108253479003906250000000000000e+00
1.3270338041417024665946655659354291856288909912109375000000000000e+00
1.3251886650685946733574382960796356201171875000000000000000000000e+00
1.3233487077826870947916404475108720362186431884765625000000000000e+00
1.3215139105664226448766385146882385015487670898437500000000000000e+00
1.3196842518224221052491884620394557714462280273437500000000000000e+00
1.3178597100731046509736188454553484916687011718750000000000000000e+00
1.3160402639592829743264701392035931348800659179687500000000000000e+00
1.3142258922399217002663363018655218183994293212890625000000000000e+00
1.3124165737912785179020147552364505827426910400390625000000000000e+00
1.3106122876053780679228566441452130675315856933593750000000000000e+00
1.3088130127901425048264627548633143305778503417968750000000000000e+00
1.3070187285683612099518313698354177176952362060546875000000000000e+00
1.3052294142764582218774194188881665468215942382812500000000000000e+00
1.3034450493641678292533470084890723228454589843750000000000000000e+00
1.3016656133936503891845859470777213573455810546875000000000000000e+00
1.2998910860387953292161000717896968126296997070312500000000000000e+00
1.2981214470842064034883378553786315023899078369140625000000000000e+00
1.2963566764247342888438652153126895427703857421875000000000000000e+00
1.2945967540647542737275443869293667376041412353515625000000000000e+00
1.2928416601170327204783916386077180504798889160156250000000000000e+00
1.2910913748025525382701061971602030098438262939453125000000000000e+00
1.2893458784493554425409911345923319458961486816406250000000000000e+00
1.2876051514919986118457018164917826652526855468750000000000000000e+00
1.2858691744709263016233080634265206754207611083984375000000000000e+00
1.2841379280314166866361347274505533277988433837890625000000000000e+00
1.2824113929233236230942338806926272809505462646484375000000000000e+00
1.2806895500001371779319470078917220234870910644531250000000000000e+00
1.2789723802182750844735892314929515123367309570312500000000000000e+00
1.2772598646365103114419525809353217482566833496093750000000000000e+00
1.2755519844151397279574666754342615604400634765625000000000000000e+00
1.2738487208154782859281795026618055999279022216796875000000000000e+00
1.2721500551990407856806086783763021230697631835937500000000000000e+00
1.2704559690270791350030776811763644218444824218750000000000000000e+00
1.2687664438596544247417341466643847525119781494140625000000000000e+00
1.2670814613551324434581601963145658373832702636718750000000000000e+00
1.2654010032696256793371958337957039475440979003906250000000000000e+00
1.2637250514560973702060664436430670320987701416015625000000000000e+00
1.2620535878639955740254663396626710891723632812500000000000000000e+00
1.2603865945384140623275470716180279850959777832031250000000000000e+00
1.2587240536195527518259495991514995694160461425781250000000000000e+00
1.2570659473421814666949103411752730607986450195312500000000000000e+00
1.2554122580347844007064850302413105964660644531250000000000000000e+00
1.2537629681191548858265605304040946066379547119140625000000000000e+00
1.2521180601097174900360187166370451450347900390625000000000000000e+00
1.2504775166128716534785780822858214378356933593750000000000000000e+00
1.2488413203265174011846738721942529082298278808593750000000000000e+00
1.2472094540393545702983146838960237801074981689453125000000000000e+00
1.2455819006302391027674048018525354564189910888671875000000000000e+00
1.2439586430678468698118877000524662435054779052734375000000000000e+00
1.2423396644097792762551080159028060734272003173828125000000000000e+00
1.2407249478021566968521938179037533700466156005859375000000000000e+00
1.2391144764791073296095191835775040090084075927734375000000000000e+00
1.2375082337619780492588006381993182003498077392578125000000000000e+00
1.2359062030590306502375597119680605828762054443359375000000000000e+00
1.2343083678646429302006026773597113788127899169921875000000000000e+00
1.2327147117589210001398214444634504616260528564453125000000000000e+00
1.2311252184071197479653392292675562202930450439453125000000000000e+00
1.2295398715590617477744217467261478304862976074218750000000000000e+00
1.2279586550484622442525051155826076865196228027343750000000000000e+00
1.2263815527927321991086273555993102490901947021484375000000000000e+00
1.2248085487921567260372057717177085578441619873046875000000000000e+00
1.2232396271293892731080177327385172247886657714843750000000000000e+00
1.2216747719690577156370636657811701297760009765625000000000000000e+00
1.2201139675571481824079000944038853049278259277343750000000000000e+00
1.2185571982205165575408045697258785367012023925781250000000000000e+00
1.2170044483663247092408710159361362457275390625000000000000000000e+00
1.2154557024816268206990343969664536416530609130859375000000000000e+00
1.2139109451327874111825622094329446554183959960937500000000000000e+00
1.2123701609649495392062590326531790196895599365234375000000000000e+00
1.2108333347016331238421571470098569989204406738281250000000000000e+00
1.2093004511441858284115369315259158611297607421875000000000000000e+00
1.2077714951712836821684504684526473283767700195312500000000000000e+00
1.2062464517384055007198639941634610295295715332031250000000000000e+00
1.2047253058774445300116440193960443139076232910156250000000000000e+00
1.2032080426962867836238046947983093559741973876953125000000000000e+00
1.2016946473779852588847916194936260581016540527343750000000000000e+00
1.2001851051807190806641756353201344609260559082031250000000000000e+00
1.1986794014370727445850661752047017216682434082031250000000000000e+00
1.1971775215536184511222472792724147439002990722656250000000000000e+00
1.1956794510104913342729560099542140960693359375000000000000000000e+00
1.1941851753608498931669146259082481265068054199218750000000000000e+00
1.1926946802305371519992149842437356710433959960937500000000000000e+00
1.1912079513175275469194502875325269997119903564453125000000000000e+00
1.1897249743915376818392815039260312914848327636718750000000000000e+00
1.1882457352935174021979491953970864415168762207031250000000000000e+00
1.1867702199352800906950733406119979918003082275390625000000000000e+00
1.1852984142989897442532765126088634133338928222656250000000000000e+00
1.1838303044367746164056143243215046823024749755859375000000000000e+00
1.1823658764703368628801172235398553311824798583984375000000000000e+00
1.1809051165904069780054896909859962761402130126953125000000000000e+00
1.1794480110563945185475631660665385425090789794921875000000000000e+00
1.1779945461959748786995305636082775890827178955078125000000000000e+00
1.1765447084045863590517910779453814029693603515625000000000000000e+00
1.1750984841451177498328206638689152896404266357421875000000000000e+00
1.1736558599474302688747684442205354571342468261718750000000000000e+00
1.1722168224079587695030113536631688475608825683593750000000000000e+00
1.1707813581893140586487334076082333922386169433593750000000000000e+00
1.1693494540198625664118026179494336247444152832031250000000000000e+00
1.1679210966933524229460772403399460017681121826171875000000000000e+00
1.1664962730684387270940760572557337582111358642578125000000000000e+00
1.1650749700683780130106015349156223237514495849609375000000000000e+00
1.1636571746806265714724304416449740529060363769531250000000000000e+00
1.1622428739563466226769605782465077936649322509765625000000000000e+00
1.1608320550101847157264955967548303306102752685546875000000000000e+00
1.1594247050197141746252782468218356370925903320312500000000000000e+00
1.1580208112251300089923233826993964612483978271484375000000000000e+00
1.1566203609290077736204693792387843132019042968750000000000000000e+00
1.1552233414956003532125805577379651367664337158203125000000000000e+00
1.1538297403507684624202056511421687901020050048828125000000000000e+00
1.1524395449814872627314343844773247838020324707031250000000000000e+00
1.1510527429354360240409960169927217066287994384765625000000000000e+00
1.1496693218207783004913835611660033464431762695312500000000000000e+00
1.1482892693055710697791482743923552334308624267578125000000000000e+00
1.1469125731176472715588943174225278198719024658203125000000000000e+00
1.1455392210440904499080261302879080176353454589843750000000000000e+00
1.1441692009309512023662591673200950026512145996093750000000000000e+00
1.1428025006828841370065674709621816873550415039062500000000000000e+00
1.1414391082627426410311954896315000951290130615234375000000000000e+00
1.1400790116913464000703015699400566518306732177734375000000000000e+00
1.1387221990470117738425415154779329895973205566406250000000000000e+00
1.1373686584653011077961082264664582908153533935546875000000000000e+00
1.1360183781386348211839276700629852712154388427734375000000000000e+00
1.1346713463159465717922103067394345998764038085937500000000000000e+00
1.1333275513023630676201491951360367238521575927734375000000000000e+00
1.1319869814589151868489125263295136392116546630859375000000000000e+00
1.1306496252021216442074091901304200291633605957031250000000000000e+00
1.1293154710036958920937877337564714252948760986328125000000000000e+00
1.1279845073902736718451933484175242483615875244140625000000000000e+00
1.1266567229429824692488182336091995239257812500000000000000000000e+00
1.1253321062972099220189647894585505127906799316406250000000000000e+00
1.1240106461422540995442886924138292670249938964843750000000000000e+00
1.1226923312209837746422635973431169986724853515625000000000000000e+00
1.1213771503295613118922346984618343412876129150390625000000000000e+00
1.1200650923171056039251425318070687353610992431640625000000000000e+00
1.1187561460853838735118870317819528281688690185546875000000000000e+00
1.1174503005885039197409014377626590430736541748046875000000000000e+00
1.1161475448326265702547743785544298589229583740234375000000000000e+00
1.1148478678756137405514436977682635188102722167968750000000000000e+00
1.1135512588267895139892971201334148645401000976562500000000000000e+00
1.1122577068466026339876862039091065526008605957031250000000000000e+00
1.1109672011463052054835998205817304551601409912109375000000000000e+00
1.1096797309877224346763568973983637988567352294921875000000000000e+00
1.1083952856829077937561578437453135848045349121093750000000000000e+00
1.1071138545938445929550653090700507164001464843750000000000000000e+00
1.1058354271322079487305245493189431726932525634765625000000000000e+00
1.1045599927590306066349512548185884952545166015625000000000000000e+00
1.1032875409844267178272048113285563886165618896484375000000000000e+00
1.1020180613673358216431097389431670308113098144531250000000000000e+00
1.1007515435151884464204385949415154755115509033203125000000000000e+00
1.0994879770836758492436047163209877908229827880859375000000000000e+00
1.0982273517764438164334706016234122216701507568359375000000000000e+00
1.0969696573448346477164250245550647377967834472656250000000000000e+00
1.0957148835875945014350918427226133644580841064453125000000000000e+00
1.0944630203506104937360987605643458664417266845703125000000000000e+00
1.0932140575266460214010066920309327542781829833984375000000000000e+00
1.0919679850550594313318697459180839359760284423828125000000000000e+00
1.0907247929215522219692502403631806373596191406250000000000000000e+00
1.0894844711578801632612112371134571731090545654296875000000000000e+00
1.0882470098416225923187994339969009160995483398437500000000000000e+00
1.0870123990958946436080623243469744920730590820312500000000000000e+00
1.0857806290890981149033223118749447166919708251953125000000000000e+00
1.0845516900346634514562538242898881435394287109375000000000000000e+00
1.0833255721907988355923180279205553233623504638671875000000000000e+00
1.0821022658602195143373592145508155226707458496093750000000000000e+00
1.0808817613899086573781005427008494734764099121093750000000000000e+00
1.0796640491708675568816033774055540561676025390625000000000000000e+00
1.0784491196378600541549985791789367794990539550781250000000000000e+00
1.0772369632691685126246738946065306663513183593750000000000000000e+00
1.0760275705863453499233628463116474449634552001953125000000000000e+00
1.0748209321539738958506404742365702986717224121093750000000000000e+00
1.0736170385794188142369876004522666335105895996093750000000000000e+00
1.0724158805125834081906077699386514723300933837890625000000000000e+00
1.0712174486456915722953908698400482535362243652343750000000000000e+00
1.0700217337130264461109163676155731081962585449218750000000000000e+00
1.0688287264906883855530850269133225083351135253906250000000000000e+00
1.0676384177963913479914026538608595728874206542968750000000000000e+00
1.0664507984892195313619822627515532076358795166015625000000000000e+00
1.0652658594693800164776575911673717200756072998046875000000000000e+00
1.0640835916779549652488867650390602648258209228515625000000000000e+00
1.0629039860967344210962437500711530447006225585937500000000000000e+00
1.0617270337479949304793080955278128385543823242187500000000000000e+00
1.0605527256941571501158705359557643532752990722656250000000000000e+00
1.0593810530376122081008816167013719677925109863281250000000000000e+00
1.0582120069206637502645662607392296195030212402343750000000000000e+00
1.0570455785251600122620629917946644127368927001953125000000000000e+00
1.0558817590720916967939047026447951793670654296875000000000000000e+00
1.0547205398216288330104362103156745433807373046875000000000000000e+00
1.0535619120731403164370476588374003767967224121093750000000000000e+00
1.0524058671644904716657720200601033866405487060546875000000000000e+00
1.0512523964716042890188418823527172207832336425781250000000000000e+00
1.0501014914091328922296497694333083927631378173828125000000000000e+00
1.0489531434302272749903295334661379456520080566406250000000000000e+00
1.0478073440250226244785380913526751101016998291015625000000000000e+00
1.0466640847209078835078344127396121621131896972656250000000000000e+00
1.0455233570841406809392992727225646376609802246093750000000000000e+00
1.0443851527182435035001617507077753543853759765625000000000000000e+00
1.0432494632615079144244418785092420876026153564453125000000000000e+00
1.0421162803899650661776377091882750391960144042968750000000000000e+00
1.0409855958192035796372465483727864921092987060546875000000000000e+00
1.0398574012986259162971691694110631942749023437500000000000000000e+00
1.0387316886103734603352677368093281984329223632812500000000000000e+00
1.0376084495782189609514034600579179823398590087890625000000000000e+00
1.0364876760650987286282997956732288002967834472656250000000000000e+00
1.0353693599582152184979122466756962239742279052734375000000000000e+00
1.0342534931803692987983822604292072355747222900390625000000000000e+00
1.0331400677088229400624186382628977298736572265625000000000000000e+00
1.0320290755466718923827329490450210869312286376953125000000000000e+00
1.0309205087031780845308048810693435370922088623046875000000000000e+00
1.0298143592488404607365737319923937320709228515625000000000000000e+00
1.0287106193294657252579327177954837679862976074218750000000000000e+00
1.0276092810637307284338248791755177080631256103515625000000000000e+00
1.0265103365564638426832289042067714035511016845703125000000000000e+00
1.0254137780632168741590248828288167715072631835937500000000000000e+00
1.0243195979189085864646813206491060554981231689453125000000000000e+00
1.0232277882972118376869730127509683370590209960937500000000000000e+00
1.0221383413609270718325205962173640727996826171875000000000000000e+00
1.0210512496371784152415784774348139762878417968750000000000000000e+00
1.0199665057034887905018649689736776053905487060546875000000000000e+00
1.0188841016227376812253169191535562276840209960937500000000000000e+00
1.0178040295685937266512155474629253149032592773437500000000000000e+00
1.0167262825672052084513552472344599664211273193359375000000000000e+00
1.0156508534459252057757794318604283034801483154296875000000000000e+00
1.0145777338933410494092868248117156326770782470703125000000000000e+00
1.0135069160907010932248795143095776438713073730468750000000000000e+00
1.0124383938134315918944139411905780434608459472656250000000000000e+00
1.0113721601363558910691153869265690445899963378906250000000000000e+00
1.0103082062392934048489223641809076070785522460937500000000000000e+00
1.0092465241483867810501351414131931960582733154296875000000000000e+00
1.0081871084438014385398219019407406449317932128906250000000000000e+00
1.0071299528348887086792728950968012213706970214843750000000000000e+00
1.0060750477725548535090638324618339538574218750000000000000000000e+00
1.0050223851017954235231854909216053783893585205078125000000000000e+00
1.0039719603915924217574229260208085179328918457031250000000000000e+00
1.0029237670679678195995165879139676690101623535156250000000000000e+00
1.0018777957953817203673452240764163434505462646484375000000000000e+00
1.0008340399316313362731989400344900786876678466796875000000000000e+00
