1.7326637048367388854730464231579389888793230056762695312500000000e-02
1.7340708982006826366362162161749438382685184478759765625000000000e-02
1.7355038010887658544989520237322722095996141433715820312500000000e-02
1.7369619150259182904783017420413671061396598815917968750000000000e-02
1.7384448717507348936006650319541222415864467620849609375000000000e-02
1.7399521799912959912903787085269868839532136917114257812500000000e-02
1.7414833666094805403323775294666120316833257675170898437500000000e-02
1.7430380207083186194783053224455215968191623687744140625000000000e-02
1.7446157341647734739797925840321113355457782745361328125000000000e-02
1.7462160982811419929205953849304933100938796997070312500000000000e-02
1.7478387193228216156537513370494707487523555755615234375000000000e-02
1.7494832173062524471873757647699676454067230224609375000000000000e-02
1.7511492226227873270083534862351370975375175476074218750000000000e-02
1.7528363762359371741395008825747936498373746871948242187500000000e-02
1.7545443299491987609872722941872780211269855499267578125000000000e-02
1.7562727460602826912161589234528946690261363983154296875000000000e-02
1.7580212970345291539908672007186396513134241104125976562500000000e-02
1.7597896652572123099567136250698240473866462707519531250000000000e-02
1.7615775427737661446014882926647260319441556930541992187500000000e-02
1.7633846310151780889530215290506021119654178619384765625000000000e-02
1.7652106405206993700041095962660619989037513732910156250000000000e-02
1.7670552906603558679377030671275861095637083053588867187500000000e-02
1.7689183093582763750539754710189299657940864562988281250000000000e-02
1.7707994328183249144181843348633265122771263122558593750000000000e-02
1.7726984052537839847696332640225591603666543960571289062500000000e-02
1.7746149786226975142433559540222631767392158508300781250000000000e-02
1.7765489123701443813230227419808215927332639694213867187500000000e-02
1.7784999731785034599029771129607979673892259597778320312500000000e-02
1.7804679347263582811500270963733782991766929626464843750000000000e-02
1.7824525774566609553906104679299460258334875106811523437500000000e-02
1.7844536883542552740955500212294282391667366027832031250000000000e-02
1.7864710607329931796316557779391587246209383010864257812500000000e-02
1.7885044940322922940589833729063684586435556411743164062500000000e-02
1.7905537936227934603383715739255421794950962066650390625000000000e-02
1.7926187706209673750068489539444271940737962722778320312500000000e-02
1.7946992417121609975083629251457750797271728515625000000000000000e-02
1.7967950289816556064259600589139154180884361267089843750000000000e-02
1.7989059597533427203863709564757300540804862976074218750000000000e-02
1.8010318664355592227499514024202653672546148300170898437500000000e-02
1.8031725863734849452102437794565048534423112869262695312500000000e-02
1.8053279617078452773393237862364912871271371841430664062500000000e-02
1.8074978392394219772754127006919588893651962280273437500000000000e-02
1.8096820702989836054941363840953272301703691482543945312500000000e-02
1.8118805106223070250370810185813752468675374984741210937500000000e-02
1.8140930202298868184618285681608540471643209457397460937500000000e-02
1.8163194633111206383047075973991013597697019577026367187500000000e-02
1.8185597081126776697335145627221208997070789337158203125000000000e-02
1.8208136268307292815471498670376604422926902770996093750000000000e-02
1.8230810955068010859037030968465842306613922119140625000000000000e-02
1.8253619939271860384000234489576541818678379058837890625000000000e-02
1.8276562055256538597003412860431126318871974945068359375000000000e-02
1.8299636172891153851338685853988863527774810791015625000000000000e-02
1.8322841196662300461417416386211698409169912338256835937500000000e-02
1.8346176064789210952143960753346618730574846267700195312500000000e-02
1.8369639748366525106026969638151058461517095565795898437500000000e-02
1.8393231250526699549485698526041232980787754058837890625000000000e-02
1.8416949605627026126386525106681801844388246536254882812500000000e-02
1.8440793878469533689790083030857203993946313858032226562500000000e-02
1.8464763163538726320478389197887736372649669647216796875000000000e-02
1.8488856584238440305956174825041671283543109893798828125000000000e-02
1.8513073292152747856276207016890111844986677169799804687500000000e-02
1.8537412466382515580098910845663340296596288681030273437500000000e-02
1.8561873312876477765120952767574635799974203109741210937500000000e-02
1.8586455063628205125469960989903484005481004714965820312500000000e-02
1.8611156975984397693446581456555577460676431655883789062500000000e-02
1.8635978332328936163397870018343382980674505233764648437500000000e-02
1.8660918439409979185938937007449567317962646484375000000000000000e-02
1.8685976626891913354722163376209209673106670379638671875000000000e-02
1.8711152247107672857984184133783855941146612167358398437500000000e-02
1.8736444676282531379696294493442110251635313034057617187500000000e-02
1.8761853312407938271233476257293659728020429611206054687500000000e-02
1.8787377570835595008702512132003903388977050781250000000000000000e-02
1.8813016888540225884929313338034262415021657943725585937500000000e-02
1.8838770730598537739286513215120066888630390167236328125000000000e-02
1.8864638576022507016061169338172476273030042648315429687500000000e-02
1.8890619906004057354520497824523772578686475753784179687500000000e-02
1.8916714239717170864540918273632996715605258941650390625000000000e-02
1.8942921152478413293618331181278335861861705780029296875000000000e-02
1.8969240225486422996015178910056420136243104934692382812500000000e-02
1.8995671042929637706286882803397020325064659118652343750000000000e-02
1.9022213207409023605354292385527514852583408355712890625000000000e-02
1.9048866352134517093697141376651416067034006118774414062500000000e-02
1.9075630141511094178818908062567061278969049453735351562500000000e-02
1.9102504266121998754979216528226970694959163665771484375000000000e-02
1.9129488426355537727951983129059954080730676651000976562500000000e-02
1.9156582270496137765380950668259174562990665435791015625000000000e-02
1.9183785465366486738814089108018379192799329757690429687500000000e-02
1.9211097741475599565141862967720953747630119323730468750000000000e-02
1.9238518838559356960438151418202323839068412780761718750000000000e-02
1.9266048503623969812004190771403955295681953430175781250000000000e-02
1.9293686501450354325859493087591545190662145614624023437500000000e-02
1.9321432612907276510361143095906300004571676254272460937500000000e-02
1.9349286629950172150538278970088867936283349990844726562500000000e-02
1.9377248357059784211742226034402847290039062500000000000000000000e-02
1.9405317613013589594928021142550278455018997192382812500000000000e-02
1.9433494229456015761625664595158013980835676193237304687500000000e-02
1.9461778050048349902878541684003721456974744796752929687500000000e-02
1.9490168931075052549672932400426361709833145141601562500000000000e-02
1.9518666741255186192205428596935234963893890380859375000000000000e-02
1.9547271361201854628086849174906092230230569839477539062500000000e-02
1.9575982683353285868088633492334338370710611343383789062500000000e-02
1.9604800611838755358684593943507934454828500747680664062500000000e-02
1.9633725062229896024534880893952504266053438186645507812500000000e-02
1.9662755961356827988373296989266236778348684310913085937500000000e-02
1.9691893247134970718059676642042177263647317886352539062500000000e-02
1.9721136868373581596536325832857983186841011047363281250000000000e-02
1.9750486784595060185676373976093600504100322723388671875000000000e-02
1.9779942965883184208264466974469542037695646286010742187500000000e-02
1.9809505392680684665585033599199960008263587951660156250000000000e-02
1.9839174055646380950834739564925257582217454910278320312500000000e-02
1.9868948955488026364424314351708744652569293975830078125000000000e-02
1.9898830102789980683875015188277757260948419570922851562500000000e-02
1.9928817517899748840148888007206551264971494674682617187500000000e-02
1.9958911230702845035489545466589333955198526382446289062500000000e-02
1.9989111280576100926342775210287072695791721343994140625000000000e-02
2.0019417716157852926706084417673991993069648742675781250000000000e-02
2.0049830595235112323804216316602833103388547897338867187500000000e-02
2.0080349984687322073551030143789830617606639862060546875000000000e-02
2.0110975960156731584538292167962936218827962875366210937500000000e-02
2.0141708606214895477259929634783475194126367568969726562500000000e-02
2.0172548015927650039147422944552090484648942947387695312500000000e-02
2.0203494290935160304645279438773286528885364532470703125000000000e-02
2.0234547541389612257400898442938341759145259857177734375000000000e-02
2.0265707885434112306421994276206532958894968032836914062500000000e-02
2.0296975449836676674841839940199861302971839904785156250000000000e-02
2.0328350368977440854045823925844160839915275573730468750000000000e-02
2.0359832785482666339671453670234768651425838470458984375000000000e-02
2.0391422849955317259107445693189220037311315536499023437500000000e-02
2.0423120720153890850223632469351286999881267547607421875000000000e-02
2.0454926562570186626688339970314700622111558914184570312500000000e-02
2.0486840550065079508135212904562649782747030258178710937500000000e-02
2.0518862863879560459734463506720203440636396408081054687500000000e-02
2.0550993692628104214659146009580581448972225189208984375000000000e-02
2.0583233231077080471749241041834466159343719482421875000000000000e-02
2.0615581683544860480683524883716017939150333404541015625000000000e-02
2.0648039258668874490476596861299185547977685928344726562500000000e-02
2.0680606174465061136702459521075070369988679885864257812500000000e-02
2.0713282655452937980333771861296554561704397201538085937500000000e-02
2.0746068930946597042019874379548127762973308563232421875000000000e-02
2.0778965241897713600582875415057060308754444122314453125000000000e-02
2.0811971829920977716810170932149048894643783569335937500000000000e-02
2.0845088948573238518680028619201038964092731475830078125000000000e-02
2.0878316856497439873985300096137507352977991104125976562500000000e-02
2.0911655815016073206580315968494687695056200027465820312500000000e-02
2.0945106101478202370591574776881316211074590682983398437500000000e-02
2.0978667987274903644623336163022031541913747787475585937500000000e-02
2.1012341760956947112060078097783843986690044403076171875000000000e-02
2.1046127713930273817055649487883783876895904541015625000000000000e-02
2.1080026136508295958593706131978251505643129348754882812500000000e-02
2.1114037343605077112762558044778415933251380920410156250000000000e-02
2.1148161632371223483950473109871381893754005432128906250000000000e-02
2.1182399326543522449783907291021023411303758621215820312500000000e-02
2.1216750749641338086304287458006001543253660202026367187500000000e-02
2.1251216216806905617842105016279674600809812545776367187500000000e-02
2.1285796083749954077379840100547880865633487701416015625000000000e-02
2.1320490668141123258294555853353813290596008300781250000000000000e-02
2.1355300329603615905327274049341212958097457885742187500000000000e-02
2.1390225424638441287239487564875162206590175628662109375000000000e-02
2.1425266286680049593327268553366593550890684127807617187500000000e-02
2.1460423318606064446711911841703113168478012084960937500000000000e-02
2.1495696851623863343760945099347736686468124389648437500000000000e-02
2.1531087282043823161181705927447183057665824890136718750000000000e-02
2.1566595002837588707089722106502449605613946914672851562500000000e-02
2.1602220355521169897761168954275490250438451766967773437500000000e-02
2.1637963800236040268210047088359715417027473449707031250000000000e-02
2.1673825673748335629564820692394278012216091156005859375000000000e-02
2.1709806407604625294593958528821531217545270919799804687500000000e-02
2.1745906440756825744875513350962137337774038314819335937500000000e-02
2.1782126105394792464631237294270249549299478530883789062500000000e-02
2.1818465935242108144631600907814572565257549285888671875000000000e-02
2.1854926262688353921781470035057282075285911560058593750000000000e-02
2.1891507550511238311408135359670268371701240539550781250000000000e-02
2.1928210299359353341319689434385509230196475982666015625000000000e-02
2.1965034809211195915290559810273407492786645889282226562500000000e-02
2.2001981704618291113551009630100452341139316558837890625000000000e-02
2.2039051311088450613162592617300106212496757507324218750000000000e-02
2.2076244103336993551689459991393960081040859222412109375000000000e-02
2.2113560679803731523485055276978528127074241638183593750000000000e-02
2.2151001266177104687127297211191034875810146331787109375000000000e-02
2.2188566608364244242546092777956801000982522964477539062500000000e-02
2.2226257017782632269264908586592355277389287948608398437500000000e-02
2.2264072961434195480068254369143687654286623001098632812500000000e-02
2.2302015170134529414847079920036776456981897354125976562500000000e-02
2.2340083766390048808370138999634946230798959732055664062500000000e-02
2.2378279616771974691591395867362734861671924591064453125000000000e-02
2.2416603062275747282328097753634210675954818725585937500000000000e-02
2.2455054478294371456126299335664953105151653289794921875000000000e-02
2.2493634830537099361658093243931944016367197036743164062500000000e-02
2.2532344047940425224574312323966296389698982238769531250000000000e-02
2.2571183169206643359672170845442451536655426025390625000000000000e-02
2.2610152560152078915489681776307406835258007049560546875000000000e-02
2.2649252480573336260283312526553345378488302230834960937500000000e-02
2.2688484144689404636840990292512287851423025131225585937500000000e-02
2.2727847329554819871821891297258844133466482162475585937500000000e-02
2.2767343119657498101693349212837347295135259628295898437500000000e-02
2.2806972115665298528330851013379287905991077423095703125000000000e-02
2.2846734203488018588590335866683744825422763824462890625000000000e-02
2.2886631098255269534114120233425637707114219665527343750000000000e-02
2.2926662228181040464880524609725398477166891098022460937500000000e-02
2.2966828848878545477063539692608173936605453491210937500000000000e-02
2.3007131714164515828846546696695440914481878280639648437500000000e-02
2.3047570442528388795500049468500947114080190658569335937500000000e-02
2.3088147040701115925154240926531201694160699844360351562500000000e-02
2.3128860955960364037542476012276893015950918197631835937500000000e-02
2.3169713087690092800929875238580279983580112457275390625000000000e-02
2.3210704975010751360819938327040290459990501403808593750000000000e-02
2.3251835324346020739127993692818563431501388549804687500000000000e-02
2.3293107009668797408030727069672138895839452743530273437500000000e-02
2.3334519022975130225772133485406811814755201339721679687500000000e-02
2.3376072326779882143421573914565669838339090347290039062500000000e-02
2.3417768774054825708930138716823421418666839599609375000000000000e-02
2.3459606812900064137794586827112652827054262161254882812500000000e-02
2.3501589261075851722271323751556337811052799224853515625000000000e-02
2.3543715854866809067402755317743867635726928710937500000000000000e-02
2.3585986234880711859274171615652448963373899459838867187500000000e-02
2.3628403995693356837159981864715518895536661148071289062500000000e-02
2.3670965991359375207858661838145053479820489883422851562500000000e-02
2.3713676178140220829337891927934833802282810211181640625000000000e-02
2.3756533919593189607688543674157699570059776306152343750000000000e-02
2.3799538739577390938917389462403662037104368209838867187500000000e-02
2.3842694491558964753341598452607286162674427032470703125000000000e-02
2.3885998328691565584236400354711804538965225219726562500000000000e-02
2.3929453044029380670565387845272198319435119628906250000000000000e-02
2.3973060202280429414889439954094996210187673568725585937500000000e-02
2.4016816588684413574794618284613534342497587203979492187500000000e-02
2.4060728787471702405653672940388787537813186645507812500000000000e-02
2.4104792011263167367252080452999507542699575424194335937500000000e-02
2.4149009991605463465447201087954454123973846435546875000000000000e-02
2.4193384303315402378276033346082840580493211746215820312500000000e-02
2.4237911543000083269827626963888178579509258270263671875000000000e-02
2.4282597946834023894258081099906121380627155303955078125000000000e-02
2.4327440383872495077710595978714991360902786254882812500000000000e-02
2.4372439622900945316308352062151243444532155990600585937500000000e-02
2.4417601137021571755525428670807741582393646240234375000000000000e-02
2.4462917747841143867315594206957030110061168670654296875000000000e-02
2.4508398520451005891951368198533600661903619766235351562500000000e-02
2.4554039091882282758172451053724216762930154800415039062500000000e-02
2.4599840182046653347391895749751711264252662658691406250000000000e-02
2.4645807876382274520521420413388113956898450851440429687500000000e-02
2.4691935099397904762597022454428952187299728393554687500000000000e-02
2.4738229318374615334219512874369684141129255294799804687500000000e-02
2.4784689620276873639470593957412347663193941116333007812500000000e-02
2.4831312176790722168195912900046096183359622955322265625000000000e-02
2.4878107633022665534650030849661561660468578338623046875000000000e-02
2.4925065761401816316622515046219632495194673538208007812500000000e-02
2.4972195171387906453830396458215545862913131713867187500000000000e-02
2.5019495773487328976747434694516414310783147811889648437500000000e-02
2.5066962153512003380617656489448563661426305770874023437500000000e-02
2.5114605961674144746220704860206751618534326553344726562500000000e-02
2.5162417901957806476431755982048343867063522338867187500000000000e-02
2.5210403506088687602959552691572753246873617172241210937500000000e-02
2.5258567326081633047651919810050458181649446487426757812500000000e-02
2.5306899400388323945199076092649193014949560165405273437500000000e-02
2.5355414353088023826643393476842902600765228271484375000000000000e-02
2.5404102607202223851334821347336401231586933135986328125000000000e-02
2.5452967595091354618963563893885293509811162948608398437500000000e-02
2.5502017224680682133675091449731553439050912857055664062500000000e-02
2.5551238892774504052329831438328255899250507354736328125000000000e-02
2.5600647771489053877713715223762847017496824264526367187500000000e-02
2.5650236484272882081514310925740574020892381668090820312500000000e-02
2.5700004468119982264928680137927585747092962265014648437500000000e-02
2.5749963800883179931844324528356082737445831298828125000000000000e-02
2.5800099636007940706594609991952893324196338653564453125000000000e-02
2.5850426413215697035719031759981589857488870620727539062500000000e-02
2.5900940494867057822814260248378559481352567672729492187500000000e-02
2.5951636174205865159603234815222094766795635223388671875000000000e-02
2.6002530116884824129552811200483120046555995941162109375000000000e-02
2.6053605430382036078906793363785254769027233123779296875000000000e-02
2.6104875555979813878115791681011614855378866195678710937500000000e-02
2.6156340229534065511263207781667006202042102813720703125000000000e-02
2.6207990137268242364365633534362132195383310317993164062500000000e-02
2.6259843735486607108065015836473321542143821716308593750000000000e-02
2.6311885747730991841342174097917450126260519027709960937500000000e-02
2.6364124820212993943746582203857542481273412704467773437500000000e-02
2.6416567289682262725802885938719555269926786422729492187500000000e-02
2.6469197949116344409370427115391066763550043106079101562500000000e-02
2.6522038551309096848784818689637177158147096633911132812500000000e-02
2.6575074118148779567238904064652160741388797760009765625000000000e-02
2.6628310395289827433584761706697463523596525192260742187500000000e-02
2.6681757307408206919552284830388089176267385482788085937500000000e-02
2.6735397961904026203905360148382897023111581802368164062500000000e-02
2.6789252470378995679700651066923455800861120223999023437500000000e-02
2.6843311050380302268392185283119033556431531906127929687500000000e-02
2.6897572437543686846295187820032879244536161422729492187500000000e-02
2.6952053116943947702610628880393051076680421829223632812500000000e-02
2.7006732492940863782360239042645844165235757827758789062500000000e-02
2.7061630749097901477151495441830775234848260879516601562500000000e-02
2.7116741111951860737638853038333763834089040756225585937500000000e-02
2.7172058527208251682560913309316674713045358657836914062500000000e-02
2.7227601745229718793739337456827342975884675979614257812500000000e-02
2.7283351365346011213608434786692669149488210678100585937500000000e-02
2.7339322939990768485118977082493074703961610794067382812500000000e-02
2.7395516492403421821011377801369235385209321975708007812500000000e-02
2.7451920644977777230533177998950122855603694915771484375000000000e-02
2.7508557920918774719609700696310028433799743652343750000000000000e-02
2.7565408982034935586602486523588595446199178695678710937500000000e-02
2.7622486300950856163982649604804464615881443023681640625000000000e-02
2.7679794199115141661859951227597775869071483612060546875000000000e-02
2.7737318469484097821498025382425112184137105941772460937500000000e-02
2.7795081403818686083262434749485692009329795837402343750000000000e-02
2.7853067488397699469349078071900294162333011627197265625000000000e-02
2.7911283296414554633280147299956297501921653747558593750000000000e-02
2.7969739038551939824817083035668474622070789337158203125000000000e-02
2.8028417095225993671547826124879065901041030883789062500000000000e-02
2.8087339755130672630523136490410252008587121963500976562500000000e-02
2.8146494716198084545810687018274620641022920608520507812500000000e-02
2.8205884166102070109705124423271627165377140045166015625000000000e-02
2.8265521768127511298418497176498931366950273513793945312500000000e-02
2.8325389413804240301697490167498472146689891815185546875000000000e-02
2.8385506696257934572402703565785486716777086257934570312500000000e-02
2.8445866364750261451321833305883046705275774002075195312500000000e-02
2.8506465510750277070339819829314365051686763763427734375000000000e-02
2.8567321062553621691115779412939446046948432922363281250000000000e-02
2.8628414927611384871442012922670983243733644485473632812500000000e-02
2.8689763877848838830031397151287819724529981613159179687500000000e-02
2.8751365012043197250113379936919955071061849594116210937500000000e-02
2.8813211897804249378429730654715967830270528793334960937500000000e-02
2.8875322696486047796549101462915132287889719009399414062500000000e-02
2.8937681204326690803663169049286807421594858169555664062500000000e-02
2.9000300235097958151397889992040290962904691696166992187500000000e-02
2.9063181412319678831313041200701263733208179473876953125000000000e-02
2.9126315390518735248814863325605983845889568328857421875000000000e-02
2.9189720697456702364069869304330495651811361312866210937500000000e-02
2.9253383554109304437451655189761368092149496078491210937500000000e-02
2.9317313030738829243704302029982500243932008743286132812500000000e-02
2.9381514288155486519515946497449476737529039382934570312500000000e-02
2.9445976504920891997363341374693845864385366439819335937500000000e-02
2.9510717242967131335174002515486790798604488372802734375000000000e-02
2.9575725900110854532654158788318454753607511520385742187500000000e-02
2.9641007861269386136626735606114380061626434326171875000000000000e-02
2.9706571116550301719927418275801755953580141067504882812500000000e-02
2.9772404312840172746490452482248656451702117919921875000000000000e-02
2.9838523385698166590085378402363858185708522796630859375000000000e-02
2.9904920950525635398031809586427698377519845962524414062500000000e-02
2.9971599346426201770920982880852534435689449310302734375000000000e-02
3.0038568355180310376351116019577602855861186981201171875000000000e-02
3.0105817099538894482391171436574950348585844039916992187500000000e-02
3.0173359338757491099336505158134968951344490051269531250000000000e-02
3.0241190819092624714192751866903563495725393295288085937500000000e-02
3.0309311473720540464071859787509310990571975708007812500000000000e-02
3.0377732035355042850000018006539903581142425537109375000000000000e-02
3.0446442750830016860108528931050386745482683181762695312500000000e-02
3.0515455061076827980581782640001620166003704071044921875000000000e-02
3.0584767439445367798178665452724089846014976501464843750000000000e-02
3.0654378183914809952170799078885465860366821289062500000000000000e-02
3.0724298205650597826110725918624666519463062286376953125000000000e-02
3.0794519331960888697263811764059937559068202972412109375000000000e-02
3.0865050737438812916701991184709186200052499771118164062500000000e-02
3.0935893136475694359388555199075199197977781295776367187500000000e-02
3.1007043881762109266420068820480082649737596511840820312500000000e-02
3.1078513507922941871974842342751799151301383972167968750000000000e-02
3.1150295616554732336389577085355995222926139831542968750000000000e-02
3.1222397368755754054614470760498079471290111541748046875000000000e-02
3.1294821171460068809366816822148393839597702026367187500000000000e-02
3.1367564036956452344639956208993680775165557861328125000000000000e-02
3.1440635746423938046145707403411506675183773040771484375000000000e-02
3.1514031692469295087288827517113531939685344696044921875000000000e-02
3.1587757367193984581188459515033173374831676483154296875000000000e-02
3.1661816357477882977189409530183183960616588592529296875000000000e-02
3.1736205797639950587640811363598913885653018951416015625000000000e-02
3.1810934521760265980550030917584081180393695831298828125000000000e-02
3.1885999588901238477323119013817631639540195465087890625000000000e-02
3.1961405209395672699645984948801924474537372589111328125000000000e-02
3.2037155704944579592829967396028223447501659393310546875000000000e-02
3.2113248657186635459659385105624096468091011047363281250000000000e-02
3.2189691900281099112834937159277615137398242950439453125000000000e-02
3.2266483956128841348309777004033094272017478942871093750000000000e-02
3.2343628127254248072475206754461396485567092895507812500000000000e-02
3.2421129120559007141810781149615650065243244171142578125000000000e-02
3.2498985161313373448699337586731417104601860046386718750000000000e-02
3.2577203135940431544259610063818399794399738311767578125000000000e-02
3.2655782790126042236522607709048315882682800292968750000000000000e-02
3.2734726849687881267136901897174539044499397277832031250000000000e-02
3.2814040154756723977058641139592509716749191284179687500000000000e-02
3.2893721666916848900275027745010447688400745391845703125000000000e-02
3.2973777441941437560402050621632952243089675903320312500000000000e-02
3.3054208211360389113586677467537811025977134704589843750000000000e-02
3.3135016395198557681567308463854715228080749511718750000000000000e-02
3.3216206804917880468508428748464211821556091308593750000000000000e-02
3.3297779154361356601654620135377626866102218627929687500000000000e-02
3.3379738818400880862036217422428308054804801940917968750000000000e-02
3.3462087300234553965960770938181667588651180267333984375000000000e-02
3.3544826921420578536015000281622633337974548339843750000000000000e-02
3.3627962377077831590543866013831575401127338409423828125000000000e-02
3.3711494099276227698336327875949791632592678070068359375000000000e-02
3.3795426939527438425781014075255370698869228363037109375000000000e-02
3.3879762994627547756376628740326850675046443939208984375000000000e-02
3.3964504636086731426125595589837757870554924011230468750000000000e-02
3.4049656411234224817619065106555353850126266479492187500000000000e-02
3.4135219408699180032584763466729782521724700927734375000000000000e-02
3.4221198105691554014473609868218773044645786285400390625000000000e-02
3.4307595054327635897273296450293855741620063781738281250000000000e-02
3.4394412775196905873720254476211266592144966125488281250000000000e-02
3.4481655675222530610390947458654409274458885192871093750000000000e-02
3.4569325427334963996006678144112811423838138580322265625000000000e-02
3.4657426265916453644866379590894212014973163604736328125000000000e-02
3.4745961097981566123582553018422913737595081329345703125000000000e-02
3.4834932654342065649899495838326402008533477783203125000000000000e-02
3.4924345233011286349089630220987601205706596374511718750000000000e-02
3.5014201019956142646449848143674898892641067504882812500000000000e-02
3.5104504117109136540619829247589223086833953857421875000000000000e-02
3.5195257718658903844932694937597261741757392883300781250000000000e-02
3.5286464799780196954781530394029687158763408660888671875000000000e-02
3.5378129593869864222277499266056111082434654235839843750000000000e-02
3.5470254736585514476754354973309091292321681976318359375000000000e-02
3.5562844286933605053580009780489490367472171783447265625000000000e-02
3.5655901684834123699374686111696064472198486328125000000000000000e-02
3.5749430166410939291310455701022874563932418823242187500000000000e-02
3.5843433949623484946478413348813774064183235168457031250000000000e-02
3.5937916067742416148522721641711541451513767242431640625000000000e-02
3.6032880607942838202539803660329198464751243591308593750000000000e-02
3.6128331234346777733890121453441679477691650390625000000000000000e-02
3.6224271450493852886332035723171429708600044250488281250000000000e-02
3.6320705507983226667523268815784831531345844268798828125000000000e-02
3.6417636797792057867795278980338480323553085327148437500000000000e-02
3.6515069491330418016694636662577977403998374938964843750000000000e-02
3.6613007469736461030329621735290857031941413879394531250000000000e-02
3.6711454505726097419238129759833100251853466033935546875000000000e-02
3.6810414930792567655970515261287800967693328857421875000000000000e-02
3.6909892465310581433080017177417175844311714172363281250000000000e-02
3.7009891409519241056713667603617068380117416381835937500000000000e-02
3.7110415864279960862504026408714707940816879272460937500000000000e-02
3.7211469872201433095604272693890379741787910461425781250000000000e-02
3.7313057886973775845174117193892016075551509857177734375000000000e-02
3.7415183940346409541266581300078541971743106842041015625000000000e-02
3.7517852497751150164795319597033085301518440246582031250000000000e-02
3.7621067889075258949826974230745690874755382537841796875000000000e-02
3.7724834428778573902629744907244457863271236419677734375000000000e-02
3.7829156730990326495955855534703005105257034301757812500000000000e-02
3.7934039129551504199167055730868014506995677947998046875000000000e-02
3.8039486285930623754580892637022770941257476806640625000000000000e-02
3.8145502772662334689535157394857378676533699035644531250000000000e-02
3.8252093180550769679904021813854342326521873474121093750000000000e-02
3.8359262318820405712749277427064953371882438659667968750000000000e-02
3.8467014821379111322308119724766584113240242004394531250000000000e-02
3.8575355573189432090153161425405414775013923645019531250000000000e-02
3.8684289405926101934607430621326784603297710418701171875000000000e-02
3.8793821194395242124564049390755826607346534729003906250000000000e-02
3.8903955974739293233177761521801585331559181213378906250000000000e-02
3.9014698684905077530338246560859261080622673034667968750000000000e-02
3.9126054459025901011148818042784114368259906768798828125000000000e-02
3.9238028406455717489453860480352886952459812164306640625000000000e-02
3.9350625697050341245120108624178101308643817901611328125000000000e-02
3.9463851623700002546613063714175950735807418823242187500000000000e-02
3.9577711437370849401062855577038135379552841186523437500000000000e-02
3.9692210546437990681400975745418691076338291168212890625000000000e-02
3.9807354358134774963140500858571613207459449768066406250000000000e-02
3.9923148351812438872077137830274295993149280548095703125000000000e-02
4.0039598105771477543068925797342672012746334075927734375000000000e-02
4.0156709197264009447714272482699016109108924865722656250000000000e-02
4.0274487334223688095313775647809961810708045959472656250000000000e-02
4.0392938243535174425158373878730344586074352264404296875000000000e-02
4.0512067731802887948777680549028445966541767120361328125000000000e-02
4.0631881690993798539324188823229633271694183349609375000000000000e-02
4.0752386041710011999050777831143932417035102844238281250000000000e-02
4.0873586817631514522819458079538890160620212554931640625000000000e-02
4.0995490088739053313737770167790586128830909729003906250000000000e-02
4.1118102009856209722027386987974750809371471405029296875000000000e-02
4.1241428815152074427441419857132132165133953094482421875000000000e-02
4.1365476789144754732330255819761077873408794403076171875000000000e-02
4.1490252318797972430619580563870840705931186676025390625000000000e-02
4.1615761842521074853618046063274960033595561981201171875000000000e-02
4.1742011887458532748418349456187570467591285705566406250000000000e-02
4.1869009059413500595248081026511499658226966857910156250000000000e-02
4.1996760030740827585038488223290187306702136993408203125000000000e-02
4.2125271570972608325966746178892208263278007507324218750000000000e-02
4.2254550514452489384797928551051882095634937286376953125000000000e-02
4.2384603787862802637409487260811147280037403106689453125000000000e-02
4.2515438399530126878378410992809222079813480377197265625000000000e-02
4.2647061436895762620569172440809779800474643707275390625000000000e-02
4.2779480083452010863442893651154008693993091583251953125000000000e-02
4.2912701599479047276375354158517438918352127075195312500000000000e-02
4.3046733341576937093009291857015341520309448242187500000000000000e-02
4.3181582753467631641264290465187514200806617736816406250000000000e-02
4.3317257368324486865862610329713788814842700958251953125000000000e-02
4.3453764817453888191778332839021459221839904785156250000000000000e-02
4.3591112819923470700356205043135560117661952972412109375000000000e-02
4.3729309195914813079841820808724150992929935455322265625000000000e-02
4.3868361859900256716215949381876271218061447143554687500000000000e-02
4.4008278824975370635552707199167343787848949432373046875000000000e-02
4.4149068206951289083939116153487702831625938415527343750000000000e-02
4.4290738219753371385234430590571719221770763397216796875000000000e-02
4.4433297184288268744101202400997863151133060455322265625000000000e-02
4.4576753524115046711795429246194544248282909393310546875000000000e-02
4.4721115770205002726278564750828081741929054260253906250000000000e-02
4.4866392562806611810088952552177943289279937744140625000000000000e-02
4.5012592650390099990875825142211397178471088409423828125000000000e-02
4.5159724895484587570138046430656686425209045410156250000000000000e-02
4.5307798272556189245197089121575118042528629302978515625000000000e-02
4.5456821872459120259524212315227487124502658843994140625000000000e-02
4.5606804903501531323062323508565896190702915191650390625000000000e-02
4.5757756692430859302156420653773238882422447204589843750000000000e-02
4.5909686688402631671301890037284465506672859191894531250000000000e-02
4.6062604462616771328065112811600556597113609313964843750000000000e-02
4.6216519712235601402561258055357029661536216735839843750000000000e-02
4.6371442261436746079539261700119823217391967773437500000000000000e-02
4.6527382063490919927861710903016501106321811676025390625000000000e-02
4.6684349203726875632280979289134847931563854217529296875000000000e-02
4.6842353900465365235117332076697493903338909149169921875000000000e-02
4.7001406508460706612506641022264375351369380950927734375000000000e-02
4.7161517520314701068517848625560873188078403472900390625000000000e-02
4.7322697569102761816495217317424248903989791870117187500000000000e-02
4.7484957430935920141834571950312238186597824096679687500000000000e-02
4.7648308026806196480151811556424945592880249023437500000000000000e-02
4.7812760425727969526565885871605132706463336944580078125000000000e-02
4.7978325846647663921462623193292529322206974029541015625000000000e-02
4.8145015661354088887247115735590341500937938690185546875000000000e-02
4.8312841397021535905231814922444755211472511291503906250000000000e-02
4.8481814738688337740324385549683938734233379364013671875000000000e-02
4.8651947532302189380892798453714931383728981018066406250000000000e-02
4.8823251787139650137437030252840486355125904083251953125000000000e-02
4.8995739678911930103932803604038781486451625823974609375000000000e-02
4.9169423552515814646035607893281849101185798645019531250000000000e-02
4.9344315924976379916788715718212188221514225006103515625000000000e-02
4.9520429488578626697758977570629213005304336547851562500000000000e-02
4.9697777113766758438906379069521790370345115661621093750000000000e-02
4.9876371852456968802869141654809936881065368652343750000000000000e-02
5.0056226941120947337982016733803902752697467803955078125000000000e-02
5.0237355804112995838472954801545711234211921691894531250000000000e-02
5.0419772057032942458310031952350982464849948883056640625000000000e-02
5.0603489510075594370874796368298120796680450439453125000000000000e-02
5.0788522171609430666538997911629849113523960113525390625000000000e-02
5.0974884251661405076827549009976792149245738983154296875000000000e-02
5.1162590165614300896645971761245164088904857635498046875000000000e-02
5.1351654537909754982827337244088994339108467102050781250000000000e-02
5.1542092205839322438531979742037947289645671844482421875000000000e-02
5.1733918223465624741663759778020903468132019042968750000000000000e-02
5.1927147865552740479966331577088567428290843963623046875000000000e-02
5.2121796631664080168278019300487358123064041137695312500000000000e-02
5.2317880250288037458084033914929023012518882751464843750000000000e-02
5.2515414683088602887384155337713309563696384429931640625000000000e-02
5.2714416129249035136705714421623270027339458465576171875000000000e-02
5.2914901029890326622506790954503230750560760498046875000000000000e-02
5.3116886072624283632315211889363126829266548156738281250000000000e-02
5.3320388196173185146875539430766366422176361083984375000000000000e-02
5.3525424595122467197327864596445579081773757934570312500000000000e-02
5.3732012724765895739231780225964030250906944274902343750000000000e-02
5.3940170306063357774650768305946257896721363067626953125000000000e-02
5.4149915330721332118457667093025520443916320800781250000000000000e-02
5.4361266066374702710106703307246789336204528808593750000000000000e-02
5.4574241061905073846283187322114827111363410949707031250000000000e-02
5.4788859152869053004142330109971226193010807037353515625000000000e-02
5.5005139467059933899850676652931724674999713897705078125000000000e-02
5.5223101430198581751618291946215322241187095642089843750000000000e-02
5.5442764771753839936341279326370568014681339263916015625000000000e-02
5.5664149530906807672447911272683995775878429412841796875000000000e-02
5.5887276062648177932246085219958331435918807983398437500000000000e-02
5.6112165044027453864039500786020653322339057922363281250000000000e-02
5.6338837480546806457670783174762618727982044219970703125000000000e-02
5.6567314712708399726537322749209124594926834106445312500000000000e-02
5.6797618422721053710322536289822892285883426666259765625000000000e-02
5.7029770641365745698081468617601785808801651000976562500000000000e-02
5.7263793755030184540188997743825893849134445190429687500000000000e-02
5.7499710512911882120956619246499030850827693939208984375000000000e-02
5.7737544034399096437581988539022859185934066772460937500000000000e-02
5.7977317816631346314437678302056156098842620849609375000000000000e-02
5.8219055742246540730011616915362537838518619537353515625000000000e-02
5.8462782087319843660200291424189344979822635650634765625000000000e-02
5.8708521529498229607479942160352948121726512908935546875000000000e-02
5.8956299156339785072500347951063304208219051361083984375000000000e-02
5.9206140473859872330741893620142946019768714904785156250000000000e-02
5.9458071415292801376040188188198953866958618164062500000000000000e-02
5.9712118350074429307117185317110852338373661041259765625000000000e-02
5.9968308093052848095627638258520164526998996734619140625000000000e-02
6.0226667913932316333891492377006215974688529968261718750000000000e-02
6.0487225546959538791114141531579662114381790161132812500000000000e-02
6.0750009200858420821411698398151202127337455749511718750000000000e-02
6.1015047569019938145107317950532888062298297882080078125000000000e-02
6.1282369839957481771897107591939857229590415954589843750000000000e-02
6.1552005708031834463334064366790698841214179992675781250000000000e-02
6.1823985384458393643747342593997018411755561828613281250000000000e-02
6.2098339608601414718602740094866021536290645599365234375000000000e-02
6.2375099659565926002446900611175806261599063873291015625000000000e-02
6.2654297368097966458577730008983053267002105712890625000000000000e-02
6.2935965128798440626489707483415259048342704772949218750000000000e-02
6.3220135912664746080658062510337913408875465393066406250000000000e-02
6.3506843279968555604497737476776819676160812377929687500000000000e-02
6.3796121393479482408750413924281019717454910278320312500000000000e-02
6.4088005032047354325719368262070929631590843200683593750000000000e-02
6.4382529604552901636438377863669302314519882202148437500000000000e-02
6.4679731164240028551404293466475792229175567626953125000000000000e-02
6.4979646423440312608121871562616433948278427124023437500000000000e-02
6.5282312768703498750966218722169287502765655517578125000000000000e-02
6.5587768276347088725053424695943249389529228210449218750000000000e-02
6.5896051728437432526419570422149263322353363037109375000000000000e-02
6.6207202629217934419791902200813638046383857727050781250000000000e-02
6.6521261221998098656094100533664459362626075744628906250000000000e-02
6.6838268506518583311759584830724634230136871337890625000000000000e-02
6.7158266256808527017163612526928773149847984313964843750000000000e-02
6.7481297039550636185367693542502820491790771484375000000000000000e-02
6.7807404232972046109750863251974806189537048339843750000000000000e-02
6.8136632046277775809350885083404136821627616882324218750000000000e-02
6.8469025539644970401731427500635618343949317932128906250000000000e-02
6.8804630644798206451362432289897697046399116516113281250000000000e-02
6.9143494186183415695090559438540367409586906433105468750000000000e-02
6.9485663902762964672099599283683346584439277648925781250000000000e-02
6.9831188470452401628740801697858842089772224426269531250000000000e-02
7.0180117525220353513759619090706110000610351562500000000000000000e-02
7.0532501686876303281792388588655740022659301757812500000000000000e-02
7.0888392583567799709598489243944641202688217163085937500000000000e-02
7.1247842877014577744887446897337213158607482910156250000000000000e-02
7.1610906288503681227375352591479895636439323425292968750000000000e-02
7.1977637625672885590688565571326762437820434570312500000000000000e-02
7.2348092810111300221542762756143929436802864074707031250000000000e-02
7.2722328905805225240932543329108739271759986877441406250000000000e-02
7.3100404148460473852111363157746382057666778564453125000000000000e-02
7.3482377975732399155717189387360122054815292358398437500000000000e-02
7.3868311058396557422511818913335446268320083618164062500000000000e-02
7.4258265332494785559980243760946905240416526794433593750000000000e-02
7.4652304032491720309216987061518011614680290222167968750000000000e-02
7.5050491725479936966358707195468014106154441833496093750000000000e-02
7.5452894346471857667246752043865853920578956604003906250000000000e-02
7.5859579234819063398020944077870808541774749755859375000000000000e-02
7.6270615171801781073668280441779643297195434570312500000000000000e-02
7.6686072419431830504699121320300037041306495666503906250000000000e-02
7.7106022760515660618985123164748074486851692199707031250000000000e-02
7.7530539540025200651029990694951266050338745117187500000000000000e-02
7.7959697707826278167964062504324829205870628356933593750000000000e-02
7.8393573862817922393020353410975076258182525634765625000000000000e-02
7.8832246298535621487069136037462158128619194030761718750000000000e-02
7.9275795050276751108064843265310628339648246765136718750000000000e-02
7.9724301943807848735978893728315597400069236755371093750000000000e-02
8.0177850645714754396209400510997511446475982666015625000000000000e-02
8.0636526715461787073735422382014803588390350341796875000000000000e-02
8.1100417659227846955971585884981323033571243286132812500000000000e-02
8.1569612985590359000021010160708101466298103332519531250000000000e-02
8.2044204263131373378037380916794063523411750793457031250000000000e-02
8.2524285180043913112690745492727728560566902160644531250000000000e-02
8.3009951605820267439561632727418327704071998596191406250000000000e-02
8.3501301655107190713422937733412254601716995239257812500000000000e-02
8.3998435753817227156226010720274643972516059875488281250000000000e-02
8.4501456707590225092552316255023470148444175720214843750000000000e-02
8.5010469772702976221090409580938285216689109802246093750000000000e-02
8.5525582729528898395798819365154486149549484252929687500000000000e-02
8.6046905958656758062197411618399200960993766784667968750000000000e-02
8.6574552519780523240910952154081314802169799804687500000000000000e-02
8.7108638233478627443950870201661018654704093933105468750000000000e-02
8.7649281766007669514095823615207336843013763427734375000000000000e-02
8.8196604717239834858588665156275965273380279541015625000000000000e-02
8.8750731711882593910623029387352289631962776184082031250000000000e-02
8.9311790494122397787712941408244660124182701110839843750000000000e-02
8.9879912025844679868136211098317289724946022033691406250000000000e-02
9.0455230588588564355490007073967717587947845458984375000000000000e-02
9.1037883889402912429567038543609669432044029235839843750000000000e-02
9.1628013170778760398960116617672611027956008911132812500000000000e-02
9.2225763324842613410936564832809381186962127685546875000000000000e-02
9.2831283012005161303648037574021145701408386230468750000000000000e-02
9.3444724784268046180457645277783740311861038208007812500000000000e-02
9.4066245213405508263093679488520137965679168701171875000000000000e-02
9.4696005024244925274423678729363018646836280822753906250000000000e-02
9.5334169233286539246741142505925381556153297424316406250000000000e-02
9.5980907292912476247437325582723133265972137451171875000000000000e-02
9.6636393241449333735282323232240742072463035583496093750000000000e-02
9.7300805859365138705818765174626605585217475891113281250000000000e-02
9.7974328831893400804098348544357577338814735412597656250000000000e-02
9.8657150918395788985471028809115523472428321838378906250000000000e-02
9.9349466128791627528293872728681890293955802917480468750000000000e-02
1.0005147390740035118206208153424086049199104309082031250000000000e-01
1.0076337932456236323730536241782829165458679199218750000000000000e-01
1.0148539327642620844205367802715045399963855743408203125000000000e-01
1.0221773269331009548199773462329176254570484161376953125000000000e-01
1.0296062075706968741428681823890656232833862304687500000000000000e-01
1.0371428712793158422034167642777902074158191680908203125000000000e-01
1.0447896818127437590373318698766524903476238250732421875000000000e-01
1.0525490725487196552734303622855804860591888427734375000000000000e-01
1.0604235490714167267078948952985228970646858215332031250000000000e-01
1.0684156918697255977956928063576924614608287811279296875000000000e-01
1.0765281591574514530318396055008633993566036224365234375000000000e-01
1.0847636898218952772321443944747443310916423797607421875000000000e-01
1.0931251065076880157889149813854601234197616577148437500000000000e-01
1.1016153188431725140628003600795636884868144989013671875000000000e-01
1.1102373268170950826316811799188144505023956298828125000000000000e-01
1.1189942243138048527661965181323466822504997253417968750000000000e-01
1.1278892028157527782639135693898424506187438964843750000000000000e-01
1.1369255552825698052377134672497049905359745025634765625000000000e-01
1.1461066802166355871328562443522969260811805725097656250000000000e-01
1.1554360859256983251608374985153204761445522308349609375000000000e-01
1.1649173949937481620242607505133491940796375274658203125000000000e-01
1.1745543489721406438253126225390587933361530303955078125000000000e-01
1.1843508133037219942629292290803277865052223205566406250000000000e-01
1.1943107824935614291739227610378293320536613464355468750000000000e-01
1.2044383855408391514885124706779606640338897705078125000000000000e-01
1.2147378916473992871427611817125580273568630218505859375000000000e-01
1.2252137162195404773701312706180033273994922637939453125000000000e-01
1.2358704271807863239729385895770974457263946533203125000000000000e-01
1.2467127516145909416067638630920555442571640014648437500000000000e-01
1.2577455827572645019607477934187045320868492126464843750000000000e-01
1.2689739873628724797782751920749433338642120361328125000000000000e-01
1.2804032134633730466433121364389080554246902465820312500000000000e-01
1.2920386985489884512645630820770747959613800048828125000000000000e-01
1.3038860781955871614989916906779399141669273376464843750000000000e-01
1.3159511951678276586719107399403583258390426635742187500000000000e-01
1.3282401090289785994258409118629060685634613037109375000000000000e-01
1.3407591062906154544265291406190954148769378662109375000000000000e-01
1.3535147111378958983962661477562505751848220825195312500000000000e-01
1.3665136967688909508389372149395057931542396545410156250000000000e-01
1.3797630973893579287015143108874326571822166442871093750000000000e-01
1.3932702209075892296752385846048127859830856323242187500000000000e-01
1.4070426623774873187144862640707287937402725219726562500000000000e-01
1.4210883182418160286530905977997463196516036987304687500000000000e-01
1.4354154014317460630323353143467102199792861938476562500000000000e-01
1.4500324573833889285623399700853042304515838623046875000000000000e-01
1.4649483810369121061789599025360075756907463073730468750000000000e-01
1.4801724348893291471895850008877459913492202758789062500000000000e-01
1.4957142681779359016935870840825373306870460510253906250000000000e-01
1.5115839372778666627183952186896931380033493041992187500000000000e-01
1.5277919274044046704652544121927348896861076354980468750000000000e-01
1.5443491757184504842292938064929330721497535705566406250000000000e-01
1.5612670959421240390874174863711232319474220275878906250000000000e-01
1.5785576046009575090778298545046709477901458740234375000000000000e-01
1.5962331490194478500477259785839123651385307312011718750000000000e-01
1.6143067372081737476108287410170305520296096801757812500000000000e-01
1.6327919697933218623475681852141860872507095336914062500000000000e-01
1.6517030741532856552566954633221030235290527343750000000000000000e-01
1.6710549409424332867324380913487402722239494323730468750000000000e-01
1.6908631631990944654830855142790824174880981445312500000000000000e-01
1.7111440782535977667144777569774305447936058044433593750000000000e-01
1.7319148126731204184736157003499101847410202026367187500000000000e-01
1.7531933305032040837367901531251845881342887878417968750000000000e-01
1.7749984850915129230841671414964366704225540161132812500000000000e-01
1.7973500748081047695414724785223370417952537536621093750000000000e-01
1.8202689030083332721865474468359025195240974426269531250000000000e-01
1.8437768426200787375002221324393758550286293029785156250000000000e-01
1.8678969057768415873432843454793328419327735900878906250000000000e-01
1.8926533189626412734263283255131682381033897399902343750000000000e-01
1.9180716041845136121679615825996734201908111572265625000000000000e-01
1.9441786667443772262942047746037133038043975830078125000000000000e-01
1.9710028902447512821893838008691091090440750122070312500000000000e-01
1.9985742395336250631920904652361059561371803283691406250000000000e-01
2.0269243723733970652389757560740690678358078002929687500000000000e-01
2.0560867607087571218293930996878771111369132995605468750000000000e-01
2.0860968225101866879711565161414910107851028442382812500000000000e-01
2.1169920652849227860059500017086975276470184326171875000000000000e-01
2.1488122424779868002708838048420147970318794250488281250000000000e-01
2.1815995241345989552605999506340594962239265441894531250000000000e-01
2.2153986833645261667058434795762877911329269409179687500000000000e-01
2.2502573003420656139184075072989799082279205322265625000000000000e-01
2.2862259857963149189963303342665312811732292175292968750000000000e-01
2.3233586261993138810666437166219111531972885131835937500000000000e-01
2.3617126531501175801253111785626970231533050537109375000000000000e-01
2.4013493397871482626371175683743786066770553588867187500000000000e-01
2.4423341274463392092108904307679040357470512390136718750000000000e-01
2.4847369862281157293359967752621741965413093566894531250000000000e-01
2.5286328136520402898312909201194997876882553100585937500000000000e-01
2.5741018761770484424289406888419762253761291503906250000000000000e-01
2.6212302990628016940988231908704619854688644409179687500000000000e-01
2.6701106108618372081409120255557354539632797241210937500000000000e-01
2.7208423497850903194361649184429552406072616577148437500000000000e-01
2.7735327403019877090528666485624853521585464477539062500000000000e-01
2.8282974496529922348031504952814429998397827148437500000000000000e-01
2.8852614355071531937468876094499137252569198608398437500000000000e-01
2.9445598978386272603913198508962523192167282104492187500000000000e-01
3.0063393502839169668661156720190774649381637573242187500000000000e-01
3.0707588288509374274681817951204720884561538696289062500000000000e-01
3.1379912589723690796716937256860546767711639404296875000000000000e-01
3.2082250056438088581245438035693950951099395751953125000000000000e-01
3.2816656359065471404434788382786791771650314331054687500000000000e-01
3.3585379284042393699394324357854202389717102050781250000000000000e-01
3.4390881713887533344120583933545276522636413574218750000000000000e-01
3.5235867986624347381052757555153220891952514648437500000000000000e-01
3.6123314228924086055627640234888531267642974853515625000000000000e-01
3.7056503379880162407644661470840219408273696899414062500000000000e-01
3.8039065774022434718304452871961984783411026000976562500000000000e-01
3.9075026340999685636745653027901425957679748535156250000000000000e-01
4.0168859715698529422311935377365443855524063110351562500000000000e-01
4.1325554849973628046555518267268780618906021118164062500000000000e-01
4.2550691093686887622737913261516951024532318115234375000000000000e-01
4.3850528192711785147039904586563352495431900024414062500000000000e-01
4.5232113267431162118015208761789835989475250244140625000000000000e-01
4.6703408630842363491453284041199367493391036987304687500000000000e-01
4.8273445341219656246067870597471483051776885986328125000000000000e-01
4.9952508744213758307139983116940129548311233520507812500000000000e-01
5.1752364059329580836532613830058835446834564208984375000000000000e-01
5.3686532469701386816041122074238955974578857421875000000000000000e-01
5.5770631416987603845569765326217748224735260009765625000000000000e-01
5.8022797223821886980488216067897155880928039550781250000000000000e-01
6.0464214257457116197258528700331225991249084472656250000000000000e-01
6.3119783342945445792082637126441113650798797607421875000000000000e-01
6.6018974137758901221673113468568772077560424804687500000000000000e-01
6.9196923377228536367056221934035420417785644531250000000000000000e-01
7.2695865912033719169471623899880796670913696289062500000000000000e-01
7.6567022443943533183130512043135240674018859863281250000000000000e-01
8.0873123555135029150164882594253867864608764648437500000000000000e-01
8.5691835146689343538639604958007112145423889160156250000000000000e-01
9.1120484626119091497997715123347006738185882568359375000000000000e-01
9.7282703035650663903055601622327230870723724365234375000000000000e-01
1.0433795493999862280531942815287038683891296386718750000000000000e+00
1.1249553524319444441914583876496180891990661621093750000000000000e+00
1.2203568265971382889034657637239433825016021728515625000000000000e+00
1.3334242223694479090312370317406021058559417724609375000000000000e+00
1.4695651432833838345715093964827246963977813720703125000000000000e+00
1.6366450266418974823778853533440269529819488525390625000000000000e+00
1.8465625563646150819607782977982424199581146240234375000000000000e+00
2.1182150233622567547797643783269450068473815917968750000000000000e+00
2.4835309823876805523923394503071904182434082031250000000000000000e+00
3.0010427851123937514898898371029645204544067382812500000000000000e+00
3.7908860382689018031499017524765804409980773925781250000000000000e+00
5.1447818019040560955090768402442336082458496093750000000000000000e+00
8.0025037087402957070025877328589558601379394531250000000000000000e+00
1.7999164992541043517348953173495829105377197265625000000000000000e+01
