1.0000000000000000208166817117216851329430937767028808593750000000e-03
2.2490613266583229026829293673017673427239060401916503906250000000e-03
3.4981226533166457845491770228818495525047183036804199218750000000e-03
4.7471839799749686664154246784619317622855305671691894531250000000e-03
5.9962453066332915482816723340420139720663428306579589843750000000e-03
7.2453066332916144301479199896220961818471550941467285156250000000e-03
8.4943679599499381793759056336057255975902080535888671875000000000e-03
9.7434292866082593265186773123787133954465389251708984375000000000e-03
1.0992490613266583943108400944765890017151832580566406250000000000e-02
1.2241551939924905090251172623538877815008163452148437500000000000e-02
1.3490613266583229706840896255926054436713457107543945312500000000e-02
1.4739674593241550853983667934699042234569787979125976562500000000e-02
1.5988735919899875470573391567086218856275081634521484375000000000e-02
1.7237797246558196617716163245859206654131412506103515625000000000e-02
1.8486858573216521234305886878246383275836706161499023437500000000e-02
1.9735919899874845850895610510633559897541999816894531250000000000e-02
2.0984981226533166998038382189406547695398330688476562500000000000e-02
2.2234042553191488145181153868179535493254661560058593750000000000e-02
2.3483103879849812761770877500566712114959955215454101562500000000e-02
2.4732165206508137378360601132953888736665248870849609375000000000e-02
2.5981226533166458525503372811726876534521579742431640625000000000e-02
2.7230287859824779672646144490499864332377910614013671875000000000e-02
2.8479349186483104289235868122887040954083204269409179687500000000e-02
2.9728410513141428905825591755274217575788497924804687500000000000e-02
3.0977471839799750052968363434047205373644828796386718750000000000e-02
3.2226533166458071200111135112820193171501159667968750000000000000e-02
3.3475594493116392347253906791593180969357490539550781250000000000e-02
3.4724655819774720433290582377594546414911746978759765625000000000e-02
3.5973717146433041580433354056367534212768077850341796875000000000e-02
3.7222778473091362727576125735140522010624408721923828125000000000e-02
3.8471839799749690813612801321141887456178665161132812500000000000e-02
3.9720901126408011960755572999914875254034996032714843750000000000e-02
4.0969962453066333107898344678687863051891326904296875000000000000e-02
4.2219023779724654255041116357460850849747657775878906250000000000e-02
4.3468085106382975402183888036233838647603988647460937500000000000e-02
4.4717146433041303488220563622235204093158245086669921875000000000e-02
4.5966207759699624635363335301008191891014575958251953125000000000e-02
4.7215269086357945782506106979781179688870906829833984375000000000e-02
4.8464330413016273868542782565782545134425163269042968750000000000e-02
4.9713391739674595015685554244555532932281494140625000000000000000e-02
5.0962453066332916162828325923328520730137825012207031250000000000e-02
5.2211514392991237309971097602101508527994155883789062500000000000e-02
5.3460575719649558457113869280874496325850486755371093750000000000e-02
5.4709637046307886543150544866875861771404743194580078125000000000e-02
5.5958698372966207690293316545648849569261074066162109375000000000e-02
5.7207759699624528837436088224421837367117404937744140625000000000e-02
5.8456821026282856923472763810423202812671661376953125000000000000e-02
5.9705882352941178070615535489196190610527992248535156250000000000e-02
6.0954943679599499217758307167969178408384323120117187500000000000e-02
6.2204005006257820364901078846742166206240653991699218750000000000e-02
6.3453066332916141512043850525515154004096984863281250000000000000e-02
6.4702127659574462659186622204288141801953315734863281250000000000e-02
6.5951188986232783806329393883061129599809646606445312500000000000e-02
6.7200250312891118831259973376290872693061828613281250000000000000e-02
6.8449311639549439978402745055063860490918159484863281250000000000e-02
6.9698372966207761125545516733836848288774490356445312500000000000e-02
7.0947434292866082272688288412609836086630821228027343750000000000e-02
7.2196495619524403419831060091382823884487152099609375000000000000e-02
7.3445556946182724566973831770155811682343482971191406250000000000e-02
7.4694618272841045714116603448928799480199813842773437500000000000e-02
7.5943679599499380739047182942158542573451995849609375000000000000e-02
7.7192740926157701886189954620931530371308326721191406250000000000e-02
7.8441802252816023033332726299704518169164657592773437500000000000e-02
7.9690863579474344180475497978477505967020988464355468750000000000e-02
8.0939924906132665327618269657250493764877319335937500000000000000e-02
8.2188986232790986474761041336023481562733650207519531250000000000e-02
8.3438047559449307621903813014796469360589981079101562500000000000e-02
8.4687108886107628769046584693569457158446311950683593750000000000e-02
8.5936170212765949916189356372342444956302642822265625000000000000e-02
8.7185231539424284941119935865572188049554824829101562500000000000e-02
8.8434292866082606088262707544345175847411155700683593750000000000e-02
8.9683354192740927235405479223118163645267486572265625000000000000e-02
9.0932415519399248382548250901891151443123817443847656250000000000e-02
9.2181476846057569529691022580664139240980148315429687500000000000e-02
9.3430538172715890676833794259437127038836479187011718750000000000e-02
9.4679599499374211823976565938210114836692810058593750000000000000e-02
9.5928660826032546848907145431439857929944992065429687500000000000e-02
9.7177722152690867996049917110212845727801322937011718750000000000e-02
9.8426783479349189143192688788985833525657653808593750000000000000e-02
9.9675844806007510290335460467758821323513984680175781250000000000e-02
1.0092490613266583143747823214653180912137031555175781250000000000e-01
1.0217396745932415258462100382530479691922664642333984375000000000e-01
1.0342302878598247373176377550407778471708297729492187500000000000e-01
1.0467209011264079487890654718285077251493930816650390625000000000e-01
1.0592115143929911602604931886162376031279563903808593750000000000e-01
1.0717021276595745105097989835485350340604782104492187500000000000e-01
1.0841927409261577219812267003362649120390415191650390625000000000e-01
1.0966833541927409334526544171239947900176048278808593750000000000e-01
1.1091739674593241449240821339117246679961681365966796875000000000e-01
1.1216645807259073563955098506994545459747314453125000000000000000e-01
1.1341551939924905678669375674871844239532947540283203125000000000e-01
1.1466458072590737793383652842749143019318580627441406250000000000e-01
1.1591364205256571295876710792072117328643798828125000000000000000e-01
1.1716270337922403410590987959949416108429431915283203125000000000e-01
1.1841176470588235525305265127826714888215065002441406250000000000e-01
1.1966082603254067640019542295704013668000698089599609375000000000e-01
1.2090988735919899754733819463581312447786331176757812500000000000e-01
1.2215894868585731869448096631458611227571964263916015625000000000e-01
1.2340801001251563984162373799335910007357597351074218750000000000e-01
1.2465707133917396098876650967213208787143230438232421875000000000e-01
1.2590613266583228213590928135090507566928863525390625000000000000e-01
1.2715519399249061716083986084413481876254081726074218750000000000e-01
1.2840425531914892443019482470845105126500129699707031250000000000e-01
1.2965331664580725945512540420168079435825347900390625000000000000e-01
1.3090237797246556672448036806599702686071395874023437500000000000e-01
1.3215143929912390174941094755922676995396614074707031250000000000e-01
1.3340050062578223677434152705245651304721832275390625000000000000e-01
1.3464956195244054404369649091677274554967880249023437500000000000e-01
1.3589862327909887906862707041000248864293098449707031250000000000e-01
1.3714768460575718633798203427431872114539146423339843750000000000e-01
1.3839674593241552136291261376754846423864364624023437500000000000e-01
1.3964580725907382863226757763186469674110412597656250000000000000e-01
1.4089486858573216365719815712509443983435630798339843750000000000e-01
1.4214392991239049868212873661832418292760848999023437500000000000e-01
1.4339299123904880595148370048264041543006896972656250000000000000e-01
1.4464205256570714097641427997587015852332115173339843750000000000e-01
1.4589111389236544824576924384018639102578163146972656250000000000e-01
1.4714017521902378327069982333341613411903381347656250000000000000e-01
1.4838923654568209054005478719773236662149429321289062500000000000e-01
1.4963829787234042556498536669096210971474647521972656250000000000e-01
1.5088735919899876058991594618419185280799865722656250000000000000e-01
1.5213642052565706785927091004850808531045913696289062500000000000e-01
1.5338548185231540288420148954173782840371131896972656250000000000e-01
1.5463454317897371015355645340605406090617179870605468750000000000e-01
1.5588360450563204517848703289928380399942398071289062500000000000e-01
1.5713266583229035244784199676360003650188446044921875000000000000e-01
1.5838172715894868747277257625682977959513664245605468750000000000e-01
1.5963078848560699474212754012114601209759712219238281250000000000e-01
1.6087984981226532976705811961437575519084930419921875000000000000e-01
1.6212891113892366479198869910760549828410148620605468750000000000e-01
1.6337797246558197206134366297192173078656196594238281250000000000e-01
1.6462703379224030708627424246515147387981414794921875000000000000e-01
1.6587609511889861435562920632946770638227462768554687500000000000e-01
1.6712515644555694938055978582269744947552680969238281250000000000e-01
1.6837421777221525664991474968701368197798728942871093750000000000e-01
1.6962327909887359167484532918024342507123947143554687500000000000e-01
1.7087234042553189894420029304455965757369995117187500000000000000e-01
1.7212140175219023396913087253778940066695213317871093750000000000e-01
1.7337046307884856899406145203101914376020431518554687500000000000e-01
1.7461952440550687626341641589533537626266479492187500000000000000e-01
1.7586858573216521128834699538856511935591697692871093750000000000e-01
1.7711764705882351855770195925288135185837745666503906250000000000e-01
1.7836670838548185358263253874611109495162963867187500000000000000e-01
1.7961576971214016085198750261042732745409011840820312500000000000e-01
1.8086483103879849587691808210365707054734230041503906250000000000e-01
1.8211389236545683090184866159688681364059448242187500000000000000e-01
1.8336295369211513817120362546120304614305496215820312500000000000e-01
1.8461201501877347319613420495443278923630714416503906250000000000e-01
1.8586107634543178046548916881874902173876762390136718750000000000e-01
1.8711013767209011549041974831197876483201980590820312500000000000e-01
1.8835919899874842275977471217629499733448028564453125000000000000e-01
1.8960826032540675778470529166952474042773246765136718750000000000e-01
1.9085732165206509280963587116275448352098464965820312500000000000e-01
1.9210638297872340007899083502707071602344512939453125000000000000e-01
1.9335544430538173510392141452030045911669731140136718750000000000e-01
1.9460450563204004237327637838461669161915779113769531250000000000e-01
1.9585356695869837739820695787784643471240997314453125000000000000e-01
1.9710262828535668466756192174216266721487045288085937500000000000e-01
1.9835168961201501969249250123539241030812263488769531250000000000e-01
1.9960075093867332696184746509970864281058311462402343750000000000e-01
2.0084981226533166198677804459293838590383529663085937500000000000e-01
2.0209887359198999701170862408616812899708747863769531250000000000e-01
2.0334793491864830428106358795048436149954795837402343750000000000e-01
2.0459699624530663930599416744371410459280014038085937500000000000e-01
2.0584605757196494657534913130803033709526062011718750000000000000e-01
2.0709511889862328160027971080126008018851280212402343750000000000e-01
2.0834418022528158886963467466557631269097328186035156250000000000e-01
2.0959324155193992389456525415880605578422546386718750000000000000e-01
2.1084230287859823116392021802312228828668594360351562500000000000e-01
2.1209136420525656618885079751635203137993812561035156250000000000e-01
2.1334042553191490121378137700958177447319030761718750000000000000e-01
2.1458948685857320848313634087389800697565078735351562500000000000e-01
2.1583854818523154350806692036712775006890296936035156250000000000e-01
2.1708760951188985077742188423144398257136344909667968750000000000e-01
2.1833667083854818580235246372467372566461563110351562500000000000e-01
2.1958573216520649307170742758898995816707611083984375000000000000e-01
2.2083479349186482809663800708221970126032829284667968750000000000e-01
2.2208385481852316312156858657544944435358047485351562500000000000e-01
2.2333291614518147039092355043976567685604095458984375000000000000e-01
2.2458197747183980541585412993299541994929313659667968750000000000e-01
2.2583103879849811268520909379731165245175361633300781250000000000e-01
2.2708010012515644771013967329054139554500579833984375000000000000e-01
2.2832916145181475497949463715485762804746627807617187500000000000e-01
2.2957822277847309000442521664808737114071846008300781250000000000e-01
2.3082728410513142502935579614131711423397064208984375000000000000e-01
2.3207634543178973229871076000563334673643112182617187500000000000e-01
2.3332540675844806732364133949886308982968330383300781250000000000e-01
2.3457446808510637459299630336317932233214378356933593750000000000e-01
2.3582352941176470961792688285640906542539596557617187500000000000e-01
2.3707259073842301688728184672072529792785644531250000000000000000e-01
2.3832165206508135191221242621395504102110862731933593750000000000e-01
2.3957071339173965918156739007827127352356910705566406250000000000e-01
2.4081977471839799420649796957150101661682128906250000000000000000e-01
2.4206883604505632923142854906473075971007347106933593750000000000e-01
2.4331789737171463650078351292904699221253395080566406250000000000e-01
2.4456695869837297152571409242227673530578613281250000000000000000e-01
2.4581602002503127879506905628659296780824661254882812500000000000e-01
2.4706508135168961381999963577982271090149879455566406250000000000e-01
2.4831414267834792108935459964413894340395927429199218750000000000e-01
2.4956320400500625611428517913736868649721145629882812500000000000e-01
2.5081226533166456338364014300168491899967193603515625000000000000e-01
2.5206132665832292616414633812382817268371582031250000000000000000e-01
2.5331038798498123343350130198814440518617630004882812500000000000e-01
2.5455944931163954070285626585246063768863677978515625000000000000e-01
2.5580851063829784797221122971677687019109725952148437500000000000e-01
2.5705757196495621075271742483892012387514114379882812500000000000e-01
2.5830663329161451802207238870323635637760162353515625000000000000e-01
2.5955569461827282529142735256755258888006210327148437500000000000e-01
2.6080475594493113256078231643186882138252258300781250000000000000e-01
2.6205381727158949534128851155401207506656646728515625000000000000e-01
2.6330287859824780261064347541832830756902694702148437500000000000e-01
2.6455193992490610987999843928264454007148742675781250000000000000e-01
2.6580100125156447266050463440478779375553131103515625000000000000e-01
2.6705006257822277992985959826910402625799179077148437500000000000e-01
2.6829912390488108719921456213342025876045227050781250000000000000e-01
2.6954818523153939446856952599773649126291275024414062500000000000e-01
2.7079724655819775724907572111987974494695663452148437500000000000e-01
2.7204630788485606451843068498419597744941711425781250000000000000e-01
2.7329536921151437178778564884851220995187759399414062500000000000e-01
2.7454443053817273456829184397065546363592147827148437500000000000e-01
2.7579349186483104183764680783497169613838195800781250000000000000e-01
2.7704255319148934910700177169928792864084243774414062500000000000e-01
2.7829161451814765637635673556360416114330291748046875000000000000e-01
2.7954067584480601915686293068574741482734680175781250000000000000e-01
2.8078973717146432642621789455006364732980728149414062500000000000e-01
2.8203879849812263369557285841437987983226776123046875000000000000e-01
2.8328785982478099647607905353652313351631164550781250000000000000e-01
2.8453692115143930374543401740083936601877212524414062500000000000e-01
2.8578598247809761101478898126515559852123260498046875000000000000e-01
2.8703504380475591828414394512947183102369308471679687500000000000e-01
2.8828410513141428106465014025161508470773696899414062500000000000e-01
2.8953316645807258833400510411593131721019744873046875000000000000e-01
2.9078222778473089560336006798024754971265792846679687500000000000e-01
2.9203128911138925838386626310239080339670181274414062500000000000e-01
2.9328035043804756565322122696670703589916229248046875000000000000e-01
2.9452941176470587292257619083102326840162277221679687500000000000e-01
2.9577847309136418019193115469533950090408325195312500000000000000e-01
2.9702753441802254297243734981748275458812713623046875000000000000e-01
2.9827659574468085024179231368179898709058761596679687500000000000e-01
2.9952565707133915751114727754611521959304809570312500000000000000e-01
3.0077471839799752029165347266825847327709197998046875000000000000e-01
3.0202377972465582756100843653257470577955245971679687500000000000e-01
3.0327284105131413483036340039689093828201293945312500000000000000e-01
3.0452190237797244209971836426120717078447341918945312500000000000e-01
3.0577096370463080488022455938335042446851730346679687500000000000e-01
3.0702002503128911214957952324766665697097778320312500000000000000e-01
3.0826908635794741941893448711198288947343826293945312500000000000e-01
3.0951814768460572668828945097629912197589874267578125000000000000e-01
3.1076720901126408946879564609844237565994262695312500000000000000e-01
3.1201627033792239673815060996275860816240310668945312500000000000e-01
3.1326533166458070400750557382707484066486358642578125000000000000e-01
3.1451439299123906678801176894921809434890747070312500000000000000e-01
3.1576345431789737405736673281353432685136795043945312500000000000e-01
3.1701251564455568132672169667785055935382843017578125000000000000e-01
3.1826157697121398859607666054216679185628890991210937500000000000e-01
3.1951063829787235137658285566431004554033279418945312500000000000e-01
3.2075969962453065864593781952862627804279327392578125000000000000e-01
3.2200876095118896591529278339294251054525375366210937500000000000e-01
3.2325782227784732869579897851508576422929763793945312500000000000e-01
3.2450688360450563596515394237940199673175811767578125000000000000e-01
3.2575594493116394323450890624371822923421859741210937500000000000e-01
3.2700500625782225050386387010803446173667907714843750000000000000e-01
3.2825406758448061328437006523017771542072296142578125000000000000e-01
3.2950312891113892055372502909449394792318344116210937500000000000e-01
3.3075219023779722782307999295881018042564392089843750000000000000e-01
3.3200125156445559060358618808095343410968780517578125000000000000e-01
3.3325031289111389787294115194526966661214828491210937500000000000e-01
3.3449937421777220514229611580958589911460876464843750000000000000e-01
3.3574843554443051241165107967390213161706924438476562500000000000e-01
3.3699749687108887519215727479604538530111312866210937500000000000e-01
3.3824655819774718246151223866036161780357360839843750000000000000e-01
3.3949561952440548973086720252467785030603408813476562500000000000e-01
3.4074468085106379700022216638899408280849456787109375000000000000e-01
3.4199374217772215978072836151113733649253845214843750000000000000e-01
3.4324280350438046705008332537545356899499893188476562500000000000e-01
3.4449186483103877431943828923976980149745941162109375000000000000e-01
3.4574092615769713709994448436191305518150329589843750000000000000e-01
3.4698998748435544436929944822622928768396377563476562500000000000e-01
3.4823904881101375163865441209054552018642425537109375000000000000e-01
3.4948811013767205890800937595486175268888473510742187500000000000e-01
3.5073717146433042168851557107700500637292861938476562500000000000e-01
3.5198623279098872895787053494132123887538909912109375000000000000e-01
3.5323529411764703622722549880563747137784957885742187500000000000e-01
3.5448435544430539900773169392778072506189346313476562500000000000e-01
3.5573341677096370627708665779209695756435394287109375000000000000e-01
3.5698247809762201354644162165641319006681442260742187500000000000e-01
3.5823153942428032081579658552072942256927490234375000000000000000e-01
3.5948060075093868359630278064287267625331878662109375000000000000e-01
3.6072966207759699086565774450718890875577926635742187500000000000e-01
3.6197872340425529813501270837150514125823974609375000000000000000e-01
3.6322778473091366091551890349364839494228363037109375000000000000e-01
3.6447684605757196818487386735796462744474411010742187500000000000e-01
3.6572590738423027545422883122228085994720458984375000000000000000e-01
3.6697496871088858272358379508659709244966506958007812500000000000e-01
3.6822403003754694550408999020874034613370895385742187500000000000e-01
3.6947309136420525277344495407305657863616943359375000000000000000e-01
3.7072215269086356004279991793737281113862991333007812500000000000e-01
3.7197121401752192282330611305951606482267379760742187500000000000e-01
3.7322027534418023009266107692383229732513427734375000000000000000e-01
3.7446933667083853736201604078814852982759475708007812500000000000e-01
3.7571839799749684463137100465246476233005523681640625000000000000e-01
3.7696745932415520741187719977460801601409912109375000000000000000e-01
3.7821652065081351468123216363892424851655960083007812500000000000e-01
3.7946558197747182195058712750324048101902008056640625000000000000e-01
3.8071464330413018473109332262538373470306396484375000000000000000e-01
3.8196370463078849200044828648969996720552444458007812500000000000e-01
3.8321276595744679926980325035401619970798492431640625000000000000e-01
3.8446182728410510653915821421833243221044540405273437500000000000e-01
3.8571088861076346931966440934047568589448928833007812500000000000e-01
3.8695994993742177658901937320479191839694976806640625000000000000e-01
3.8820901126408008385837433706910815089941024780273437500000000000e-01
3.8945807259073839112772930093342438340187072753906250000000000000e-01
3.9070713391739675390823549605556763708591461181640625000000000000e-01
3.9195619524405506117759045991988386958837509155273437500000000000e-01
3.9320525657071336844694542378420010209083557128906250000000000000e-01
3.9445431789737173122745161890634335577487945556640625000000000000e-01
3.9570337922403003849680658277065958827733993530273437500000000000e-01
3.9695244055068834576616154663497582077980041503906250000000000000e-01
3.9820150187734665303551651049929205328226089477539062500000000000e-01
3.9945056320400501581602270562143530696630477905273437500000000000e-01
4.0069962453066332308537766948575153946876525878906250000000000000e-01
4.0194868585732163035473263335006777197122573852539062500000000000e-01
4.0319774718397999313523882847221102565526962280273437500000000000e-01
4.0444680851063830040459379233652725815773010253906250000000000000e-01
4.0569586983729660767394875620084349066019058227539062500000000000e-01
4.0694493116395491494330372006515972316265106201171875000000000000e-01
4.0819399249061327772380991518730297684669494628906250000000000000e-01
4.0944305381727158499316487905161920934915542602539062500000000000e-01
4.1069211514392989226251984291593544185161590576171875000000000000e-01
4.1194117647058825504302603803807869553565979003906250000000000000e-01
4.1319023779724656231238100190239492803812026977539062500000000000e-01
4.1443929912390486958173596576671116054058074951171875000000000000e-01
4.1568836045056317685109092963102739304304122924804687500000000000e-01
4.1693742177722153963159712475317064672708511352539062500000000000e-01
4.1818648310387984690095208861748687922954559326171875000000000000e-01
4.1943554443053815417030705248180311173200607299804687500000000000e-01
4.2068460575719646143966201634611934423446655273437500000000000000e-01
4.2193366708385482422016821146826259791851043701171875000000000000e-01
4.2318272841051313148952317533257883042097091674804687500000000000e-01
4.2443178973717143875887813919689506292343139648437500000000000000e-01
4.2568085106382980153938433431903831660747528076171875000000000000e-01
4.2692991239048810880873929818335454910993576049804687500000000000e-01
4.2817897371714641607809426204767078161239624023437500000000000000e-01
4.2942803504380472334744922591198701411485671997070312500000000000e-01
4.3067709637046308612795542103413026779890060424804687500000000000e-01
4.3192615769712139339731038489844650030136108398437500000000000000e-01
4.3317521902377970066666534876276273280382156372070312500000000000e-01
4.3442428035043806344717154388490598648786544799804687500000000000e-01
4.3567334167709637071652650774922221899032592773437500000000000000e-01
4.3692240300375467798588147161353845149278640747070312500000000000e-01
4.3817146433041298525523643547785468399524688720703125000000000000e-01
4.3942052565707134803574263059999793767929077148437500000000000000e-01
4.4066958698372965530509759446431417018175125122070312500000000000e-01
4.4191864831038796257445255832863040268421173095703125000000000000e-01
4.4316770963704632535495875345077365636825561523437500000000000000e-01
4.4441677096370463262431371731508988887071609497070312500000000000e-01
4.4566583229036293989366868117940612137317657470703125000000000000e-01
4.4691489361702124716302364504372235387563705444335937500000000000e-01
4.4816395494367960994352984016586560755968093872070312500000000000e-01
4.4941301627033791721288480403018184006214141845703125000000000000e-01
4.5066207759699622448223976789449807256460189819335937500000000000e-01
4.5191113892365458726274596301664132624864578247070312500000000000e-01
4.5316020025031289453210092688095755875110626220703125000000000000e-01
4.5440926157697120180145589074527379125356674194335937500000000000e-01
4.5565832290362950907081085460959002375602722167968750000000000000e-01
4.5690738423028787185131704973173327744007110595703125000000000000e-01
4.5815644555694617912067201359604950994253158569335937500000000000e-01
4.5940550688360448639002697746036574244499206542968750000000000000e-01
4.6065456821026284917053317258250899612903594970703125000000000000e-01
4.6190362953692115643988813644682522863149642944335937500000000000e-01
4.6315269086357946370924310031114146113395690917968750000000000000e-01
4.6440175219023777097859806417545769363641738891601562500000000000e-01
4.6565081351689613375910425929760094732046127319335937500000000000e-01
4.6689987484355444102845922316191717982292175292968750000000000000e-01
4.6814893617021274829781418702623341232538223266601562500000000000e-01
4.6939799749687105556716915089054964482784271240234375000000000000e-01
4.7064705882352941834767534601269289851188659667968750000000000000e-01
4.7189612015018772561703030987700913101434707641601562500000000000e-01
4.7314518147684603288638527374132536351680755615234375000000000000e-01
4.7439424280350439566689146886346861720085144042968750000000000000e-01
4.7564330413016270293624643272778484970331192016601562500000000000e-01
4.7689236545682101020560139659210108220577239990234375000000000000e-01
4.7814142678347931747495636045641731470823287963867187500000000000e-01
4.7939048811013768025546255557856056839227676391601562500000000000e-01
4.8063954943679598752481751944287680089473724365234375000000000000e-01
4.8188861076345429479417248330719303339719772338867187500000000000e-01
4.8313767209011265757467867842933628708124160766601562500000000000e-01
4.8438673341677096484403364229365251958370208740234375000000000000e-01
4.8563579474342927211338860615796875208616256713867187500000000000e-01
4.8688485607008757938274357002228498458862304687500000000000000000e-01
4.8813391739674594216324976514442823827266693115234375000000000000e-01
4.8938297872340424943260472900874447077512741088867187500000000000e-01
4.9063204005006255670195969287306070327758789062500000000000000000e-01
4.9188110137672091948246588799520395696163177490234375000000000000e-01
4.9313016270337922675182085185952018946409225463867187500000000000e-01
4.9437922403003753402117581572383642196655273437500000000000000000e-01
4.9562828535669584129053077958815265446901321411132812500000000000e-01
4.9687734668335420407103697471029590815305709838867187500000000000e-01
4.9812640801001251134039193857461214065551757812500000000000000000e-01
4.9937546933667081860974690243892837315797805786132812500000000000e-01
5.0062453066332912587910186630324460566043853759765625000000000000e-01
5.0187359198998748865960806142538785934448242187500000000000000000e-01
5.0312265331664585144011425654753111302852630615234375000000000000e-01
5.0437171464330410319831798915402032434940338134765625000000000000e-01
5.0562077596996246597882418427616357803344726562500000000000000000e-01
5.0686983729662071773702791688265278935432434082031250000000000000e-01
5.0811889862327908051753411200479604303836822509765625000000000000e-01
5.0936795994993744329804030712693929672241210937500000000000000000e-01
5.1061702127659569505624403973342850804328918457031250000000000000e-01
5.1186608260325405783675023485557176172733306884765625000000000000e-01
5.1311514392991242061725642997771501541137695312500000000000000000e-01
5.1436420525657067237546016258420422673225402832031250000000000000e-01
5.1561326658322903515596635770634748041629791259765625000000000000e-01
5.1686232790988739793647255282849073410034179687500000000000000000e-01
5.1811138923654564969467628543497994542121887207031250000000000000e-01
5.1936045056320401247518248055712319910526275634765625000000000000e-01
5.2060951188986226423338621316361241042613983154296875000000000000e-01
5.2185857321652062701389240828575566411018371582031250000000000000e-01
5.2310763454317898979439860340789891779422760009765625000000000000e-01
5.2435669586983724155260233601438812911510467529296875000000000000e-01
5.2560575719649560433310853113653138279914855957031250000000000000e-01
5.2685481852315396711361472625867463648319244384765625000000000000e-01
5.2810387984981221887181845886516384780406951904296875000000000000e-01
5.2935294117647058165232465398730710148811340332031250000000000000e-01
5.3060200250312894443283084910945035517215728759765625000000000000e-01
5.3185106382978719619103458171593956649303436279296875000000000000e-01
5.3310012515644555897154077683808282017707824707031250000000000000e-01
5.3434918648310392175204697196022607386112213134765625000000000000e-01
5.3559824780976217351025070456671528518199920654296875000000000000e-01
5.3684730913642053629075689968885853886604309082031250000000000000e-01
5.3809637046307878804896063229534775018692016601562500000000000000e-01
5.3934543178973715082946682741749100387096405029296875000000000000e-01
5.4059449311639551360997302253963425755500793457031250000000000000e-01
5.4184355444305376536817675514612346887588500976562500000000000000e-01
5.4309261576971212814868295026826672255992889404296875000000000000e-01
5.4434167709637049092918914539040997624397277832031250000000000000e-01
5.4559073842302874268739287799689918756484985351562500000000000000e-01
5.4683979974968710546789907311904244124889373779296875000000000000e-01
5.4808886107634546824840526824118569493293762207031250000000000000e-01
5.4933792240300372000660900084767490625381469726562500000000000000e-01
5.5058698372966208278711519596981815993785858154296875000000000000e-01
5.5183604505632044556762139109196141362190246582031250000000000000e-01
5.5308510638297869732582512369845062494277954101562500000000000000e-01
5.5433416770963706010633131882059387862682342529296875000000000000e-01
5.5558322903629531186453505142708308994770050048828125000000000000e-01
5.5683229036295367464504124654922634363174438476562500000000000000e-01
5.5808135168961203742554744167136959731578826904296875000000000000e-01
5.5933041301627028918375117427785880863666534423828125000000000000e-01
5.6057947434292865196425736940000206232070922851562500000000000000e-01
5.6182853566958701474476356452214531600475311279296875000000000000e-01
5.6307759699624526650296729712863452732563018798828125000000000000e-01
5.6432665832290362928347349225077778100967407226562500000000000000e-01
5.6557571964956199206397968737292103469371795654296875000000000000e-01
5.6682478097622024382218341997941024601459503173828125000000000000e-01
5.6807384230287860660268961510155349969863891601562500000000000000e-01
5.6932290362953685836089334770804271101951599121093750000000000000e-01
5.7057196495619522114139954283018596470355987548828125000000000000e-01
5.7182102628285358392190573795232921838760375976562500000000000000e-01
5.7307008760951183568010947055881842970848083496093750000000000000e-01
5.7431914893617019846061566568096168339252471923828125000000000000e-01
5.7556821026282856124112186080310493707656860351562500000000000000e-01
5.7681727158948681299932559340959414839744567871093750000000000000e-01
5.7806633291614517577983178853173740208148956298828125000000000000e-01
5.7931539424280353856033798365388065576553344726562500000000000000e-01
5.8056445556946179031854171626036986708641052246093750000000000000e-01
5.8181351689612015309904791138251312077045440673828125000000000000e-01
5.8306257822277851587955410650465637445449829101562500000000000000e-01
5.8431163954943676763775783911114558577537536621093750000000000000e-01
5.8556070087609513041826403423328883945941925048828125000000000000e-01
5.8680976220275338217646776683977805078029632568359375000000000000e-01
5.8805882352941174495697396196192130446434020996093750000000000000e-01
5.8930788485607010773748015708406455814838409423828125000000000000e-01
5.9055694618272835949568388969055376946926116943359375000000000000e-01
5.9180600750938672227619008481269702315330505371093750000000000000e-01
5.9305506883604508505669627993484027683734893798828125000000000000e-01
5.9430413016270333681490001254132948815822601318359375000000000000e-01
5.9555319148936169959540620766347274184226989746093750000000000000e-01
5.9680225281602006237591240278561599552631378173828125000000000000e-01
5.9805131414267831413411613539210520684719085693359375000000000000e-01
5.9930037546933667691462233051424846053123474121093750000000000000e-01
6.0054943679599503969512852563639171421527862548828125000000000000e-01
6.0179849812265329145333225824288092553615570068359375000000000000e-01
6.0304755944931165423383845336502417922019958496093750000000000000e-01
6.0429662077596990599204218597151339054107666015625000000000000000e-01
6.0554568210262826877254838109365664422512054443359375000000000000e-01
6.0679474342928663155305457621579989790916442871093750000000000000e-01
6.0804380475594488331125830882228910923004150390625000000000000000e-01
6.0929286608260324609176450394443236291408538818359375000000000000e-01
6.1054192740926160887227069906657561659812927246093750000000000000e-01
6.1179098873591986063047443167306482791900634765625000000000000000e-01
6.1304005006257822341098062679520808160305023193359375000000000000e-01
6.1428911138923658619148682191735133528709411621093750000000000000e-01
6.1553817271589483794969055452384054660797119140625000000000000000e-01
6.1678723404255320073019674964598380029201507568359375000000000000e-01
6.1803629536921145248840048225247301161289215087890625000000000000e-01
6.1928535669586981526890667737461626529693603515625000000000000000e-01
6.2053441802252817804941287249675951898097991943359375000000000000e-01
6.2178347934918642980761660510324873030185699462890625000000000000e-01
6.2303254067584479258812280022539198398590087890625000000000000000e-01
6.2428160200250315536862899534753523766994476318359375000000000000e-01
6.2553066332916140712683272795402444899082183837890625000000000000e-01
6.2677972465581976990733892307616770267486572265625000000000000000e-01
6.2802878598247813268784511819831095635890960693359375000000000000e-01
6.2927784730913638444604885080480016767978668212890625000000000000e-01
6.3052690863579474722655504592694342136383056640625000000000000000e-01
6.3177596996245311000706124104908667504787445068359375000000000000e-01
6.3302503128911136176526497365557588636875152587890625000000000000e-01
6.3427409261576972454577116877771914005279541015625000000000000000e-01
6.3552315394242797630397490138420835137367248535156250000000000000e-01
6.3677221526908633908448109650635160505771636962890625000000000000e-01
6.3802127659574470186498729162849485874176025390625000000000000000e-01
6.3927033792240295362319102423498407006263732910156250000000000000e-01
6.4051939924906131640369721935712732374668121337890625000000000000e-01
6.4176846057571967918420341447927057743072509765625000000000000000e-01
6.4301752190237793094240714708575978875160217285156250000000000000e-01
6.4426658322903629372291334220790304243564605712890625000000000000e-01
6.4551564455569465650341953733004629611968994140625000000000000000e-01
6.4676470588235290826162326993653550744056701660156250000000000000e-01
6.4801376720901127104212946505867876112461090087890625000000000000e-01
6.4926282853566952280033319766516797244548797607421875000000000000e-01
6.5051188986232788558083939278731122612953186035156250000000000000e-01
6.5176095118898624836134558790945447981357574462890625000000000000e-01
6.5301001251564450011954932051594369113445281982421875000000000000e-01
6.5425907384230286290005551563808694481849670410156250000000000000e-01
6.5550813516896122568056171076023019850254058837890625000000000000e-01
6.5675719649561947743876544336671940982341766357421875000000000000e-01
6.5800625782227784021927163848886266350746154785156250000000000000e-01
6.5925531914893620299977783361100591719150543212890625000000000000e-01
6.6050438047559445475798156621749512851238250732421875000000000000e-01
6.6175344180225281753848776133963838219642639160156250000000000000e-01
6.6300250312891118031899395646178163588047027587890625000000000000e-01
6.6425156445556943207719768906827084720134735107421875000000000000e-01
6.6550062578222779485770388419041410088539123535156250000000000000e-01
6.6674968710888604661590761679690331220626831054687500000000000000e-01
6.6799874843554440939641381191904656589031219482421875000000000000e-01
6.6924780976220277217692000704118981957435607910156250000000000000e-01
6.7049687108886102393512373964767903089523315429687500000000000000e-01
6.7174593241551938671562993476982228457927703857421875000000000000e-01
6.7299499374217774949613612989196553826332092285156250000000000000e-01
6.7424405506883600125433986249845474958419799804687500000000000000e-01
6.7549311639549436403484605762059800326824188232421875000000000000e-01
6.7674217772215272681535225274274125695228576660156250000000000000e-01
6.7799123904881097857355598534923046827316284179687500000000000000e-01
6.7924030037546934135406218047137372195720672607421875000000000000e-01
6.8048936170212759311226591307786293327808380126953125000000000000e-01
6.8173842302878595589277210820000618696212768554687500000000000000e-01
6.8298748435544431867327830332214944064617156982421875000000000000e-01
6.8423654568210257043148203592863865196704864501953125000000000000e-01
6.8548560700876093321198823105078190565109252929687500000000000000e-01
6.8673466833541929599249442617292515933513641357421875000000000000e-01
6.8798372966207754775069815877941437065601348876953125000000000000e-01
6.8923279098873591053120435390155762434005737304687500000000000000e-01
6.9048185231539427331171054902370087802410125732421875000000000000e-01
6.9173091364205252506991428163019008934497833251953125000000000000e-01
6.9297997496871088785042047675233334302902221679687500000000000000e-01
6.9422903629536925063092667187447659671306610107421875000000000000e-01
6.9547809762202750238913040448096580803394317626953125000000000000e-01
6.9672715894868586516963659960310906171798706054687500000000000000e-01
6.9797622027534411692784033220959827303886413574218750000000000000e-01
6.9922528160200247970834652733174152672290802001953125000000000000e-01
7.0047434292866084248885272245388478040695190429687500000000000000e-01
7.0172340425531909424705645506037399172782897949218750000000000000e-01
7.0297246558197745702756265018251724541187286376953125000000000000e-01
7.0422152690863581980806884530466049909591674804687500000000000000e-01
7.0547058823529407156627257791114971041679382324218750000000000000e-01
7.0671964956195243434677877303329296410083770751953125000000000000e-01
7.0796871088861079712728496815543621778488159179687500000000000000e-01
7.0921777221526904888548870076192542910575866699218750000000000000e-01
7.1046683354192741166599489588406868278980255126953125000000000000e-01
7.1171589486858577444650109100621193647384643554687500000000000000e-01
7.1296495619524402620470482361270114779472351074218750000000000000e-01
7.1421401752190238898521101873484440147876739501953125000000000000e-01
7.1546307884856064074341475134133361279964447021484375000000000000e-01
7.1671214017521900352392094646347686648368835449218750000000000000e-01
7.1796120150187736630442714158562012016773223876953125000000000000e-01
7.1921026282853561806263087419210933148860931396484375000000000000e-01
7.2045932415519398084313706931425258517265319824218750000000000000e-01
7.2170838548185234362364326443639583885669708251953125000000000000e-01
7.2295744680851059538184699704288505017757415771484375000000000000e-01
7.2420650813516895816235319216502830386161804199218750000000000000e-01
7.2545556946182732094285938728717155754566192626953125000000000000e-01
7.2670463078848557270106311989366076886653900146484375000000000000e-01
7.2795369211514393548156931501580402255058288574218750000000000000e-01
7.2920275344180218723977304762229323387145996093750000000000000000e-01
7.3045181476846055002027924274443648755550384521484375000000000000e-01
7.3170087609511891280078543786657974123954772949218750000000000000e-01
7.3294993742177716455898917047306895256042480468750000000000000000e-01
7.3419899874843552733949536559521220624446868896484375000000000000e-01
7.3544806007509389012000156071735545992851257324218750000000000000e-01
7.3669712140175214187820529332384467124938964843750000000000000000e-01
7.3794618272841050465871148844598792493343353271484375000000000000e-01
7.3919524405506886743921768356813117861747741699218750000000000000e-01
7.4044430538172711919742141617462038993835449218750000000000000000e-01
7.4169336670838548197792761129676364362239837646484375000000000000e-01
7.4294242803504384475843380641890689730644226074218750000000000000e-01
7.4419148936170209651663753902539610862731933593750000000000000000e-01
7.4544055068836045929714373414753936231136322021484375000000000000e-01
7.4668961201501871105534746675402857363224029541015625000000000000e-01
7.4793867334167707383585366187617182731628417968750000000000000000e-01
7.4918773466833543661635985699831508100032806396484375000000000000e-01
7.5043679599499368837456358960480429232120513916015625000000000000e-01
7.5168585732165205115506978472694754600524902343750000000000000000e-01
7.5293491864831041393557597984909079968929290771484375000000000000e-01
7.5418397997496866569377971245558001101016998291015625000000000000e-01
7.5543304130162702847428590757772326469421386718750000000000000000e-01
7.5668210262828539125479210269986651837825775146484375000000000000e-01
7.5793116395494364301299583530635572969913482666015625000000000000e-01
7.5918022528160200579350203042849898338317871093750000000000000000e-01
7.6042928660826036857400822555064223706722259521484375000000000000e-01
7.6167834793491862033221195815713144838809967041015625000000000000e-01
7.6292740926157698311271815327927470207214355468750000000000000000e-01
7.6417647058823523487092188588576391339302062988281250000000000000e-01
7.6542553191489359765142808100790716707706451416015625000000000000e-01
7.6667459324155196043193427613005042076110839843750000000000000000e-01
7.6792365456821021219013800873653963208198547363281250000000000000e-01
7.6917271589486857497064420385868288576602935791015625000000000000e-01
7.7042177722152693775115039898082613945007324218750000000000000000e-01
7.7167083854818518950935413158731535077095031738281250000000000000e-01
7.7291989987484355228986032670945860445499420166015625000000000000e-01
7.7416896120150191507036652183160185813903808593750000000000000000e-01
7.7541802252816016682857025443809106945991516113281250000000000000e-01
7.7666708385481852960907644956023432314395904541015625000000000000e-01
7.7791614518147678136728018216672353446483612060546875000000000000e-01
7.7916520650813514414778637728886678814888000488281250000000000000e-01
7.8041426783479350692829257241101004183292388916015625000000000000e-01
7.8166332916145175868649630501749925315380096435546875000000000000e-01
7.8291239048811012146700250013964250683784484863281250000000000000e-01
7.8416145181476848424750869526178576052188873291015625000000000000e-01
7.8541051314142673600571242786827497184276580810546875000000000000e-01
7.8665957446808509878621862299041822552680969238281250000000000000e-01
7.8790863579474346156672481811256147921085357666015625000000000000e-01
7.8915769712140171332492855071905069053173065185546875000000000000e-01
7.9040675844806007610543474584119394421577453613281250000000000000e-01
7.9165581977471843888594094096333719789981842041015625000000000000e-01
7.9290488110137669064414467356982640922069549560546875000000000000e-01
7.9415394242803505342465086869196966290473937988281250000000000000e-01
7.9540300375469330518285460129845887422561645507812500000000000000e-01
7.9665206508135166796336079642060212790966033935546875000000000000e-01
7.9790112640801003074386699154274538159370422363281250000000000000e-01
7.9915018773466828250207072414923459291458129882812500000000000000e-01
8.0039924906132664528257691927137784659862518310546875000000000000e-01
8.0164831038798500806308311439352110028266906738281250000000000000e-01
8.0289737171464325982128684700001031160354614257812500000000000000e-01
8.0414643304130162260179304212215356528759002685546875000000000000e-01
8.0539549436795998538229923724429681897163391113281250000000000000e-01
8.0664455569461823714050296985078603029251098632812500000000000000e-01
8.0789361702127659992100916497292928397655487060546875000000000000e-01
8.0914267834793485167921289757941849529743194580078125000000000000e-01
8.1039173967459321445971909270156174898147583007812500000000000000e-01
8.1164080100125157724022528782370500266551971435546875000000000000e-01
8.1288986232790982899842902043019421398639678955078125000000000000e-01
8.1413892365456819177893521555233746767044067382812500000000000000e-01
8.1538798498122655455944141067448072135448455810546875000000000000e-01
8.1663704630788480631764514328096993267536163330078125000000000000e-01
8.1788610763454316909815133840311318635940551757812500000000000000e-01
8.1913516896120153187865753352525644004344940185546875000000000000e-01
8.2038423028785978363686126613174565136432647705078125000000000000e-01
8.2163329161451814641736746125388890504837036132812500000000000000e-01
8.2288235294117650919787365637603215873241424560546875000000000000e-01
8.2413141426783476095607738898252137005329132080078125000000000000e-01
8.2538047559449312373658358410466462373733520507812500000000000000e-01
8.2662953692115137549478731671115383505821228027343750000000000000e-01
8.2787859824780973827529351183329708874225616455078125000000000000e-01
8.2912765957446810105579970695544034242630004882812500000000000000e-01
8.3037672090112635281400343956192955374717712402343750000000000000e-01
8.3162578222778471559450963468407280743122100830078125000000000000e-01
8.3287484355444307837501582980621606111526489257812500000000000000e-01
8.3412390488110133013321956241270527243614196777343750000000000000e-01
8.3537296620775969291372575753484852612018585205078125000000000000e-01
8.3662202753441805569423195265699177980422973632812500000000000000e-01
8.3787108886107630745243568526348099112510681152343750000000000000e-01
8.3912015018773467023294188038562424480915069580078125000000000000e-01
8.4036921151439292199114561299211345613002777099609375000000000000e-01
8.4161827284105128477165180811425670981407165527343750000000000000e-01
8.4286733416770964755215800323639996349811553955078125000000000000e-01
8.4411639549436789931036173584288917481899261474609375000000000000e-01
8.4536545682102626209086793096503242850303649902343750000000000000e-01
8.4661451814768462487137412608717568218708038330078125000000000000e-01
8.4786357947434287662957785869366489350795745849609375000000000000e-01
8.4911264080100123941008405381580814719200134277343750000000000000e-01
8.5036170212765960219059024893795140087604522705078125000000000000e-01
8.5161076345431785394879398154444061219692230224609375000000000000e-01
8.5285982478097621672930017666658386588096618652343750000000000000e-01
8.5410888610763457950980637178872711956501007080078125000000000000e-01
8.5535794743429283126801010439521633088588714599609375000000000000e-01
8.5660700876095119404851629951735958456993103027343750000000000000e-01
8.5785607008760944580672003212384879589080810546875000000000000000e-01
8.5910513141426780858722622724599204957485198974609375000000000000e-01
8.6035419274092617136773242236813530325889587402343750000000000000e-01
8.6160325406758442312593615497462451457977294921875000000000000000e-01
8.6285231539424278590644235009676776826381683349609375000000000000e-01
8.6410137672090114868694854521891102194786071777343750000000000000e-01
8.6535043804755940044515227782540023326873779296875000000000000000e-01
8.6659949937421776322565847294754348695278167724609375000000000000e-01
8.6784856070087612600616466806968674063682556152343750000000000000e-01
8.6909762202753437776436840067617595195770263671875000000000000000e-01
8.7034668335419274054487459579831920564174652099609375000000000000e-01
8.7159574468085110332538079092046245932579040527343750000000000000e-01
8.7284480600750935508358452352695167064666748046875000000000000000e-01
8.7409386733416771786409071864909492433071136474609375000000000000e-01
8.7534292866082596962229445125558413565158843994140625000000000000e-01
8.7659198998748433240280064637772738933563232421875000000000000000e-01
8.7784105131414269518330684149987064301967620849609375000000000000e-01
8.7909011264080094694151057410635985434055328369140625000000000000e-01
8.8033917396745930972201676922850310802459716796875000000000000000e-01
8.8158823529411767250252296435064636170864105224609375000000000000e-01
8.8283729662077592426072669695713557302951812744140625000000000000e-01
8.8408635794743428704123289207927882671356201171875000000000000000e-01
8.8533541927409264982173908720142208039760589599609375000000000000e-01
8.8658448060075090157994281980791129171848297119140625000000000000e-01
8.8783354192740926436044901493005454540252685546875000000000000000e-01
8.8908260325406751611865274753654375672340393066406250000000000000e-01
8.9033166458072587889915894265868701040744781494140625000000000000e-01
8.9158072590738424167966513778083026409149169921875000000000000000e-01
8.9282978723404249343786887038731947541236877441406250000000000000e-01
8.9407884856070085621837506550946272909641265869140625000000000000e-01
8.9532790988735921899888126063160598278045654296875000000000000000e-01
8.9657697121401747075708499323809519410133361816406250000000000000e-01
8.9782603254067583353759118836023844778537750244140625000000000000e-01
8.9907509386733419631809738348238170146942138671875000000000000000e-01
9.0032415519399244807630111608887091279029846191406250000000000000e-01
9.0157321652065081085680731121101416647434234619140625000000000000e-01
9.0282227784730917363731350633315742015838623046875000000000000000e-01
9.0407133917396742539551723893964663147926330566406250000000000000e-01
9.0532040050062578817602343406178988516330718994140625000000000000e-01
9.0656946182728403993422716666827909648418426513671875000000000000e-01
9.0781852315394240271473336179042235016822814941406250000000000000e-01
9.0906758448060076549523955691256560385227203369140625000000000000e-01
9.1031664580725901725344328951905481517314910888671875000000000000e-01
9.1156570713391738003394948464119806885719299316406250000000000000e-01
9.1281476846057574281445567976334132254123687744140625000000000000e-01
9.1406382978723399457265941236983053386211395263671875000000000000e-01
9.1531289111389235735316560749197378754615783691406250000000000000e-01
9.1656195244055072013367180261411704123020172119140625000000000000e-01
9.1781101376720897189187553522060625255107879638671875000000000000e-01
9.1906007509386733467238173034274950623512268066406250000000000000e-01
9.2030913642052569745288792546489275991916656494140625000000000000e-01
9.2155819774718394921109165807138197124004364013671875000000000000e-01
9.2280725907384231199159785319352522492408752441406250000000000000e-01
9.2405632040050056374980158580001443624496459960937500000000000000e-01
9.2530538172715892653030778092215768992900848388671875000000000000e-01
9.2655444305381728931081397604430094361305236816406250000000000000e-01
9.2780350438047554106901770865079015493392944335937500000000000000e-01
9.2905256570713390384952390377293340861797332763671875000000000000e-01
9.3030162703379226663003009889507666230201721191406250000000000000e-01
9.3155068836045051838823383150156587362289428710937500000000000000e-01
9.3279974968710888116874002662370912730693817138671875000000000000e-01
9.3404881101376724394924622174585238099098205566406250000000000000e-01
9.3529787234042549570744995435234159231185913085937500000000000000e-01
9.3654693366708385848795614947448484599590301513671875000000000000e-01
9.3779599499374211024615988208097405731678009033203125000000000000e-01
9.3904505632040047302666607720311731100082397460937500000000000000e-01
9.4029411764705883580717227232526056468486785888671875000000000000e-01
9.4154317897371708756537600493174977600574493408203125000000000000e-01
9.4279224030037545034588220005389302968978881835937500000000000000e-01
9.4404130162703381312638839517603628337383270263671875000000000000e-01
9.4529036295369206488459212778252549469470977783203125000000000000e-01
9.4653942428035042766509832290466874837875366210937500000000000000e-01
9.4778848560700879044560451802681200206279754638671875000000000000e-01
9.4903754693366704220380825063330121338367462158203125000000000000e-01
9.5028660826032540498431444575544446706771850585937500000000000000e-01
9.5153566958698376776482064087758772075176239013671875000000000000e-01
9.5278473091364201952302437348407693207263946533203125000000000000e-01
9.5403379224030038230353056860622018575668334960937500000000000000e-01
9.5528285356695863406173430121270939707756042480468750000000000000e-01
9.5653191489361699684224049633485265076160430908203125000000000000e-01
9.5778097622027535962274669145699590444564819335937500000000000000e-01
9.5903003754693361138095042406348511576652526855468750000000000000e-01
9.6027909887359197416145661918562836945056915283203125000000000000e-01
9.6152816020025033694196281430777162313461303710937500000000000000e-01
9.6277722152690858870016654691426083445549011230468750000000000000e-01
9.6402628285356695148067274203640408813953399658203125000000000000e-01
9.6527534418022531426117893715854734182357788085937500000000000000e-01
9.6652440550688356601938266976503655314445495605468750000000000000e-01
9.6777346683354192879988886488717980682849884033203125000000000000e-01
9.6902252816020018055809259749366901814937591552734375000000000000e-01
9.7027158948685854333859879261581227183341979980468750000000000000e-01
9.7152065081351690611910498773795552551746368408203125000000000000e-01
9.7276971214017515787730872034444473683834075927734375000000000000e-01
9.7401877346683352065781491546658799052238464355468750000000000000e-01
9.7526783479349188343832111058873124420642852783203125000000000000e-01
9.7651689612015013519652484319522045552730560302734375000000000000e-01
9.7776595744680849797703103831736370921134948730468750000000000000e-01
9.7901501877346686075753723343950696289539337158203125000000000000e-01
9.8026408010012511251574096604599617421627044677734375000000000000e-01
9.8151314142678347529624716116813942790031433105468750000000000000e-01
9.8276220275344183807675335629028268158435821533203125000000000000e-01
9.8401126408010008983495708889677189290523529052734375000000000000e-01
9.8526032540675845261546328401891514658927917480468750000000000000e-01
9.8650938673341670437366701662540435791015625000000000000000000000e-01
9.8775844806007506715417321174754761159420013427734375000000000000e-01
9.8900750938673342993467940686969086527824401855468750000000000000e-01
9.9025657071339168169288313947618007659912109375000000000000000000e-01
9.9150563204005004447338933459832333028316497802734375000000000000e-01
9.9275469336670840725389552972046658396720886230468750000000000000e-01
9.9400375469336665901209926232695579528808593750000000000000000000e-01
9.9525281602002502179260545744909904897212982177734375000000000000e-01
9.9650187734668338457311165257124230265617370605468750000000000000e-01
9.9775093867334163633131538517773151397705078125000000000000000000e-01
9.9899999999999999911182158029987476766109466552734375000000000000e-01
