-2.5160783846523759876845360849983990192413330078125000000000000000e+00
-2.5170396189034192069300388538977131247520446777343750000000000000e+00
-2.5179819584695217749015228037023916840553283691406250000000000000e+00
-2.5189123413956187036433220782782882452011108398437500000000000000e+00
-2.5198316302486341022870419692480936646461486816406250000000000000e+00
-2.5207385250012528388197097228839993476867675781250000000000000000e+00
-2.5216336633187768079267243592767044901847839355468750000000000000e+00
-2.5225174479023597662319389201002195477485656738281250000000000000e+00
-2.5233899936766865934600900800433009862899780273437500000000000000e+00
-2.5242515219906755952194998826598748564720153808593750000000000000e+00
-2.5251022695638050130639840062940493226051330566406250000000000000e+00
-2.5259424453396266407878556492505595088005065917968750000000000000e+00
-2.5267722541886596943072618159931153059005737304687500000000000000e+00
-2.5275918991004782121478910994483157992362976074218750000000000000e+00
-2.5284015773593937481678040057886391878128051757812500000000000000e+00
-2.5292014810492036147593353234697133302688598632812500000000000000e+00
-2.5299917976667871677420862397411838173866271972656250000000000000e+00
-2.5307727100693702126932294049765914678573608398437500000000000000e+00
-2.5315443965158994643616097164340317249298095703125000000000000000e+00
-2.5323070307898034592142266774317249655723571777343750000000000000e+00
-2.5330607822935875539371863851556554436683654785156250000000000000e+00
-2.5338058161368790521805749449413269758224487304687500000000000000e+00
-2.5345422932320569309183611039770767092704772949218750000000000000e+00
-2.5352703703920651534531316428910940885543823242187500000000000000e+00
-2.5359902004291461352636360970791429281234741210937500000000000000e+00
-2.5367019322553763238659030321286991238594055175781250000000000000e+00
-2.5374057109846548385689857241231948137283325195312500000000000000e+00
-2.5381016780354990203250054037198424339294433593750000000000000000e+00
-2.5387899712342179014967769035138189792633056640625000000000000000e+00
-2.5394707249179440111674921354278922080993652343750000000000000000e+00
-2.5401440700370656600171059835702180862426757812500000000000000000e+00
-2.5408101342565920788274524966254830360412597656250000000000000000e+00
-2.5414690420560459571674982726108282804489135742187500000000000000e+00
-2.5421209148275307754261120862793177366256713867187500000000000000e+00
-2.5427658709716971507930338702863082289695739746093750000000000000e+00
-2.5434040259913195392016405094182118773460388183593750000000000000e+00
-2.5440354925823531750950223795371130108833312988281250000000000000e+00
-2.5446603807222678561572593025630339980125427246093750000000000000e+00
-2.5452787977556199372486389620462432503700256347656250000000000000e+00
-2.5458908484767626134726015152409672737121582031250000000000000000e+00
-2.5464966352096629620405110472347587347030639648437500000000000000e+00
-2.5470962578848692636768191732699051499366760253906250000000000000e+00
-2.5476898141135930764278327842475846409797668457031250000000000000e+00
-2.5482773992589975442513150483136996626853942871093750000000000000e+00
-2.5488591065046972694574378692777827382087707519531250000000000000e+00
-2.5494350269205834358388074178947135806083679199218750000000000000e+00
-2.5500052495260292495515841437736526131629943847656250000000000000e+00
-2.5505698613504765859261169680394232273101806640625000000000000000e+00
-2.5511289474916267749904363881796598434448242187500000000000000000e+00
-2.5516825911712830432520604517776519060134887695312500000000000000e+00
-2.5522308737887331453464412334142252802848815917968750000000000000e+00
-2.5527738749719315336506042513065040111541748046875000000000000000e+00
-2.5533116726268083596096403198316693305969238281250000000000000000e+00
-2.5538443429842079268610177678056061267852783203125000000000000000e+00
-2.5543719606445596248534002370433881878852844238281250000000000000e+00
-2.5548945986213169589973404072225093841552734375000000000000000000e+00
-2.5554123283824594636826077476143836975097656250000000000000000000e+00
-2.5559252198889006457704908825689926743507385253906250000000000000e+00
-2.5564333416322169156842392112594097852706909179687500000000000000e+00
-2.5569367606720656560526094835950061678886413574218750000000000000e+00
-2.5574355426688186732064878015080466866493225097656250000000000000e+00
-2.5579297519144330586016167217167094349861145019531250000000000000e+00
-2.5584194513672500193024461623281240463256835937500000000000000000e+00
-2.5589047026808735552094731247052550315856933593750000000000000000e+00
-2.5593855662253806038108905340777710080146789550781250000000000000e+00
-2.5598621011187181473189866665052250027656555175781250000000000000e+00
-2.5603343652579124700707779993535950779914855957031250000000000000e+00
-2.5608024153283124313418284145882353186607360839843750000000000000e+00
-2.5612663068220720141709989547962322831153869628906250000000000000e+00
-2.5617260940836366067685503367101773619651794433593750000000000000e+00
-2.5621818303141474792994358722353354096412658691406250000000000000e+00
-2.5626335675498750354961430275579914450645446777343750000000000000e+00
-2.5630813567309278511174852610565721988677978515625000000000000000e+00
-2.5635252477356940126185236294986680150032043457031250000000000000e+00
-2.5639652892836011233157478272914886474609375000000000000000000000e+00
-2.5644015289891197717508930509211495518684387207031250000000000000e+00
-2.5648340134995617489721553283743560314178466796875000000000000000e+00
-2.5652627883533707375818266882561147212982177734375000000000000000e+00
-2.5656878978486976627948479290353134274482727050781250000000000000e+00
-2.5661093852642999912916366156423464417457580566406250000000000000e+00
-2.5665272928883804404165402957005426287651062011718750000000000000e+00
-2.5669416614910289808904053643345832824707031250000000000000000000e+00
-2.5673525305904374427257153001846745610237121582031250000000000000e+00
-2.5677599391157599484358797781169414520263671875000000000000000000e+00
-2.5681639244643079678098729345947504043579101562500000000000000000e+00
-2.5685645227435678350502712419256567955017089843750000000000000000e+00
-2.5689617850443662305792713596019893884658813476562500000000000000e+00
-2.5693557606538601767454110813559964299201965332031250000000000000e+00
-2.5697464967940137903212871606228873133659362792968750000000000000e+00
-2.5701340395712120034943382052006199955940246582031250000000000000e+00
-2.5705184335362845082784133410314098000526428222656250000000000000e+00
-2.5708997215452988882589124841615557670593261718750000000000000000e+00
-2.5712779453121132888782085501588881015777587890625000000000000000e+00
-2.5716531454706075265903564286418259143829345703125000000000000000e+00
-2.5720253614693993071682598383631557226181030273437500000000000000e+00
-2.5723946317155350627103871374856680631637573242187500000000000000e+00
-2.5727609937445019561153003451181575655937194824218750000000000000e+00
-2.5731244842055085442211748159024864435195922851562500000000000000e+00
-2.5734851388708324115839332080213353037834167480468750000000000000e+00
-2.5738429927497885607579064526362344622611999511718750000000000000e+00
-2.5741980801306909576453563204267993569374084472656250000000000000e+00
-2.5745504345707859172875942022074013948440551757812500000000000000e+00
-2.5749000889523165902517121139680966734886169433593750000000000000e+00
-2.5752470755305445493377192178741097450256347656250000000000000000e+00
-2.5755914259378847042114557552849873900413513183593750000000000000e+00
-2.5759331712089319488256933254888281226158142089843750000000000000e+00
-2.5762723418155650811911527853226289153099060058593750000000000000e+00
-2.5766089676823189513754641666309908032417297363281250000000000000e+00
-2.5769430782007365365871009998954832553863525390625000000000000000e+00
-2.5772747022510245074045087676495313644409179687500000000000000000e+00
-2.5776038682207262908718803373631089925765991210937500000000000000e+00
-2.5779306040159086776952790387440472841262817382812500000000000000e+00
-2.5782549370758554019289476855192333459854125976562500000000000000e+00
-2.5785768943892395377304183057276532053947448730468750000000000000e+00
-2.5788965025040506695575004414422437548637390136718750000000000000e+00
-2.5792137875409628655631877336418256163597106933593750000000000000e+00
-2.5795287752029434358291837270371615886688232421875000000000000000e+00
-2.5798414907879303470394916075747460126876831054687500000000000000e+00
-2.5801519591984338752865824062610045075416564941406250000000000000e+00
-2.5804602049481153436261138267582282423973083496093750000000000000e+00
-2.5807662521776175701404554274631664156913757324218750000000000000e+00
-2.5810701246552505416786971181863918900489807128906250000000000000e+00
-2.5813718457919394566602022678125649690628051757812500000000000000e+00
-2.5816714386473766928986606217222288250923156738281250000000000000e+00
-2.5819689259326374930481051706010475754737854003906250000000000000e+00
-2.5822643300306449276604325859807431697845458984375000000000000000e+00
-2.5825576729847261603367769566830247640609741210937500000000000000e+00
-2.5828489765239095454774087556870654225349426269531250000000000000e+00
-2.5831382620597600485723432939266785979270935058593750000000000000e+00
-2.5834255506865644314018481964012607932090759277343750000000000000e+00
-2.5837108632131817742560997430700808763504028320312500000000000000e+00
-2.5839942201284316070086788386106491088867187500000000000000000000e+00
-2.5842756416501662108942127815680578351020812988281250000000000000e+00
-2.5845551477033676945893603260628879070281982421875000000000000000e+00
-2.5848327579199756875993898574961349368095397949218750000000000000e+00
-2.5851084916920497036585402383934706449508666992187500000000000000e+00
-2.5853823680942169538354846736183390021324157714843750000000000000e+00
-2.5856544059809700719654301792616024613380432128906250000000000000e+00
-2.5859246239280908596924746234435588121414184570312500000000000000e+00
-2.5861930402345469914848763437476009130477905273437500000000000000e+00
-2.5864596730158915249830897664651274681091308593750000000000000000e+00
-2.5867245400477667516270230407826602458953857421875000000000000000e+00
-2.5869876589528506549697794980602338910102844238281250000000000000e+00
-2.5872490470773095161405308317625895142555236816406250000000000000e+00
-2.5875087214942182889387822797289118170738220214843750000000000000e+00
-2.5877666991738155211066896299598738551139831542968750000000000000e+00
-2.5880229966846668432367550849448889493942260742187500000000000000e+00
-2.5882776305371839598024052975233644247055053710937500000000000000e+00
-2.5885306169560595712653139344183728098869323730468750000000000000e+00
-2.5887819718719478068180706031853333115577697753906250000000000000e+00
-2.5890317112399481302986714581493288278579711914062500000000000000e+00
-2.5892798504905414347376790829002857208251953125000000000000000000e+00
-2.5895264051308557462505177682032808661460876464843750000000000000e+00
-2.5897713903688064362995646661147475242614746093750000000000000000e+00
-2.5900148210475930632412655540974810719490051269531250000000000000e+00
-2.5902567122444306590978158055804669857025146484375000000000000000e+00
-2.5904970782993173017416665970813482999801635742187500000000000000e+00
-2.5907359338104165580318749562138691544532775878906250000000000000e+00
-2.5909732930835778219602616445627063512802124023437500000000000000e+00
-2.5912091698903294556544096849393099546432495117187500000000000000e+00
-2.5914435785840015391556789836613461375236511230468750000000000000e+00
-2.5916765324426491723386334342649206519126892089843750000000000000e+00
-2.5919080452273970394116986426524817943572998046875000000000000000e+00
-2.5921381304812745050014655134873464703559875488281250000000000000e+00
-2.5923668008736804324598779203370213508605957031250000000000000000e+00
-2.5925940702020078276746062329038977622985839843750000000000000000e+00
-2.5928199507137708046400348393945023417472839355468750000000000000e+00
-2.5930444553496738713249669672222808003425598144531250000000000000e+00
-2.5932675970934355724750730587402358651161193847656250000000000000e+00
-2.5934893874050306550316236098296940326690673828125000000000000000e+00
-2.5937098397265057059257742366753518581390380859375000000000000000e+00
-2.5939289653048613892849516560090705752372741699218750000000000000e+00
-2.5941467762279284414717039908282458782196044921875000000000000000e+00
-2.5943632851646083459229430445702746510505676269531250000000000000e+00
-2.5945785022436549382973680621944367885589599609375000000000000000e+00
-2.5947924406782938433480012463405728340148925781250000000000000000e+00
-2.5950051108937901567230710497824475169181823730468750000000000000e+00
-2.5952165238691162763018382975133135914802551269531250000000000000e+00
-2.5954266924283344586399380204966291785240173339843750000000000000e+00
-2.5956356250485281833562112296931445598602294921875000000000000000e+00
-2.5958433349660978706197056453675031661987304687500000000000000000e+00
-2.5960498318662943439960599789628759026527404785156250000000000000e+00
-2.5962551254810728451616341772023588418960571289062500000000000000e+00
-2.5964592290074204328220730531029403209686279296875000000000000000e+00
-2.5966621493943460308173598605208098888397216796875000000000000000e+00
-2.5968638994713995060692468541674315929412841796875000000000000000e+00
-2.5970644891296656986412472178926691412925720214843750000000000000e+00
-2.5972639257314353855576882779132574796676635742187500000000000000e+00
-2.5974622240743721057754100911552086472511291503906250000000000000e+00
-2.5976593886688315038213659136090427637100219726562500000000000000e+00
-2.5978554326212850433819312456762418150901794433593750000000000000e+00
-2.5980503656056130878937437955755740404129028320312500000000000000e+00
-2.5982441932954940533306853467365726828575134277343750000000000000e+00
-2.5984369308990085123411972745088860392570495605468750000000000000e+00
-2.5986285826654351716058499732753261923789978027343750000000000000e+00
-2.5988191589228515354648152424488216638565063476562500000000000000e+00
-2.5990086729826966660539255826734006404876708984375000000000000000e+00
-2.5991971247521350463216549542266875505447387695312500000000000000e+00
-2.5993845339294430196730445459252223372459411621093750000000000000e+00
-2.5995709006743159541485965746687725186347961425781250000000000000e+00
-2.5997562365645401349922849476570263504981994628906250000000000000e+00
-2.5999405538212467803305116831324994564056396484375000000000000000e+00
-2.6001238529178283265252957789925858378410339355468750000000000000e+00
-2.6003061496842216904212818917585536837577819824218750000000000000e+00
-2.6004874508393633902869623852893710136413574218750000000000000000e+00
-2.6006677567608127432663422951009124517440795898437500000000000000e+00
-2.6008470923425357490543774474645033478736877441406250000000000000e+00
-2.6010254441999611785263368801679462194442749023437500000000000000e+00
-2.6012028394656354635117168072611093521118164062500000000000000000e+00
-2.6013792750175954715530224348185583949089050292968750000000000000e+00
-2.6015547589326168953505202807718887925148010253906250000000000000e+00
-2.6017293062195476771591984288534149527549743652343750000000000000e+00
-2.6019029169022886982531872490653768181800842285156250000000000000e+00
-2.6020755973420968132359121227636933326721191406250000000000000000e+00
-2.6022473710654447920376242109341546893119812011718750000000000000e+00
-2.6024182139410134695367560198064893484115600585937500000000000000e+00
-2.6025881738697447254082817380549386143684387207031250000000000000e+00
-2.6027572186451162217224464257014915347099304199218750000000000000e+00
-2.6029253835612427003809443704085424542427062988281250000000000000e+00
-2.6030926632946087551090386114083230495452880859375000000000000000e+00
-2.6032590648570197444655605067964643239974975585937500000000000000e+00
-2.6034245966105085123842854955000802874565124511718750000000000000e+00
-2.6035892759699814646978666132781654596328735351562500000000000000e+00
-2.6037530768047756346561527607263997197151184082031250000000000000e+00
-2.6039160626251276475784379726974293589591979980468750000000000000e+00
-2.6040781675485162871552802243968471884727478027343750000000000000e+00
-2.6042394711634595516613899235380813479423522949218750000000000000e+00
-2.6043999214513844364660144492518156766891479492187500000000000000e+00
-2.6045595608893341577072533254977315664291381835937500000000000000e+00
-2.6047183783189971073568358406191691756248474121093750000000000000e+00
-2.6048763935895675736276189127238467335700988769531250000000000000e+00
-2.6050335838926561571327056299196556210517883300781250000000000000e+00
-2.6051900150264515332310111261904239654541015625000000000000000000e+00
-2.6053455992726273215964738483307883143424987792968750000000000000e+00
-2.6055004599405520160360083536943420767784118652343750000000000000e+00
-2.6056544829123766682243967807153239846229553222656250000000000000e+00
-2.6058077754352235722024033748311921954154968261718750000000000000e+00
-2.6059602728243125291385240416275337338447570800781250000000000000e+00
-2.6061120243109074934295676939655095338821411132812500000000000000e+00
-2.6062630004009559314681609976105391979217529296875000000000000000e+00
-2.6064132596620308568446944263996556401252746582031250000000000000e+00
-2.6065627160463717970628749753814190626144409179687500000000000000e+00
-2.6067115114016070620550635794643312692642211914062500000000000000e+00
-2.6068594833420983825078565132571384310722351074218750000000000000e+00
-2.6070068098850782689623883925378322601318359375000000000000000000e+00
-2.6071533479655446541300989338196814060211181640625000000000000000e+00
-2.6072992100779623925177475030068308115005493164062500000000000000e+00
-2.6074443324871650062846129003446549177169799804687500000000000000e+00
-2.6075887743159800180592355900444090366363525390625000000000000000e+00
-2.6077324691161583025689196801977232098579406738281250000000000000e+00
-2.6078755389513328388773061305982992053031921386718750000000000000e+00
-2.6080178178404622713060234673321247100830078125000000000000000000e+00
-2.6081595209315939776217874168651178479194641113281250000000000000e+00
-2.6083004371182085812108653044560924172401428222656250000000000000e+00
-2.6084407570312859725447651726426556706428527832031250000000000000e+00
-2.6085803530139348715977121173636987805366516113281250000000000000e+00
-2.6087193113488345019845837668981403112411499023437500000000000000e+00
-2.6088575797308224402115683915326371788978576660156250000000000000e+00
-2.6089952353724612521546077914535999298095703125000000000000000000e+00
-2.6091321608532349607401101820869371294975280761718750000000000000e+00
-2.6092685450149470938185913837514817714691162109375000000000000000e+00
-2.6094041625022930119826014561112970113754272460937500000000000000e+00
-2.6095392552069203162545818486250936985015869140625000000000000000e+00
-2.6096736264249482672994417953304946422576904296875000000000000000e+00
-2.6098074174252565704534845281159505248069763183593750000000000000e+00
-2.6099405599634049046642303437693044543266296386718750000000000000e+00
-2.6100730966554541723212423676159232854843139648437500000000000000e+00
-2.6102049823804316375230882840696722269058227539062500000000000000e+00
-2.6103363229816114454706621472723782062530517578125000000000000000e+00
-2.6104669526674841861790810071397572755813598632812500000000000000e+00
-2.6105970980952011295528336631832644343376159667968750000000000000e+00
-2.6107265309337508440989950031507760286331176757812500000000000000e+00
-2.6108554487209629790811504790326580405235290527343750000000000000e+00
-2.6109837349470557121833280689315870404243469238281250000000000000e+00
-2.6111114395504730900654521974502131342887878417968750000000000000e+00
-2.6112385644951117136258744721999391913414001464843750000000000000e+00
-2.6113651222884937119772530422778800129890441894531250000000000000e+00
-2.6114910556527535234749848314095288515090942382812500000000000000e+00
-2.6116165034289386959187595493858680129051208496093750000000000000e+00
-2.6117412755999960261021897167665883898735046386718750000000000000e+00
-2.6118655850547640717707054136553779244422912597656250000000000000e+00
-2.6119892647538818231112145440420135855674743652343750000000000000e+00
-2.6121124130987394273972768132807686924934387207031250000000000000e+00
-2.6122350207284612544356150465318933129310607910156250000000000000e+00
-2.6123570534040370105799411248881369829177856445312500000000000000e+00
-2.6124785515738455643486304325051605701446533203125000000000000000e+00
-2.6125995336709606498004632157972082495689392089843750000000000000e+00
-2.6127199118254225140844937413930892944335937500000000000000000000e+00
-2.6128398462848583250206502270884811878204345703125000000000000000e+00
-2.6129591619473471197920844133477658033370971679687500000000000000e+00
-2.6130780080594684378070269303862005472183227539062500000000000000e+00
-2.6131963169554230930202720628585666418075561523437500000000000000e+00
-2.6133140795883660345566568139474838972091674804687500000000000000e+00
-2.6134313680694010173510832828469574451446533203125000000000000000e+00
-2.6135481126042399147024752892320975661277770996093750000000000000e+00
-2.6136643421438239265341962891397997736930847167968750000000000000e+00
-2.6137801110971734530608046043198555707931518554687500000000000000e+00
-2.6138953022864677144809775199973955750465393066406250000000000000e+00
-2.6140100691006664668236680881818756461143493652343750000000000000e+00
-2.6141242892159950450547967193415388464927673339843750000000000000e+00
-2.6142380232779491855410469725029543042182922363281250000000000000e+00
-2.6143512987281387616178562893765047192573547363281250000000000000e+00
-2.6144640354368284818065149011090397834777832031250000000000000000e+00
-2.6145763308654541567932483303593471646308898925781250000000000000e+00
-2.6146881344354162557408471911912783980369567871093750000000000000e+00
-2.6147994304580111091240723908413201570510864257812500000000000000e+00
-2.6149103114009926152050411474192515015602111816406250000000000000e+00
-2.6150206545255043621978074952494353055953979492187500000000000000e+00
-2.6151305743993438213124136382248252630233764648437500000000000000e+00
-2.6152400206601482679502623795997351408004760742187500000000000000e+00
-2.6153489737637820589100101642543449997901916503906250000000000000e+00
-2.6154575189618589625695221911882981657981872558593750000000000000e+00
-2.6155655590374284891197476099478080868721008300781250000000000000e+00
-2.6156731662221539558288441185140982270240783691406250000000000000e+00
-2.6157803382963358274082565912976861000061035156250000000000000000e+00
-2.6158870151646929080868630990153178572654724121093750000000000000e+00
-2.6159933037755198625973207526840269565582275390625000000000000000e+00
-2.6160991063235381481888452981365844607353210449218750000000000000e+00
-2.6162044804048294466269908298272639513015747070312500000000000000e+00
-2.6163094408191782669348413037369027733802795410156250000000000000e+00
-2.6164139201943719115206476999446749687194824218750000000000000000e+00
-2.6165180153918834449200403469149023294448852539062500000000000000e+00
-2.6166216542797413602272627031197771430015563964843750000000000000e+00
-2.6167248615885316809226424084044992923736572265625000000000000000e+00
-2.6168276796475162804256342496955767273902893066406250000000000000e+00
-2.6169300281183591749822880956344306468963623046875000000000000000e+00
-2.6170319988659458410040770104387775063514709472656250000000000000e+00
-2.6171335373975233018484232161426916718482971191406250000000000000e+00
-2.6172346479677002228925175586482509970664978027343750000000000000e+00
-2.6173353849867391218708689848426729440689086914062500000000000000e+00
-2.6174356705034105274876310431864112615585327148437500000000000000e+00
-2.6175355796314558887161183520220220088958740234375000000000000000e+00
-2.6176350815756470602480021625524386763572692871093750000000000000e+00
-2.6177341595709626709265194222098216414451599121093750000000000000e+00
-2.6178328775322499133437759155640378594398498535156250000000000000e+00
-2.6179311622171677065296080400003120303153991699218750000000000000e+00
-2.6180290727946360362921041087247431278228759765625000000000000000e+00
-2.6181265971916172219380314345471560955047607421875000000000000000e+00
-2.6182237056880293124550007632933557033538818359375000000000000000e+00
-2.6183204631998600042663838394219055771827697753906250000000000000e+00
-2.6184168072924314252247768308734521269798278808593750000000000000e+00
-2.6185127792778843947019140614429488778114318847656250000000000000e+00
-2.6186083836510691824628338508773595094680786132812500000000000000e+00
-2.6187035821396942303351806913269683718681335449218750000000000000e+00
-2.6187984366903274136006984917912632226943969726562500000000000000e+00
-2.6188928969845202132660233473870903253555297851562500000000000000e+00
-2.6189869887009304960656663752160966396331787109375000000000000000e+00
-2.6190807280094792197644437692360952496528625488281250000000000000e+00
-2.6191740736114712539972515514818951487541198730468750000000000000e+00
-2.6192670806061797428299087187042459845542907714843750000000000000e+00
-2.6193597116051021700400269764941185712814331054687500000000000000e+00
-2.6194519789248076335752557497471570968627929687500000000000000000e+00
-2.6195439064192722611323915771208703517913818359375000000000000000e+00
-2.6196354534738026664797416742658242583274841308593750000000000000e+00
-2.6197266666727094808209130860632285475730895996093750000000000000e+00
-2.6198175204872642396480841853190213441848754882812500000000000000e+00
-2.6199080171242110637308542209211736917495727539062500000000000000e+00
-2.6199981842206474524914483481552451848983764648437500000000000000e+00
-2.6200879846888724955533689353615045547485351562500000000000000000e+00
-2.6201774559754045235138164571253582835197448730468750000000000000e+00
-2.6202665827331910186615004931809380650520324707031250000000000000e+00
-2.6203553601265512362772369669983163475990295410156250000000000000e+00
-2.6204438166059866865964522730791941285133361816406250000000000000e+00
-2.6205319201704604381575336446985602378845214843750000000000000000e+00
-2.6206196996009474275979300728067755699157714843750000000000000000e+00
-2.6207071475740666421927471674280241131782531738281250000000000000e+00
-2.6207942550136786863390625512693077325820922851562500000000000000e+00
-2.6208810490162242068379327974980697035789489746093750000000000000e+00
-2.6209675033150841017004495370201766490936279296875000000000000000e+00
-2.6210536390778318427408066781936213374137878417968750000000000000e+00
-2.6211394548536510740177618572488427162170410156250000000000000000e+00
-2.6212249395632114534748779988149181008338928222656250000000000000e+00
-2.6213101176233037925555890979012474417686462402343750000000000000e+00
-2.6213949684147630492248026712331920862197875976562500000000000000e+00
-2.6214795068608061079373783286428079009056091308593750000000000000e+00
-2.6215637354339804687697323970496654510498046875000000000000000000e+00
-2.6216476427033077456485443690326064825057983398437500000000000000e+00
-2.6217312497547324845470484433462843298912048339843750000000000000e+00
-2.6218145410755346880193883407628163695335388183593750000000000000e+00
-2.6218975267600383993737978016724810004234313964843750000000000000e+00
-2.6219802116061217134301841724663972854614257812500000000000000000e+00
-2.6220625849181811162225130829028785228729248046875000000000000000e+00
-2.6221446643130108533625843847403302788734436035156250000000000000e+00
-2.6222264386015852188904773356625810265541076660156250000000000000e+00
-2.6223079143520280354096030350774526596069335937500000000000000000e+00
-2.6223890974763812700132348254555836319923400878906250000000000000e+00
-2.6224699786331209239165218605194240808486938476562500000000000000e+00
-2.6225505721683899373886106332065537571907043457031250000000000000e+00
-2.6226308703647136510994641867000609636306762695312500000000000000e+00
-2.6227108773604470570717239752411842346191406250000000000000000000e+00
-2.6227905993385487448676940402947366237640380859375000000000000000e+00
-2.6228700285741655129356786346761509776115417480468750000000000000e+00
-2.6229491765314993934055110003100708127021789550781250000000000000e+00
-2.6230280381553958690687977650668472051620483398437500000000000000e+00
-2.6231066160137976872590570565080270171165466308593750000000000000e+00
-2.6231849160279465671408161142608150839805603027343750000000000000e+00
-2.6232629321085583207207037048647180199623107910156250000000000000e+00
-2.6233406733037494262816835544072091579437255859375000000000000000e+00
-2.6234181365183948386743395531084388494491577148437500000000000000e+00
-2.6234953233808480099753523973049595952033996582031250000000000000e+00
-2.6235722392581721784665660379687324166297912597656250000000000000e+00
-2.6236488795673973406508139305515214800834655761718750000000000000e+00
-2.6237252514072690878776938916416838765144348144531250000000000000e+00
-2.6238013530727797295583059167256578803062438964843750000000000000e+00
-2.6238771856867377785249573207693174481391906738281250000000000000e+00
-2.6239527539401397149276817799545824527740478515625000000000000000e+00
-2.6240280545524257149736513383686542510986328125000000000000000000e+00
-2.6241030930955377975521969347028061747550964355468750000000000000e+00
-2.6241778688168064803676315932534635066986083984375000000000000000e+00
-2.6242523826117034602134481247048825025558471679687500000000000000e+00
-2.6243266384840322480442864616634324193000793457031250000000000000e+00
-2.6244006342280097321406628907425329089164733886718750000000000000e+00
-2.6244743742463025881761495838873088359832763671875000000000000000e+00
-2.6245478584178472125643111212411895394325256347656250000000000000e+00
-2.6246210875741176060671477898722514510154724121093750000000000000e+00
-2.6246940650847667697576071077492088079452514648437500000000000000e+00
-2.6247667895990915987169955769786611199378967285156250000000000000e+00
-2.6248392646383176263213954371167346835136413574218750000000000000e+00
-2.6249114904877535181526582164224237203598022460937500000000000000e+00
-2.6249834679991632668816237128339707851409912109375000000000000000e+00
-2.6250551999920088697137998678954318165779113769531250000000000000e+00
-2.6251266857757076245150074100820347666740417480468750000000000000e+00
-2.6251979282132551496431460691383108496665954589843750000000000000e+00
-2.6252689278441594389335023151943460106849670410156250000000000000e+00
-2.6253396855741795157257456594379618763923645019531250000000000000e+00
-2.6254102037656652512964683410245925188064575195312500000000000000e+00
-2.6254804822245882967024499521357938647270202636718750000000000000e+00
-2.6255505233239784246279668877832591533660888671875000000000000000e+00
-2.6256203277583134436667933186981827020645141601562500000000000000e+00
-2.6256898964914330285580490453867241740226745605468750000000000000e+00
-2.6257592315178968078726029489189386367797851562500000000000000000e+00
-2.6258283330083576068147976911859586834907531738281250000000000000e+00
-2.6258972029702172257259462639922276139259338378906250000000000000e+00
-2.6259658421901912461748906935099512338638305664062500000000000000e+00
-2.6260342516790693423445191001519560813903808593750000000000000000e+00
-2.6261024331426159328373159951297566294670104980468750000000000000e+00
-2.6261703870129116111797884514089673757553100585937500000000000000e+00
-2.6262381150224824999384054535767063498497009277343750000000000000e+00
-2.6263056180115795790186439262470230460166931152343750000000000000e+00
-2.6263728970208064517066759435692802071571350097656250000000000000e+00
-2.6264399535332985102797920262673869729042053222656250000000000000e+00
-2.6265067881634762692044660070678219199180603027343750000000000000e+00
-2.6265734024349396413811064121546223759651184082031250000000000000e+00
-2.6266397972178592290504184347810223698616027832031250000000000000e+00
-2.6267059735649129770251875015674158930778503417968750000000000000e+00
-2.6267719327898970682610979565652087330818176269531250000000000000e+00
-2.6268376756299920415926862915512174367904663085937500000000000000e+00
-2.6269032034479109505298310978105291724205017089843750000000000000e+00
-2.6269685171291907721524694352410733699798583984375000000000000000e+00
-2.6270336177230495522394448926206678152084350585937500000000000000e+00
-2.6270985064155563115662062045885249972343444824218750000000000000e+00
-2.6271631840223506060283398255705833435058593750000000000000000000e+00
-2.6272276517805686069095827406272292137145996093750000000000000000e+00
-2.6272919105817393869983789045363664627075195312500000000000000000e+00
-2.6273559614594628186523550539277493953704833984375000000000000000e+00
-2.6274198055037212284901215753052383661270141601562500000000000000e+00
-2.6274834435760689999028727470431476831436157226562500000000000000e+00
-2.6275468768143417364058223029132932424545288085937500000000000000e+00
-2.6276101061095480382334699243074283003807067871093750000000000000e+00
-2.6276731324710489445806160802021622657775878906250000000000000000e+00
-2.6277359569162261898611632204847410321235656738281250000000000000e+00
-2.6277985803289500843504811200546100735664367675781250000000000000e+00
-2.6278610037675602661977336538257077336311340332031250000000000000e+00
-2.6279232281176003738210056326352059841156005859375000000000000000e+00
-2.6279852543587671753755330428248271346092224121093750000000000000e+00
-2.6280470834528539825214465963654220104217529296875000000000000000e+00
-2.6281087162892071695807771902764216065406799316406250000000000000e+00
-2.6281701538617716629175902198767289519309997558593750000000000000e+00
-2.6282313970465858155023397557670250535011291503906250000000000000e+00
-2.6282924467908750365552350558573380112648010253906250000000000000e+00
-2.6283533040128403968083148356527090072631835937500000000000000000e+00
-2.6284139695955768267765506607247516512870788574218750000000000000e+00
-2.6284744444802017326878740277606993913650512695312500000000000000e+00
-2.6285347295298446823608173872344195842742919921875000000000000000e+00
-2.6285948256584261706336747010936960577964782714843750000000000000e+00
-2.6286547337487742304062976472778245806694030761718750000000000000e+00
-2.6287144546698342217894150962820276618003845214843750000000000000e+00
-2.6287739893187560547005432454170659184455871582031250000000000000e+00
-2.6288333385429156763279934239108115434646606445312500000000000000e+00
-2.6288925032234553569310264720115810632705688476562500000000000000e+00
-2.6289514842132746252900687977671623229980468750000000000000000000e+00
-2.6290102823621435135237334179691970348358154296875000000000000000e+00
-2.6290688985299697222330905788112431764602661132812500000000000000e+00
-2.6291273335460911830807617661776021122932434082031250000000000000e+00
-2.6291855882602392924241030414123088121414184570312500000000000000e+00
-2.6292436634988676225077597337076440453529357910156250000000000000e+00
-2.6293015600896412209408481430727988481521606445312500000000000000e+00
-2.6293592788602806464837158273439854383468627929687500000000000000e+00
-2.6294168206203600846038170857354998588562011718750000000000000000e+00
-2.6294741861900079449299028055975213646888732910156250000000000000e+00
-2.6295313763713776822328327398281544446945190429687500000000000000e+00
-2.6295883919686140473004343220964074134826660156250000000000000000e+00
-2.6296452337809728128092956467298790812492370605468750000000000000e+00
-2.6297019025971075656400444131577387452125549316406250000000000000e+00
-2.6297583992094701876851559063652530312538146972656250000000000000e+00
-2.6298147243972249675891816877992823719978332519531250000000000000e+00
-2.6298708789406095576168809202499687671661376953125000000000000000e+00
-2.6299268636131212240059085161192342638969421386718750000000000000e+00
-2.6299826791818596838368193857604637742042541503906250000000000000e+00
-2.6300383264134525873600978229660540819168090820312500000000000000e+00
-2.6300938060649001748458886140724644064903259277343750000000000000e+00
-2.6301491188928078912567798397503793239593505859375000000000000000e+00
-2.6302042656468729298069320066133514046669006347656250000000000000e+00
-2.6302592470724466267029129085130989551544189453125000000000000000e+00
-2.6303140639120039523390914837364107370376586914062500000000000000e+00
-2.6303687169009632995653191755991429090499877929687500000000000000e+00
-2.6304232067729667043920471769524738192558288574218750000000000000e+00
-2.6304775342553279315893632883671671152114868164062500000000000000e+00
-2.6305317000718235753708995616761967539787292480468750000000000000e+00
-2.6305857049422036730845775309717282652854919433593750000000000000e+00
-2.6306395495808154727512828685576096177101135253906250000000000000e+00
-2.6306932346991938054259208001894876360893249511718750000000000000e+00
-2.6307467610033272720215791196096688508987426757812500000000000000e+00
-2.6308001291958484912925086973700672388076782226562500000000000000e+00
-2.6308533399749913783693955338094383478164672851562500000000000000e+00
-2.6309063940345445153923265024786815047264099121093750000000000000e+00
-2.6309592920648383618242860393365845084190368652343750000000000000e+00
-2.6310120347513903382719036017078906297683715820312500000000000000e+00
-2.6310646227762859439280873630195856094360351562500000000000000000e+00
-2.6311170568172470574097587814321741461753845214843750000000000000e+00
-2.6311693375480555978640495595755055546760559082031250000000000000e+00
-2.6312214656387435951501174713484942913055419921875000000000000000e+00
-2.6312734417550669441254740377189591526985168457031250000000000000e+00
-2.6313252665592523626969523320440202951431274414062500000000000000e+00
-2.6313769407093712260348183917813003063201904296875000000000000000e+00
-2.6314284648597969784589167829835787415504455566406250000000000000e+00
-2.6314798396610941111362080846447497606277465820312500000000000000e+00
-2.6315310657599257915251200756756588816642761230468750000000000000e+00
-2.6315821437993696108037511294241994619369506835937500000000000000e+00
-2.6316330744185996159956175688421353697776794433593750000000000000e+00
-2.6316838582532153800741525628836825489997863769531250000000000000e+00
-2.6317344959350776889550616033375263214111328125000000000000000000e+00
-2.6317849880923924743569841666612774133682250976562500000000000000e+00
-2.6318353353497969671082046261290088295936584472656250000000000000e+00
-2.6318855383282513393794488365529105067253112792968750000000000000e+00
-2.6319355976452225576167620602063834667205810546875000000000000000e+00
-2.6319855139145751365958858514204621315002441406250000000000000000e+00
-2.6320352877466759444757826713612303137779235839843750000000000000e+00
-2.6320849197484053050288821395952254533767700195312500000000000000e+00
-2.6321344105231445631432052323361858725547790527343750000000000000e+00
-2.6321837606708649026643342949682846665382385253906250000000000000e+00
-2.6322329707880838256528477359097450971603393554687500000000000000e+00
-2.6322820414679477529773521382594481110572814941406250000000000000e+00
-2.6323309733002204779950261581689119338989257812500000000000000000e+00
-2.6323797668713107000826312287244945764541625976562500000000000000e+00
-2.6324284227643208744495950668351724743843078613281250000000000000e+00
-2.6324769415590330012832964712288230657577514648437500000000000000e+00
-2.6325253238319645809895064303418621420860290527343750000000000000e+00
-2.6325735701563721669060669228201732039451599121093750000000000000e+00
-2.6326216811022837838152099720900878310203552246093750000000000000e+00
-2.6326696572365198001364205993013456463813781738281250000000000000e+00
-2.6327174991227084710487815755186602473258972167968750000000000000e+00
-2.6327652073213250183414402272319421172142028808593750000000000000e+00
-2.6328127823896916304136084363562986254692077636718750000000000000e+00
-2.6328602248820178743926589959301054477691650390625000000000000000e+00
-2.6329075353494171274348900624318048357963562011718750000000000000e+00
-2.6329547143399194553126108075957745313644409179687500000000000000e+00
-2.6330017623985080277293491235468536615371704101562500000000000000e+00
-2.6330486800671280001040486240526661276817321777343750000000000000e+00
-2.6330954678847122707452399481553584337234497070312500000000000000e+00
-2.6331421263872072380252120638033375144004821777343750000000000000e+00
-2.6331886561075821262534191191662102937698364257812500000000000000e+00
-2.6332350575758618482780093472683802247047424316406250000000000000e+00
-2.6332813313191372195376516174292191863059997558593750000000000000e+00
-2.6333274778615938238601756893331184983253479003906250000000000000e+00
-2.6333734977245266684064972650958225131034851074218750000000000000e+00
-2.6334193914263583913282218418316915631294250488281250000000000000e+00
-2.6334651594826672393878652655985206365585327148437500000000000000e+00
-2.6335108024061968379214704327750951051712036132812500000000000000e+00
-2.6335563207068797275667293433798477053642272949218750000000000000e+00
-2.6336017148918635655263642547652125358581542968750000000000000000e+00
-2.6336469854655115696573375316802412271499633789062500000000000000e+00
-2.6336921329294500360163056029705330729484558105468750000000000000e+00
-2.6337371577825554602725333097623661160469055175781250000000000000e+00
-2.6337820605209945057367804110981523990631103515625000000000000000e+00
-2.6338268416382395464836463361280038952827453613281250000000000000e+00
-2.6338715016250753286897179350489750504493713378906250000000000000e+00
-2.6339160409696336095919377839891240000724792480468750000000000000e+00
-2.6339604601573953779336534353205934166908264160156250000000000000e+00
-2.6340047596712250488337758724810555577278137207031250000000000000e+00
-2.6340489399913713519651992100989446043968200683593750000000000000e+00
-2.6340930015954975296210704982513561844825744628906250000000000000e+00
-2.6341369449586924389450359740294516086578369140625000000000000000e+00
-2.6341807705534896477672646142309531569480895996093750000000000000e+00
-2.6342244788498856422620519879274070262908935546875000000000000000e+00
-2.6342680703153540378025354584679007530212402343750000000000000000e+00
-2.6343115454148668952427669864846393465995788574218750000000000000e+00
-2.6343549046109022704342805809574201703071594238281250000000000000e+00
-2.6343981483634784090952507540350779891014099121093750000000000000e+00
-2.6344412771301466413831349200336262583732604980468750000000000000e+00
-2.6344842913660277972098811005707830190658569335937500000000000000e+00
-2.6345271915238188675800756755052134394645690917968750000000000000e+00
-2.6345699780538089918024979851907119154930114746093750000000000000e+00
-2.6346126514039003296829832834191620349884033203125000000000000000e+00
-2.6346552120196156110409901884850114583969116210937500000000000000e+00
-2.6346976603441292219542901875684037804603576660156250000000000000e+00
-2.6347399968182596552424001856707036495208740234375000000000000000e+00
-2.6347822218805059257817902107490226626396179199218750000000000000e+00
-2.6348243359670546759332410147180780768394470214843750000000000000e+00
-2.6348663395117886132368312246399000287055969238281250000000000000e+00
-2.6349082329463171525674169970443472266197204589843750000000000000e+00
-2.6349500166999773043130517180543392896652221679687500000000000000e+00
-2.6349916911998549906570588063914328813552856445312500000000000000e+00
-2.6350332568707997005219567654421553015708923339843750000000000000e+00
-2.6350747141354338154428660345729440450668334960937500000000000000e+00
-2.6351160634141779226524704426992684602737426757812500000000000000e+00
-2.6351573051252503709918073582230135798454284667968750000000000000e+00
-2.6351984396846974689765374932903796434402465820312500000000000000e+00
-2.6352394675063934847969449037918820977210998535156250000000000000e+00
-2.6352803890020646271352688927436247467994689941406250000000000000e+00
-2.6353212045812983710391108616022393107414245605468750000000000000e+00
-2.6353619146515567805977298121433705091476440429687500000000000000e+00
-2.6354025196181916079751772485906258225440979003906250000000000000e+00
-2.6354430198844598365326419298071414232254028320312500000000000000e+00
-2.6354834158515343389694862707983702421188354492187500000000000000e+00
-2.6355237079185154236427024443401023745536804199218750000000000000e+00
-2.6355638964824503744921457837335765361785888671875000000000000000e+00
-2.6356039819383396682894726836821064352989196777343750000000000000e+00
-2.6356439646791565145633740030461922287940979003906250000000000000e+00
-2.6356838450958535169377228157827630639076232910156250000000000000e+00
-2.6357236235773804366999684134498238563537597656250000000000000000e+00
-2.6357633005106952950313825567718595266342163085937500000000000000e+00
-2.6358028762807741429696761770173907279968261718750000000000000000e+00
-2.6358423512706310454234426288167014718055725097656250000000000000e+00
-2.6358817258613207457074167905375361442565917968750000000000000000e+00
-2.6359210004319604259137577173532918095588684082031250000000000000e+00
-2.6359601753597345918933569919317960739135742187500000000000000000e+00
-2.6359992510199115045566031767521053552627563476562500000000000000e+00
-2.6360382277858547261928379157325252890586853027343750000000000000e+00
-2.6360771060290342227006021857960149645805358886718750000000000000e+00
-2.6361158861190365776394628483103588223457336425781250000000000000e+00
-2.6361545684235809794415672513423487544059753417968750000000000000e+00
-2.6361931533085267709282106807222589850425720214843750000000000000e+00
-2.6362316411378881042537614121101796627044677734375000000000000000e+00
-2.6362700322738454872251168126240372657775878906250000000000000000e+00
-2.6363083270767546650859003420919179916381835937500000000000000000e+00
-2.6363465259051594991035472048679366707801818847656250000000000000e+00
-2.6363846291158039569779703015228733420372009277343750000000000000e+00
-2.6364226370636409946257572300964966416358947753906250000000000000e+00
-2.6364605501018472111240953381638973951339721679687500000000000000e+00
-2.6364983685818277336920800735242664813995361328125000000000000000e+00
-2.6365360928532379780619976372690871357917785644531250000000000000e+00
-2.6365737232639805398548560333438217639923095703125000000000000000e+00
-2.6366112601602296194869268219918012619018554687500000000000000000e+00
-2.6366487038864310221697451197542250156402587890625000000000000000e+00
-2.6366860547853181451216642017243430018424987792968750000000000000e+00
-2.6367233131979221916196820529876276850700378417968750000000000000e+00
-2.6367604794635810527836383698740974068641662597656250000000000000e+00
-2.6367975539199504098064608115237206220626831054687500000000000000e+00
-2.6368345369030152802736211015144363045692443847656250000000000000e+00
-2.6368714287470966795012827788013964891433715820312500000000000000e+00
-2.6369082297848667195694360998459160327911376953125000000000000000e+00
-2.6369449403473552706600457895547151565551757812500000000000000000e+00
-2.6369815607639597310196677426574751734733581542968750000000000000e+00
-2.6370180913624552410112755751470103859901428222656250000000000000e+00
-2.6370545324690088939689758262829855084419250488281250000000000000e+00
-2.6370908844081815125548473588423803448677062988281250000000000000e+00
-2.6371271475029449682381255115615203976631164550781250000000000000e+00
-2.6371633220746870662765104498248547315597534179687500000000000000e+00
-2.6371994084432235361248331173555925488471984863281250000000000000e+00
-2.6372354069268055809516226872801780700683593750000000000000000000e+00
-2.6372713178421292035125134134432300925254821777343750000000000000e+00
-2.6373071415043503051833795325364917516708374023437500000000000000e+00
-2.6373428782270798009790269134100526571273803710937500000000000000e+00
-2.6373785283224155939763022615807130932807922363281250000000000000e+00
-2.6374140921009243676564892666647210717201232910156250000000000000e+00
-2.6374495698716784453097261575749143958091735839843750000000000000e+00
-2.6374849619422375823774018499534577131271362304687500000000000000e+00
-2.6375202686186809408752651506802067160606384277343750000000000000e+00
-2.6375554902056022044121164071839302778244018554687500000000000000e+00
-2.6375906270061224567768931592581793665885925292968750000000000000e+00
-2.6376256793219039487041754910023882985115051269531250000000000000e+00
-2.6376606474531452128928776801330968737602233886718750000000000000e+00
-2.6376955316986072652696293516783043742179870605468750000000000000e+00
-2.6377303323556051672937883267877623438835144042968750000000000000e+00
-2.6377650497200328949531922262394800782203674316406250000000000000e+00
-2.6377996840863557892475910193752497434616088867187500000000000000e+00
-2.6378342357476309842923001269809901714324951171875000000000000000e+00
-2.6378687049955091836750398215372115373611450195312500000000000000e+00
-2.6379030921202466508646011789096519351005554199218750000000000000e+00
-2.6379373974107105382813642791006714105606079101562500000000000000e+00
-2.6379716211543899895275444578146561980247497558593750000000000000e+00
-2.6380057636373983598332415567710995674133300781250000000000000000e+00
-2.6380398251444914237140437762718647718429565429687500000000000000e+00
-2.6380738059590638222573488747002556920051574707031250000000000000e+00
-2.6381077063631659385123384709004312753677368164062500000000000000e+00
-2.6381415266375047856683977443026378750801086425781250000000000000e+00
-2.6381752670614608824450897373026236891746520996093750000000000000e+00
-2.6382089279130833681108470045728608965873718261718750000000000000e+00
-2.6382425094691090983189951657550409436225891113281250000000000000e+00
-2.6382760120049639773753824556479230523109436035156250000000000000e+00
-2.6383094357947727282009964255848899483680725097656250000000000000e+00
-2.6383427811113668859377412445610389113426208496093750000000000000e+00
-2.6383760482262896829297460499219596385955810546875000000000000000e+00
-2.6384092374098058186859816487412899732589721679687500000000000000e+00
-2.6384423489309090093968279688851907849311828613281250000000000000e+00
-2.6384753830573286492722218099515885114669799804687500000000000000e+00
-2.6385083400555320309877060935832560062408447265625000000000000000e+00
-2.6385412201907434415204534161603078246116638183593750000000000000e+00
-2.6385740237269410535247970983618870377540588378906250000000000000e+00
-2.6386067509268635866703789361054077744483947753906250000000000000e+00
-2.6386394020520276271213333529885858297348022460937500000000000000e+00
-2.6386719773627236307333987497258931398391723632812500000000000000e+00
-2.6387044771180279134625834558391943573951721191406250000000000000e+00
-2.6387369015758079804356839304091408848762512207031250000000000000e+00
-2.6387692509927309636452719132648780941963195800781250000000000000e+00
-2.6388015256242707273770520259859040379524230957031250000000000000e+00
-2.6388337257247105327451208722777664661407470703125000000000000000e+00
-2.6388658515471563603682625398505479097366333007812500000000000000e+00
-2.6388979033435391308159978507319465279579162597656250000000000000e+00
-2.6389298813646209218575222621439024806022644042968750000000000000e+00
-2.6389617858600029620674831676296889781951904296875000000000000000e+00
-2.6389936170781309598964980978053063154220581054687500000000000000e+00
-2.6390253752663035413661418715491890907287597656250000000000000000e+00
-2.6390570606706797995855140470666810870170593261718750000000000000e+00
-2.6390886735362801829296586220152676105499267578125000000000000000e+00
-2.6391202141070002618050693854456767439842224121093750000000000000e+00
-2.6391516826256080641144308174261823296546936035156250000000000000e+00
-2.6391830793337587302005431411089375615119934082031250000000000000e+00
-2.6392144044719945128463223227299749851226806640625000000000000000e+00
-2.6392456582797567676834660232998430728912353515625000000000000000e+00
-2.6392768409953868413708732987288385629653930664062500000000000000e+00
-2.6393079528561362856464711512671783566474914550781250000000000000e+00
-2.6393389940981699659516834799433127045631408691406250000000000000e+00
-2.6393699649565709464127394312527030706405639648437500000000000000e+00
-2.6394008656653520361601295007858425378799438476562500000000000000e+00
-2.6394316964574544570609759830404072999954223632812500000000000000e+00
-2.6394624575647624986629580234875902533531188964843750000000000000e+00
-2.6394931492180986332130032678833231329917907714843750000000000000e+00
-2.6395237716472381706012129143346101045608520507812500000000000000e+00
-2.6395543250809128110745405138004571199417114257812500000000000000e+00
-2.6395848097468137538612609205301851034164428710937500000000000000e+00
-2.6396152258715974703306983428774401545524597167968750000000000000e+00
-2.6396455736808923653313740942394360899925231933593750000000000000e+00
-2.6396758533993183171162399958120658993721008300781250000000000000e+00
-2.6397060652504600319900873728329315781593322753906250000000000000e+00
-2.6397362094568874724132001574616879224777221679687500000000000000e+00
-2.6397662862401953809410315443528816103935241699218750000000000000e+00
-2.6397962958209690853550455358345061540603637695312500000000000000e+00
-2.6398262384187596296669653384014964103698730468750000000000000000e+00
-2.6398561142521503875002508721081539988517761230468750000000000000e+00
-2.6398859235388134614197497285204008221626281738281250000000000000e+00
-2.6399156664953631334924466500524431467056274414062500000000000000e+00
-2.6399453433373669675177097815321758389472961425781250000000000000e+00
-2.6399749542795616363832778006326407194137573242187500000000000000e+00
-2.6400044995358227239989901136141270399093627929687500000000000000e+00
-2.6400339793187788117734271509107202291488647460937500000000000000e+00
-2.6400633938400424050030323996907100081443786621093750000000000000e+00
-2.6400927433107912456478061358211562037467956542968750000000000000e+00
-2.6401220279412060953916352445958182215690612792968750000000000000e+00
-2.6401512479396402888198736036429181694984436035156250000000000000e+00
-2.6401804035139533333165218209614977240562438964843750000000000000e+00
-2.6402094948724390555128138657892122864723205566406250000000000000e+00
-2.6402385222212241266959154017968103289604187011718750000000000000e+00
-2.6402674857636232452762214961694553494453430175781250000000000000e+00
-2.6402963857048646900693711359053850173950195312500000000000000000e+00
-2.6403252222515507519062794017372652888298034667968750000000000000e+00
-2.6403539956035677604972988774534314870834350585937500000000000000e+00
-2.6403827059582218872435532830422744154930114746093750000000000000e+00
-2.6404113535224955633395893528359010815620422363281250000000000000e+00
-2.6404399385015064893877934082411229610443115234375000000000000000e+00
-2.6404684610817383827452431432902812957763671875000000000000000000e+00
-2.6404969214564819601775980117963626980781555175781250000000000000e+00
-2.6405253198470526321273155190283432602882385253906250000000000000e+00
-2.6405536564489637818553546821931377053260803222656250000000000000e+00
-2.6405819314158147648186059086583554744720458984375000000000000000e+00
-2.6406101449603878172922577505232766270637512207031250000000000000e+00
-2.6406382973418081050454020441975444555282592773437500000000000000e+00
-2.6406663886976797783745496417395770549774169921875000000000000000e+00
-2.6406944191254910769828256889013573527336120605468750000000000000e+00
-2.6407223889507966951839534885948523879051208496093750000000000000e+00
-2.6407502984767292630863266822416335344314575195312500000000000000e+00
-2.6407781476155682831574722513323649764060974121093750000000000000e+00
-2.6408059364729026263773903338005766272544860839843750000000000000e+00
-2.6408336657294353422287258581491187214851379394531250000000000000e+00
-2.6408613355554986235063097410602495074272155761718750000000000000e+00
-2.6408889452853863133441336685791611671447753906250000000000000000e+00
-2.6409164954163641958473363047232851386070251464843750000000000000e+00
-2.6409439875696167909779887850163504481315612792968750000000000000e+00
-2.6409714207990382384139138594036921858787536621093750000000000000e+00
-2.6409987931775007474755057046422734856605529785156250000000000000e+00
-2.6410261077113861283294227177975699305534362792968750000000000000e+00
-2.6410533672834888285763099702307954430580139160156250000000000000e+00
-2.6410805660202516520485005457885563373565673828125000000000000000e+00
-2.6411077016397102035227817395934835076332092285156250000000000000e+00
-2.6411347861702183514864827884593978524208068847656250000000000000e+00
-2.6411618188722636446641445218119770288467407226562500000000000000e+00
-2.6411887809699137186214557004859670996665954589843750000000000000e+00
-2.6412156818738168340132688172161579132080078125000000000000000000e+00
-2.6412425485030901484151399927213788032531738281250000000000000000e+00
-2.6412693591741067677958199055865406990051269531250000000000000000e+00
-2.6412960751419589655597519595175981521606445312500000000000000000e+00
-2.6413227486634083263083994097542017698287963867187500000000000000e+00
-2.6413494405210666826633314485661685466766357421875000000000000000e+00
-2.6413760393642133905700575269293040037155151367187500000000000000e+00
-2.6414024714610793154179191333241760730743408203125000000000000000e+00
-2.6414289928749319358303182525560259819030761718750000000000000000e+00
-2.6414556709635239606370760157005861401557922363281250000000000000e+00
-2.6414820488414130217336150963092222809791564941406250000000000000e+00
-2.6415082743055386949038165766978636384010314941406250000000000000e+00
