9.5640234781317383749410510063171386718750000000000000000000000000e+04
9.5640234781317383749410510063171386718750000000000000000000000000e+04
2.1361130904932695557363331317901611328125000000000000000000000000e+05
1.1582555356413737172260880470275878906250000000000000000000000000e+05
7.2887932619091065134853124618530273437500000000000000000000000000e+04
5.0219033988569572102278470993041992187500000000000000000000000000e+04
3.6771623896061850246042013168334960937500000000000000000000000000e+04
2.8133086572237021755427122116088867187500000000000000000000000000e+04
2.2239000187047466170042753219604492187500000000000000000000000000e+04
1.8016467358463502023369073867797851562500000000000000000000000000e+04
1.4891514920128567609935998916625976562500000000000000000000000000e+04
1.2543296251879713963717222213745117187500000000000000000000000000e+04
1.0688151536416611634194850921630859375000000000000000000000000000e+04
9.2092481283723609521985054016113281250000000000000000000000000000e+03
8.0280628484678454697132110595703125000000000000000000000000000000e+03
7.0655884902412071824073791503906250000000000000000000000000000000e+03
6.2665374736246885731816291809082031250000000000000000000000000000e+03
5.5902694430898409336805343627929687500000000000000000000000000000e+03
5.0156329098074929788708686828613281250000000000000000000000000000e+03
4.5250275730533758178353309631347656250000000000000000000000000000e+03
4.1048614852414466440677642822265625000000000000000000000000000000e+03
3.7417647986474912613630294799804687500000000000000000000000000000e+03
3.4255313987624831497669219970703125000000000000000000000000000000e+03
3.1474879931891337037086486816406250000000000000000000000000000000e+03
2.9015303005570312961935997009277343750000000000000000000000000000e+03
2.6825992642989149317145347595214843750000000000000000000000000000e+03
2.4868526836463715881109237670898437500000000000000000000000000000e+03
2.3115416067189071327447891235351562500000000000000000000000000000e+03
2.1544810520473401993513107299804687500000000000000000000000000000e+03
2.0120725661473115906119346618652343750000000000000000000000000000e+03
1.8829275509893195703625679016113281250000000000000000000000000000e+03
1.7674923376450315117835998535156250000000000000000000000000000000e+03
1.6624581433886196464300155639648437500000000000000000000000000000e+03
1.5648065648991614580154418945312500000000000000000000000000000000e+03
1.4758887157755671069025993347167968750000000000000000000000000000e+03
1.3950769830638309940695762634277343750000000000000000000000000000e+03
1.3207363264957675710320472717285156250000000000000000000000000000e+03
1.2521170997765148058533668518066406250000000000000000000000000000e+03
1.1880636422742391005158424377441406250000000000000000000000000000e+03
1.1282994987831916660070419311523437500000000000000000000000000000e+03
1.0729747231145156547427177429199218750000000000000000000000000000e+03
1.0221681813558097928762435913085937500000000000000000000000000000e+03
9.7481707712751813232898712158203125000000000000000000000000000000e+02
9.2995089346310123801231384277343750000000000000000000000000000000e+02
8.8845393818127922713756561279296875000000000000000000000000000000e+02
8.5009540299768559634685516357421875000000000000000000000000000000e+02
8.1383268158137798309326171875000000000000000000000000000000000000e+02
7.7929880322259850800037384033203125000000000000000000000000000000e+02
7.4647266278811730444431304931640625000000000000000000000000000000e+02
7.1615980305778793990612030029296875000000000000000000000000000000e+02
6.8859923564898781478404998779296875000000000000000000000000000000e+02
6.6196062571182847023010253906250000000000000000000000000000000000e+02
6.3615207071579061448574066162109375000000000000000000000000000000e+02
6.1260357542242854833602905273437500000000000000000000000000000000e+02
5.9045796489017084240913391113281250000000000000000000000000000000e+02
5.6868565826048143208026885986328125000000000000000000000000000000e+02
5.4788328585261479020118713378906250000000000000000000000000000000e+02
5.2880059144203551113605499267578125000000000000000000000000000000e+02
8.9109874516678974032402038574218750000000000000000000000000000000e+02
2.2910859998257365077733993530273437500000000000000000000000000000e+03
3.6069141203248873353004455566406250000000000000000000000000000000e+03
2.8697141879072878509759902954101562500000000000000000000000000000e+03
1.1824014255972579121589660644531250000000000000000000000000000000e+03
5.1132744448143057525157928466796875000000000000000000000000000000e+02
4.9539366024732589721679687500000000000000000000000000000000000000e+02
4.8016995250131003558635711669921875000000000000000000000000000000e+02
4.6561263461690396070480346679687500000000000000000000000000000000e+02
4.5166798695083707571029663085937500000000000000000000000000000000e+02
4.3829192905197851359844207763671875000000000000000000000000000000e+02
4.2547069109277799725532531738281250000000000000000000000000000000e+02
4.1317289401078596711158752441406250000000000000000000000000000000e+02
4.0135462527279742062091827392578125000000000000000000000000000000e+02
3.8999852948216721415519714355468750000000000000000000000000000000e+02
3.7909059897484257817268371582031250000000000000000000000000000000e+02
3.6859228261536918580532073974609375000000000000000000000000000000e+02
3.5848554171109572052955627441406250000000000000000000000000000000e+02
3.4876390524231828749179840087890625000000000000000000000000000000e+02
3.3940088927675969898700714111328125000000000000000000000000000000e+02
3.3038221271894872188568115234375000000000000000000000000000000000e+02
3.2170056593231856822967529296875000000000000000000000000000000000e+02
3.1332677676202729344367980957031250000000000000000000000000000000e+02
3.0523679417441599071025848388671875000000000000000000000000000000e+02
2.9744371509319171309471130371093750000000000000000000000000000000e+02
2.8993551823473535478115081787109375000000000000000000000000000000e+02
2.8266557558951899409294128417968750000000000000000000000000000000e+02
2.7564720414415933191776275634765625000000000000000000000000000000e+02
2.6888372061541303992271423339843750000000000000000000000000000000e+02
2.6233303675195202231407165527343750000000000000000000000000000000e+02
2.5599983794405125081539154052734375000000000000000000000000000000e+02
2.4988725885841995477676391601562500000000000000000000000000000000e+02
2.4396785295079462230205535888671875000000000000000000000000000000e+02
2.3823523433506488800048828125000000000000000000000000000000000000e+02
2.3269407604890875518321990966796875000000000000000000000000000000e+02
2.2732965306588448584079742431640625000000000000000000000000000000e+02
2.2212863508332520723342895507812500000000000000000000000000000000e+02
2.1709249496436677873134613037109375000000000000000000000000000000e+02
2.1221798789245076477527618408203125000000000000000000000000000000e+02
2.0748880114615894854068756103515625000000000000000000000000000000e+02
2.0289846645225770771503448486328125000000000000000000000000000000e+02
1.9845824974123388528823852539062500000000000000000000000000000000e+02
1.9414602258126251399517059326171875000000000000000000000000000000e+02
1.8995477522118017077445983886718750000000000000000000000000000000e+02
1.8590148370270617306232452392578125000000000000000000000000000000e+02
1.8195712239667773246765136718750000000000000000000000000000000000e+02
1.7812513657775707542896270751953125000000000000000000000000000000e+02
1.7441282407823018729686737060546875000000000000000000000000000000e+02
1.7079930612328462302684783935546875000000000000000000000000000000e+02
1.6729054136341437697410583496093750000000000000000000000000000000e+02
1.6387902122410014271736145019531250000000000000000000000000000000e+02
1.6056503698229789733886718750000000000000000000000000000000000000e+02
1.5734313304582610726356506347656250000000000000000000000000000000e+02
1.5420352531690150499343872070312500000000000000000000000000000000e+02
1.5115850008558481931686401367187500000000000000000000000000000000e+02
1.4819186795968562364578247070312500000000000000000000000000000000e+02
1.4529965715366415679454803466796875000000000000000000000000000000e+02
1.4249495247402228415012359619140625000000000000000000000000000000e+02
1.3975860117236152291297912597656250000000000000000000000000000000e+02
1.3708954734005965292453765869140625000000000000000000000000000000e+02
1.3450166090042330324649810791015625000000000000000000000000000000e+02
1.3197273025661706924438476562500000000000000000000000000000000000e+02
1.2950557725643739104270935058593750000000000000000000000000000000e+02
1.2711423334968276321887969970703125000000000000000000000000000000e+02
1.2477155795693397521972656250000000000000000000000000000000000000e+02
1.2248886230238713324069976806640625000000000000000000000000000000e+02
1.2027452427009120583534240722656250000000000000000000000000000000e+02
1.1810048968065530061721801757812500000000000000000000000000000000e+02
1.1598675355105660855770111083984375000000000000000000000000000000e+02
1.1393096472718752920627593994140625000000000000000000000000000000e+02
1.1191157876467332243919372558593750000000000000000000000000000000e+02
1.0995155417290516197681427001953125000000000000000000000000000000e+02
1.0803847375488840043544769287109375000000000000000000000000000000e+02
1.0616186089511029422283172607421875000000000000000000000000000000e+02
1.0434052748838439583778381347656250000000000000000000000000000000e+02
1.0255750451795756816864013671875000000000000000000000000000000000e+02
1.0081224389816634356975555419921875000000000000000000000000000000e+02
9.9116088248090818524360656738281250000000000000000000000000000000e+01
9.7452470348449423909187316894531250000000000000000000000000000000e+01
9.5827771896496415138244628906250000000000000000000000000000000000e+01
9.4244661222212016582489013671875000000000000000000000000000000000e+01
9.2691539724357426166534423828125000000000000000000000000000000000e+01
9.1176933794049546122550964355468750000000000000000000000000000000e+01
8.9696356052532792091369628906250000000000000000000000000000000000e+01
8.8246072956593707203865051269531250000000000000000000000000000000e+01
8.6831206410191953182220458984375000000000000000000000000000000000e+01
8.5444796561496332287788391113281250000000000000000000000000000000e+01
8.4089773515472188591957092285156250000000000000000000000000000000e+01
8.2765288939932361245155334472656250000000000000000000000000000000e+01
8.1466138534015044569969177246093750000000000000000000000000000000e+01
8.0198790660127997398376464843750000000000000000000000000000000000e+01
7.8956617917167022824287414550781250000000000000000000000000000000e+01
7.7738712758291512727737426757812500000000000000000000000000000000e+01
7.6551565604517236351966857910156250000000000000000000000000000000e+01
7.5384965319652110338211059570312500000000000000000000000000000000e+01
7.4242758401203900575637817382812500000000000000000000000000000000e+01
7.3128685566363856196403503417968750000000000000000000000000000000e+01
7.2032049328321591019630432128906250000000000000000000000000000000e+01
7.0960343032609671354293823242187500000000000000000000000000000000e+01
6.9912450978299602866172790527343750000000000000000000000000000000e+01
6.8881647297414019703865051269531250000000000000000000000000000000e+01
6.7874658935703337192535400390625000000000000000000000000000000000e+01
6.6887324111536145210266113281250000000000000000000000000000000000e+01
6.5918772935401648283004760742187500000000000000000000000000000000e+01
6.4970245065400376915931701660156250000000000000000000000000000000e+01
6.4039790263399481773376464843750000000000000000000000000000000000e+01
6.3128965858835726976394653320312500000000000000000000000000000000e+01
6.2233784242765977978706359863281250000000000000000000000000000000e+01
6.1357103828340768814086914062500000000000000000000000000000000000e+01
6.0499085796531289815902709960937500000000000000000000000000000000e+01
5.9653435130137950181961059570312500000000000000000000000000000000e+01
5.8827195299556478857994079589843750000000000000000000000000000000e+01
5.8017543478170409798622131347656250000000000000000000000000000000e+01
5.7218141541117802262306213378906250000000000000000000000000000000e+01
5.6439134043641388416290283203125000000000000000000000000000000000e+01
5.5673746327171102166175842285156250000000000000000000000000000000e+01
5.4917756145354360342025756835937500000000000000000000000000000000e+01
5.4183020193129777908325195312500000000000000000000000000000000000e+01
5.3457774904323741793632507324218750000000000000000000000000000000e+01
5.2743393788812682032585144042968750000000000000000000000000000000e+01
5.2049245957285165786743164062500000000000000000000000000000000000e+01
5.1361063485732302069664001464843750000000000000000000000000000000e+01
5.0686600485816597938537597656250000000000000000000000000000000000e+01
5.0028944142861291766166687011718750000000000000000000000000000000e+01
4.9376182250212877988815307617187500000000000000000000000000000000e+01
4.8738955063745379447937011718750000000000000000000000000000000000e+01
4.8114622968714684247970581054687500000000000000000000000000000000e+01
4.7495889348676428198814392089843750000000000000000000000000000000e+01
4.6892780888825654983520507812500000000000000000000000000000000000e+01
4.6299643785227090120315551757812500000000000000000000000000000000e+01
4.5713114150799810886383056640625000000000000000000000000000000000e+01
4.5141393022844567894935607910156250000000000000000000000000000000e+01
4.4577671826817095279693603515625000000000000000000000000000000000e+01
4.4021382380276918411254882812500000000000000000000000000000000000e+01
4.3478723819833248853683471679687500000000000000000000000000000000e+01
4.2942723547806963324546813964843750000000000000000000000000000000e+01
4.2414872886147350072860717773437500000000000000000000000000000000e+01
4.1899022472323849797248840332031250000000000000000000000000000000e+01
4.1389457127079367637634277343750000000000000000000000000000000000e+01
4.0887999742757529020309448242187500000000000000000000000000000000e+01
4.0397183697437867522239685058593750000000000000000000000000000000e+01
3.9912808116059750318527221679687500000000000000000000000000000000e+01
3.9435586278792470693588256835937500000000000000000000000000000000e+01
3.8968663376057520508766174316406250000000000000000000000000000000e+01
3.8507803193293511867523193359375000000000000000000000000000000000e+01
3.8053142582299187779426574707031250000000000000000000000000000000e+01
3.7609056295128539204597473144531250000000000000000000000000000000e+01
3.7169867092743515968322753906250000000000000000000000000000000000e+01
3.6736647764453664422035217285156250000000000000000000000000000000e+01
3.6314044199418276548385620117187500000000000000000000000000000000e+01
3.5894996442599222064018249511718750000000000000000000000000000000e+01
3.5482217678567394614219665527343750000000000000000000000000000000e+01
3.5079662871547043323516845703125000000000000000000000000000000000e+01
3.4679534044349566102027893066406250000000000000000000000000000000e+01
3.4286138595314696431159973144531250000000000000000000000000000000e+01
3.3902347390772774815559387207031250000000000000000000000000000000e+01
3.3519983986858278512954711914062500000000000000000000000000000000e+01
3.3145045015960931777954101562500000000000000000000000000000000000e+01
3.2778704166179522871971130371093750000000000000000000000000000000e+01
3.2413175697205588221549987792968750000000000000000000000000000000e+01
3.2055744331330060958862304687500000000000000000000000000000000000e+01
3.1705597676802426576614379882812500000000000000000000000000000000e+01
3.1356200043577700853347778320312500000000000000000000000000000000e+01
3.1015163005562499165534973144531250000000000000000000000000000000e+01
3.0680244198767468333244323730468750000000000000000000000000000000e+01
3.0346222765743732452392578125000000000000000000000000000000000000e+01
3.0020510028116405010223388671875000000000000000000000000000000000e+01
2.9700052252272143959999084472656250000000000000000000000000000000e+01
2.9380529924063012003898620605468750000000000000000000000000000000e+01
2.9069296196568757295608520507812500000000000000000000000000000000e+01
2.8762488023377954959869384765625000000000000000000000000000000000e+01
2.8456677904818207025527954101562500000000000000000000000000000000e+01
2.8159155777655541896820068359375000000000000000000000000000000000e+01
2.7865182498004287481307983398437500000000000000000000000000000000e+01
2.7572424688842147588729858398437500000000000000000000000000000000e+01
2.7287818608107045292854309082031250000000000000000000000000000000e+01
2.7005990511737763881683349609375000000000000000000000000000000000e+01
2.6725609187502413988113403320312500000000000000000000000000000000e+01
2.6453219657065346837043762207031250000000000000000000000000000000e+01
2.6182864180998876690864562988281250000000000000000000000000000000e+01
2.5914230531547218561172485351562500000000000000000000000000000000e+01
2.5653435390442609786987304687500000000000000000000000000000000000e+01
2.5393847235012799501419067382812500000000000000000000000000000000e+01
2.5136482859030365943908691406250000000000000000000000000000000000e+01
2.4886585561325773596763610839843750000000000000000000000000000000e+01
2.4637177702737972140312194824218750000000000000000000000000000000e+01
2.4390635894611477851867675781250000000000000000000000000000000000e+01
2.4150902580004185438156127929687500000000000000000000000000000000e+01
2.3911253444151952862739562988281250000000000000000000000000000000e+01
2.3674991300562396645545959472656250000000000000000000000000000000e+01
2.3444808491040021181106567382812500000000000000000000000000000000e+01
2.3214512002421543002128601074218750000000000000000000000000000000e+01
2.2987983184400945901870727539062500000000000000000000000000000000e+01
2.2766829068539664149284362792968750000000000000000000000000000000e+01
2.2545454464154317975044250488281250000000000000000000000000000000e+01
2.2328189270803704857826232910156250000000000000000000000000000000e+01
2.2115526761859655380249023437500000000000000000000000000000000000e+01
2.1902723936364054679870605468750000000000000000000000000000000000e+01
2.1694232624489814043045043945312500000000000000000000000000000000e+01
2.1489573113387450575828552246093750000000000000000000000000000000e+01
2.1285048745805397629737854003906250000000000000000000000000000000e+01
2.1084786927560344338417053222656250000000000000000000000000000000e+01
2.0887773279100656509399414062500000000000000000000000000000000000e+01
2.0691170363221317529678344726562500000000000000000000000000000000e+01
2.0498657578136771917343139648437500000000000000000000000000000000e+01
2.0308974034152925014495849609375000000000000000000000000000000000e+01
2.0119903111364692449569702148437500000000000000000000000000000000e+01
1.9934748375788331031799316406250000000000000000000000000000000000e+01
1.9752044213470071554183959960937500000000000000000000000000000000e+01
1.9570180873852223157882690429687500000000000000000000000000000000e+01
1.9391981787281110882759094238281250000000000000000000000000000000e+01
1.9215949980774894356727600097656250000000000000000000000000000000e+01
1.9040985418949276208877563476562500000000000000000000000000000000e+01
1.8869335221126675605773925781250000000000000000000000000000000000e+01
1.8699743357952684164047241210937500000000000000000000000000000000e+01
1.8531316021922975778579711914062500000000000000000000000000000000e+01
1.8365889211650937795639038085937500000000000000000000000000000000e+01
1.8202492425218224525451660156250000000000000000000000000000000000e+01
1.8040249606827273964881896972656250000000000000000000000000000000e+01
1.7880775691010057926177978515625000000000000000000000000000000000e+01
1.7723299700301140546798706054687500000000000000000000000000000000e+01
1.7566944010555744171142578125000000000000000000000000000000000000e+01
1.7413142942124977707862854003906250000000000000000000000000000000e+01
1.7261345245409756898880004882812500000000000000000000000000000000e+01
1.7110585517017170786857604980468750000000000000000000000000000000e+01
1.6962192626902833580970764160156250000000000000000000000000000000e+01
1.6815860229544341564178466796875000000000000000000000000000000000e+01
1.6670388692058622837066650390625000000000000000000000000000000000e+01
1.6527192492503672838211059570312500000000000000000000000000000000e+01
1.6386095702182501554489135742187500000000000000000000000000000000e+01
1.6245626022107899188995361328125000000000000000000000000000000000e+01
1.6107445648405700922012329101562500000000000000000000000000000000e+01
1.5971336622023954987525939941406250000000000000000000000000000000e+01
1.5835622819140553474426269531250000000000000000000000000000000000e+01
1.5702277217758819460868835449218750000000000000000000000000000000e+01
1.5570919009391218423843383789062500000000000000000000000000000000e+01
1.5439732022816315293312072753906250000000000000000000000000000000e+01
1.5311052026692777872085571289062500000000000000000000000000000000e+01
1.5184214712586253881454467773437500000000000000000000000000000000e+01
1.5057335034478455781936645507812500000000000000000000000000000000e+01
1.4933179981308057904243469238281250000000000000000000000000000000e+01
1.4810612007044255733489990234375000000000000000000000000000000000e+01
1.4687863187165930867195129394531250000000000000000000000000000000e+01
1.4568089283769950270652770996093750000000000000000000000000000000e+01
1.4449533115839585661888122558593750000000000000000000000000000000e+01
1.4330787043552845716476440429687500000000000000000000000000000000e+01
1.4215219690231606364250183105468750000000000000000000000000000000e+01
1.4100449524587020277976989746093750000000000000000000000000000000e+01
1.3985589979682117700576782226562500000000000000000000000000000000e+01
1.3874045838834717869758605957031250000000000000000000000000000000e+01
1.3762860731454566121101379394531250000000000000000000000000000000e+01
1.3651776812272146344184875488281250000000000000000000000000000000e+01
1.3544074948877096176147460937500000000000000000000000000000000000e+01
1.3436285538598895072937011718750000000000000000000000000000000000e+01
1.3328884153626859188079833984375000000000000000000000000000000000e+01
1.3224831176223233342170715332031250000000000000000000000000000000e+01
1.3120274420361965894699096679687500000000000000000000000000000000e+01
1.3016467236448079347610473632812500000000000000000000000000000000e+01
1.2915861958172172307968139648437500000000000000000000000000000000e+01
1.2814405598212033510208129882812500000000000000000000000000000000e+01
1.2714095480041578412055969238281250000000000000000000000000000000e+01
1.2616744208848103880882263183593750000000000000000000000000000000e+01
1.2518273835768923163414001464843750000000000000000000000000000000e+01
1.2421360870590433478355407714843750000000000000000000000000000000e+01
1.2327075802721083164215087890625000000000000000000000000000000000e+01
1.2231492712395265698432922363281250000000000000000000000000000000e+01
1.2137877469882369041442871093750000000000000000000000000000000000e+01
1.2046469717752188444137573242187500000000000000000000000000000000e+01
1.1953701515682041645050048828125000000000000000000000000000000000e+01
1.1863270108355209231376647949218750000000000000000000000000000000e+01
1.1774563169805333018302917480468750000000000000000000000000000000e+01
1.1684556339634582400321960449218750000000000000000000000000000000e+01
1.1597176501527428627014160156250000000000000000000000000000000000e+01
1.1511019438970834016799926757812500000000000000000000000000000000e+01
1.1423720567254349589347839355468750000000000000000000000000000000e+01
1.1339258409570902585983276367187500000000000000000000000000000000e+01
1.1255513941636309027671813964843750000000000000000000000000000000e+01
1.1170875050360336899757385253906250000000000000000000000000000000e+01
1.1089193426538258790969848632812500000000000000000000000000000000e+01
1.1007735925028100609779357910156250000000000000000000000000000000e+01
1.0925719128223136067390441894531250000000000000000000000000000000e+01
1.0846668484853580594062805175781250000000000000000000000000000000e+01
1.0767395657487213611602783203125000000000000000000000000000000000e+01
1.0687961229356005787849426269531250000000000000000000000000000000e+01
1.0611386412987485527992248535156250000000000000000000000000000000e+01
1.0534218643326312303543090820312500000000000000000000000000000000e+01
1.0457320458022877573966979980468750000000000000000000000000000000e+01
1.0383064584806561470031738281250000000000000000000000000000000000e+01
1.0307945128297433257102966308593750000000000000000000000000000000e+01
1.0233525025192648172378540039062500000000000000000000000000000000e+01
1.0161435552872717380523681640625000000000000000000000000000000000e+01
1.0088328662095591425895690917968750000000000000000000000000000000e+01
1.0016310382634401321411132812500000000000000000000000000000000000e+01
9.9462499998044222593307495117187500000000000000000000000000000000e+00
9.8751300475560128688812255859375000000000000000000000000000000000e+00
9.8054241228383034467697143554687500000000000000000000000000000000e+00
9.7372721263673156499862670898437500000000000000000000000000000000e+00
9.6681184936314821243286132812500000000000000000000000000000000000e+00
9.6006253673695027828216552734375000000000000000000000000000000000e+00
9.5342783944215625524520874023437500000000000000000000000000000000e+00
9.4670714794192463159561157226562500000000000000000000000000000000e+00
9.4016840781550854444503784179687500000000000000000000000000000000e+00
9.3370573283173143863677978515625000000000000000000000000000000000e+00
9.2717728600837290287017822265625000000000000000000000000000000000e+00
9.2083831795025616884231567382812500000000000000000000000000000000e+00
9.1454056054353713989257812500000000000000000000000000000000000000e+00
9.0820156394038349390029907226562500000000000000000000000000000000e+00
9.0205156432930380105972290039062500000000000000000000000000000000e+00
8.9591285944916307926177978515625000000000000000000000000000000000e+00
8.8976018254179507493972778320312500000000000000000000000000000000e+00
8.8378825131803750991821289062500000000000000000000000000000000000e+00
8.7780423979274928569793701171875000000000000000000000000000000000e+00
8.7183387358672916889190673828125000000000000000000000000000000000e+00
8.6602959984447807073593139648437500000000000000000000000000000000e+00
8.6019703040365129709243774414062500000000000000000000000000000000e+00
8.5440405637491494417190551757812500000000000000000000000000000000e+00
8.4875786164775490760803222656250000000000000000000000000000000000e+00
8.4307412239722907543182373046875000000000000000000000000000000000e+00
8.3745302646420896053314208984375000000000000000000000000000000000e+00
8.3195599187165498733520507812500000000000000000000000000000000000e+00
8.2641924482304602861404418945312500000000000000000000000000000000e+00
8.2096359767019748687744140625000000000000000000000000000000000000e+00
8.1560791577212512493133544921875000000000000000000000000000000000e+00
8.1021668503526598215103149414062500000000000000000000000000000000e+00
8.0491918015759438276290893554687500000000000000000000000000000000e+00
7.9969856846146285533905029296875000000000000000000000000000000000e+00
7.9445098631549626588821411132812500000000000000000000000000000000e+00
7.8930414151400327682495117187500000000000000000000000000000000000e+00
7.8421344633679836988449096679687500000000000000000000000000000000e+00
7.7910724752582609653472900390625000000000000000000000000000000000e+00
7.7410358001943677663803100585937500000000000000000000000000000000e+00
7.6913865501992404460906982421875000000000000000000000000000000000e+00
7.6417108322493731975555419921875000000000000000000000000000000000e+00
7.5930325558874756097793579101562500000000000000000000000000000000e+00
7.5446097077801823616027832031250000000000000000000000000000000000e+00
7.4962841994129121303558349609375000000000000000000000000000000000e+00
7.4488984234631061553955078125000000000000000000000000000000000000e+00
7.4016746205743402242660522460937500000000000000000000000000000000e+00
7.3546579480171203613281250000000000000000000000000000000000000000e+00
7.3085069803055375814437866210937500000000000000000000000000000000e+00
7.2624549185857176780700683593750000000000000000000000000000000000e+00
7.2167047469411045312881469726562500000000000000000000000000000000e+00
7.1717358632013201713562011718750000000000000000000000000000000000e+00
7.1268295503687113523483276367187500000000000000000000000000000000e+00
7.0823021770920604467391967773437500000000000000000000000000000000e+00
7.0384680042043328285217285156250000000000000000000000000000000000e+00
6.9946816661395132541656494140625000000000000000000000000000000000e+00
6.9513329931069165468215942382812500000000000000000000000000000000e+00
6.9085911766160279512405395507812500000000000000000000000000000000e+00
6.8658983071800321340560913085937500000000000000000000000000000000e+00
6.8236854616552591323852539062500000000000000000000000000000000000e+00
6.7819967393297702074050903320312500000000000000000000000000000000e+00
6.7403715688269585371017456054687500000000000000000000000000000000e+00
6.6992515451274812221527099609375000000000000000000000000000000000e+00
6.6585810068063437938690185546875000000000000000000000000000000000e+00
6.6179971436504274606704711914062500000000000000000000000000000000e+00
6.5779275160748511552810668945312500000000000000000000000000000000e+00
6.5382449594326317310333251953125000000000000000000000000000000000e+00
6.4986734013073146343231201171875000000000000000000000000000000000e+00
6.4596151139121502637863159179687500000000000000000000000000000000e+00
6.4208923680707812309265136718750000000000000000000000000000000000e+00
6.3823027366306632757186889648437500000000000000000000000000000000e+00
6.3442204529419541358947753906250000000000000000000000000000000000e+00
6.3064298732206225395202636718750000000000000000000000000000000000e+00
6.2687917037401348352432250976562500000000000000000000000000000000e+00
6.2316533753182739019393920898437500000000000000000000000000000000e+00
6.1947670616209506988525390625000000000000000000000000000000000000e+00
6.1580508307088166475296020507812500000000000000000000000000000000e+00
6.1218272731639444828033447265625000000000000000000000000000000000e+00
6.0858161090873181819915771484375000000000000000000000000000000000e+00
6.0499951306264847517013549804687500000000000000000000000000000000e+00
6.0146579132415354251861572265625000000000000000000000000000000000e+00
5.9794926203321665525436401367187500000000000000000000000000000000e+00
5.9445434426888823509216308593750000000000000000000000000000000000e+00
5.9100631023757159709930419921875000000000000000000000000000000000e+00
5.8757162680849432945251464843750000000000000000000000000000000000e+00
5.8416172463912516832351684570312500000000000000000000000000000000e+00
5.8079634078312665224075317382812500000000000000000000000000000000e+00
5.7744103490840643644332885742187500000000000000000000000000000000e+00
5.7411403767764568328857421875000000000000000000000000000000000000e+00
5.7082823587115854024887084960937500000000000000000000000000000000e+00
5.6755013535730540752410888671875000000000000000000000000000000000e+00
5.6430389133747667074203491210937500000000000000000000000000000000e+00
5.6109466005582362413406372070312500000000000000000000000000000000e+00
5.5789186048787087202072143554687500000000000000000000000000000000e+00
5.5472410961519926786422729492187500000000000000000000000000000000e+00
5.5158860001247376203536987304687500000000000000000000000000000000e+00
5.4845936533529311418533325195312500000000000000000000000000000000e+00
5.4536777492612600326538085937500000000000000000000000000000000000e+00
5.4230331801809370517730712890625000000000000000000000000000000000e+00
5.3924602423794567584991455078125000000000000000000000000000000000e+00
5.3622823478654026985168457031250000000000000000000000000000000000e+00
5.3323230925016105175018310546875000000000000000000000000000000000e+00
5.3024546047672629356384277343750000000000000000000000000000000000e+00
5.2729905592277646064758300781250000000000000000000000000000000000e+00
5.2436930863186717033386230468750000000000000000000000000000000000e+00
5.2145153554156422615051269531250000000000000000000000000000000000e+00
5.1857400240842252969741821289062500000000000000000000000000000000e+00
5.1570830915588885545730590820312500000000000000000000000000000000e+00
5.1285831420682370662689208984375000000000000000000000000000000000e+00
5.1004702749196439981460571289062500000000000000000000000000000000e+00
5.0724356803111732006072998046875000000000000000000000000000000000e+00
5.0446002923417836427688598632812500000000000000000000000000000000e+00
5.0171229355037212371826171875000000000000000000000000000000000000e+00
4.9896959720645099878311157226562500000000000000000000000000000000e+00
4.9625103960279375314712524414062500000000000000000000000000000000e+00
4.9356420906260609626770019531250000000000000000000000000000000000e+00
4.9088111810851842164993286132812500000000000000000000000000000000e+00
4.8822583076544106006622314453125000000000000000000000000000000000e+00
4.8559744893573224544525146484375000000000000000000000000000000000e+00
4.8297300271224230527877807617187500000000000000000000000000000000e+00
4.8037904847878962755203247070312500000000000000000000000000000000e+00
4.7780693776439875364303588867187500000000000000000000000000000000e+00
4.7524024487938731908798217773437500000000000000000000000000000000e+00
4.7270552888512611389160156250000000000000000000000000000000000000e+00
4.7018781241495162248611450195312500000000000000000000000000000000e+00
4.6767795658670365810394287109375000000000000000000000000000000000e+00
4.6520030864048749208450317382812500000000000000000000000000000000e+00
4.6273538789246231317520141601562500000000000000000000000000000000e+00
4.6028138026595115661621093750000000000000000000000000000000000000e+00
4.5785862049087882041931152343750000000000000000000000000000000000e+00
4.5544513894710689783096313476562500000000000000000000000000000000e+00
4.5304589627776294946670532226562500000000000000000000000000000000e+00
4.5067587520461529493331909179687500000000000000000000000000000000e+00
4.4831269639544188976287841796875000000000000000000000000000000000e+00
4.4596701427362859249114990234375000000000000000000000000000000000e+00
4.4364765780046582221984863281250000000000000000000000000000000000e+00
4.4133384237065911293029785156250000000000000000000000000000000000e+00
4.3904036304447799921035766601562500000000000000000000000000000000e+00
4.3676973416004329919815063476562500000000000000000000000000000000e+00
4.3450448729563504457473754882812500000000000000000000000000000000e+00
4.3226169117260724306106567382812500000000000000000000000000000000e+00
4.3003805389162153005599975585937500000000000000000000000000000000e+00
4.2782064941711723804473876953125000000000000000000000000000000000e+00
4.2562687788158655166625976562500000000000000000000000000000000000e+00
4.2344873833935707807540893554687500000000000000000000000000000000e+00
4.2127843340858817100524902343750000000000000000000000000000000000e+00
4.1913195147644728422164916992187500000000000000000000000000000000e+00
4.1699806223623454570770263671875000000000000000000000000000000000e+00
4.1487402678467333316802978515625000000000000000000000000000000000e+00
4.1277310003060847520828247070312500000000000000000000000000000000e+00
4.1068242285400629043579101562500000000000000000000000000000000000e+00
4.0860370900481939315795898437500000000000000000000000000000000000e+00
4.0654667115304619073867797851562500000000000000000000000000000000e+00
4.0449832109734416007995605468750000000000000000000000000000000000e+00
4.0246386104263365268707275390625000000000000000000000000000000000e+00
4.0044916109181940555572509765625000000000000000000000000000000000e+00
3.9844235165510326623916625976562500000000000000000000000000000000e+00
3.9645097386091947555541992187500000000000000000000000000000000000e+00
3.9447720036841928958892822265625000000000000000000000000000000000e+00
3.9251119554974138736724853515625000000000000000000000000000000000e+00
3.9056165348738431930541992187500000000000000000000000000000000000e+00
3.8862754628062248229980468750000000000000000000000000000000000000e+00
3.8670161690097302198410034179687500000000000000000000000000000000e+00
3.8479261929169297218322753906250000000000000000000000000000000000e+00
3.8289707121439278125762939453125000000000000000000000000000000000e+00
3.8101046069059520959854125976562500000000000000000000000000000000e+00
3.7914070782717317342758178710937500000000000000000000000000000000e+00
3.7728275104891508817672729492187500000000000000000000000000000000e+00
3.7543464994523674249649047851562500000000000000000000000000000000e+00
3.7360287429764866828918457031250000000000000000000000000000000000e+00
3.7178165391087532043457031250000000000000000000000000000000000000e+00
3.6997118731960654258728027343750000000000000000000000000000000000e+00
3.6817618946079164743423461914062500000000000000000000000000000000e+00
3.6639092871919274330139160156250000000000000000000000000000000000e+00
3.6461716289632022380828857421875000000000000000000000000000000000e+00
3.6285783345811069011688232421875000000000000000000000000000000000e+00
3.6110779496375471353530883789062500000000000000000000000000000000e+00
3.5936975786462426185607910156250000000000000000000000000000000000e+00
3.5764508580323308706283569335937500000000000000000000000000000000e+00
3.5592954221647232770919799804687500000000000000000000000000000000e+00
3.5422624945640563964843750000000000000000000000000000000000000000e+00
3.5253531441558152437210083007812500000000000000000000000000000000e+00
3.5085352882742881774902343750000000000000000000000000000000000000e+00
3.4918400780297815799713134765625000000000000000000000000000000000e+00
3.4752596546895802021026611328125000000000000000000000000000000000e+00
3.4587718488182872533798217773437500000000000000000000000000000000e+00
3.4424049558583647012710571289062500000000000000000000000000000000e+00
3.4261455927044153213500976562500000000000000000000000000000000000e+00
3.4099801375996321439743041992187500000000000000000000000000000000e+00
3.3939325951505452394485473632812500000000000000000000000000000000e+00
3.3779868253041058778762817382812500000000000000000000000000000000e+00
3.3621359441895037889480590820312500000000000000000000000000000000e+00
3.3463992760516703128814697265625000000000000000000000000000000000e+00
3.3307598736137151718139648437500000000000000000000000000000000000e+00
3.3152158078737556934356689453125000000000000000000000000000000000e+00
3.2997820200398564338684082031250000000000000000000000000000000000e+00
3.2844418946187943220138549804687500000000000000000000000000000000e+00
3.2691970120649784803390502929687500000000000000000000000000000000e+00
3.2540585310198366641998291015625000000000000000000000000000000000e+00
3.2390106751117855310440063476562500000000000000000000000000000000e+00
3.2240575654432177543640136718750000000000000000000000000000000000e+00
3.2092071489896625280380249023437500000000000000000000000000000000e+00
3.1944446421694010496139526367187500000000000000000000000000000000e+00
3.1797761702910065650939941406250000000000000000000000000000000000e+00
3.1652068083640187978744506835937500000000000000000000000000000000e+00
3.1507228626869618892669677734375000000000000000000000000000000000e+00
3.1363321803510189056396484375000000000000000000000000000000000000e+00
3.1220370309893041849136352539062500000000000000000000000000000000e+00
3.1078250482678413391113281250000000000000000000000000000000000000e+00
3.0937055407557636499404907226562500000000000000000000000000000000e+00
3.0796778954099863767623901367187500000000000000000000000000000000e+00
3.0657315221615135669708251953125000000000000000000000000000000000e+00
3.0518767689354717731475830078125000000000000000000000000000000000e+00
3.0381100759841501712799072265625000000000000000000000000000000000e+00
3.0244232073891907930374145507812500000000000000000000000000000000e+00
3.0108268971089273691177368164062500000000000000000000000000000000e+00
2.9973147967830300331115722656250000000000000000000000000000000000e+00
2.9838815871626138687133789062500000000000000000000000000000000000e+00
2.9705374967306852340698242187500000000000000000000000000000000000e+00
2.9572738592978566884994506835937500000000000000000000000000000000e+00
2.9440886601805686950683593750000000000000000000000000000000000000e+00
2.9309906377457082271575927734375000000000000000000000000000000000e+00
2.9179696049541234970092773437500000000000000000000000000000000000e+00
2.9050269124563783407211303710937500000000000000000000000000000000e+00
2.8921689009293913841247558593750000000000000000000000000000000000e+00
2.8793849153444170951843261718750000000000000000000000000000000000e+00
2.8666793070733547210693359375000000000000000000000000000000000000e+00
2.8540553683415055274963378906250000000000000000000000000000000000e+00
2.8415031521581113338470458984375000000000000000000000000000000000e+00
2.8290292439050972461700439453125000000000000000000000000000000000e+00
2.8166336303111165761947631835937500000000000000000000000000000000e+00
2.8043081562500447034835815429687500000000000000000000000000000000e+00
2.7920605661347508430480957031250000000000000000000000000000000000e+00
2.7798877623863518238067626953125000000000000000000000000000000000e+00
2.7677841945551335811614990234375000000000000000000000000000000000e+00
2.7557575600221753120422363281250000000000000000000000000000000000e+00
2.7438023330178111791610717773437500000000000000000000000000000000e+00
2.7319159442558884620666503906250000000000000000000000000000000000e+00
2.7201049397699534893035888671875000000000000000000000000000000000e+00
2.7083623455837368965148925781250000000000000000000000000000000000e+00
2.6966884753201156854629516601562500000000000000000000000000000000e+00
2.6850878766272217035293579101562500000000000000000000000000000000e+00
2.6735532337334007024765014648437500000000000000000000000000000000e+00
2.6620872311759740114212036132812500000000000000000000000000000000e+00
2.6506919648963958024978637695312500000000000000000000000000000000e+00
2.6393608266953378915786743164062500000000000000000000000000000000e+00
2.6280980401206761598587036132812500000000000000000000000000000000e+00
2.6169032333418726921081542968750000000000000000000000000000000000e+00
2.6057713222689926624298095703125000000000000000000000000000000000e+00
2.5947071001864969730377197265625000000000000000000000000000000000e+00
2.5837081151548773050308227539062500000000000000000000000000000000e+00
2.5727712670341134071350097656250000000000000000000000000000000000e+00
2.5619009900838136672973632812500000000000000000000000000000000000e+00
2.5510934297926723957061767578125000000000000000000000000000000000e+00
2.5403475407510995864868164062500000000000000000000000000000000000e+00
2.5296666682697832584381103515625000000000000000000000000000000000e+00
2.5190463680773973464965820312500000000000000000000000000000000000e+00
2.5084873584564775228500366210937500000000000000000000000000000000e+00
2.4979914661962538957595825195312500000000000000000000000000000000e+00
2.4875544477254152297973632812500000000000000000000000000000000000e+00
2.4771782457828521728515625000000000000000000000000000000000000000e+00
2.4668630799278616905212402343750000000000000000000000000000000000e+00
2.4566055228933691978454589843750000000000000000000000000000000000e+00
2.4464080694597214460372924804687500000000000000000000000000000000e+00
2.4362695517484098672866821289062500000000000000000000000000000000e+00
2.4261877329554408788681030273437500000000000000000000000000000000e+00
2.4161650096066296100616455078125000000000000000000000000000000000e+00
2.4061992596834897994995117187500000000000000000000000000000000000e+00
2.3962895181030035018920898437500000000000000000000000000000000000e+00
2.3864375799894332885742187500000000000000000000000000000000000000e+00
2.3766408995725214481353759765625000000000000000000000000000000000e+00
2.3668996056076139211654663085937500000000000000000000000000000000e+00
2.3572146052028983831405639648437500000000000000000000000000000000e+00
2.3475834412965923547744750976562500000000000000000000000000000000e+00
2.3380069993436336517333984375000000000000000000000000000000000000e+00
2.3284852262586355209350585937500000000000000000000000000000000000e+00
2.3190161527600139379501342773437500000000000000000000000000000000e+00
2.3096009967848658561706542968750000000000000000000000000000000000e+00
2.3002388763707131147384643554687500000000000000000000000000000000e+00
2.2909285579808056354522705078125000000000000000000000000000000000e+00
2.2816711645573377609252929687500000000000000000000000000000000000e+00
2.2724652744363993406295776367187500000000000000000000000000000000e+00
2.2633104405831545591354370117187500000000000000000000000000000000e+00
2.2542073510121554136276245117187500000000000000000000000000000000e+00
2.2451544108334928750991821289062500000000000000000000000000000000e+00
2.2361518328543752431869506835937500000000000000000000000000000000e+00
2.2271996766794472932815551757812500000000000000000000000000000000e+00
2.2182965357787907123565673828125000000000000000000000000000000000e+00
2.2094430150464177131652832031250000000000000000000000000000000000e+00
2.2006385200656950473785400390625000000000000000000000000000000000e+00
2.1918821346480399370193481445312500000000000000000000000000000000e+00
2.1831745060626417398452758789062500000000000000000000000000000000e+00
2.1745145311579108238220214843750000000000000000000000000000000000e+00
2.1659019358921796083450317382812500000000000000000000000000000000e+00
2.1573370641563087701797485351562500000000000000000000000000000000e+00
2.1488186041824519634246826171875000000000000000000000000000000000e+00
2.1403468819335103034973144531250000000000000000000000000000000000e+00
2.1319216829724609851837158203125000000000000000000000000000000000e+00
2.1235418636351823806762695312500000000000000000000000000000000000e+00
2.1152081298641860485076904296875000000000000000000000000000000000e+00
2.1069196097087115049362182617187500000000000000000000000000000000e+00
2.0986756735946983098983764648437500000000000000000000000000000000e+00
2.0904770416673272848129272460937500000000000000000000000000000000e+00
2.0823223108891397714614868164062500000000000000000000000000000000e+00
2.0742115937173366546630859375000000000000000000000000000000000000e+00
2.0661451823543757200241088867187500000000000000000000000000000000e+00
2.0581214991398155689239501953125000000000000000000000000000000000e+00
2.0501413845922797918319702148437500000000000000000000000000000000e+00
2.0422043381258845329284667968750000000000000000000000000000000000e+00
2.0343091140966862440109252929687500000000000000000000000000000000e+00
2.0264569742139428853988647460937500000000000000000000000000000000e+00
2.0186465112492442131042480468750000000000000000000000000000000000e+00
2.0108772872481495141983032226562500000000000000000000000000000000e+00
2.0031504626385867595672607421875000000000000000000000000000000000e+00
1.9954639400821179151535034179687500000000000000000000000000000000e+00
1.9878183407709002494812011718750000000000000000000000000000000000e+00
1.9802141431719064712524414062500000000000000000000000000000000000e+00
1.9726490736939013004302978515625000000000000000000000000000000000e+00
1.9651247386354953050613403320312500000000000000000000000000000000e+00
1.9576405033003538846969604492187500000000000000000000000000000000e+00
1.9501945832744240760803222656250000000000000000000000000000000000e+00
1.9427891015075147151947021484375000000000000000000000000000000000e+00
1.9354222363326698541641235351562500000000000000000000000000000000e+00
1.9280933032277971506118774414062500000000000000000000000000000000e+00
1.9208041923120617866516113281250000000000000000000000000000000000e+00
1.9135522744618356227874755859375000000000000000000000000000000000e+00
1.9063382188323885202407836914062500000000000000000000000000000000e+00
1.8991629411466419696807861328125000000000000000000000000000000000e+00
1.8920237480197101831436157226562500000000000000000000000000000000e+00
1.8849224271252751350402832031250000000000000000000000000000000000e+00
1.8778584965039044618606567382812500000000000000000000000000000000e+00
1.8708299763966351747512817382812500000000000000000000000000000000e+00
1.8638391373679041862487792968750000000000000000000000000000000000e+00
1.8568842019885778427124023437500000000000000000000000000000000000e+00
1.8499644007533788681030273437500000000000000000000000000000000000e+00
1.8430817190092056989669799804687500000000000000000000000000000000e+00
1.8362336300779134035110473632812500000000000000000000000000000000e+00
1.8294205719139426946640014648437500000000000000000000000000000000e+00
1.8226437084376811981201171875000000000000000000000000000000000000e+00
1.8159005159977823495864868164062500000000000000000000000000000000e+00
1.8091921480372548103332519531250000000000000000000000000000000000e+00
1.8025188520550727844238281250000000000000000000000000000000000000e+00
1.7958787353709340095520019531250000000000000000000000000000000000e+00
1.7892728988081216812133789062500000000000000000000000000000000000e+00
1.7827010857872664928436279296875000000000000000000000000000000000e+00
1.7761622711550444364547729492187500000000000000000000000000000000e+00
1.7696567366365343332290649414062500000000000000000000000000000000e+00
1.7631845565047115087509155273437500000000000000000000000000000000e+00
1.7567451854702085256576538085937500000000000000000000000000000000e+00
1.7503377206157892942428588867187500000000000000000000000000000000e+00
1.7439636008348315954208374023437500000000000000000000000000000000e+00
1.7376215830445289611816406250000000000000000000000000000000000000e+00
1.7313101345207542181015014648437500000000000000000000000000000000e+00
1.7250326985958963632583618164062500000000000000000000000000000000e+00
1.7187855914235115051269531250000000000000000000000000000000000000e+00
1.7125685636419802904129028320312500000000000000000000000000000000e+00
1.7063863223884254693984985351562500000000000000000000000000000000e+00
1.7002314582932740449905395507812500000000000000000000000000000000e+00
1.6941078882664442062377929687500000000000000000000000000000000000e+00
1.6880188169889152050018310546875000000000000000000000000000000000e+00
1.6819537803530693054199218750000000000000000000000000000000000000e+00
1.6759231109172105789184570312500000000000000000000000000000000000e+00
1.6699244449846446514129638671875000000000000000000000000000000000e+00
1.6639475533738732337951660156250000000000000000000000000000000000e+00
1.6580091610085219144821166992187500000000000000000000000000000000e+00
1.6520975988823920488357543945312500000000000000000000000000000000e+00
1.6462080634664744138717651367187500000000000000000000000000000000e+00
1.6403608722612261772155761718750000000000000000000000000000000000e+00
1.6345328460447490215301513671875000000000000000000000000000000000e+00
1.6287308810278773307800292968750000000000000000000000000000000000e+00
1.6229728760663419961929321289062500000000000000000000000000000000e+00
1.6172250600066035985946655273437500000000000000000000000000000000e+00
1.6115119790192693471908569335937500000000000000000000000000000000e+00
1.6058391549158841371536254882812500000000000000000000000000000000e+00
1.6001700516790151596069335937500000000000000000000000000000000000e+00
1.5945473585743457078933715820312500000000000000000000000000000000e+00
1.5889530752319842576980590820312500000000000000000000000000000000e+00
1.5833646669052541255950927734375000000000000000000000000000000000e+00
1.5778320359531790018081665039062500000000000000000000000000000000e+00
1.5723089512903243303298950195312500000000000000000000000000000000e+00
1.5668055787682533264160156250000000000000000000000000000000000000e+00
1.5613604213576763868331909179687500000000000000000000000000000000e+00
1.5559036680497229099273681640625000000000000000000000000000000000e+00
1.5504870410077273845672607421875000000000000000000000000000000000e+00
1.5451274421066045761108398437500000000000000000000000000000000000e+00
1.5397361863870173692703247070312500000000000000000000000000000000e+00
1.5344003341160714626312255859375000000000000000000000000000000000e+00
1.5291291133034974336624145507812500000000000000000000000000000000e+00
1.5238082117866724729537963867187500000000000000000000000000000000e+00
1.5185350957326591014862060546875000000000000000000000000000000000e+00
1.5133589671459048986434936523437500000000000000000000000000000000e+00
1.5081221319269388914108276367187500000000000000000000000000000000e+00
1.5028828922659158706665039062500000000000000000000000000000000000e+00
1.4978112662211060523986816406250000000000000000000000000000000000e+00
1.4926786015275865793228149414062500000000000000000000000000000000e+00
1.4874435015954077243804931640625000000000000000000000000000000000e+00
1.4824780561029911041259765625000000000000000000000000000000000000e+00
1.4774614612106233835220336914062500000000000000000000000000000000e+00
1.4722283326555043458938598632812500000000000000000000000000000000e+00
1.4673508373089134693145751953125000000000000000000000000000000000e+00
1.4624492619186639785766601562500000000000000000000000000000000000e+00
1.4572697863914072513580322265625000000000000000000000000000000000e+00
1.4524173317477107048034667968750000000000000000000000000000000000e+00
1.4476062660105526447296142578125000000000000000000000000000000000e+00
1.4425835853908210992813110351562500000000000000000000000000000000e+00
1.4376684715971350669860839843750000000000000000000000000000000000e+00
1.4329267947468906641006469726562500000000000000000000000000000000e+00
1.4281756693962961435317993164062500000000000000000000000000000000e+00
1.4231247445568442344665527343750000000000000000000000000000000000e+00
1.4184222712647169828414916992187500000000000000000000000000000000e+00
1.4139567881356924772262573242187500000000000000000000000000000000e+00
1.4088164102286100387573242187500000000000000000000000000000000000e+00
1.4041333782952278852462768554687500000000000000000000000000000000e+00
1.3998585671652108430862426757812500000000000000000000000000000000e+00
1.3948076372034847736358642578125000000000000000000000000000000000e+00
1.3900178673211485147476196289062500000000000000000000000000000000e+00
1.3858107982669025659561157226562500000000000000000000000000000000e+00
1.3810365744866430759429931640625000000000000000000000000000000000e+00
1.3761062948033213615417480468750000000000000000000000000000000000e+00
1.3720580211374908685684204101562500000000000000000000000000000000e+00
1.3676409372128546237945556640625000000000000000000000000000000000e+00
1.3624290318693965673446655273437500000000000000000000000000000000e+00
1.3581511355005204677581787109375000000000000000000000000000000000e+00
1.3542466803919523954391479492187500000000000000000000000000000000e+00
1.3490728612523525953292846679687500000000000000000000000000000000e+00
1.3444267516024410724639892578125000000000000000000000000000000000e+00
1.3412304436787962913513183593750000000000000000000000000000000000e+00
1.3361035282723605632781982421875000000000000000000000000000000000e+00
1.3308132763486355543136596679687500000000000000000000000000000000e+00
1.3279298553243279457092285156250000000000000000000000000000000000e+00
1.3234938334207981824874877929687500000000000000000000000000000000e+00
1.3177712350152432918548583984375000000000000000000000000000000000e+00
1.3148647793568670749664306640625000000000000000000000000000000000e+00
1.3115177389699965715408325195312500000000000000000000000000000000e+00
1.3040970000438392162322998046875000000000000000000000000000000000e+00
1.2993238447234034538269042968750000000000000000000000000000000000e+00
1.2976291119121015071868896484375000000000000000000000000000000000e+00
1.2939784303307533264160156250000000000000000000000000000000000000e+00
1.2898042558226734399795532226562500000000000000000000000000000000e+00
1.2864068832714110612869262695312500000000000000000000000000000000e+00
1.2833282698411494493484497070312500000000000000000000000000000000e+00
1.2765444510150700807571411132812500000000000000000000000000000000e+00
1.2714863137807697057723999023437500000000000000000000000000000000e+00
1.2699219849891960620880126953125000000000000000000000000000000000e+00
1.2633832802530378103256225585937500000000000000000000000000000000e+00
1.2585223920177668333053588867187500000000000000000000000000000000e+00
1.2560145861934870481491088867187500000000000000000000000000000000e+00
1.2510076889302581548690795898437500000000000000000000000000000000e+00
1.2477907172869890928268432617187500000000000000000000000000000000e+00
3.1117496476508677005767822265625000000000000000000000000000000000e-01
3.1117496476508677005767822265625000000000000000000000000000000000e-01
