3.362833835055948403e-04
2.969857214697673819e-04
4.006651423901794271e-04
4.837874318438980517e-04
5.725160384361027352e-04
6.513483576412155236e-04
7.368718922060226578e-04
8.178598308680050302e-04
8.906998270669452085e-04
9.847107938639443857e-04
1.046894713756370667e-03
1.134400162664839099e-03
1.199601471653527224e-03
1.286029350472416661e-03
1.349241114267822140e-03
1.431016653725901986e-03
1.490027366634413255e-03
1.569128077769897656e-03
1.626371552899520808e-03
1.704507934613561961e-03
1.760089315807092554e-03
1.836411510780840617e-03
1.889121988588383146e-03
1.962896734456353372e-03
2.012561130357470862e-03
2.083931863605919654e-03
2.130117331250944591e-03
2.200051167269930288e-03
2.245161324479414550e-03
2.311112990617176979e-03
2.353596990697390343e-03
2.420837042558833530e-03
2.459988465797571279e-03
2.525268319506619730e-03
2.561849788043258410e-03
2.624584588422057291e-03
2.660257138518532655e-03
2.720664047470544664e-03
2.755352229903375826e-03
2.813222784703865026e-03
2.843928024290626709e-03
2.900925566911542828e-03
2.930078846793129563e-03
2.984802598546710834e-03
3.010463157255674309e-03
3.065074658055785307e-03
3.088608845971522066e-03
3.142800073057836104e-03
3.162615057159354204e-03
3.214994613593443080e-03
3.234005507525936941e-03
3.283646739089097957e-03
3.301061821539154079e-03
3.348868822522864993e-03
3.364773457614126870e-03
3.411704251494052792e-03
3.425077885840566595e-03
3.472221683522606298e-03
3.484567396277728560e-03
3.526890217645266366e-03
8.448684549175473901e-03
2.122965512267646973e-02
2.135969625252488735e-02
2.148058276105581713e-02
2.157101104921479995e-02
2.160320388197383215e-02
2.160202343472681849e-02
2.157084330597102903e-02
2.151006926660375962e-02
2.142021078131029627e-02
2.130187685863025801e-02
2.115577134788169597e-02
2.098268802231666522e-02
2.078350520390182324e-02
2.055917968779790231e-02
2.031074106068093271e-02
2.003928506999519410e-02
1.974596700281960188e-02
1.943199522572435639e-02
1.909862390297622017e-02
1.874714631250262026e-02
1.837888777468320300e-02
1.799519853297550098e-02
1.759744706535770406e-02
1.718701300772737875e-02
1.676528062913237166e-02
1.633363230971664540e-02
1.589344211214819072e-02
1.544606996650613011e-02
1.499285572508941497e-02
1.453511379047843152e-02
1.407412802810312918e-02
1.361114696115476794e-02
1.314737941266178219e-02
1.268399046747382616e-02
1.222209799727177852e-02
1.176276926987481798e-02
1.130701833473942396e-02
1.085580364365745440e-02
1.041002592421394132e-02
9.970526850467086033e-03
9.538087761936256057e-03
9.113428845568333908e-03
8.697208887808879907e-03
8.290025122151122028e-03
7.892413539298615346e-03
7.504849594822287848e-03
7.127749068344383168e-03
6.761469293947386383e-03
6.406310666944862314e-03
6.062518333171906977e-03
5.730284101677760381e-03
5.409748591258879344e-03
5.101003501054265574e-03
4.804094001267539098e-03
4.519021316323759523e-03
4.245745336494646804e-03
3.984187292485612264e-03
3.734232565596304256e-03
3.495733416302420921e-03
3.268511784074228706e-03
3.052362094588459331e-03
2.847053959567806287e-03
2.652334923809687283e-03
2.467933094434986586e-03
2.293559708535652161e-03
2.128911644593344237e-03
1.973673793034211223e-03
1.827521370002524199e-03
1.690122083656788376e-03
1.561138200506642214e-03
1.440228493856074085e-03
1.327050040594956841e-03
1.221259925993136482e-03
1.122516783925036048e-03
1.030482227438374657e-03
9.448221478402092600e-04
8.652078721970823515e-04
7.913172181599804639e-04
7.228354031051115874e-04
6.594558536589232613e-04
6.008808934162124639e-04
5.468223178912660215e-04
4.970018816489954082e-04
4.511516676834300332e-04
4.090143824483035741e-04
3.703435586423632457e-04
3.349036744825989518e-04
3.024702122506730878e-04
2.728296379004606842e-04
2.457793284768433335e-04
2.211274436245922197e-04
1.986927467259778056e-04
1.783043875848933579e-04
1.598016446537851301e-04
1.430336391581314346e-04
1.278590197747562650e-04
1.141456277731020422e-04
1.017701445769013505e-04
9.061772413008422711e-05
8.058161955147793043e-05
7.156280036335317890e-05
6.346956881317395588e-05
5.621717680240815017e-05
4.972744350449653534e-05
4.392838009778589109e-05
3.875382012922307833e-05
3.414305870377831053e-05
3.004050220742897375e-05
2.639532879310669067e-05
2.316116147910149740e-05
2.029575411537638103e-05
1.776069122297457893e-05
1.552110162649158076e-05
1.354538661178987069e-05
1.180496255041862014e-05
1.027401770037880293e-05
8.929283661937296293e-06
7.749820680748105805e-06
6.716816791775489403e-06
5.813400494666500152e-06
5.024466257345385116e-06
4.336512642970553876e-06
3.737492399232444328e-06
3.216673985577854367e-06
2.764514012434629088e-06
2.372539988277302862e-06
2.033242803084620091e-06
1.739978359368836285e-06
1.486877805464114090e-06
1.268765763511651768e-06
1.081086037951024213e-06
9.198342607659201656e-07
7.814969415069587192e-07
6.629964600394173308e-07
5.616415043134158968e-07
4.750825189877592840e-07
4.012717440977522799e-07
3.384274365917207629e-07
2.850019115049483366e-07
2.396530480160857354e-07
2.012189380661696416e-07
1.686953767276697561e-07
1.412159151261925250e-07
1.180342199849158262e-07
9.850850361309762359e-08
8.208780920200223929e-08
6.829995302822529282e-08
5.674094532136303361e-08
4.706572593988660582e-08
3.898006708106211233e-08
3.223351057790066108e-08
2.661321853382937093e-08
2.193863013597984366e-08
1.805682786419628845e-08
1.483852625847700656e-08
1.217460670504092156e-08
9.973129415354671731e-09
8.156761794666716627e-09
6.660569541192726102e-09
5.430122828021234517e-09
4.419875725720077809e-09
3.591782136609551483e-09
2.914115934347775584e-09
2.360467082988603178e-09
1.908889157363454021e-09
1.541176770740564185e-09
1.242254281441113614e-09
9.996596501263052388e-10
8.031094363663318658e-10
6.441328905601019620e-10
5.157647578726066422e-10
4.122878500811835039e-10
3.290177449889198660e-10
2.621230606204196881e-10
2.084757081150648469e-10
1.655263665390896885e-10
1.312011271333073752e-10
1.038158718283013108e-10
8.200548084043484867e-11
6.466541236490320097e-11
5.090358474681517672e-11
4.000082119182052133e-11
3.137839562712487792e-11
2.457145619807198035e-11
1.920730440428135000e-11
1.498767683430694551e-11
1.167432000713144665e-11
9.077269282600409047e-12
7.045343294153144354e-12
5.458450290839013694e-12
4.221373196768636350e-12
3.258758948920592652e-12
2.511086765820239270e-12
1.931430444681125100e-12
1.482863438017352571e-12
1.136383226898538131e-12
8.692543467149112103e-13
6.636882567473265665e-13
5.057936722874076034e-13
3.847436133388899839e-13
2.921157482401153296e-13
2.213710288515301224e-13
1.674424528588732614e-13
1.264113454335218477e-13
9.525305132896413342e-14
7.163755791484025254e-14
5.377350298076706121e-14
4.028637543551855113e-14
3.012360781762435407e-14
2.248077555301052991e-14
1.674432657524681672e-14
1.244723043354513621e-14
9.234703581630483296e-15
6.837776425201294725e-15
5.052950465973310106e-15
3.726575079919996093e-15
2.742874042709227999e-15
2.014788452128436288e-15
1.476988341012950323e-15
1.080550614024711802e-15
7.889145808376101407e-16
5.748149323754283767e-16
4.179608856249847945e-16
3.032837284192013743e-16
2.196163970441758704e-16
1.587007167206077569e-16
1.144426115311995671e-16
8.235455597053709061e-17
5.913910281100417119e-17
4.237847043466023474e-17
3.030368629289852967e-17
2.162327422499947585e-17
1.539640811209676940e-17
1.093919766241735150e-17
7.755605938985960742e-18
5.486637924721967130e-18
3.873051230138632647e-18
2.728051766184401497e-18
1.917345719886523201e-18
1.344598788493427549e-18
9.408609804381054811e-19
6.568929839620978357e-19
4.576106882415717728e-19
3.180724047769755983e-19
2.205870572288058298e-19
1.526350055542612442e-19
1.053766078295779408e-19
7.258486437764320170e-20
4.988334091888169563e-20
3.420333073173332826e-20
2.339809217053609081e-20
1.596935695838967810e-20
1.087389349848163888e-20
7.387016963017876502e-21
5.006511051740360018e-21
3.385158348934993262e-21
2.283474505099347998e-21
1.536676090225465079e-21
1.031651672330807122e-21
6.909458280346537934e-22
4.616476426697136616e-22
3.077007005696473076e-22
2.045940937210653981e-22
1.357062737200470529e-22
8.979340567773966561e-23
5.926824691149096970e-23
3.902368255162700894e-23
2.563057428891446081e-23
1.679220419146968160e-23
1.097417035968057896e-23
7.153945487605959090e-24
4.651840164386927023e-24
3.017202351948327017e-24
1.952000072838067819e-24
1.259639229883118328e-24
8.107718760477816510e-25
5.205140912843712677e-25
3.333057208263449335e-25
2.128749819227973912e-25
1.356042036283019758e-25
8.615558205746062811e-26
5.459469838548005447e-26
3.450399001420319481e-26
2.174878282841919768e-26
1.367232418425272734e-26
8.572084235742021670e-27
5.359967016406145365e-27
3.342445192987549834e-27
2.078680883816235414e-27
1.289221479050876031e-27
7.974036728909678993e-28
4.918522915080800248e-28
3.025461890316321972e-28
1.855854480405397826e-28
1.135235844769686184e-28
6.924890077193089638e-29
4.212296447587705541e-29
2.555046694690308555e-29
1.545422431584583963e-29
9.320916058653567756e-30
5.605669994890364046e-30
3.361619117414063941e-30
2.010092313047063922e-30
1.198462544166868952e-30
7.124728322665442356e-31
4.223202623271609136e-31
2.495971678733670449e-31
1.470807513740088450e-31
8.641413300962376083e-32
5.061983597023517844e-32
2.956364291519425529e-32
1.721435001874399771e-32
9.993392743395853739e-33
5.783877355810263868e-33
3.337360380839744288e-33
1.919813910523765958e-33
1.100984527658911720e-33
6.294530984417923254e-34
3.587563586350860509e-34
2.038374006971819059e-34
1.154542972488803171e-34
6.518868108724713334e-35
3.669137742972155935e-35
2.058635231915528082e-35
1.151362689996436863e-35
6.418832427984424665e-36
3.567013851706966576e-36
1.975841619179694268e-36
1.090916997854660358e-36
6.003674961301031455e-37
3.293230443399864545e-37
1.800529032468555107e-37
9.811710568962883857e-38
5.329045445453249491e-38
2.884746676514458759e-38
1.556370301805310243e-38
8.368711231913649932e-39
4.484747403338349807e-39
2.395214858114676237e-39
1.274885979830444847e-39
6.762571166837985527e-40
3.574861399522649569e-40
1.883244077901112479e-40
9.886605460184254262e-41
5.172185588025300999e-41
2.696375520954690701e-41
1.400744965062683036e-41
7.251088147245887468e-42
3.740293510877317085e-42
1.922469659153441770e-42
9.845947265470068344e-43
5.024496726591635171e-43
2.554803448329609421e-43
1.294330119620546295e-43
6.533531575557143295e-44
3.285935241693118771e-44
1.646534109883322718e-44
8.220075511886697468e-45
4.088526366818153090e-45
2.025985145189340012e-45
1.000176545255498507e-45
4.919041503020583217e-46
2.410128150297825590e-46
1.176380957993817314e-46
5.720004522247509027e-47
2.770623958768901084e-47
1.336853679121939813e-47
6.425507728054824277e-48
3.076383508231846257e-48
1.467151867853491125e-48
6.969527221027998797e-49
3.297746393428068418e-49
1.554207031915275295e-49
7.295752857417094789e-50
3.411087748739608382e-50
1.588433591188059255e-50
7.366996143061159017e-51
3.402896979217291279e-51
1.565437971590364153e-51
7.172050019073428453e-52
3.272372783204725782e-52
1.486913955051045487e-52
6.728279847613974076e-53
3.031858252774012489e-53
1.360478938117414062e-53
6.079169245563439450e-54
2.704939019321964685e-54
1.198458108715409232e-54
5.287271679345599421e-55
2.322603034188588557e-55
1.015883955284056260e-55
4.424152301614417249e-56
1.918332784914758543e-56
8.281647606364116685e-57
3.559585406161772641e-57
1.523220813674586262e-57
6.489301360512190607e-58
2.752297981379724983e-58
1.162107060456399178e-58
4.884731580368388415e-59
2.043947739528111711e-59
8.513810517623677999e-60
3.530155362799430763e-60
1.457034335855988321e-60
5.986077145743975534e-61
2.447945597231977258e-61
9.964108801394316398e-62
4.036850528229710850e-62
1.627813297860860696e-62
6.533025884402732405e-63
2.609528968403764513e-63
1.037379967515992676e-63
4.104228773632296097e-64
1.615969471071366284e-64
6.331877301003659310e-65
2.468990266728222229e-65
9.580398082438170538e-66
3.699258698236801034e-66
1.421354615245407063e-66
5.434208981371881429e-67
2.067311294692945370e-67
7.825291142801889011e-68
2.947199882056877508e-68
1.104389954389688493e-68
4.117449877687326382e-69
1.527272017892286457e-69
5.636062329059478056e-70
2.069167041075044131e-70
7.557265450268510614e-71
2.745820128772031455e-71
9.924454134283503024e-72
3.568264990883980476e-72
1.276180824423113261e-72
4.540049919634428288e-73
1.606537703100169249e-73
5.654466179357440537e-74
1.979480087378449448e-74
6.892200052793153506e-75
2.386712594842998416e-75
8.219892117215831615e-76
2.815425309254160496e-76
9.590072436442419674e-77
3.248536567070967626e-77
1.094282775768669776e-77
3.665516339715465806e-78
1.220934412501346834e-78
4.043791894334384213e-79
1.331717725693935010e-79
4.360638034418577109e-80
1.419677985724613834e-80
4.595354356586683983e-81
1.478852401725811699e-81
4.731453313654455627e-82
1.504926697657321141e-82
4.758545952683022075e-83
1.495747594320937391e-83
4.673630682198526704e-84
1.451607904343224120e-84
4.481566574739334128e-85
1.375253083706322018e-85
4.194635380828908479e-86
1.271601688276415503e-86
3.831242646232386122e-87
1.147218665111869338e-87
3.413948341992438467e-88
1.009620132017318785e-88
2.967121994784668244e-89
8.665130041018234320e-90
2.514565137693116372e-90
7.250777319690116507e-91
2.077426992927682111e-91
5.913873833894180728e-92
1.672664661510992397e-92
4.700257071027639089e-93
1.312186323165056465e-93
3.639282171858334238e-94
1.002691519325065184e-94
2.744323477529065390e-95
7.461127529007947550e-96
2.014928220771021793e-96
5.404870538249555221e-97
1.440012133083077690e-97
3.810540463823581705e-98
1.001453751921795391e-98
2.613866032764587817e-99
6.775291128898480631e-100
1.744009298401824823e-100
4.457893676456391409e-101
1.131499725368759638e-101
2.851718692407819732e-102
7.136247816473934490e-103
1.773076955977048191e-103
4.373840683548490141e-104
1.071172009652322714e-104
2.604350307825290790e-105
6.285885073767748705e-106
1.506062942439123505e-106
3.581889056732309225e-107
8.455825318104581259e-108
1.981331545641221746e-108
4.607845064403201400e-109
1.063555833941699872e-109
2.436275792311749748e-110
5.538322178060823056e-111
1.249388018371937839e-111
2.796825797995827066e-112
6.212464519505984102e-113
1.369222959613570732e-113
2.994176175428739701e-114
6.496126705607247988e-115
1.398255284543820867e-115
2.985754077909390251e-116
6.324668502883243202e-117
1.328978953524249167e-117
2.769971622600360657e-118
5.726503622308697563e-119
1.174196351651071040e-119
2.387859027968482892e-120
4.815851113685141041e-121
9.631929763261579864e-122
1.910331595497233852e-122
3.756977095083066727e-123
7.326248451140794164e-124
1.416500853829447404e-124
2.715330902684681497e-125
5.160334455672566515e-126
9.722106354038028642e-127
1.815717980759728731e-127
3.361397134173665531e-128
6.168113671303403343e-129
1.121820937871082794e-129
2.022137433649429109e-130
3.612358800728616558e-131
6.395008233021326216e-132
1.121858498563248945e-132
1.950106504758556873e-133
3.358753833249952886e-134
5.731571659722937139e-135
9.689935475454111640e-136
1.622913358669953603e-136
2.692604346514596178e-137
4.425147507801114533e-138
7.203374324584088413e-139
1.161373812340937690e-139
1.854430018800221276e-140
2.932415923495114639e-141
4.591890015918868984e-142
7.120033212010086142e-143
1.093127438830545781e-143
1.661617882984801441e-144
2.500553802241075131e-145
3.725278744767592686e-146
5.493782376657728260e-147
8.019486331109145894e-148
1.158660283295790072e-148
1.656807045039332686e-149
2.344582313116755056e-150
3.283280525174607875e-151
4.549570292316093466e-152
6.237682826272894978e-153
8.461299307826260891e-154
1.135485859999248607e-154
1.507394897997941282e-155
1.979440332001927656e-156
2.570969721114009305e-157
3.302626569740268587e-158
4.195641797196513935e-159
5.270864972820820743e-160
6.547533457242485927e-161
8.041801702022992683e-162
9.765081952024918712e-163
1.172227942528022345e-163
1.391003668918021797e-164
1.631512956040105541e-165
1.891317609108621557e-166
2.166782674401641375e-167
2.453059403436565950e-168
2.744145139290202524e-169
3.033028342555255760e-170
3.311920518168094135e-171
3.572569117889034085e-172
3.806637284762201389e-173
4.006128462019589476e-174
4.163827374899401207e-175
4.273724626799167076e-176
4.331390863311278757e-177
4.334268571630043929e-178
4.281855121132440888e-179
4.175759198615950021e-180
4.019623522885275153e-181
3.818918493012395048e-182
3.580622913868871995e-183
3.312817837342277665e-184
3.024226731684725479e-185
2.723738864023726023e-186
2.419952623463298505e-187
2.120771685011290721e-188
1.833080030729584946e-189
1.562512865754870393e-190
1.313330552791185298e-191
1.088393025177763685e-192
8.892237743387079307e-194
7.161462242158571909e-195
5.684715404367476945e-196
4.447157493369966051e-197
3.428252088005853787e-198
2.603924796155016741e-199
1.948488505949126931e-200
1.436244974228015660e-201
1.042718904029323805e-202
7.455212797834607535e-204
5.248704800020392790e-205
3.638211879886414743e-206
2.482625267213045321e-207
1.667494701740656747e-208
1.102274508402264463e-209
7.170147553278458287e-211
4.589015911532661054e-212
2.889371347439612974e-213
1.789442403327180731e-214
1.089933282085114615e-215
6.528090959992383437e-217
3.844251696714593309e-218
2.225414739923651659e-219
1.266242104810551235e-220
7.080455508324519809e-222
3.890229141883240049e-223
2.099850719002218106e-224
1.113344162013238633e-225
5.797296651333287976e-227
2.964167369592463303e-228
1.487941215011881445e-229
7.331588681053387196e-231
3.545371295070014687e-232
1.682276240131502258e-233
7.831123067519529794e-235
3.575688245486357402e-236
1.601106731695785521e-237
7.029437325050689286e-239
3.025334975576807625e-240
1.276116463287710567e-241
5.274492575320514185e-243
2.135759805190219975e-244
8.470547341712976881e-246
3.289743127673217528e-247
1.250852541905940689e-248
4.655260769724816666e-250
1.695406214211540395e-251
6.040756609245303708e-253
2.105185926526962727e-254
7.174020179917188391e-256
2.389994219112483541e-257
7.781796955049725816e-259
2.475687780545219869e-260
7.693541876285448352e-262
2.334802113200937119e-263
6.917404614761988415e-265
2.000224618189679578e-266
5.643220010020981052e-268
1.552940604161407613e-269
4.167025429792560307e-271
1.089936856509102368e-272
2.778032791278986366e-274
6.897434428700488362e-276
1.667637146161988043e-277
3.924867339390017326e-279
8.988753156473606802e-281
2.002453094556483734e-282
4.337571451072805154e-284
9.132311065501400012e-286
1.868048279717705724e-287
3.710969855959324382e-289
7.156357912459928353e-291
1.339090383277783972e-292
2.430206399863164501e-294
4.275511905734426667e-296
7.288443538733305094e-298
1.203279925675054857e-299
1.922916365941142845e-301
2.972935087057223125e-303
4.444303241412974510e-305
6.420504652861602410e-307
8.958339934706700203e-309
1.206467716784208227e-310
1.567333206495195798e-312
1.962828525909748406e-314
2.368025860227358777e-316
2.750241120857590950e-318
3.072594251486712258e-320
3.310239827136351846e-322
4.940656458412465442e-324
0.000000000000000000e+00
0.000000000000000000e+00
-0.000000000000000000e+00
-0.000000000000000000e+00
-0.000000000000000000e+00
-0.000000000000000000e+00
-0.000000000000000000e+00
-0.000000000000000000e+00
-0.000000000000000000e+00
-0.000000000000000000e+00
-0.000000000000000000e+00
-0.000000000000000000e+00
-0.000000000000000000e+00
-0.000000000000000000e+00
-0.000000000000000000e+00
-0.000000000000000000e+00
-0.000000000000000000e+00
-0.000000000000000000e+00
-0.000000000000000000e+00
-0.000000000000000000e+00
-0.000000000000000000e+00
-0.000000000000000000e+00
-0.000000000000000000e+00
-0.000000000000000000e+00
-0.000000000000000000e+00
-0.000000000000000000e+00
-0.000000000000000000e+00
-0.000000000000000000e+00
-0.000000000000000000e+00
-0.000000000000000000e+00
-0.000000000000000000e+00
-0.000000000000000000e+00
-0.000000000000000000e+00
-0.000000000000000000e+00
-0.000000000000000000e+00
-0.000000000000000000e+00
-0.000000000000000000e+00
-0.000000000000000000e+00
-0.000000000000000000e+00
-0.000000000000000000e+00
-0.000000000000000000e+00
-0.000000000000000000e+00
-0.000000000000000000e+00
-0.000000000000000000e+00
-0.000000000000000000e+00
-0.000000000000000000e+00
-0.000000000000000000e+00
-0.000000000000000000e+00
