4.5137086977247236063703894615173339843750000000000000000000000000e+00
4.0884793725917916162870824337005615234375000000000000000000000000e+00
3.4436077754982079568435437977313995361328125000000000000000000000e+00
3.0597089191310260503087192773818969726562500000000000000000000000e+00
2.7811178248299484039307571947574615478515625000000000000000000000e+00
2.6139535688465684870607219636440277099609375000000000000000000000e+00
2.4269574197439851559465751051902770996093750000000000000000000000e+00
2.3283905434790312938275747001171112060546875000000000000000000000e+00
2.1943521203357931881328113377094268798828125000000000000000000000e+00
2.1121944980618536646943539381027221679687500000000000000000000000e+00
2.0328403332857760688057169318199157714843750000000000000000000000e+00
1.9550177852757997243315912783145904541015625000000000000000000000e+00
1.8915755935911420237971469759941101074218750000000000000000000000e+00
1.8363050123782613809453323483467102050781250000000000000000000000e+00
1.7846307981719746749149635434150695800781250000000000000000000000e+00
1.7389667737677427794551476836204528808593750000000000000000000000e+00
1.6922798955095004203030839562416076660156250000000000000000000000e+00
1.6543636616062258326564915478229522705078125000000000000000000000e+00
1.6147847960830858937697485089302062988281250000000000000000000000e+00
1.5839777094414557723212055861949920654296875000000000000000000000e+00
1.5495774817997016725712455809116363525390625000000000000000000000e+00
1.5231072550222961581312119960784912109375000000000000000000000000e+00
1.4920213871898795332526788115501403808593750000000000000000000000e+00
1.4686778806430993427056819200515747070312500000000000000000000000e+00
1.4404174821643209725152701139450073242187500000000000000000000000e+00
1.4199540331626394618069753050804138183593750000000000000000000000e+00
1.3942880085844535642536357045173645019531250000000000000000000000e+00
1.3764946722155855240998789668083190917968750000000000000000000000e+00
1.3532568555997386283706873655319213867187500000000000000000000000e+00
1.3373027268096393527230247855186462402343750000000000000000000000e+00
1.3160547773562711881822906434535980224609375000000000000000000000e+00
1.3024552768762305277050472795963287353515625000000000000000000000e+00
1.2821432678433666296768933534622192382812500000000000000000000000e+00
1.2694828975321570396772585809230804443359375000000000000000000000e+00
1.2512960749104422575328499078750610351562500000000000000000000000e+00
1.2396882945362222017138265073299407958984375000000000000000000000e+00
1.2224795129857284337049350142478942871093750000000000000000000000e+00
1.2119676904299012676347047090530395507812500000000000000000000000e+00
1.1954177080978070080163888633251190185546875000000000000000000000e+00
1.1861540078400594211416319012641906738281250000000000000000000000e+00
1.1705284159465918492060154676437377929687500000000000000000000000e+00
1.1623935673338792184949852526187896728515625000000000000000000000e+00
1.1474188640901274993666447699069976806640625000000000000000000000e+00
1.1398058784321847269893623888492584228515625000000000000000000000e+00
1.1260020984409493394196033477783203125000000000000000000000000000e+00
1.1189133891658684660797007381916046142578125000000000000000000000e+00
1.1056498301607007306301966309547424316406250000000000000000000000e+00
1.0991138913570921431528404355049133300781250000000000000000000000e+00
1.0865797295630272856215015053749084472656250000000000000000000000e+00
1.0807874554693626123480498790740966796875000000000000000000000000e+00
1.0690257427662572808912955224514007568359375000000000000000000000e+00
1.0632005436003737486316822469234466552734375000000000000000000000e+00
1.0518915090285645419498905539512634277343750000000000000000000000e+00
1.0469660112929659590008668601512908935546875000000000000000000000e+00
1.0357446426183969379053451120853424072265625000000000000000000000e+00
1.0311266610474376648198813199996948242187500000000000000000000000e+00
1.0203953344609999476233497262001037597656250000000000000000000000e+00
1.0164262521526552518480457365512847900390625000000000000000000000e+00
1.0059302102929450484225526452064514160156250000000000000000000000e+00
1.0021113967958399371127597987651824951171875000000000000000000000e+00
6.0274181622594369400758296251296997070312500000000000000000000000e-01
-5.9249207369589385052677243947982788085937500000000000000000000000e-02
-5.9243741457748910761438310146331787109375000000000000000000000000e-02
-5.9238276302380654669832438230514526367187500000000000000000000000e-02
-5.9232811903257243102416396141052246093750000000000000000000000000e-02
-5.9227348259923928708303719758987426757812500000000000000000000000e-02
-5.9221885372721772000659257173538208007812500000000000000000000000e-02
-5.9216423241309712466318160295486450195312500000000000000000000000e-02
-5.9210961865346689592115581035614013671875000000000000000000000000e-02
-5.9205501244946390215773135423660278320312500000000000000000000000e-02
-5.9200041379995127499569207429885864257812500000000000000000000000e-02
-5.9194582270265527768060564994812011718750000000000000000000000000e-02
-5.9189123915530217345803976058959960937500000000000000000000000000e-02
-5.9183666315789196232799440622329711914062500000000000000000000000e-02
-5.9178209470815090753603726625442504882812500000000000000000000000e-02
-5.9172753380607900908216834068298339843750000000000000000000000000e-02
-5.9167298044940253021195530891418457031250000000000000000000000000e-02
-5.9161843463471086579374969005584716796875000000000000000000000000e-02
-5.9156389636200401582755148410797119140625000000000000000000000000e-02
-5.9150936563128198031336069107055664062500000000000000000000000000e-02
-5.9145484244140789087396115064620971679687500000000000000000000000e-02
-5.9140032678897114237770438194274902343750000000000000000000000000e-02
-5.9134581867283486644737422466278076171875000000000000000000000000e-02
-5.9129131809413593146018683910369873046875000000000000000000000000e-02
-5.9123682504832686390727758407592773437500000000000000000000000000e-02
-5.9118233953313392703421413898468017578125000000000000000000000000e-02
-5.9112786155196772597264498472213745117187500000000000000000000000e-02
-5.9107339110141765559092164039611816406250000000000000000000000000e-02
-5.9101892817693624238017946481704711914062500000000000000000000000e-02
-5.9096447277966035471763461828231811523437500000000000000000000000e-02
-5.9091002491072686098050326108932495117187500000000000000000000000e-02
-5.9085558456445141928270459175109863281250000000000000000000000000e-02
-5.9080115174083402962423861026763916015625000000000000000000000000e-02
-5.9074672644101156038232147693634033203125000000000000000000000000e-02
-5.9069230866043653804808855056762695312500000000000000000000000000e-02
-5.9063789839683522586710751056671142578125000000000000000000000000e-02
-5.9058349565134449221659451723098754882812500000000000000000000000e-02
-5.9052910042282746871933341026306152343750000000000000000000000000e-02
-5.9047471270901041862089186906814575195312500000000000000000000000e-02
-5.9042033250875647354405373334884643554687500000000000000000000000e-02
-5.9036595981865502835717052221298217773437500000000000000000000000e-02
-5.9031159463984295143745839595794677734375000000000000000000000000e-02
-5.9025723697232024278491735458374023437500000000000000000000000000e-02
-5.9020288681153942889068275690078735351562500000000000000000000000e-02
-5.9014854415636364137753844261169433593750000000000000000000000000e-02
-5.9009420900565601186826825141906738281250000000000000000000000000e-02
-5.9003988135941654036287218332290649414062500000000000000000000000e-02
-5.8998556121650835848413407802581787109375000000000000000000000000e-02
-5.8993124857238399272318929433822631835937500000000000000000000000e-02
-5.8987694342818031145725399255752563476562500000000000000000000000e-02
-5.8982264578389731468632817268371582031250000000000000000000000000e-02
-5.8976835563385066052433103322982788085937500000000000000000000000e-02
-5.8971407298031408572569489479064941406250000000000000000000000000e-02
-5.8965979782215072191320359706878662109375000000000000000000000000e-02
-5.8960553015594996395520865917205810546875000000000000000000000000e-02
-5.8955126998057494347449392080307006835937500000000000000000000000e-02
-5.8949701729375192371662706136703491210937500000000000000000000000e-02
-5.8944277209548090468160808086395263671875000000000000000000000000e-02
-5.8938853438462501799222081899642944335937500000000000000000000000e-02
-5.8933430416118426364846527576446533203125000000000000000000000000e-02
-5.8928008142061116814147680997848510742187500000000000000000000000e-02
-5.8922586616290573147125542163848876953125000000000000000000000000e-02
-5.8917165838693108526058495044708251953125000000000000000000000000e-02
-5.8911745809155036113224923610687255859375000000000000000000000000e-02
-5.8906326527562669070903211832046508789062500000000000000000000000e-02
-5.8900907993461260048206895589828491210937500000000000000000000000e-02
-5.8895490207191869558300822973251342773437500000000000000000000000e-02
-5.8890073168413437088020145893096923828125000000000000000000000000e-02
-5.8884656876784902124200016260147094726562500000000000000000000000e-02
-5.8879241332533638342283666133880615234375000000000000000000000000e-02
-5.8873826535318585229106247425079345703125000000000000000000000000e-02
-5.8868412484798682271502912044525146484375000000000000000000000000e-02
-5.8862999181428676820360124111175537109375000000000000000000000000e-02
-5.8857586624640134687069803476333618164062500000000000000000000000e-02
-5.8852174813978308520745486021041870117187500000000000000000000000e-02
-5.8846763749897945672273635864257812500000000000000000000000000000e-02
-5.8841353431944298790767788887023925781250000000000000000000000000e-02
-5.8835943860231054713949561119079589843750000000000000000000000000e-02
-5.8830535034644526604097336530685424804687500000000000000000000000e-02
-5.8825126954616280272603034973144531250000000000000000000000000000e-02
-5.8819719620260002557188272476196289062500000000000000000000000000e-02
-5.8814313031575693457853049039840698242187500000000000000000000000e-02
-5.8808907188449666136875748634338378906250000000000000000000000000e-02
-5.8803502090313486405648291110992431640625000000000000000000000000e-02
-5.8798097737280841101892292499542236328125000000000000000000000000e-02
-5.8792694129465417063329368829727172851562500000000000000000000000e-02
-5.8787291266412466939073055982589721679687500000000000000000000000e-02
-5.8781889148121990729123353958129882812500000000000000000000000000e-02
-5.8776487774366614758037030696868896484375000000000000000000000000e-02
-5.8771087145146339025814086198806762695312500000000000000000000000e-02
-5.8765687260120103019289672374725341796875000000000000000000000000e-02
-5.8760288119515280413907021284103393554687500000000000000000000000e-02
-5.8754889722763437021058052778244018554687500000000000000000000000e-02
-5.8749492069750886003021150827407836914062500000000000000000000000e-02
-5.8744095160705001035239547491073608398437500000000000000000000000e-02
-5.8738698995171034766826778650283813476562500000000000000000000000e-02
-5.8733303573376360873226076364517211914062500000000000000000000000e-02
-5.8727908894866232003550976514816284179687500000000000000000000000e-02
-5.8722514959299587644636631011962890625000000000000000000000000000e-02
-5.8717121767017488309647887945175170898437500000000000000000000000e-02
-5.8711729317792560323141515254974365234375000000000000000000000000e-02
-5.8706337611170056334231048822402954101562500000000000000000000000e-02
-5.8700946647377350018359720706939697265625000000000000000000000000e-02
-5.8695556426073380862362682819366455078125000000000000000000000000e-02
-5.8690166947144462028518319129943847656250000000000000000000000000e-02
-5.8684778210476906679105013608932495117187500000000000000000000000e-02
-5.8679390215957027976401150226593017578125000000000000000000000000e-02
-5.8674002963471139082685112953186035156250000000000000000000000000e-02
-5.8668616452905553160235285758972167968750000000000000000000000000e-02
-5.8663230683919209695886820554733276367187500000000000000000000000e-02
-5.8657845656625795527361333370208740234375000000000000000000000000e-02
-5.8652461370684250141493976116180419921875000000000000000000000000e-02
-5.8647077825980886700563132762908935546875000000000000000000000000e-02
-5.8641695022629392042290419340133666992187500000000000000000000000e-02
-5.8636312960175018815789371728897094726562500000000000000000000000e-02
-5.8630931638731453858781605958938598632812500000000000000000000000e-02
-5.8625551058071323495823889970779418945312500000000000000000000000e-02
-5.8620171218080940889194607734680175781250000000000000000000000000e-02
-5.8614792118419245525728911161422729492187500000000000000000000000e-02
-5.8609413759199924243148416280746459960937500000000000000000000000e-02
-5.8604036140195603366009891033172607421875000000000000000000000000e-02
-5.8598659261292596056591719388961791992187500000000000000000000000e-02
-5.8593283122377215477172285318374633789062500000000000000000000000e-02
-5.8587907723108401114586740732192993164062500000000000000000000000e-02
-5.8582533063827213481999933719635009765625000000000000000000000000e-02
-5.8577159143965218390803784132003784179687500000000000000000000000e-02
-5.8571785963408729003276675939559936523437500000000000000000000000e-02
-5.8566413522157745319418609142303466796875000000000000000000000000e-02
-5.8561041819984893663786351680755615234375000000000000000000000000e-02
-5.8555670857117547711823135614395141601562500000000000000000000000e-02
-5.8550300633100960112642496824264526367187500000000000000000000000e-02
-5.8544931147480383515357971191406250000000000000000000000000000000e-02
-5.8539562400369504757691174745559692382812500000000000000000000000e-02
-5.8534194391995697515085339546203613281250000000000000000000000000e-02
-5.8528827122017901274375617504119873046875000000000000000000000000e-02
-5.8523460590208742360118776559829711914062500000000000000000000000e-02
-5.8518094796227160259149968624114990234375000000000000000000000000e-02
-5.8512729740300528646912425756454467773437500000000000000000000000e-02
-5.8507365422315160685684531927108764648437500000000000000000000000e-02
-5.8502001841702622186858206987380981445312500000000000000000000000e-02
-5.8496638998690286825876682996749877929687500000000000000000000000e-02
-5.8491276893050780927296727895736694335937500000000000000000000000e-02
-5.8485915524784104491118341684341430664062500000000000000000000000e-02
-5.8480554893662883841898292303085327148437500000000000000000000000e-02
-5.8475194999346058466471731662750244140625000000000000000000000000e-02
-5.8469835841833628364838659763336181640625000000000000000000000000e-02
-5.8464477421125593536999076604843139648437500000000000000000000000e-02
-5.8459119737108267145231366157531738281250000000000000000000000000e-02
-5.8453762789326901838649064302444458007812500000000000000000000000e-02
-5.8448406577781497617252171039581298828125000000000000000000000000e-02
-5.8443051102585741318762302398681640625000000000000000000000000000e-02
-5.8437696363398572430014610290527343750000000000000000000000000000e-02
-5.8432342359992617275565862655639648437500000000000000000000000000e-02
-5.8426989092367875855416059494018554687500000000000000000000000000e-02
-5.8421636560410661331843584775924682617187500000000000000000000000e-02
-5.8416284764007286867126822471618652343750000000000000000000000000e-02
-5.8410933703044065623544156551361083984375000000000000000000000000e-02
-5.8405583377066250250209122896194458007812500000000000000000000000e-02
-5.8400233786187527584843337535858154296875000000000000000000000000e-02
-5.8394884930294210789725184440612792968750000000000000000000000000e-02
-5.8389536809272613027133047580718994140625000000000000000000000000e-02
-5.8384189423009047459345310926437377929687500000000000000000000000e-02
-5.8378842771162453573197126388549804687500000000000000000000000000e-02
-5.8373496853732831368688493967056274414062500000000000000000000000e-02
-5.8368151670606494008097797632217407226562500000000000000000000000e-02
-5.8362807221556067815981805324554443359375000000000000000000000000e-02
-5.8357463506581552792340517044067382812500000000000000000000000000e-02
-5.8352120525682948937173932790756225585937500000000000000000000000e-02
-5.8346778278405508899595588445663452148437500000000000000000000000e-02
-5.8341436764521859004162251949310302734375000000000000000000000000e-02
-5.8336095984145686088595539331436157226562500000000000000000000000e-02
-5.8330755937276990152895450592041015625000000000000000000000000000e-02
-5.8325416623461023846175521612167358398437500000000000000000000000e-02
-5.8320078042811474006157368421554565429687500000000000000000000000e-02
-5.8314740195100966957397758960723876953125000000000000000000000000e-02
-5.8309403080215815862175077199935913085937500000000000000000000000e-02
-5.8304066697928647045046091079711914062500000000000000000000000000e-02
-5.8298731048125773668289184570312500000000000000000000000000000000e-02
-5.8293396130807195731904357671737670898437500000000000000000000000e-02
-5.8288061945745539560448378324508666992187500000000000000000000000e-02
-5.8282728492827118316199630498886108398437500000000000000000000000e-02
-5.8277395771824558323714882135391235351562500000000000000000000000e-02
-5.8272063782737859582994133234024047851562500000000000000000000000e-02
-5.8266732525453335256315767765045166015625000000000000000000000000e-02
-5.8261401999743611668236553668975830078125000000000000000000000000e-02
-5.8256072205495001981034874916076660156250000000000000000000000000e-02
-5.8250743142480132519267499446868896484375000000000000000000000000e-02
-5.8245414810585316445212811231613159179687500000000000000000000000e-02
-5.8240087209810553758870810270309448242187500000000000000000000000e-02
-5.8234760340042157622519880533218383789062500000000000000000000000e-02
-5.8229434201166441198438405990600585937500000000000000000000000000e-02
-5.8224108792728657135739922523498535156250000000000000000000000000e-02
-5.8218784114842492272146046161651611328125000000000000000000000000e-02
-5.8213460167507946607656776905059814453125000000000000000000000000e-02
-5.8208136950270272791385650634765625000000000000000000000000000000e-02
-5.8202814463129470823332667350769042968750000000000000000000000000e-02
-5.8197492706199227541219443082809448242187500000000000000000000000e-02
-5.8192171679024795594159513711929321289062500000000000000000000000e-02
-5.8186851381378801306709647178649902343750000000000000000000000000e-02
-5.8181531813488618354313075542449951171875000000000000000000000000e-02
-5.8176212975240559899248182773590087890625000000000000000000000000e-02
-5.8170894866066191752906888723373413085937500000000000000000000000e-02
-5.8165577486079200753010809421539306640625000000000000000000000000e-02
-5.8160260835279586899559944868087768554687500000000000000000000000e-02
-5.8154944913212602841667830944061279296875000000000000000000000000e-02
-5.8149629720105622254777699708938598632812500000000000000000000000e-02
-5.8144315255844958301167935132980346679687500000000000000000000000e-02
-5.8139001519748489954508841037750244140625000000000000000000000000e-02
-5.8133688511929904052522033452987670898437500000000000000000000000e-02
-5.8128376232730261108372360467910766601562500000000000000000000000e-02
-5.8123064681581126933451741933822631835937500000000000000000000000e-02
-5.8117753858255127852316945791244506835937500000000000000000000000e-02
-5.8112443762979637540411204099655151367187500000000000000000000000e-02
-5.8107134395413595484569668769836425781250000000000000000000000000e-02
-5.8101825755215941171627491712570190429687500000000000000000000000e-02
-5.8096517842614048277027904987335205078125000000000000000000000000e-02
-5.8091210657380543125327676534652709960937500000000000000000000000e-02
-5.8085904199401738878805190324783325195312500000000000000000000000e-02
-5.8080598468450261862017214298248291015625000000000000000000000000e-02
-5.8075293464298738399520516395568847656250000000000000000000000000e-02
-5.8069989187060855329036712646484375000000000000000000000000000000e-02
-5.8064685636395552137400954961776733398437500000000000000000000000e-02
-5.8059382812416515662334859371185302734375000000000000000000000000e-02
-5.8054080714782685390673577785491943359375000000000000000000000000e-02
-5.8048779343153000809252262115478515625000000000000000000000000000e-02
-5.8043478697868522431235760450363159179687500000000000000000000000e-02
-5.8038178778588189743459224700927734375000000000000000000000000000e-02
-5.8032879585198315908201038837432861328125000000000000000000000000e-02
-5.8027581117585214087739586830139160156250000000000000000000000000e-02
-5.8022283375294136931188404560089111328125000000000000000000000000e-02
-5.8016986358666144951712340116500854492187500000000000000000000000e-02
-5.8011690067587551311589777469635009765625000000000000000000000000e-02
-5.8006394501376234984491020441055297851562500000000000000000000000e-02
-5.8001099660259569645859301090240478515625000000000000000000000000e-02
-5.7995805544237555295694619417190551757812500000000000000000000000e-02
-5.7990512153082818258553743362426757812500000000000000000000000000e-02
-5.7985219486454298021271824836730957031250000000000000000000000000e-02
-5.7979927544351994583848863840103149414062500000000000000000000000e-02
-5.7974636326662221108563244342803955078125000000000000000000000000e-02
-5.7969345833384977595414966344833374023437500000000000000000000000e-02
-5.7964056064179203531239181756973266601562500000000000000000000000e-02
-5.7958767018817525240592658519744873046875000000000000000000000000e-02
-5.7953478697641003236640244722366333007812500000000000000000000000e-02
-5.7948191100194890168495476245880126953125000000000000000000000000e-02
-5.7942904226024438685271888971328735351562500000000000000000000000e-02
-5.7937618075470709300134330987930297851562500000000000000000000000e-02
-5.7932332648533702013082802295684814453125000000000000000000000000e-02
-5.7927047944531295797787606716156005859375000000000000000000000000e-02
-5.7921763963690864329691976308822631835937500000000000000000000000e-02
-5.7916480705898720771074295043945312500000000000000000000000000000e-02
-5.7911198170813804608769714832305908203125000000000000000000000000e-02
-5.7905916358436115842778235673904418945312500000000000000000000000e-02
-5.7900635268765654473099857568740844726562500000000000000000000000e-02
-5.7895354901347673148848116397857666015625000000000000000000000000e-02
-5.7890075256295858707744628190994262695312500000000000000000000000e-02
-5.7884796333496524312067776918411254882812500000000000000000000000e-02
-5.7879518132608609448652714490890502929687500000000000000000000000e-02
-5.7874240653632114117499440908432006835937500000000000000000000000e-02
-5.7868963896453351480886340141296386718750000000000000000000000000e-02
-5.7863687860958634701091796159744262695312500000000000000000000000e-02
-5.7858412547034276940394192934036254882812500000000000000000000000e-02
-5.7853137954339217685628682374954223632812500000000000000000000000e-02
-5.7847864082873456936795264482498168945312500000000000000000000000e-02
-5.7842590932523307856172323226928710937500000000000000000000000000e-02
-5.7837318503175083606038242578506469726562500000000000000000000000e-02
-5.7832046794828784186393022537231445312500000000000000000000000000e-02
-5.7826775807029662246350198984146118164062500000000000000000000000e-02
-5.7821505539891404623631387948989868164062500000000000000000000000e-02
-5.7816235993186637642793357372283935546875000000000000000000000000e-02
-5.7810967166801674466114491224288940429687500000000000000000000000e-02
-5.7805699060736515093594789505004882812500000000000000000000000000e-02
-5.7800431674536412174347788095474243164062500000000000000000000000e-02
-5.7795165008315052546095103025436401367187500000000000000000000000e-02
-5.7789899061958749371115118265151977539062500000000000000000000000e-02
-5.7784633835240128973964601755142211914062500000000000000000000000e-02
-5.7779369328045504516921937465667724609375000000000000000000000000e-02
-5.7774105540261189162265509366989135742187500000000000000000000000e-02
-5.7768842471887182909995317459106445312500000000000000000000000000e-02
-5.7763580122468738409224897623062133789062500000000000000000000000e-02
-5.7758318492119542497675865888595581054687500000000000000000000000e-02
-5.7753057580725908337626606225967407226562500000000000000000000000e-02
-5.7747797388174149091355502605438232421875000000000000000000000000e-02
-5.7742537914009517407976090908050537109375000000000000000000000000e-02
-5.7737279158232013287488371133804321289062500000000000000000000000e-02
-5.7732021121069010405335575342178344726562500000000000000000000000e-02
-5.7726763802065761410631239414215087890625000000000000000000000000e-02
-5.7721507201222266303375363349914550781250000000000000000000000000e-02
-5.7716251318311151408124715089797973632812500000000000000000000000e-02
-5.7710996153105043049436062574386596679687500000000000000000000000e-02
-5.7705741705717628065031021833419799804687500000000000000000000000e-02
-5.7700487975921532779466360807418823242187500000000000000000000000e-02
-5.7695234963489383517298847436904907226562500000000000000000000000e-02
-5.7689982668421180278528481721878051757812500000000000000000000000e-02
-5.7684731090603236225433647632598876953125000000000000000000000000e-02
-5.7679480229808177682571113109588623046875000000000000000000000000e-02
-5.7674230085808630974497646093368530273437500000000000000000000000e-02
-5.7668980658718282938934862613677978515625000000000000000000000000e-02
-5.7663731948309759900439530611038208007812500000000000000000000000e-02
-5.7658483954469375021290034055709838867187500000000000000000000000e-02
-5.7653236676969754626043140888214111328125000000000000000000000000e-02
-5.7647990115583525039255619049072265625000000000000000000000000000e-02
-5.7642744270424373098649084568023681640625000000000000000000000000e-02
-5.7637499141378611966501921415328979492187500000000000000000000000e-02
-5.7632254728105181129649281501770019531250000000000000000000000000e-02
-5.7627011030604080588091164827346801757812500000000000000000000000e-02
-5.7621768048761623504105955362319946289062500000000000000000000000e-02
-5.7616525782350436202250421047210693359375000000000000000000000000e-02
-5.7611284231370518682524561882019042968750000000000000000000000000e-02
-5.7606043395594497269485145807266235351562500000000000000000000000e-02
-5.7600803274794998287688940763473510742187500000000000000000000000e-02
-5.7595563869085708574857562780380249023437500000000000000000000000e-02
-5.7590325178352941293269395828247070312500000000000000000000000000e-02
-5.7585087202028262254316359758377075195312500000000000000000000000e-02
-5.7579849940339045133441686630249023437500000000000000000000000000e-02
-5.7574613393285289930645376443862915039062500000000000000000000000e-02
-5.7569377560412249295040965080261230468750000000000000000000000000e-02
-5.7564142441719923226628452539443969726562500000000000000000000000e-02
-5.7558908037208311725407838821411132812500000000000000000000000000e-02
-5.7553674346536354278214275836944580078125000000000000000000000000e-02
-5.7548441369704050885047763586044311523437500000000000000000000000e-02
-5.7543209106597714708186686038970947265625000000000000000000000000e-02
-5.7537977556876285234466195106506347656250000000000000000000000000e-02
-5.7532746720539762463886290788650512695312500000000000000000000000e-02
-5.7527516597474459558725357055664062500000000000000000000000000000e-02
-5.7522287187680376518983393907546997070312500000000000000000000000e-02
-5.7517058490816452831495553255081176757812500000000000000000000000e-02
-5.7511830506882688496261835098266601562500000000000000000000000000e-02
-5.7506603235765396675560623407363891601562500000000000000000000000e-02
-5.7501376677237203693948686122894287109375000000000000000000000000e-02
-5.7496150831298109551426023244857788085937500000000000000000000000e-02
-5.7490925697493366897106170654296875000000000000000000000000000000e-02
-5.7485701276050349406432360410690307617187500000000000000000000000e-02
-5.7480477566855370241682976484298706054687500000000000000000000000e-02
-5.7475254569567368889693170785903930664062500000000000000000000000e-02
-5.7470032284072658512741327285766601562500000000000000000000000000e-02
-5.7464810710257552273105829954147338867187500000000000000000000000e-02
-5.7459589848235737008508294820785522460937500000000000000000000000e-02
-5.7454369697552465368062257766723632812500000000000000000000000000e-02
-5.7449150258094050514046102762222290039062500000000000000000000000e-02
-5.7443931529860492446459829807281494140625000000000000000000000000e-02
-5.7438713512851791165303438901901245117187500000000000000000000000e-02
-5.7433496206840572995133697986602783203125000000000000000000000000e-02
-5.7428279611485777422785758972167968750000000000000000000000000000e-02
-5.7423063726901091285981237888336181640625000000000000000000000000e-02
-5.7417848552745454071555286645889282226562500000000000000000000000e-02
-5.7412634089132552617229521274566650390625000000000000000000000000e-02
-5.7407420335948700085282325744628906250000000000000000000000000000e-02
-5.7402207292852835962548851966857910156250000000000000000000000000e-02
-5.7396994959731273411307483911514282226562500000000000000000000000e-02
-5.7391783336470325593836605548858642578125000000000000000000000000e-02
-5.7386572423183679347857832908630371093750000000000000000000000000e-02
-5.7381362219416587322484701871871948242187500000000000000000000000e-02
-5.7376152725169049517717212438583374023437500000000000000000000000e-02
-5.7370943940441065933555364608764648437500000000000000000000000000e-02
-5.7365735864891576056834310293197631835937500000000000000000000000e-02
-5.7360528498520579887554049491882324218750000000000000000000000000e-02
-5.7355321841100703750271350145339965820312500000000000000000000000e-02
-5.7350115892745634482707828283309936523437500000000000000000000000e-02
-5.7344910653227998409420251846313476562500000000000000000000000000e-02
-5.7339706121979361341800540685653686523437500000000000000000000000e-02
-5.7334502299227096955291926860809326171875000000000000000000000000e-02
-5.7329299184971205249894410371780395507812500000000000000000000000e-02
-5.7324096779097999387886375188827514648437500000000000000000000000e-02
-5.7318895081266418856102973222732543945312500000000000000000000000e-02
-5.7313694091249089979100972414016723632812500000000000000000000000e-02
-5.7308493809273386432323604822158813476562500000000000000000000000e-02
-5.7303294235111934540327638387680053710937500000000000000000000000e-02
-5.7298095368423673789948225021362304687500000000000000000000000000e-02
-5.7292897209094917343463748693466186523437500000000000000000000000e-02
-5.7287699757239352038595825433731079101562500000000000000000000000e-02
-5.7282503012629604199901223182678222656250000000000000000000000000e-02
-5.7277306975038300151936709880828857421875000000000000000000000000e-02
-5.7272111644465439894702285528182983398437500000000000000000000000e-02
-5.7266917020683649752754718065261840820312500000000000000000000000e-02
-5.7261723103579242888372391462326049804687500000000000000000000000e-02
-5.7256529893152219301555305719375610351562500000000000000000000000e-02
-5.7251337388947831641416996717453002929687500000000000000000000000e-02
-5.7246145591193453583400696516036987304687500000000000000000000000e-02
-5.7240954499775398289784789085388183593750000000000000000000000000e-02
-5.7235764114125231571961194276809692382812500000000000000000000000e-02
-5.7230574434584013943094760179519653320312500000000000000000000000e-02
-5.7225385460924371727742254734039306640625000000000000000000000000e-02
-5.7220197192918931250460445880889892578125000000000000000000000000e-02
-5.7215009630340318835806101560592651367187500000000000000000000000e-02
-5.7209822773188534483779221773147583007812500000000000000000000000e-02
-5.7204636621463578194379806518554687500000000000000000000000000000e-02
-5.7199451174710702616721391677856445312500000000000000000000000000e-02
-5.7194266433157281426247209310531616210937500000000000000000000000e-02
-5.7189082396462254109792411327362060546875000000000000000000000000e-02
-5.7183899064511933829635381698608398437500000000000000000000000000e-02
-5.7178716437420007423497736454010009765625000000000000000000000000e-02
-5.7173534514504353865049779415130615234375000000000000000000000000e-02
-5.7168353296106033667456358671188354492187500000000000000000000000e-02
-5.7163172782225046830717474222183227539062500000000000000000000000e-02
-5.7157992972292959166225045919418334960937500000000000000000000000e-02
-5.7152813866537144349422305822372436523437500000000000000000000000e-02
-5.7147635464502855029422789812088012695312500000000000000000000000e-02
-5.7142457766190091206226497888565063476562500000000000000000000000e-02
-5.7137280771598852879833430051803588867187500000000000000000000000e-02
-5.7132104480388079537078738212585449218750000000000000000000000000e-02
-5.7126928892671458015684038400650024414062500000000000000000000000e-02
-5.7121754008107927802484482526779174804687500000000000000000000000e-02
-5.7116579826924862572923302650451660156250000000000000000000000000e-02
-5.7111406348667514976114034652709960937500000000000000000000000000e-02
-5.7106233572881137661170214414596557617187500000000000000000000000e-02
-5.7101061500247851654421538114547729492187500000000000000000000000e-02
-5.7095890130199222767259925603866577148437500000000000000000000000e-02
-5.7090719462507877324242144823074340820312500000000000000000000000e-02
-5.7085549497287502163089811801910400390625000000000000000000000000e-02
-5.7080380234197036770638078451156616210937500000000000000000000000e-02
-5.7075211673350167984608560800552368164062500000000000000000000000e-02
-5.7070043814292148454114794731140136718750000000000000000000000000e-02
-5.7064876657250351854600012302398681640625000000000000000000000000e-02
-5.7059710201883717672899365425109863281250000000000000000000000000e-02
-5.7054544448078559071291238069534301757812500000000000000000000000e-02
-5.7049379395721189212054014205932617187500000000000000000000000000e-02
-5.7044215044697921257466077804565429687500000000000000000000000000e-02
-5.7039051395122442045249044895172119140625000000000000000000000000e-02
-5.7033888446312630549073219299316406250000000000000000000000000000e-02
-5.7028726198609547282103449106216430664062500000000000000000000000e-02
-5.7023564651672131731174886226654052734375000000000000000000000000e-02
-5.7018403805500383896287530660629272460937500000000000000000000000e-02
-5.7013243660094303777441382408142089843750000000000000000000000000e-02
-5.7008084214885457186028361320495605468750000000000000000000000000e-02
-5.7002925470101217797491699457168579101562500000000000000000000000e-02
-5.6997767425514211936388164758682250976562500000000000000000000000e-02
-5.6992610081010752764996141195297241210937500000000000000000000000e-02
-5.6987453436477153445594012737274169921875000000000000000000000000e-02
-5.6982297491686040302738547325134277343750000000000000000000000000e-02
-5.6977142246637413336429744958877563476562500000000000000000000000e-02
-5.6971987701103898871224373579025268554687500000000000000000000000e-02
-5.6966833855085496907122433185577392578125000000000000000000000000e-02
-5.6961680708468520606402307748794555664062500000000000000000000000e-02
-5.6956528260911909455899149179458618164062500000000000000000000000e-02
-5.6951376512415663455612957477569580078125000000000000000000000000e-02
-5.6946225462979782605543732643127441406250000000000000000000000000e-02
-5.6941075112149519554805010557174682617187500000000000000000000000e-02
-5.6935925460038561141118407249450683593750000000000000000000000000e-02
-5.6930776506646907364483922719955444335937500000000000000000000000e-02
-5.6925628251519810874015092849731445312500000000000000000000000000e-02
-5.6920480694770958507433533668518066406250000000000000000000000000e-02
-5.6915333836172976589296013116836547851562500000000000000000000000e-02
-5.6910187675612178281880915164947509765625000000000000000000000000e-02
-5.6905042213088563585188239812850952148437500000000000000000000000e-02
-5.6899897448374758823774755001068115234375000000000000000000000000e-02
-5.6894753381129703484475612640380859375000000000000000000000000000e-02
-5.6889610011580771242734044790267944335937500000000000000000000000e-02
-5.6884467339386901585385203361511230468750000000000000000000000000e-02
-5.6879325364434407674707472324371337890625000000000000000000000000e-02
-5.6874184086950663186144083738327026367187500000000000000000000000e-02
-5.6869043506253547093365341424942016601562500000000000000000000000e-02
-5.6863903622684119909536093473434448242187500000000000000000000000e-02
-5.6858764435673947446048259735107421875000000000000000000000000000e-02
-5.6853625945223029702901840209960937500000000000000000000000000000e-02
-5.6848488151558740355540066957473754882812500000000000000000000000e-02
-5.6843351054226332053076475858688354492187500000000000000000000000e-02
-5.6838214653112117957789450883865356445312500000000000000000000000e-02
-5.6833078948216098069678992033004760742187500000000000000000000000e-02
-5.6827943939424585551023483276367187500000000000000000000000000000e-02
-5.6822809626510206726379692554473876953125000000000000000000000000e-02
-5.6817676009359274758026003837585449218750000000000000000000000000e-02
-5.6812543087858102808240801095962524414062500000000000000000000000e-02
-5.6807410861893004039302468299865722656250000000000000000000000000e-02
-5.6802279331236604775767773389816284179687500000000000000000000000e-02
-5.6797148496116278693079948425292968750000000000000000000000000000e-02
-5.6792018356077278440352529287338256835937500000000000000000000000e-02
-5.6786888910778543504420667886734008789062500000000000000000000000e-02
-5.6781760160561134398449212312698364257812500000000000000000000000e-02
-5.6776632105311364284716546535491943359375000000000000000000000000e-02
-5.6771504744574485812336206436157226562500000000000000000000000000e-02
-5.6766378078236812143586575984954833984375000000000000000000000000e-02
-5.6761252106639403791632503271102905273437500000000000000000000000e-02
-5.6756126829100139730144292116165161132812500000000000000000000000e-02
-5.6751002245391646283678710460662841796875000000000000000000000000e-02
-5.6745878356196044478565454483032226562500000000000000000000000000e-02
-5.6740755160831213288474828004837036132812500000000000000000000000e-02
-5.6735632659069779037963598966598510742187500000000000000000000000e-02
-5.6730510850911741727031767368316650390625000000000000000000000000e-02
-5.6725389736470788193400949239730834960937500000000000000000000000e-02
-5.6720269315405857923906296491622924804687500000000000000000000000e-02
-5.6715149587489577243104577064514160156250000000000000000000000000e-02
-5.6710030552949319826439023017883300781250000000000000000000000000e-02
-5.6704912211216651485301554203033447265625000000000000000000000000e-02
-5.6699794562405259057413786649703979492187500000000000000000000000e-02
-5.6694677606515142542775720357894897460937500000000000000000000000e-02
-5.6689561343091554590500891208648681640625000000000000000000000000e-02
-5.6684445772248182038310915231704711914062500000000000000000000000e-02
-5.6679330893871338048484176397323608398437500000000000000000000000e-02
-5.6674216707847335783299058675765991210937500000000000000000000000e-02
-5.6669103213948801567312330007553100585937500000000000000000000000e-02
-5.6663990411720988049637526273727416992187500000000000000000000000e-02
-5.6658878301732329418882727622985839843750000000000000000000000000e-02
-5.6653766883528078324161469936370849609375000000000000000000000000e-02
-5.6648656156767174252308905124664306640625000000000000000000000000e-02
-5.6643546121676990878768265247344970703125000000000000000000000000e-02
-5.6638436778030154528096318244934082031250000000000000000000000000e-02
-5.6633328125485604687128216028213500976562500000000000000000000000e-02
-5.6628220164157028193585574626922607421875000000000000000000000000e-02
-5.6623112894044425047468394041061401367187500000000000000000000000e-02
-5.6618006314693047897890210151672363281250000000000000000000000000e-02
-5.6612900426102896744851022958755493164062500000000000000000000000e-02
-5.6607795228046597912907600402832031250000000000000000000000000000e-02
-5.6602690720751525077503174543380737304687500000000000000000000000e-02
-5.6597586903762930887751281261444091796875000000000000000000000000e-02
-5.6592483776967128505930304527282714843750000000000000000000000000e-02
-5.6587381340477804769761860370635986328125000000000000000000000000e-02
-5.6582279593953899166081100702285766601562500000000000000000000000e-02
-5.6577178537281724857166409492492675781250000000000000000000000000e-02
-5.6572078170574968680739402770996093750000000000000000000000000000e-02
-5.6566978493492570123635232448577880859375000000000000000000000000e-02
-5.6561879505693468672689050436019897460937500000000000000000000000e-02
-5.6556781207291351165622472763061523437500000000000000000000000000e-02
-5.6551683598399904440157115459442138671875000000000000000000000000e-02
-5.6546586678678067983128130435943603515625000000000000000000000000e-02
-5.6541490447784781281370669603347778320312500000000000000000000000e-02
-5.6536394905947418010327965021133422851562500000000000000000000000e-02
-5.6531300052938604494556784629821777343750000000000000000000000000e-02
-5.6526205888644653896335512399673461914062500000000000000000000000e-02
-5.6521112412724505702499300241470336914062500000000000000000000000e-02
-5.6516019625178159913048148155212402343750000000000000000000000000e-02
-5.6510927526119303365703672170639038085937500000000000000000000000e-02
-5.6505836115093188709579408168792724609375000000000000000000000000e-02
-5.6500745392099815944675356149673461914062500000000000000000000000e-02
-5.6495655357025498233269900083541870117187500000000000000000000000e-02
-5.6490566009756548737641423940658569335937500000000000000000000000e-02
-5.6485477350292967457789927721023559570312500000000000000000000000e-02
-5.6480389378521067555993795394897460937500000000000000000000000000e-02
-5.6475302093872414843644946813583374023437500000000000000000000000e-02
-5.6470215496347009320743381977081298828125000000000000000000000000e-02
-5.6465129586285911500453948974609375000000000000000000000000000000e-02
-5.6460044363234374031890183687210083007812500000000000000000000000e-02
-5.6454959827078710077330470085144042968750000000000000000000000000e-02
-5.6449875977705232799053192138671875000000000000000000000000000000e-02
-5.6444792815113942197058349847793579101562500000000000000000000000e-02
-5.6439710339077464595902711153030395507812500000000000000000000000e-02
-5.6434628549368426320143043994903564453125000000000000000000000000e-02
-5.6429547445986827369779348373413085937500000000000000000000000000e-02
-5.6424467028818980907090008258819580078125000000000000000000000000e-02
-5.6419387297751200094353407621383666992187500000000000000000000000e-02
-5.6414308252669798093847930431365966796875000000000000000000000000e-02
-5.6409229893233714392408728599548339843750000000000000000000000000e-02
-5.6404152219556635827757418155670166015625000000000000000000000000e-02
-5.6399075231524875562172383069992065429687500000000000000000000000e-02
-5.6393998928797373082488775253295898437500000000000000000000000000e-02
-5.6388923311487815226428210735321044921875000000000000000000000000e-02
-5.6383848379368828318547457456588745117187500000000000000000000000e-02
-5.6378774132440412358846515417098999023437500000000000000000000000e-02
-5.6373700570475193671882152557373046875000000000000000000000000000e-02
-5.6368627693132111744489520788192749023437500000000000000000000000e-02
-5.6363555500411166576668620109558105468750000000000000000000000000e-02
-5.6358483992426045006141066551208496093750000000000000000000000000e-02
-5.6353413169063060195185244083404541015625000000000000000000000000e-02
-5.6348343029867464792914688587188720703125000000000000000000000000e-02
-5.6343273574839258799329400062561035156250000000000000000000000000e-02
-5.6338204803978442214429378509521484375000000000000000000000000000e-02
-5.6333136717057641362771391868591308593750000000000000000000000000e-02
-5.6328069313963169406633824110031127929687500000000000000000000000e-02
-5.6323002594695026346016675233840942382812500000000000000000000000e-02
-5.6317936558912151667755097150802612304687500000000000000000000000e-02
-5.6312871206500858534127473831176757812500000000000000000000000000e-02
-5.6307806537688520620577037334442138671875000000000000000000000000e-02
-5.6302742552134077413938939571380615234375000000000000000000000000e-02
-5.6297679249496468401048332452774047851562500000000000000000000000e-02
-5.6292616629775693581905215978622436523437500000000000000000000000e-02
-5.6287554693199126631952822208404541015625000000000000000000000000e-02
-5.6282493439198333362583070993423461914062500000000000000000000000e-02
-5.6277432867659626936074346303939819335937500000000000000000000000e-02
-5.6272372978810381027869880199432373046875000000000000000000000000e-02
-5.6267313772309535124804824590682983398437500000000000000000000000e-02
-5.6262255248043402389157563447952270507812500000000000000000000000e-02
-5.6257197405784609145484864711761474609375000000000000000000000000e-02
-5.6252140245646842231508344411849975585937500000000000000000000000e-02
-5.6247083767402727971784770488739013671875000000000000000000000000e-02
-5.6242027970824892690870910882949829101562500000000000000000000000e-02
-5.6236972856027023226488381624221801757812500000000000000000000000e-02
-5.6231918422554372227750718593597412109375000000000000000000000000e-02
-5.6226864670520626532379537820816040039062500000000000000000000000e-02
-5.6221811599925786140374839305877685546875000000000000000000000000e-02
-5.6216759210315103700850158929824829101562500000000000000000000000e-02
-5.6211707501688579213805496692657470703125000000000000000000000000e-02
-5.6206656474046212679240852594375610351562500000000000000000000000e-02
-5.6201606127274317259434610605239868164062500000000000000000000000e-02
-5.6196556461031832441221922636032104492187500000000000000000000000e-02
-5.6191507475318758224602788686752319335937500000000000000000000000e-02
-5.6186459170135094609577208757400512695312500000000000000000000000e-02
-5.6181411545139781082980334758758544921875000000000000000000000000e-02
-5.6176364600105443969368934631347656250000000000000000000000000000e-02
-5.6171318335259456944186240434646606445312500000000000000000000000e-02
-5.6166272750601820007432252168655395507812500000000000000000000000e-02
-5.6161227845450412132777273654937744140625000000000000000000000000e-02
-5.6156183619918920157942920923233032226562500000000000000000000000e-02
-5.6151140074121030920650810003280639648437500000000000000000000000e-02
-5.6146097207715683907736092805862426757812500000000000000000000000e-02
-5.6141055020589192281477153301239013671875000000000000000000000000e-02
-5.6136013512741556041873991489410400390625000000000000000000000000e-02
-5.6130972683945401513483375310897827148437500000000000000000000000e-02
-5.6125932533973355020862072706222534179687500000000000000000000000e-02
-5.6120893062939103401731699705123901367187500000000000000000000000e-02
-5.6115854270501586142927408218383789062500000000000000000000000000e-02
-5.6110816156660803244449198246002197265625000000000000000000000000e-02
-5.6105778721416754706297069787979125976562500000000000000000000000e-02
-5.6100741964314693177584558725357055664062500000000000000000000000e-02
-5.6095705885695679171476513147354125976562500000000000000000000000e-02
-5.6090670485104965337086468935012817382812500000000000000000000000e-02
-5.6085635762087804323527961969375610351562500000000000000000000000e-02
-5.6080601717212630319409072399139404296875000000000000000000000000e-02
-5.6075568350138382811564952135086059570312500000000000000000000000e-02
-5.6070535660410314449109137058258056640625000000000000000000000000e-02
-5.6065503648369485745206475257873535156250000000000000000000000000e-02
-5.6060472313674836186692118644714355468750000000000000000000000000e-02
-5.6055441656212678935844451189041137695312500000000000000000000000e-02
-5.6050411675983013992663472890853881835937500000000000000000000000e-02
-5.6045382372531094006262719631195068359375000000000000000000000000e-02
-5.6040353746084292652085423469543457031250000000000000000000000000e-02
-5.6035325796301549416966736316680908203125000000000000000000000000e-02
-5.6030298523182864300906658172607421875000000000000000000000000000e-02
-5.6025271926614550466183573007583618164062500000000000000000000000e-02
-5.6020246006482921075075864791870117187500000000000000000000000000e-02
-5.6015220762560602452140301465988159179687500000000000000000000000e-02
-5.6010196194620220921933650970458984375000000000000000000000000000e-02
-5.6005172302889150159899145364761352539062500000000000000000000000e-02
-5.6000149087140016490593552589416503906250000000000000000000000000e-02
-5.5995126547145446238573640584945678710937500000000000000000000000e-02
-5.5990104682791752566117793321609497070312500000000000000000000000e-02
-5.5985083493851561797782778739929199218750000000000000000000000000e-02
-5.5980062980324873933568596839904785156250000000000000000000000000e-02
-5.5975043142211688973475247621536254882812500000000000000000000000e-02
-5.5970023979284633242059499025344848632812500000000000000000000000e-02
-5.5965005491202646226156502962112426757812500000000000000000000000e-02
-5.5959987678306788438931107521057128906250000000000000000000000000e-02
-5.5954970540142312529496848583221435546875000000000000000000000000e-02
-5.5949954076595531660132110118865966796875000000000000000000000000e-02
-5.5944938287780132668558508157730102539062500000000000000000000000e-02
-5.5939923173241368203889578580856323242187500000000000000000000000e-02
-5.5934908733206611941568553447723388671875000000000000000000000000e-02
-5.5929894967334803368430584669113159179687500000000000000000000000e-02
-5.5924881875512255646754056215286254882812500000000000000000000000e-02
-5.5919869457625281938817352056503295898437500000000000000000000000e-02
-5.5914857713560195406898856163024902343750000000000000000000000000e-02
-5.5909846643316996050998568534851074218750000000000000000000000000e-02
-5.5904836246895683871116489171981811523437500000000000000000000000e-02
-5.5899826523614137840922921895980834960937500000000000000000000000e-02
-5.5894817473586044798139482736587524414062500000000000000000000000e-02
-5.5889809097038778418209403753280639648437500000000000000000000000e-02
-5.5884801393631278187967836856842041015625000000000000000000000000e-02
-5.5879794363249857269693166017532348632812500000000000000000000000e-02
-5.5874788005553455150220543146133422851562500000000000000000000000e-02
-5.5869782320769445504993200302124023437500000000000000000000000000e-02
-5.5864777308556767820846289396286010742187500000000000000000000000e-02
-5.5859772968801735260058194398880004882812500000000000000000000000e-02
-5.5854769301731721498072147369384765625000000000000000000000000000e-02
-5.5849766306778292346280068159103393554687500000000000000000000000e-02
-5.5844763983827760966960340738296508789062500000000000000000000000e-02
-5.5839762333107501035556197166442871093750000000000000000000000000e-02
-5.5834761354276452038902789354324340820312500000000000000000000000e-02
-5.5829761047107240301556885242462158203125000000000000000000000000e-02
-5.5824761411827239498961716890335083007812500000000000000000000000e-02
-5.5819762447981702280230820178985595703125000000000000000000000000e-02
-5.5814764155456941807642579078674316406250000000000000000000000000e-02
-5.5809766534480331756640225648880004882812500000000000000000000000e-02
-5.5804769584710811614058911800384521484375000000000000000000000000e-02
-5.5799773305921007704455405473709106445312500000000000000000000000e-02
-5.5794777697883546352386474609375000000000000000000000000000000000e-02
-5.5789782760825801233295351266860961914062500000000000000000000000e-02
-5.5784788494747772347182035446166992187500000000000000000000000000e-02
-5.5779794898967338667716830968856811523437500000000000000000000000e-02
-5.5774801973598187032621353864669799804687500000000000000000000000e-02
-5.5769809718754004279617220163345336914062500000000000000000000000e-02
-5.5764818134207416733261197805404663085937500000000000000000000000e-02
-5.5759827219731050718110054731369018554687500000000000000000000000e-02
-5.5754836975097532558720558881759643554687500000000000000000000000e-02
-5.5749847400420549092814326286315917968750000000000000000000000000e-02
-5.5744858495586413482669740915298461914062500000000000000000000000e-02
-5.5739870260254065215121954679489135742187500000000000000000000000e-02
-5.5734882694537191127892583608627319335937500000000000000000000000e-02
-5.5729895798322104383260011672973632812500000000000000000000000000e-02
-5.5724909571154057630337774753570556640625000000000000000000000000e-02
-5.5719924013146737706847488880157470703125000000000000000000000000e-02
-5.5714939124527518288232386112213134765625000000000000000000000000e-02
-5.5709954904500591510441154241561889648437500000000000000000000000e-02
-5.5704971353065957373473793268203735351562500000000000000000000000e-02
-5.5699988470792050065938383340835571289062500000000000000000000000e-02
-5.5695006256883061723783612251281738281250000000000000000000000000e-02
-5.5690024711225305509287863969802856445312500000000000000000000000e-02
-5.5685043834159841935615986585617065429687500000000000000000000000e-02
-5.5680063625118236814159899950027465820312500000000000000000000000e-02
-5.5675084084100490144919604063034057617187500000000000000000000000e-02
-5.5670105211333975603338330984115600585937500000000000000000000000e-02
-5.5665127006363945838529616594314575195312500000000000000000000000e-02
-5.5660149468963027175050228834152221679687500000000000000000000000e-02
-5.5655172599131219612900167703628540039062500000000000000000000000e-02
-5.5650196396754836314357817173004150390625000000000000000000000000e-02
-5.5645220861833877279423177242279052734375000000000000000000000000e-02
-5.5640245994140968832653015851974487304687500000000000000000000000e-02
-5.5635271793676110974047333002090454101562500000000000000000000000e-02
-5.5630298260211930028162896633148193359375000000000000000000000000e-02
-5.5625325393407365481834858655929565429687500000000000000000000000e-02
-5.5620353193489791010506451129913330078125000000000000000000000000e-02
-5.5615381660459206614177674055099487304687500000000000000000000000e-02
-5.5610410793747178104240447282791137695312500000000000000000000000e-02
-5.5605440593240018642973154783248901367187500000000000000000000000e-02
-5.5600471059278788743540644645690917968750000000000000000000000000e-02
-5.5595502191408741055056452751159667968750000000000000000000000000e-02
-5.5590533989629875577520579099655151367187500000000000000000000000e-02
-5.5585566453714818635489791631698608398437500000000000000000000000e-02
-5.5580599583663570228964090347290039062500000000000000000000000000e-02
-5.5575633379362443520221859216690063476562500000000000000000000000e-02
-5.5570667840584064833819866180419921875000000000000000000000000000e-02
-5.5565702967328434169758111238479614257812500000000000000000000000e-02
-5.5560738759254491014871746301651000976562500000000000000000000000e-02
-5.5555775216475922206882387399673461914062500000000000000000000000e-02
-5.5550812338879040908068418502807617187500000000000000000000000000e-02
-5.5545850126236473442986607551574707031250000000000000000000000000e-02
-5.5540888578320846136193722486495971679687500000000000000000000000e-02
-5.5535927695245845825411379337310791015625000000000000000000000000e-02
-5.5530967476897785672917962074279785156250000000000000000000000000e-02
-5.5526007923049292003270238637924194335937500000000000000000000000e-02
-5.5521049033472991141024976968765258789062500000000000000000000000e-02
-5.5516090808168883086182177066802978515625000000000000000000000000e-02
-5.5511133246909594163298606872558593750000000000000000000000000000e-02
-5.5506176349808811210095882415771484375000000000000000000000000000e-02
-5.5501220116752847388852387666702270507812500000000000000000000000e-02
-5.5496264547286955348681658506393432617187500000000000000000000000e-02
-5.5491309641524821927305310964584350585937500000000000000000000000e-02
-5.5486355399352760287001729011535644531250000000000000000000000000e-02
-5.5481401820770770427770912647247314453125000000000000000000000000e-02
-5.5476448905324104998726397752761840820312500000000000000000000000e-02
-5.5471496653126450837589800357818603515625000000000000000000000000e-02
-5.5466545063950434268917888402938842773437500000000000000000000000e-02
-5.5461594137796055292710661888122558593750000000000000000000000000e-02
-5.5456643874663313908968120813369750976562500000000000000000000000e-02
-5.5451694273983775929082185029983520507812500000000000000000000000e-02
-5.5446745335984815028496086597442626953125000000000000000000000000e-02
-5.5441797060552744369488209486007690429687500000000000000000000000e-02
-5.5436849447460190276615321636199951171875000000000000000000000000e-02
-5.5431902496707152749877423048019409179687500000000000000000000000e-02
-5.5426956208179944951552897691726684570312500000000000000000000000e-02
-5.5422010581423819530755281448364257812500000000000000000000000000e-02
-5.5417065616552463325206190347671508789062500000000000000000000000e-02
-5.5414593299701664363965392112731933593750000000000000000000000000e-02
