4.2105851109094488129644395790762700926279649138450622558593750000e-04
6.4584045660119821299915976453576149651780724525451660156250000000e-04
8.2418116317648166049836255808713758597150444984436035156250000000e-04
9.7865984021329151601453766318172711180523037910461425781250000000e-04
1.1049646739103595374092980918590001238044351339340209960937500000e-03
1.2338354141025245896273743184679005935322493314743041992187500000e-03
1.3379073046400958603430186855121064581908285617828369140625000000e-03
1.4391117272866506878598036323069209174718707799911499023437500000e-03
1.5441033811275147596964174567801819648593664169311523437500000000e-03
1.6051509793108152332474780621396348578855395317077636718750000000e-03
1.7109699972458543727055202410269885149318724870681762695312500000e-03
1.7679345612875902761518265293716467567719519138336181640625000000e-03
1.8543444909402215931004676008342357818037271499633789062500000000e-03
1.9010062818616189038445352110784369870088994503021240234375000000e-03
1.9781758024694853781433323547389591112732887268066406250000000000e-03
2.0213951199185634099997344037547009065747261047363281250000000000e-03
2.0939288771541367598083560608301922911778092384338378906250000000e-03
2.1314974516997921456795683781137995538301765918731689453125000000e-03
2.1967846090395330184430466857747887843288481235504150390625000000e-03
2.2271428827320004402434694412704629939980804920196533203125000000e-03
2.2859131547448971119584903988197766011580824851989746093750000000e-03
2.3110590035954224272241042115183518035337328910827636718750000000e-03
2.3656811740241567507125886038465978344902396202087402343750000000e-03
2.3871436604010788651297758633518242277204990386962890625000000000e-03
2.4383561073632181726011936007125768810510635375976562500000000000e-03
2.4563230264496205453028654375202677329070866107940673828125000000e-03
2.5051553918577313881388413108197710243985056877136230468750000000e-03
2.5186775653213964477894482030251310789026319980621337890625000000e-03
2.5622312667702169114436472341367334593087434768676757812500000000e-03
2.5751099600412798856785556722570618148893117904663085937500000000e-03
2.6158338148825717103806987040570675162598490715026855468750000000e-03
2.6212944282237343913977145604121687938459217548370361328125000000e-03
2.6604607122489203410720115527965390356257557868957519531250000000e-03
2.6630943108743249450598433725190261611714959144592285156250000000e-03
2.6998734915362537431504641460833227029070258140563964843750000000e-03
2.7006754636121283255634217823626386234536767005920410156250000000e-03
2.7331426346417003400701695170482707908377051353454589843750000000e-03
2.7320662665985175759919556526256201323121786117553710937500000000e-03
2.7605495584639644715552186937657097587361931800842285156250000000e-03
2.7580086421033975230265866684931097552180290222167968750000000000e-03
2.7865413745188170185906884057658317033201456069946289062500000000e-03
2.7805133787721777668955347451174020534381270408630371093750000000e-03
2.8062020570461896490366271450511703733354806900024414062500000000e-03
2.7986617551066985537522313620684144552797079086303710937500000000e-03
2.8241028306732821051561188596679130569100379943847656250000000000e-03
2.8124340397655562401313389386814378667622804641723632812500000000e-03
2.8360985755150180248618241307667631190270185470581054687500000000e-03
2.8208662885775585490999439741699461592361330986022949218750000000e-03
2.8448488524280444653125066167831391794607043266296386718750000000e-03
2.8278727590595933299999487076092918869107961654663085937500000000e-03
2.8486491654881578722280366378072358202189207077026367187500000000e-03
2.8312623135016475733882757026549370493739843368530273437500000000e-03
2.8499261811032270547139333416453155223280191421508789062500000000e-03
2.8310891903663912283484194176708115264773368835449218750000000000e-03
2.8476831528258259376706895693587284768000245094299316406250000000e-03
2.8263175534975681565952321250279055675491690635681152343750000000e-03
2.8422311140097571147133947988550062291324138641357421875000000000e-03
2.8170775320001005190273524192434706492349505424499511718750000000e-03
2.8305566253090629069699701858553453348577022552490234375000000000e-03
2.8789752771725277483150229329567082459107041358947753906250000000e-03
3.5311197075014403440329502359418256673961877822875976562500000000e-04
-8.3398636059050319704194498271476732043083757162094116210937500000e-04
-8.5871698650911813810449046968642505817115306854248046875000000000e-04
-9.0321600380307122749035109166015899972990155220031738281250000000e-04
-9.4726932291320413773161313031323516042903065681457519531250000000e-04
-9.9089677756919198464702347450838715303689241409301757812500000000e-04
-1.0341166679037111422040373653885581006761640310287475585937500000e-03
-1.0769467389605495016846603562044037971645593643188476562500000000e-03
-1.1194037373806683954846619144518626853823661804199218750000000000e-03
-1.1615033308164856781785623240921268006786704063415527343750000000e-03
-1.2032603042655123579129927691155899083241820335388183593750000000e-03
-1.2446886960770832137451735732724955596495419740676879882812500000e-03
-1.2858016463979120205113337860325373185332864522933959960937500000e-03
-1.3266115042342577559630889538766496116295456886291503906250000000e-03
-1.3671302059270864018292179764557658927515149116516113281250000000e-03
-1.4073686469606469344462151838115460122935473918914794921875000000e-03
-1.4473373732392157218346051550383890571538358926773071289062500000e-03
-1.4870464062049688642314082542839059897232800722122192382812500000e-03
-1.5265049426696482119669706634113026666454970836639404296875000000e-03
-1.5657220798153720538181676857902857591398060321807861328125000000e-03
-1.6047061721023679614628321132840937934815883636474609375000000000e-03
-1.6434652112718593688217572079679484886582940816879272460937500000e-03
-1.6820069272490351455773271993621165165677666664123535156250000000e-03
-1.7203384147261250453064818088932952377945184707641601562500000000e-03
-1.7584666808499304496704596090239647310227155685424804687500000000e-03
-1.7963982246824799181295073680075802258215844631195068359375000000e-03
-1.8341392454353177242365457999540012679062783718109130859375000000e-03
-1.8716958147108873379560467498095022165216505527496337890625000000e-03
-1.9090734635846956512850169929151888936758041381835937500000000000e-03
-1.9462776886626583124073608388471257057972252368927001953125000000e-03
-1.9833136543094065720738150560009671607986092567443847656250000000e-03
-2.0201862589833878905420938565384858520701527595520019531250000000e-03
-2.0569002452174058037659420961063005961477756500244140625000000000e-03
-2.0934601152338533879004867088724495260976254940032958984375000000e-03
-2.1298702380293417502077346625810605473816394805908203125000000000e-03
-2.1661346137483027292358617188483549398370087146759033203125000000e-03
-2.2022573688651480607048060988972792983986437320709228515625000000e-03
-2.2382422140505165569779322254362341482192277908325195312500000000e-03
-2.2740927039884908933409235487488331273198127746582031250000000000e-03
-2.3098125352304104025702446989498639595694839954376220703125000000e-03
-2.3454048754725448713842617110003629932180047035217285156250000000e-03
-2.3808729658013989480269678722379467217251658439636230468750000000e-03
-2.4162200261615639738932426183737334213219583034515380859375000000e-03
-2.4514488618194510416437026378844166174530982971191406250000000000e-03
-2.4865623889434541535226053099449927685782313346862792968750000000e-03
-2.5215634199436012634343295957251029904000461101531982421875000000e-03
-2.5564544833983609412042525832475803326815366744995117187500000000e-03
-2.5912381766650884225289264151115276035852730274200439453125000000e-03
-2.6259169777876445288355977680794239859096705913543701171875000000e-03
-2.6604931924405997994975692222396901343017816543579101562500000000e-03
-2.6949690988325443290196670176328552770428359508514404296875000000e-03
-2.7293469390477333516575875194121181266382336616516113281250000000e-03
-2.7636287828372123331899246068132924847304821014404296875000000000e-03
-2.7978166459977187041641144560344400815665721893310546875000000000e-03
-2.8319125830261028878287454801920830504968762397766113281250000000e-03
-2.8659184195484656981767201955335622187703847885131835937500000000e-03
-2.8998359776959692357678477492299862205982208251953125000000000000e-03
-2.9336671431650042027317049075918475864455103874206542968750000000e-03
-2.9674134870815689971057516061136993812397122383117675781250000000e-03
-3.0010767442045132094574633185857237549498677253723144531250000000e-03
-3.0346585552985345587972965120115986792370676994323730468750000000e-03
-3.0681603408488403693377133407693690969608724117279052734375000000e-03
-3.1015837458792288108821999514930212171748280525207519531250000000e-03
-3.1349301332495201066752343876942177303135395050048828125000000000e-03
-3.1682009140083446270541589484537325915880501270294189453125000000e-03
-3.2013975121318897706923500834363949252292513847351074218750000000e-03
-3.2345211512005552986770418044670805102214217185974121093750000000e-03
-3.2675732079158656927242443401837590499781072139739990234375000000e-03
-3.3005548419239860713503276201663538813591003417968750000000000000e-03
-3.3334672948863840885591613982796843629330396652221679687500000000e-03
-3.3663117495084334852839536011970267281867563724517822265625000000e-03
-3.3990892565056787799626647483819397166371345520019531250000000000e-03
-3.4318010329602221739064837890964554389938712120056152343750000000e-03
-3.4644480265216479053513864982960512861609458923339843750000000000e-03
-3.4970313397536482297178750400235003326088190078735351562500000000e-03
-3.5295519788059123190981924977904782281257212162017822265625000000e-03
-3.5620108501427756239610111776983103482052683830261230468750000000e-03
-3.5944090106556298228057677590641105780377984046936035156250000000e-03
-3.6267472606875844100271510939137442619539797306060791015625000000e-03
-3.6590265937496264068984341832901918678544461727142333984375000000e-03
-3.6912478347351116922392399999353074235841631889343261718750000000e-03
-3.7234117930708913318804675895989930722862482070922851562500000000e-03
-3.7555194132407815690855024115535343298688530921936035156250000000e-03
-3.7875713245577157656240885330589662771672010421752929687500000000e-03
-3.8195684547149039329838604572842086781747639179229736328125000000e-03
-3.8515115072186717481983464494987856596708297729492187500000000000e-03
-3.8834011510570933499442158876036046422086656093597412109375000000e-03
-3.9152382609339867955422498368989181471988558769226074218750000000e-03
-3.9470233721943508847784798376778780948370695114135742187500000000e-03
-3.9787572655459657253174121649408334633335471153259277343750000000e-03
-4.0104405957028452234247595242777606472373008728027343750000000000e-03
-4.0420739545666229883269515710253472207114100456237792968750000000e-03
-4.0736580483469383984207468074600910767912864685058593750000000000e-03
-4.1051934193133696529565135335815284634009003639221191406250000000e-03
-4.1366807388355858118855756799803202738985419273376464843750000000e-03
-4.1681205130425268493010726444936153711751103401184082031250000000e-03
-4.1995133762659083917490043802445143228396773338317871093750000000e-03
-4.2308598785575479012122102062676276545971632003784179687500000000e-03
-4.2621604748819107849611143024048942606896162033081054687500000000e-03
-4.2934158584401280883691143230862508062273263931274414062500000000e-03
-4.3246263794166411517649883933245291700586676597595214843750000000e-03
-4.3557926205292831628446137415267003234475851058959960937500000000e-03
-4.3869151279680770189051131069390976335853338241577148437500000000e-03
-4.4179942298019202889802770073401916306465864181518554687500000000e-03
-4.4490305574009497008303171128318354021757841110229492187500000000e-03
-4.4800244803992680941995274679356953129172325134277343750000000000e-03
-4.5109764392357075760142670617369731189683079719543457031250000000e-03
-4.5418869358497607202629353650991106405854225158691406250000000000e-03
-4.5727563354791911712227125974550290266051888465881347656250000000e-03
-4.6035850886752636285104145486002380494028329849243164062500000000e-03
-4.6343735844460946099454545787921233568340539932250976562500000000e-03
-4.6651222602980130238492506578040774911642074584960937500000000000e-03
-4.6958314462284579671180750892744981683790683746337890625000000000e-03
-4.7265015704579336347501694604034128133207559585571289062500000000e-03
-4.7571330223167796955041630724281276343390345573425292968750000000e-03
-4.7877260762461534490674885944372363155707716941833496093750000000e-03
-4.8182812141330010405337880285969731630757451057434082031250000000e-03
-4.8487986986887783580346678036221419461071491241455078125000000000e-03
-4.8792788731133306806553306955720472615212202072143554687500000000e-03
-4.9097221496470673518519589606512454338371753692626953125000000000e-03
-4.9401287558563360818864040879816457163542509078979492187500000000e-03
-4.9704990775933169389055876763450214639306068420410156250000000000e-03
-5.0008334208631001135958449310692230938002467155456542968750000000e-03
-5.0311320675840891583630032357632444472983479499816894531250000000e-03
-5.0613953415972971067171570780374167952686548233032226562500000000e-03
-5.0916235362297636996009586596301232930272817611694335937500000000e-03
-5.1218169360417956786912796474098286125808954238891601562500000000e-03
-5.1519758089121504146534746837460261303931474685668945312500000000e-03
-5.1821004770956349480548475128216523444280028343200683593750000000e-03
-5.2121911586733927004844169061925640562549233436584472656250000000e-03
-5.2422481480734074016369916648727667052298784255981445312500000000e-03
-5.2722717270488536622785602503427071496844291687011718750000000000e-03
-5.3022620905946475297620956723676499677821993827819824218750000000e-03
-5.3322195588241128733075768764138047117739915847778320312500000000e-03
-5.3621443356743712232992393751374038401991128921508789062500000000e-03
-5.3920366617474123002717867336741619510576128959655761718750000000e-03
-5.4218968086602349620850560540930018760263919830322265625000000000e-03
-5.4517249628649603124252998043175466591492295265197753906250000000e-03
-5.4815213863870027380387206505929498234763741493225097656250000000e-03
-5.5112862891050816774307641310315375449135899543762207031250000000e-03
-5.5410198868667097371609742140208254568278789520263671875000000000e-03
-5.5707224036564027477846927638438501162454485893249511718750000000e-03
-5.6003940445573463860484686449581204215064644813537597656250000000e-03
-5.6300350188160999675979212497622938826680183410644531250000000000e-03
-5.6596455238808922663662492880121135385707020759582519531250000000e-03
-5.6892257765057182433698912404906877782195806503295898437500000000e-03
-5.7187759440547984712832629838885623030364513397216796875000000000e-03
-5.7482962452069822842370960813696001423522830009460449218750000000e-03
-5.7777868636846559449726790091972361551597714424133300781250000000e-03
-5.8072479569687808845235288401909201638773083686828613281250000000e-03
-5.8366797585913997650775009162771311821416020393371582031250000000e-03
-5.8660824001367257302108626504377753008157014846801757812500000000e-03
-5.8954560702484072251539082287763449130579829216003417968750000000e-03
-5.9248009713921655217117034908369532786309719085693359375000000000e-03
-5.9541172199710683601847627244296745629981160163879394531250000000e-03
-5.9834050224077239138464889833812776487320661544799804687500000000e-03
-6.0126645400433720300981121908989734947681427001953125000000000000e-03
-6.0418959029693549214745651454450126038864254951477050781250000000e-03
-6.0710993025867429281894338544134370749816298484802246093750000000e-03
-6.1002748865793309310245895460411702515557408332824707031250000000e-03
-6.1294227854728306967291295848099252907559275627136230468750000000e-03
-6.1585431762626900373258642673590657068416476249694824218750000000e-03
-6.1876362040826672628046623003683635033667087554931640625000000000e-03
-6.2167019834778744838410524664595868671312928199768066406250000000e-03
-6.2457406967101596756419823464057117234915494918823242187500000000e-03
-6.2747524696534539082048986813333613099530339241027832031250000000e-03
-6.3037374120423492543374699437208619201555848121643066406250000000e-03
-6.3326957116276319861847277081778884166851639747619628906250000000e-03
-6.3616274642184448412374209169684036169201135635375976562500000000e-03
-6.3905327943147172825577584376333106774836778640747070312500000000e-03
-6.4194118764048981734537946408636344131082296371459960937500000000e-03
-6.4482647872684270909382497904971387470141053199768066406250000000e-03
-6.4770916694123509965708151980834372807294130325317382812500000000e-03
-6.5058926699610884411550948414060258073732256889343261718750000000e-03
-6.5346678656140102375848854876494442578405141830444335937500000000e-03
-6.5634174039431647171283223940463358303532004356384277343750000000e-03
-6.5921414071920206995125468552032543811947107315063476562500000000e-03
-6.6208399613058377744523319563541008392348885536193847656250000000e-03
-6.6495132046137227915805212319355632644146680831909179687500000000e-03
-6.6781612481181824164666593901529267895966768264770507812500000000e-03
-6.7067841804502714014857289726023736875504255294799804687500000000e-03
-6.7353821301871282661855033779829682316631078720092773437500000000e-03
-6.7639552043979346562796450825771898962557315826416015625000000000e-03
-6.7925034841762590639979713103002723073586821556091308593750000000e-03
-6.8210271003467260603203570212826889473944902420043945312500000000e-03
-6.8495261457795931364644914651762519497424364089965820312500000000e-03
-6.8780007008881751881523847202970500802621245384216308593750000000e-03
-6.9064508997060212319718530693535285536199808120727539062500000000e-03
-6.9348768112452085707331228547900536796078085899353027343750000000e-03
-6.9632785333533214061629834645827941130846738815307617187500000000e-03
-6.9916561833045362192584626370717160170897841453552246093750000000e-03
-7.0200098211427265290640598038862663088366389274597167968750000000e-03
-7.0483395601249635917251445960118871880695223808288574218750000000e-03
-7.0766454890027492147241972020310640800744295120239257812500000000e-03
-7.1049276812310104348147099528887338237836956977844238281250000000e-03
-7.1331862417693819855557535447587724775075912475585937500000000000e-03
-7.1614212482325979511332825211411545751616358757019042968750000000e-03
-7.1896327825684055307098319076430925633758306503295898437500000000e-03
-7.2178209343708530504324372145674715284258127212524414062500000000e-03
-7.2459857866094936132417281271500542061403393745422363281250000000e-03
-7.2741274097914785518037561473647656384855508804321289062500000000e-03
-7.3022458973361192152706777847015473525971174240112304687500000000e-03
-7.3303413241452295215361267821663204813376069068908691406250000000e-03
-7.3584137544278373221917632918120943941175937652587890625000000000e-03
-7.3864632913596970156810961327664699638262391090393066406250000000e-03
-7.4144899858814353188485313239652896299958229064941406250000000000e-03
-7.4424939187925261141476340753797558136284351348876953125000000000e-03
-7.4704751806886817572239678497680870350450277328491210937500000000e-03
-7.4984338132723024616943519049527822062373161315917968750000000000e-03
-7.5263699129740381510433877565446891821920871734619140625000000000e-03
-7.5542835452136868762407218014232057612389326095581054687500000000e-03
-7.5821747643974478012007800487026543123647570610046386718750000000e-03
-7.6100436599587720221116171614994527772068977355957031250000000000e-03
-7.6378902885415834653204392168390768347308039665222167968750000000e-03
-7.6657147118849256958728055622032115934416651725769042968750000000e-03
-7.6935170074591534977725970634310215245932340621948242187500000000e-03
-7.7212972358804967884515768616893183207139372825622558593750000000e-03
-7.7490554505011332783737110219135502120479941368103027343750000000e-03
-7.7767917322645241026690676733323925873264670372009277343750000000e-03
-7.8045061342313813354532037180888437433168292045593261718750000000e-03
-7.8321987070590608909226304490402981173247098922729492187500000000e-03
-7.8598695375819791625326971029608102981001138687133789062500000000e-03
-7.8875186611781309548030449718680756632238626480102539062500000000e-03
-7.9151461417349879695626313491629844065755605697631835937500000000e-03
-7.9427520557114727334235837474807340186089277267456054687500000000e-03
-7.9703364320468286091658782765989599283784627914428710937500000000e-03
-7.9978993462906412814650281006834120489656925201416015625000000000e-03
-8.0254408565456243629387955706988577730953693389892578125000000000e-03
-8.0529609995808725669830252513747836928814649581909179687500000000e-03
-8.0804598484418409948260020314592111390084028244018554687500000000e-03
-8.1079374521649105050924433157888415735214948654174804687500000000e-03
-8.1353938536479590559746810640717740170657634735107421875000000000e-03
-8.1628291190320740461361381790084124077111482620239257812500000000e-03
-8.1902432961976287528749196553690126165747642517089843750000000000e-03
-8.2176364261916205744551433554079267196357250213623046875000000000e-03
-8.2450085748538379931682484880184347275644540786743164062500000000e-03
-8.2723597848215063566001958861306775361299514770507812500000000000e-03
-8.2996900968493273614834393470118811819702386856079101562500000000e-03
-8.3269995783535472044789571555156726390123367309570312500000000000e-03
-8.3542882615366548249014044813520740717649459838867187500000000000e-03
-8.3815561948231420696941995629458688199520111083984375000000000000e-03
-8.4088034393255736004268996452992723789066076278686523437500000000e-03
-8.4360300216395657513235306623755604960024356842041015625000000000e-03
-8.4632359988866256994555214987485669553279876708984375000000000000e-03
-8.4904214193183800973852015658849268220365047454833984375000000000e-03
-8.5175863136087801713580702767103502992540597915649414062500000000e-03
-8.5447307392730806330227721900882897898554801940917968750000000000e-03
-8.5718547354729883458457351252945954911410808563232421875000000000e-03
-8.5989583391099730369511178196262335404753684997558593750000000000e-03
-8.6260416018875008675736992813654069323092699050903320312500000000e-03
-8.6531045614578975394559634537472447846084833145141601562500000000e-03
-8.6801472550077762163622807634055789094418287277221679687500000000e-03
-8.7071697316625645823862100769474636763334274291992187500000000000e-03
-8.7341720273545683794758076601283391937613487243652343750000000000e-03
-8.7611541775786585389829141945483570452779531478881835937500000000e-03
-8.7881162328419387685940478149859700351953506469726562500000000000e-03
-8.8150582220833540586513166203985747415572404861450195312500000000e-03
-8.8419801851393284991553755958193505648523569107055664062500000000e-03
-8.8688821689606872622491096080921124666929244995117187500000000000e-03
-8.8957641975839114867330437164127943105995655059814453125000000000e-03
-8.9226263175833098184597247382043860852718353271484375000000000000e-03
-8.9494685659744933198256333639619697351008653640747070312500000000e-03
-8.9762909703627359603306246071952045895159244537353515625000000000e-03
-9.0030935768793830115130916169619013089686632156372070312500000000e-03
-9.0298764160645014764661198114481521770358085632324218750000000000e-03
-9.0566395205435301640761736052809283137321472167968750000000000000e-03
-9.0833829308630403831514854573470074683427810668945312500000000000e-03
-9.1101066779517309718317008560006797779351472854614257812500000000e-03
-9.1368107932939517795700723468144133221358060836791992187500000000e-03
-9.1634953161297584556255202414831728674471378326416015625000000000e-03
-9.1901602760597923824636978906710282899439334869384765625000000000e-03
-9.2168057028390037999088235665112733840942382812500000000000000000e-03
-9.2434316373197333155387056535801093559712171554565429687500000000e-03
-9.2700381030321275105388068027423287276178598403930664062500000000e-03
-9.2966251339983846380121690344822127372026443481445312500000000000e-03
-9.3231927670635126453868579687878082040697336196899414062500000000e-03
-9.3497410232917452233003530182031681761145591735839843750000000000e-03
-9.3762699410065483002219011154920735862106084823608398437500000000e-03
-9.4027795493209897353947823717135179322212934494018554687500000000e-03
-9.4292698731768178482814946050893922802060842514038085937500000000e-03
-9.4557409486456696356970752503912081010639667510986328125000000000e-03
-9.4821928018528726933578099078658851794898509979248046875000000000e-03
-9.5086254600666910569151113463703950401395559310913085937500000000e-03
-9.5350389557241899129991224981495179235935211181640625000000000000e-03
-9.5614333154193948544063985650609538424760103225708007812500000000e-03
-9.5878085646232628219687299520046508405357599258422851562500000000e-03
-9.6141647361636696500486465311041683889925479888916015625000000000e-03
-9.6405018538558689272788271296121820341795682907104492187500000000e-03
-9.6668199436197171925400084546708967536687850952148437500000000000e-03
-9.6931190380354879942981227713971748016774654388427734375000000000e-03
-9.7193991568849755907644194508065993431955575942993164062500000000e-03
-9.7456603298592976020175981943793885875493288040161132812500000000e-03
-9.7719025847601993089996952335241076070815324783325195312500000000e-03
-9.7981259418214294160121013987918558996170759201049804687500000000e-03
-9.8243304317421117216602155508553551044315099716186523437500000000e-03
-9.8505160777726408910526245676919643301516771316528320312500000000e-03
-9.8766829029416896429394157053138769697397947311401367187500000000e-03
-9.9028309352350851746393800567602738738059997558593750000000000000e-03
-9.9289601971450872769375806115021987352520227432250976562500000000e-03
-9.9550707118821503416317142409752705134451389312744140625000000000e-03
-9.9811625058561573298199220971582690253853797912597656250000000000e-03
-1.0007235601063089666662442311917402548715472221374511718750000000e-02
-1.0033290019798510317450279671902535483241081237792968750000000000e-02
-1.0059325788610242249920823098818800644949078559875488281250000000e-02
-1.0085342926953243941623483692637819331139326095581054687500000000e-02
-1.0111341458509840590673789506581670138984918594360351562500000000e-02
-1.0137321407946171120117995201326266396790742874145507812500000000e-02
-1.0163282793384041668982575856716721318662166595458984375000000000e-02
-1.0189225640176151344018506961219827644526958465576171875000000000e-02
-1.0215149969324882270327314870428381254896521568298339843750000000e-02
-1.0241055800489364674410452948905003722757101058959960937500000000e-02
-1.0266943157817147100341337306872446788474917411804199218750000000e-02
-1.0292812060639514384896564536120422417297959327697753906250000000e-02
-1.0318662529705497493681676246524148155003786087036132812500000000e-02
-1.0344494587022851420088365159699606010690331459045410156250000000e-02
-1.0370308252131239454274513889231457142159342765808105468750000000e-02
-1.0396103544810089691630139441258506849408149719238281250000000000e-02
-1.0421880486767889570365319684697169577702879905700683593750000000e-02
-1.0447639096457654248051305501121532870456576347351074218750000000e-02
-1.0473379393460505171198349216865608468651771545410156250000000000e-02
-1.0499101399093839839804509495024831267073750495910644531250000000e-02
-1.0524805130128107866216424781669047661125659942626953125000000000e-02
-1.0550490607350386171314760019868117524310946464538574218750000000e-02
-1.0576157849749521708271338127360650105401873588562011718750000000e-02
-1.0601806874515333489750190665290574543178081512451171875000000000e-02
-1.0627437702056721779975134722917573526501655578613281250000000000e-02
-1.0653050349692532589029880796260840725153684616088867187500000000e-02
-1.0678644835550376440691522361703391652554273605346679687500000000e-02
-1.0704221178261070709925029120768158463761210441589355468750000000e-02
-1.0729779395363993332868091101772733964025974273681640625000000000e-02
-1.0755319504132684546582332529851555591449141502380371093750000000e-02
-1.0780841522820851924313600989080441650003194808959960937500000000e-02
-1.0806345468429359724105154327844502404332160949707031250000000000e-02
-1.0831831357540238833236934112846938660368323326110839843750000000e-02
-1.0857299208504226847860074656182405306026339530944824218750000000e-02
-1.0882749036815526910704221563719329424202442169189453125000000000e-02
-1.0908180859764176479087538496060005854815244674682617187500000000e-02
-1.0933594694280171152889202801361534511670470237731933593750000000e-02
-1.0958990555725092730376957206317456439137458801269531250000000000e-02
-1.0984368461266358005246068785254465183243155479431152343750000000e-02
-1.1009728426565739203835114778939896496012806892395019531250000000e-02
-1.1035070467438713726071597420741454698145389556884765625000000000e-02
-1.1060394599875619098261481099143566098064184188842773437500000000e-02
-1.1085700839550670718236524692201783182099461555480957031250000000e-02
-1.1110989201580843965810885265454999171197414398193359375000000000e-02
-1.1136259701672078861744985545101371826604008674621582031250000000e-02
-1.1161512355031657020565383220400690333917737007141113281250000000e-02
-1.1186747176183514315694900176367809763178229331970214843750000000e-02
-1.1211964180866132445579808063484961166977882385253906250000000000e-02
-1.1237163383186947115954801290627074195072054862976074218750000000e-02
-1.1262344797981395025376905039138364372774958610534667968750000000e-02
-1.1287508440075895779775017047086294041946530342102050781250000000e-02
-1.1312654323306192694076344196218997240066528320312500000000000000e-02
-1.1337782462351959911206478182066348381340503692626953125000000000e-02
-1.1362892871198916264208200743723864434286952018737792968750000000e-02
-1.1387985563754048426443610253500082762911915779113769531250000000e-02
-1.1413060553976804578635295683852746151387691497802734375000000000e-02
-1.1438117855678223838689078206698468420654535293579101562500000000e-02
-1.1463157482264691583440097133461677003651857376098632812500000000e-02
-1.1488179447425290666262576166900544194504618644714355468750000000e-02
-1.1513183764546422449548401800711872056126594543457031250000000000e-02
-1.1538170446632510859896747490438428940251469612121582031250000000e-02
-1.1563139507203305453297836891124461544677615165710449218750000000e-02
-1.1588090958978416317171067362323810812085866928100585937500000000e-02
-1.1613024814957025043771210448539932258427143096923828125000000000e-02
-1.1637941088060006072923968645227432716637849807739257812500000000e-02
-1.1662839790749231216882009221080807037651538848876953125000000000e-02
-1.1687720935771155408855470625439920695498585700988769531250000000e-02
-1.1712584535528744456023275688494322821497917175292968750000000000e-02
-1.1737430602347134062091171813335677143186330795288085937500000000e-02
-1.1762259148502552871806692280642892001196742057800292968750000000e-02
-1.1787070186158725773606370523793884785845875740051269531250000000e-02
-1.1811863727274173746506491511354397516697645187377929687500000000e-02
-1.1836639783843333484369964025972876697778701782226562500000000000e-02
-1.1861398367694181085751914395132189383730292320251464843750000000e-02
-1.1886139490471056556764040124107850715517997741699218750000000000e-02
-1.1910863163912805903765779191871843067929148674011230468750000000e-02
-1.1935569399452733083122346613436093321070075035095214843750000000e-02
-1.1960258208544221475433388945930346380919218063354492187500000000e-02
-1.1984929602541627771672416713499842444434762001037597656250000000e-02
-1.2009583592628976164706777751689514843747019767761230468750000000e-02
-1.2034220189975838866125457116140751168131828308105468750000000000e-02
-1.2058839405609811379349594062659889459609985351562500000000000000e-02
-1.2083441250484921319907627434986352454870939254760742187500000000e-02
-1.2108025735440314241131432027032133191823959350585937500000000000e-02
-1.2132592871265513931322566065773571608588099479675292968750000000e-02
-1.2157142668612902144942289339724084129557013511657714843750000000e-02
-1.2181675138064972097051708033177419565618038177490234375000000000e-02
-1.2206190290141069598739420598576543852686882019042968750000000000e-02
-1.2230688135216069220567725039927609032019972801208496093750000000e-02
-1.2255168683630694032027363959969079587608575820922851562500000000e-02
-1.2279631945620247956973969394312007352709770202636718750000000000e-02
-1.2304077931321608443959725320837605977430939674377441406250000000e-02
-1.2328506650808587069567678895509743597358465194702148437500000000e-02
-1.2352918114070295801942833691100531723350286483764648437500000000e-02
-1.2377312330991416255976389493298484012484550476074218750000000000e-02
-1.2401689311399163861970862399175530299544334411621093750000000000e-02
-1.2426049065042292507410337520923349075019359588623046875000000000e-02
-1.2450391601552909803807267508091172203421592712402343750000000000e-02
-1.2474716930535605444174684919289575191214680671691894531250000000e-02
-1.2499025061485003265659976534607267240062355995178222656250000000e-02
-1.2523316003809228588727897601984295761212706565856933593750000000e-02
-1.2547589766881727876834951018736319383606314659118652343750000000e-02
-1.2571846359956966379667342437187471659854054450988769531250000000e-02
-1.2596085792229243932593973909206397365778684616088867187500000000e-02
-1.2620308072837743001981536394850991200655698776245117187500000000e-02
-1.2644513210816665793601032419246621429920196533203125000000000000e-02
-1.2668701215141405652664374770210997667163610458374023437500000000e-02
-1.2692872094732890811408232423218578333035111427307128906250000000e-02
-1.2717025858405048288624072938546305522322654724121093750000000000e-02
-1.2741162514926060445041855473391478881239891052246093750000000000e-02
-1.2765282073001879906137823184053559089079499244689941406250000000e-02
-1.2789384541232700145951817205514089437201619148254394531250000000e-02
-1.2813469928190294663816750642126862658187747001647949218750000000e-02
-1.2837538242363151150260414112835860578343272209167480468750000000e-02
-1.2861589492154898092812764787140622502192854881286621093750000000e-02
-1.2885623685937444560245523916819365695118904113769531250000000000e-02
-1.2909640831993526161047824984962062444537878036499023437500000000e-02
-1.2933640938534836373197123293721233494579792022705078125000000000e-02
-1.2957624013738429716302569261188182281330227851867675781250000000e-02
-1.2981590065687872992405971217522164806723594665527343750000000000e-02
-1.3005539102409357024581204598234762670472264289855957031250000000e-02
-1.3029471131889812374193837740676826797425746917724609375000000000e-02
-1.3053386162018327729117395108460186747834086418151855468750000000e-02
-1.3077284200645734185686208661536511499434709548950195312500000000e-02
-1.3101165255566801781661467884987359866499900817871093750000000000e-02
-1.3125029334489533155982954326645995024591684341430664062500000000e-02
-1.3148876445089458658843639682345383334904909133911132812500000000e-02
-1.3172706594975911592593220689195732120424509048461914062500000000e-02
-1.3196519791682570499347093573305755853652954101562500000000000000e-02
-1.3220316042713075449510640169137332122772932052612304687500000000e-02
-1.3244095355496305135845069855804467806592583656311035156250000000e-02
-1.3267857737399026477054242434405750827863812446594238281250000000e-02
-1.3291603195755417876622317407964146696031093597412109375000000000e-02
-1.3315331737819213406281981804113456746563315391540527343750000000e-02
-1.3339043370798464929749549412463238695636391639709472656250000000e-02
-1.3362738101856551711787979286327754380181431770324707031250000000e-02
-1.3386415938083595644769729915424250066280364990234375000000000000e-02
-1.3410076886528763534522923350778000894933938980102539062500000000e-02
-1.3433720954191494603713330491245869779959321022033691406250000000e-02
-1.3457348148002614557361411584679444786161184310913085937500000000e-02
-1.3480958474857087162068758345867536263540387153625488281250000000e-02
-1.3504551941593945230124518275260925292968750000000000000000000000e-02
-1.3528128554990878282260347020837798481807112693786621093750000000e-02
-1.3551688321792060981652028317512304056435823440551757812500000000e-02
-1.3575231248679400092305158409544674213975667953491210937500000000e-02
-1.3598757342285263879921863861000019824132323265075683593750000000e-02
-1.3622266609202415138524244753170933108776807785034179687500000000e-02
-1.3645759055964580552799958468312979675829410552978515625000000000e-02
-1.3669234689059625922902263539526757085695862770080566406250000000e-02
-1.3692693514934859214116080750045512104406952857971191406250000000e-02
-1.3716135539978904431257511475905630504712462425231933593750000000e-02
-1.3739560770540200709821654356801445828750729560852050781250000000e-02
-1.3762969212923326436937010441852180520072579383850097656250000000e-02
-1.3786360873376665367451288091160677140578627586364746093750000000e-02
-1.3809735758113417594672434063340915599837899208068847656250000000e-02
-1.3833093873297386960929955534993496257811784744262695312500000000e-02
-1.3856435225043652395560123125051177339628338813781738281250000000e-02
-1.3879759819430679754215240961912058992311358451843261718750000000e-02
-1.3903067662487647929148160130807809764519333839416503906250000000e-02
-1.3926358760198780453731792761118413181975483894348144531250000000e-02
-1.3949633118511970547581668711245583835989236831665039062500000000e-02
-1.3972890743324858225937745714873017277568578720092773437500000000e-02
-1.3996131640495410378144391927435208344832062721252441406250000000e-02
-1.4019355815843109053231430038977123331278562545776367187500000000e-02
-1.4042563275138572609357368037308333441615104675292968750000000000e-02
-1.4065754024116985942960411648527951911091804504394531250000000000e-02
-1.4088928068471591806276599356806400464847683906555175781250000000e-02
-1.4112085413851333318135949923544103512540459632873535156250000000e-02
-1.4135226065870124326218082444484025472775101661682128906250000000e-02
-1.4158350030099346728018616659028339199721813201904296875000000000e-02
-1.4181457312069314577462897375426109647378325462341308593750000000e-02
-1.4204547917275725521513152216357411816716194152832031250000000000e-02
-1.4227621851171275146885619733438943512737751007080078125000000000e-02
-1.4250679119171386771691700801056867931038141250610351562500000000e-02
-1.4273719726655710246521202577696385560557246208190917968750000000e-02
-1.4296743678962220425177065408206544816493988037109375000000000000e-02
-1.4319750981394235855859164985304232686758041381835937500000000000e-02
-1.4342741639217960677998853213921393034979701042175292968750000000e-02
-1.4365715657660493159708536836660641711205244064331054687500000000e-02
-1.4388673041915218953068489327051793225109577178955078125000000000e-02
-1.4411613797138241033213290620551561005413532257080078125000000000e-02
-1.4434537928448726643027022475962439784780144691467285156250000000e-02
-1.4457445440932775726494696755253244191408157348632812500000000000e-02
-1.4480336339639300960446810506709880428388714790344238281250000000e-02
-1.4503210629582607288368123477084736805409193038940429687500000000e-02
-1.4526068315743840414500098745520517695695161819458007812500000000e-02
-1.4548909403067888587712808146079623838886618614196777343750000000e-02
-1.4571733896466767047006563018385350005701184272766113281250000000e-02
-1.4594541800819213830942011611568887019529938697814941406250000000e-02
-1.4617333120969067811190100769636046607047319412231445312500000000e-02
-1.4640107861728477930962633024591923458501696586608886718750000000e-02
-1.4662866027876380117800358959812001558020710945129394531250000000e-02
-1.4685607624158337689013187343789468286558985710144042968750000000e-02
-1.4708332655289004659016072196209279354661703109741210937500000000e-02
-1.4731041125950103051756023830876074498519301414489746093750000000e-02
-1.4753733040791567818206253548396489350125193595886230468750000000e-02
-1.4776408404432781959481069122830376727506518363952636718750000000e-02
-1.4799067221460907722851985113265982363373041152954101562500000000e-02
-1.4821709496432666428034075067898811539635062217712402343750000000e-02
-1.4844335233874435611700626225228916155174374580383300781250000000e-02
-1.4866944438281386869915579040934971999377012252807617187500000000e-02
-1.4889537114119277827484211229602806270122528076171875000000000000e-02
-1.4912113265823786004138362670801143394783139228820800781250000000e-02
-1.4934672897800527896494671153959643561393022537231445312500000000e-02
-1.4957216014426446756835353824044432258233428001403808593750000000e-02
-1.4979742620048825535450376378321379888802766799926757812500000000e-02
-1.5002252718986062302031214699127303902059793472290039062500000000e-02
-1.5024746315528341583656057878215506207197904586791992187500000000e-02
-1.5047223413936865882289950491212948691099882125854492187500000000e-02
-1.5069684018444967632532893730967771261930465698242187500000000000e-02
-1.5092128133258147365536316897305368911474943161010742187500000000e-02
-1.5114555762553770132394781455786869628354907035827636718750000000e-02
-1.5136966910482132359083706774072197731584310531616210937500000000e-02
-1.5159361581166128779551982574957946781069040298461914062500000000e-02
-1.5181739778701443255304326385157764889299869537353515625000000000e-02
-1.5204101507157277359261193794282007729634642601013183593750000000e-02
-1.5226446770575998226893155162997572915628552436828613281250000000e-02
-1.5248775572973624278794169129014335339888930320739746093750000000e-02
-1.5271087918340189512611537736574973678216338157653808593750000000e-02
-1.5293383810639563091804404848517151549458503723144531250000000000e-02
-1.5315663253810013130773448608579201390966773033142089843750000000e-02
-1.5337926251764317717163343957054166821762919425964355468750000000e-02
-1.5360172808389801341055758143738785292953252792358398437500000000e-02
-1.5382402927548831025883480094762489898130297660827636718750000000e-02
-1.5404616613078792042301756737288087606430053710937500000000000000e-02
-1.5426813868792353320880117450997204286977648735046386718750000000e-02
-1.5448994698477774498157621962945995619520545005798339843750000000e-02
-1.5471159105898907651366336324372241506353020668029785156250000000e-02
-1.5493307094795539038956100341692945221439003944396972656250000000e-02
-1.5515438668883576450729933071670529898256063461303710937500000000e-02
-1.5537553831855141148188259592188842361792922019958496093750000000e-02
-1.5559652587378873175860682920301769627258181571960449218750000000e-02
-1.5581734939100059730843206295958225382491946220397949218750000000e-02
-1.5603800890640794757358023048254835885018110275268554687500000000e-02
-1.5625850445600258237233148861378140281885862350463867187500000000e-02
-1.5647883607554799456629268661345122382044792175292968750000000000e-02
-1.5669900380058169458985517508153861854225397109985351562500000000e-02
-1.5691900766641720538219217928599391598254442214965820312500000000e-02
-1.5713884770814499913793582663856795988976955413818359375000000000e-02
-1.5735852396063534225367774865844694431871175765991210937500000000e-02
-1.5757803645853923207864610844808339606970548629760742187500000000e-02
-1.5779738523629030511052917518100002780556678771972656250000000000e-02
-1.5801657032810698805258553534258680883795022964477539062500000000e-02
-1.5823559176799350395326015927821572404354810714721679687500000000e-02
-1.5845444958974205795776413197017973288893699645996093750000000000e-02
-1.5867314382693432917026399309179396368563175201416015625000000000e-02
-1.5889167451294303190501011613378068432211875915527343750000000000e-02
-1.5911004168093382388216028289207315538078546524047851562500000000e-02
-1.5932824536386645114527382816049794200807809829711914062500000000e-02
-1.5954628559449689911842185097157198470085859298706054687500000000e-02
-1.5976416240537864160708991789761057589203119277954101562500000000e-02
-1.5998187582886416735483692264097044244408607482910156250000000000e-02
-1.6019942589710681885017962144956982228904962539672851562500000000e-02
-1.6041681264206200663302581688185455277562141418457031250000000000e-02
-1.6063403609548904810155889322231814730912446975708007812500000000e-02
-1.6085109628895245120761003931875166017562150955200195312500000000e-02
-1.6106799325382344101331710817248676903545856475830078125000000000e-02
-1.6128472702128162502566155467320641037076711654663085937500000000e-02
-1.6150129762231638097524921704462030902504920959472656250000000000e-02
-1.6171770508772789765039590292872162535786628723144531250000000000e-02
-1.6193394944812943003764615923500969074666500091552734375000000000e-02
-1.6215003073394816668351126054403721354901790618896484375000000000e-02
-1.6236594897542654808431095148080203216522932052612304687500000000e-02
-1.6258170420262424427093606027483474463224411010742187500000000000e-02
-1.6279729644541895278164744809146213810890913009643554687500000000e-02
-1.6301272573350809869108246630275971256196498870849609375000000000e-02
-1.6322799209641018769456621839708532206714153289794921875000000000e-02
-1.6344309556346591633113618513561959844082593917846679687500000000e-02
-1.6365803616383990670701820135946036316454410552978515625000000000e-02
-1.6387281392652185141312060068230493925511837005615234375000000000e-02
-1.6408742888032745027571124296628113370388746261596679687500000000e-02
-1.6430188105390045733011916695431864354759454727172851562500000000e-02
-1.6451617047571351348800305913755437359213829040527343750000000000e-02
-1.6473029717406925676037587891187286004424095153808593750000000000e-02
-1.6494426117710216106448939399342634715139865875244140625000000000e-02
-1.6515806251277936889110264928604010492563247680664062500000000000e-02
-1.6537170120890180152750659203775285277515649795532226562500000000e-02
-1.6558517729310603255887812679247872438281774520874023437500000000e-02
-1.6579849079286494706320098657670314423739910125732421875000000000e-02
-1.6601164173548881713982083851988136302679777145385742187500000000e-02
-1.6622463014812745296655549509523552842438220977783203125000000000e-02
-1.6643745605777023749416443365589657332748174667358398437500000000e-02
-1.6665011949124793055876381231428240425884723663330078125000000000e-02
-1.6686262047523412604954629046005720738321542739868164062500000000e-02
-1.6707495903624521721431150922398956026881933212280273437500000000e-02
-1.6728713520064317221702765436930349096655845642089843750000000000e-02
-1.6749914899463556883230097582782036624848842620849609375000000000e-02
-1.6771100044427656589052233471193176228553056716918945312500000000e-02
-1.6792268957546950536308116852524108253419399261474609375000000000e-02
-1.6813421641396583683381038554216502234339714050292968750000000000e-02
-1.6834558098536799713995648630771029274910688400268554687500000000e-02
-1.6855678331513017365050899343259516172111034393310546875000000000e-02
-1.6876782342855792262703573669568868353962898254394531250000000000e-02
-1.6897870135081184683745192387505085207521915435791015625000000000e-02
-1.6918941710690638124958695698296651244163513183593750000000000000e-02
-1.6939997072171131958784329185618844348937273025512695312500000000e-02
-1.6961036221995465927969704011957219336181879043579101562500000000e-02
-1.6982059162622051978752679701756278518587350845336914062500000000e-02
-1.7003065896495268144450463410066731739789247512817382812500000000e-02
-1.7024056426045531403845600948443461675196886062622070312500000000e-02
-1.7045030753689183189436562315677292644977569580078125000000000000e-02
-1.7065988881828923068306735899568593595176935195922851562500000000e-02
-1.7086930812853666494799398378745536319911479949951171875000000000e-02
-1.7107856549138593382775042073262738995254039764404296875000000000e-02
-1.7128766093045633828184648450587701518088579177856445312500000000e-02
-1.7149659446923030958753741970213013701140880584716796875000000000e-02
-1.7170536613105774614851384285429958254098892211914062500000000000e-02
-1.7191397593915802577413387552951462566852569580078125000000000000e-02
-1.7212242391661584234308079999209439847618341445922851562500000000e-02
-1.7233071008638793653044984921507420949637889862060546875000000000e-02
-1.7253883447130167333449790589838812593370676040649414062500000000e-02
-1.7274679709405289101953329122807190287858247756958007812500000000e-02
-1.7295459797721363798261862143590406049042940139770507812500000000e-02
-1.7316223714322672572185624062512943055480718612670898437500000000e-02
-1.7336971461440826153266314690881699789315462112426757812500000000e-02
-1.7357703041295306084501604004799446556717157363891601562500000000e-02
-1.7378418456092753485719981654256116598844528198242187500000000000e-02
-1.7399117708027659473524195732352382037788629531860351562500000000e-02
-1.7419800799282486591934571151796262711286544799804687500000000000e-02
-1.7440467732027040842490706040734949056059122085571289062500000000e-02
-1.7461118508419550682253529316767526324838399887084960937500000000e-02
-1.7481753130606111912292988108674762770533561706542968750000000000e-02
-1.7502371600720555838703873519079934339970350265502929687500000000e-02
-1.7522973920885587251206061409902758896350860595703125000000000000e-02
-1.7543560093211570116711328637393307872116565704345703125000000000e-02
-1.7564130119797322082675350429781246930360794067382812500000000000e-02
-1.7584684002730593260777069986033893655985593795776367187500000000e-02
-1.7605221744086754775970860009692842140793800354003906250000000000e-02
-1.7625743345930516142727739747897430788725614547729492187500000000e-02
-1.7646248810315096067213858077593613415956497192382812500000000000e-02
-1.7666738139281844277572730561587377451360225677490234375000000000e-02
-1.7687211334862021350211591652623610571026802062988281250000000000e-02
-1.7707668399074800308357069411613338161259889602661132812500000000e-02
-1.7728109333928598889684735695482231676578521728515625000000000000e-02
-1.7748534141421558329998475755928666330873966217041015625000000000e-02
-1.7768942823539607411831298122706357389688491821289062500000000000e-02
-1.7789335382259147816386146701006509829312562942504882812500000000e-02
-1.7809711819545371441764203268576238770037889480590820312500000000e-02
-1.7830072137352135502874617145607771817594766616821289062500000000e-02
-1.7850416337624266244210602394559828098863363265991210937500000000e-02
-1.7870744422294478070956103010757942683994770050048828125000000000e-02
-1.7891056393285725834019217472814489156007766723632812500000000000e-02
-1.7911352252511326260675517119125288445502519607543945312500000000e-02
-1.7931632001872456483315687592039466835558414459228515625000000000e-02
-1.7951895643261994717221341488766483962535858154296875000000000000e-02
-1.7972143178561782866919926959781150799244642257690429687500000000e-02
-1.7992374609642782651297565621462126728147268295288085937500000000e-02
-1.8012589938367989939038693592010531574487686157226562500000000000e-02
-1.8032789166588302637306284736951056402176618576049804687500000000e-02
-1.8052972296145629316210801107445149682462215423583984375000000000e-02
-1.8073139328872993292218751548716682009398937225341796875000000000e-02
-1.8093290266591385839767269771982682868838310241699218750000000000e-02
-1.8113425111114335452899837264340021647512912750244140625000000000e-02
-1.8133543864244948407016266855862340889871120452880859375000000000e-02
-1.8153646527775558344730555404566985089331865310668945312500000000e-02
-1.8173733103491511442495465189495007507503032684326171875000000000e-02
-1.8193803593166441023853963088185992091894149780273437500000000000e-02
-1.8213857998565164547644101844525721389800310134887695312500000000e-02
-1.8233896321444776483788885457215656060725450515747070312500000000e-02
-1.8253918563550290687924615440351772122085094451904296875000000000e-02
-1.8273924726619830694041013430251041427254676818847656250000000000e-02
-1.8293914812382121304334958722392912022769451141357421875000000000e-02
-1.8313888822554750396287559510710707399994134902954101562500000000e-02
-1.8333846758849529218204921221513359341770410537719726562500000000e-02
-1.8353788622966868415709029704885324463248252868652343750000000000e-02
-1.8373714416598376647504764491714013274759054183959960937500000000e-02
-1.8393624141429303076034074138078722171485424041748046875000000000e-02
-1.8413517799132361751901498791994526982307434082031250000000000000e-02
-1.8433395391374493565983527787466300651431083679199218750000000000e-02
-1.8453256919813604969293763247151218820363283157348632812500000000e-02
-1.8473102386096316301911102186750213149935007095336914062500000000e-02
-1.8492931791865240692684935197576123755425214767456054687500000000e-02
-1.8512745138750466566968100323720136657357215881347656250000000000e-02
-1.8532542428374751408703957622492453083395957946777343750000000000e-02
-1.8552323662355270361690173785973456688225269317626953125000000000e-02
-1.8572088842295410987537351843457145150750875473022460937500000000e-02
-1.8591837969795393242788961174483119975775480270385742187500000000e-02
-1.8611571046445372218380853723829204682260751724243164062500000000e-02
-1.8631288073824917722598470959383121225982904434204101562500000000e-02
-1.8650989053510747678332748478169378358870744705200195312500000000e-02
-1.8670673987065948551400396127064595930278301239013671875000000000e-02
-1.8690342876049287346162941503280308097600936889648437500000000000e-02
-1.8709995722011076024760001246249885298311710357666015625000000000e-02
-1.8729632526490149618814129439670068677514791488647460937500000000e-02
-1.8749253291025107237555147321472759358584880828857421875000000000e-02
-1.8768858017137492188997072162237600423395633697509765625000000000e-02
-1.8788446706346308145985091186958015896379947662353515625000000000e-02
-1.8808019360167526484728384161826397757977247238159179687500000000e-02
-1.8827575980094591462377096036107104737311601638793945312500000000e-02
-1.8847116567629756261892381985489919316023588180541992187500000000e-02
-1.8866641124262686912693709473387571051716804504394531250000000000e-02
-1.8886149651462586646077923546727106440812349319458007812500000000e-02
-1.8905642150714694477153798857216315809637308120727539062500000000e-02
-1.8925118623480282481486014489746594335883855819702148437500000000e-02
-1.8944579071209083354077051808417309075593948364257812500000000000e-02
-1.8964023495366189031585690827341750264167785644531250000000000000e-02
-1.8983451897385327650225050888366240542382001876831054687500000000e-02
-1.9002864278700060812754557559856039006263017654418945312500000000e-02
-1.9022260640751360860623009330083732493221759796142578125000000000e-02
-1.9041640984948822457045736200598184950649738311767578125000000000e-02
-1.9061005312710745107640519790948019362986087799072265625000000000e-02
-1.9080353625450862525836370764409366529434919357299804687500000000e-02
-1.9099685924559236388509120274648012127727270126342773437500000000e-02
-1.9119002211437606530974875340689322911202907562255859375000000000e-02
-1.9138302487471350876724329737044172361493110656738281250000000000e-02
-1.9157586754034231640853036537919251713901758193969726562500000000e-02
-1.9176855012508712411412048481906822416931390762329101562500000000e-02
-1.9196107264254747004628143258742056787014007568359375000000000000e-02
-1.9215343510629152856683532490933430381119251251220703125000000000e-02
-1.9234563752993080743003417865111259743571281433105468750000000000e-02
-1.9253767992689036631093202345255122054368257522583007812500000000e-02
-1.9272956231049416520040296063598361797630786895751953125000000000e-02
-1.9292128469413936942000731278312741778790950775146484375000000000e-02
-1.9311284709117484958973420816619182005524635314941406250000000000e-02
-1.9330424951457869653381749230902642011642456054687500000000000000e-02
-1.9349549197757002355624322831317840609699487686157226562500000000e-02
-1.9368657449347740501233161580785235855728387832641601562500000000e-02
-1.9387749707487886979828672906478459481149911880493164062500000000e-02
-1.9406825973483057129476136992707324679940938949584960937500000000e-02
-1.9425886248662541794240965487006178591400384902954101562500000000e-02
-1.9444930534253494769370007588804583065211772918701171875000000000e-02
-1.9463958831539149990641490717280248645693063735961914062500000000e-02
-1.9482971141837040346400655721481598448008298873901367187500000000e-02
-1.9501967466360688174820126050690305419266223907470703125000000000e-02
-1.9520947806357769049867556532262824475765228271484375000000000000e-02
-1.9539912163129308231290792718937154859304428100585937500000000000e-02
-1.9558860537894854486618001487840956542640924453735351562500000000e-02
-1.9577792931862646186313980933846323750913143157958984375000000000e-02
-1.9596709346310102473065484218750498257577419281005859375000000000e-02
-1.9615609782463575699873459257105423603206872940063476562500000000e-02
-1.9634494241503652744995633838698267936706542968750000000000000000e-02
-1.9653362724676083639341328535010688938200473785400390625000000000e-02
-1.9672215233198033640382718090222624596208333969116210937500000000e-02
-1.9691051768243449104911491076563834212720394134521484375000000000e-02
-1.9709872331028478742442899829256930388510227203369140625000000000e-02
-1.9728676922744221855499091589081217534840106964111328125000000000e-02
-1.9747465544569534068308769292343640699982643127441406250000000000e-02
-1.9766238197691462369354198358450958039611577987670898437500000000e-02
-1.9784994883293969408777357443796063307672739028930664062500000000e-02
