1.0736571732572570622710195209492667345330119132995605468750000000e-02
1.1550420542970391349357761612282047281041741371154785156250000000e-02
1.0354482584332530201165489813774911453947424888610839843750000000e-02
1.0413335594394040189980543686942837666720151901245117187500000000e-02
1.0562121111940513118465645447940914891660213470458984375000000000e-02
1.0592346578279423358059929682895017322152853012084960937500000000e-02
1.0494553765612649881555640263286477420479059219360351562500000000e-02
1.0734740703516971668807222783925681142136454582214355468750000000e-02
1.0344881466566762870384899031250824918970465660095214843750000000e-02
1.0572502674523054713717762354008300462737679481506347656250000000e-02
1.0667559546974214254588808614698791643604636192321777343750000000e-02
1.0502496775407259288481753856103750877082347869873046875000000000e-02
1.0477590099737940296242832971529423957690596580505371093750000000e-02
1.0474602765976458867980269928921188693493604660034179687500000000e-02
1.0536670786429606916367873736817273311316967010498046875000000000e-02
1.0578445381523131352263789040080155245959758758544921875000000000e-02
1.0572701163536344509674691494183207396417856216430664062500000000e-02
1.0552645631631165160091434529476828174665570259094238281250000000e-02
1.0507692378272181707443699849591212114319205284118652343750000000e-02
1.0498336735205622549660375852909055538475513458251953125000000000e-02
1.0481741971680802807953547528541093925014138221740722656250000000e-02
1.0509482442811839825180797447501390706747770309448242187500000000e-02
1.0509974725968953407351236251088266726583242416381835937500000000e-02
1.0542018457186762628308152045519818784669041633605957031250000000e-02
1.0535557429795979270115147130582045065239071846008300781250000000e-02
1.0579076876563465667291374927572178421542048454284667968750000000e-02
1.0544395626997717443917856883217609720304608345031738281250000000e-02
1.0529647944953219457220328081348270643502473831176757812500000000e-02
1.0566852515938390810745772796508390456438064575195312500000000000e-02
1.0591961958318138817269904450313333654776215553283691406250000000e-02
1.0488202048840645358440681889078405220061540603637695312500000000e-02
1.0544600095162899588974170228539151139557361602783203125000000000e-02
1.0529975223668023784351355232047353638336062431335449218750000000e-02
1.0566806327320326860941257507420232286676764488220214843750000000e-02
1.0567307825473402915772425103568821214139461517333984375000000000e-02
1.0560246149140285754075563318110653199255466461181640625000000000e-02
1.0558574941722301959723395725632144603878259658813476562500000000e-02
1.0556847576885870082508134260024235118180513381958007812500000000e-02
1.0564449857501160418005170527067093644291162490844726562500000000e-02
1.0645793213741665608762509975804277928546071052551269531250000000e-02
1.0602892298453795577595215604560507927089929580688476562500000000e-02
1.0620431233556291983344266327549121342599391937255859375000000000e-02
1.0619864124889442230648128884240577463060617446899414062500000000e-02
1.0692658043653085336854857700927823316305875778198242187500000000e-02
1.0628558015588275217910840808599459705874323844909667968750000000e-02
1.0668721468270511709697245805728016421198844909667968750000000000e-02
1.0615722730543137447556389929559372831135988235473632812500000000e-02
1.0706778331778410429109271717607043683528900146484375000000000000e-02
1.0690760659155055731228678439492796314880251884460449218750000000e-02
1.0699025457440732023162155428508413024246692657470703125000000000e-02
1.0713639805328826690167254298557963920757174491882324218750000000e-02
1.0745024745887296960256129807476099813356995582580566406250000000e-02
1.0734540402456754434878938297970307758077979087829589843750000000e-02
1.0765365106182925997169164133993035648018121719360351562500000000e-02
1.0728698652456240131281006711105874273926019668579101562500000000e-02
1.0794141912478598041569277654616598738357424736022949218750000000e-02
1.0724729463003247406649443007609079359099268913269042968750000000e-02
1.0752055920165946856226213412810466252267360687255859375000000000e-02
1.0838119610403623704897313473338726907968521118164062500000000000e-02
-1.0561865676686389703409219009699882008135318756103515625000000000e-01
-1.1461451652569953907345734478440135717391967773437500000000000000e-01
-1.3973545403995318511802814498423686018213629722595214843750000000e-02
1.8756193667412750930578724251063249539583921432495117187500000000e-02
1.8816413453476791423080172194204351399093866348266601562500000000e-02
1.8875821535705293585660768940215348266065120697021484375000000000e-02
1.8934459420679207453108716663336963392794132232666015625000000000e-02
1.8992365373319212984437598379372502677142620086669921875000000000e-02
1.9049576605907225790303982648765668272972106933593750000000000000e-02
1.9106128268398213376766392457284382544457912445068359375000000000e-02
1.9162053252379834117347101596351421903818845748901367187500000000e-02
1.9217382621404481557458865381704526953399181365966796875000000000e-02
1.9272145907775407869255701598376617766916751861572265625000000000e-02
1.9326370757777683317968353549076709896326065063476562500000000000e-02
1.9380083162943626678975661548065545503050088882446289062500000000e-02
1.9433308312030612985399358194626984186470508575439453125000000000e-02
1.9486069151493451423462488492077682167291641235351562500000000000e-02
1.9538387950828590283736119204149872530251741409301757812500000000e-02
1.9590285897778256934964602464788185898214578628540039062500000000e-02
1.9641782403059779987808397549997607711702585220336914062500000000e-02
1.9692896752543369298660280719559523276984691619873046875000000000e-02
1.9743646628400952913739985206120763905346393585205078125000000000e-02
1.9794048972876496228501252971909707412123680114746093750000000000e-02
1.9844120215870231227484055125387385487556457519531250000000000000e-02
1.9893875409805431009324649949121521785855293273925781250000000000e-02
1.9943329485871619938253118675675068516284227371215820312500000000e-02
1.9992496280173948502989489384162880014628171920776367187500000000e-02
2.0041389008854954695282302168379828799515962600708007812500000000e-02
2.0090020663475777890072393461196043062955141067504882812500000000e-02
2.0138403050177108161156169785499514546245336532592773437500000000e-02
2.0186547958972372862618271938117686659097671508789062500000000000e-02
2.0234466469970194268945817839266965165734291076660156250000000000e-02
2.0282169103277059712953089842812914866954088211059570312500000000e-02
2.0329666072057609588208393347485980484634637832641601562500000000e-02
2.0376967083121623469654792870642268098890781402587890625000000000e-02
2.0424081584295525337857668546348577365279197692871093750000000000e-02
2.0471018209888849903599350454896921291947364807128906250000000000e-02
2.0517785938305440479600960657080577220767736434936523437500000000e-02
2.0564392819282559243809771487576654180884361267089843750000000000e-02
2.0610846579394236088855763000537990592420101165771484375000000000e-02
2.0657155322375404110646357480618462432175874710083007812500000000e-02
2.0703325947584665100986711649966309778392314910888671875000000000e-02
2.0749365566080743561450105971744051203131675720214843750000000000e-02
2.0795281278225212495680551683108205907046794891357421875000000000e-02
2.0841079240201985239844262309816258493810892105102539062500000000e-02
2.0886765905739540505337004105967935174703598022460937500000000000e-02
2.0932347517702034472852901103578915353864431381225585937500000000e-02
2.0977829677721670370571516173185955267399549484252929687500000000e-02
2.1023218182703473644323821645230054855346679687500000000000000000e-02
2.1068518576948563197914765510176948737353086471557617187500000000e-02
2.1113736023521578050177183172309014480561017990112304687500000000e-02
2.1158875648666520402629842578789975959807634353637695312500000000e-02
2.1203942520717080494341288954274205025285482406616210937500000000e-02
2.1248941322579175533524775687510555144399404525756835937500000000e-02
2.1293876633774959372669144386236439459025859832763671875000000000e-02
2.1338753152845724159192286606412380933761596679687500000000000000e-02
2.1383575052841614916321333339510601945221424102783203125000000000e-02
2.1428346521956031373035145293215464334934949874877929687500000000e-02
2.1473071925855027886065329312259564176201820373535156250000000000e-02
2.1517754893038181646103268462866253685206174850463867187500000000e-02
2.1562399469523721440289421025227056816220283508300781250000000000e-02
2.1607009496050984947990158957509265746921300888061523437500000000e-02
2.1651588299398189657596347501566924620419740676879882812500000000e-02
2.1696139772299855713599825435267121065407991409301757812500000000e-02
2.1740667141448802301972875739011215046048164367675781250000000000e-02
2.1785173769753279904293208346643950790166854858398437500000000000e-02
2.1829663070999288931872683861001860350370407104492187500000000000e-02
2.1874137987627682855329425137824728153645992279052734375000000000e-02
2.1918601854748375606929400305489252787083387374877929687500000000e-02
2.1963057493345136683693397117167478427290916442871093750000000000e-02
2.2007507942505291631540842445247108116745948791503906250000000000e-02
2.2051956113627584066261277939702267758548259735107421875000000000e-02
2.2096404609247676659178338809397246222943067550659179687500000000e-02
2.2140856458193167860537542424026469234377145767211914062500000000e-02
2.2185314040053576156719117307147826068103313446044921875000000000e-02
2.2229780132216332699801597527766716666519641876220703125000000000e-02
2.2274257288984591895975029274268308654427528381347656250000000000e-02
2.2318747831789251950818098180207016412168741226196289062500000000e-02
2.2363254470135613544146124809230968821793794631958007812500000000e-02
2.2407779289828545776774859632496372796595096588134765625000000000e-02
2.2452324871189938831905763549912080634385347366333007812500000000e-02
2.2496893388139933833702599486059625633060932159423828125000000000e-02
2.2541486988673479358036288999755925033241510391235351562500000000e-02
2.2586108172158822493535978992440504953265190124511718750000000000e-02
2.2630758661222039745952727685107674915343523025512695312500000000e-02
2.2675440939157458231090203071289579384028911590576171875000000000e-02
2.2720156939314527233531038064029417000710964202880859375000000000e-02
2.2764908519460433367065377296967199072241783142089843750000000000e-02
2.2809698068136957660456687335681635886430740356445312500000000000e-02
2.2854527129513659694515226306066324468702077865600585937500000000e-02
2.2899397878735402306338286848585994448512792587280273437500000000e-02
2.2944312184216580918771910546638537198305130004882812500000000000e-02
2.2989271765969109678762194448609079699963331222534179687500000000e-02
2.3034278645292702997204870030145684722810983657836914062500000000e-02
2.3079334437708536043043494601079146377742290496826171875000000000e-02
2.3124441098120479542998850774893071502447128295898437500000000000e-02
2.3169600170747324530129418462820467539131641387939453125000000000e-02
2.3214813537428418549479758326015144120901823043823242187500000000e-02
2.3260082875290369330834039374167332425713539123535156250000000000e-02
2.3305409627411850792544356636426527984440326690673828125000000000e-02
2.3350795858478982924832934031655895523726940155029296875000000000e-02
2.3396242762093722583616184351740230340510606765747070312500000000e-02
2.3441752139122373072011029648820112925022840499877929687500000000e-02
2.3487325707039853617263958085459307767450809478759765625000000000e-02
2.3532964629361583647204625435733760241419076919555664062500000000e-02
2.3578670862916154687960457181361562106758356094360351562500000000e-02
2.3624445697101426056008222076343372464179992675781250000000000000e-02
2.3670290613370174176433025081678351853042840957641601562500000000e-02
2.3716207262456639320857831876310228835791349411010742187500000000e-02
2.3762196948795489409578252093524497468024492263793945312500000000e-02
2.3808261207774912560086733037678641267120838165283203125000000000e-02
2.3854401423313499608358512205086299218237400054931640625000000000e-02
2.3900619114988391755716179432056378573179244995117187500000000000e-02
2.3946915529742582307015652531845262274146080017089843750000000000e-02
2.3993292180475245256587868425413034856319427490234375000000000000e-02
2.4039750487178528776111008369298360776156187057495117187500000000e-02
2.4086291575857385338643723571294685825705528259277343750000000000e-02
2.4132917127341137891738398479901661630719900131225585937500000000e-02
2.4179628253408792099010682363768864888697862625122070312500000000e-02
2.4226426286035135371221826972032431513071060180664062500000000000e-02
2.4273312748778582553788041309417167212814092636108398437500000000e-02
2.4320288684159488412639404941728571429848670959472656250000000000e-02
2.4367355562514757261194375814739032648503780364990234375000000000e-02
2.4414514650723237454421621350775239989161491394042968750000000000e-02
2.4461767159416218653245067571333493106067180633544921875000000000e-02
2.4509114419036776011395772911782842129468917846679687500000000000e-02
2.4556557686813265672931549943314166739583015441894531250000000000e-02
2.4604098204503793700936853383609559386968612670898437500000000000e-02
2.4651737177030497855101387472132046241313219070434570312500000000e-02
2.4699475963335992823033393506193533539772033691406250000000000000e-02
2.4747315650387395613574170738502289168536663055419921875000000000e-02
2.4795257538261009783164823261358833406120538711547851562500000000e-02
2.4843302901122150255774911897788115311414003372192382812500000000e-02
2.4891452786462250901244885881169466301798820495605468750000000000e-02
2.4939708587945745577041378737703780643641948699951171875000000000e-02
2.4988071392674747472906204848186462186276912689208984375000000000e-02
2.5036542394584224840992092708802374545484781265258789062500000000e-02
2.5085122879921047112095067177506280131638050079345703125000000000e-02
2.5133813910871792562939930348875350318849086761474609375000000000e-02
2.5182616763212973404195693660767574328929185867309570312500000000e-02
2.5231532578263521360284471484192181378602981567382812500000000000e-02
2.5280562521228781835969101621230947785079479217529296875000000000e-02
2.5329707787329156648548078578642162028700113296508789062500000000e-02
2.5378969527664652777732001709409814793616533279418945312500000000e-02
2.5428348912439720924671959778606833424419164657592773437500000000e-02
2.5477847086999370895821215299292816780507564544677734375000000000e-02
2.5527465257688120026102751580765470862388610839843750000000000000e-02
2.5577204502074894765240031802022713236510753631591796875000000000e-02
2.5627066047272727827843752379521902184933423995971679687500000000e-02
2.5677051031430205008110334574666921980679035186767578125000000000e-02
2.5727160527250835658774619219002488534897565841674804687500000000e-02
2.5777395826697472452915249618854431901127099990844726562500000000e-02
2.5827757945663741556696635370826697908341884613037109375000000000e-02
2.5878248066489896450637075986378476954996585845947265625000000000e-02
2.5928867418232241781606006725269253365695476531982421875000000000e-02
2.5979616996664421646467957316417596302926540374755859375000000000e-02
2.6030498057386022153769644660314952488988637924194335937500000000e-02
2.6081511737556396096637811865548428613692522048950195312500000000e-02
2.6132659093895522356421068366216786671429872512817382812500000000e-02
2.6183941363549123604315127522568218410015106201171875000000000000e-02
2.6235359668352418310854901051243359688669443130493164062500000000e-02
2.6286915089157130570596265783933631610125303268432617187500000000e-02
2.6338608846191050721907700449264666531234979629516601562500000000e-02
2.6390442077398931081111399521432758774608373641967773437500000000e-02
2.6442415841368090145824254477702197618782520294189453125000000000e-02
2.6494531397262755662014299673501227516680955886840820312500000000e-02
2.6546789851705325513631095191158237867057323455810546875000000000e-02
2.6599192272738970965750837649466120637953281402587890625000000000e-02
2.6651739959615412117743815656467631924897432327270507812500000000e-02
2.6704433956378465647718556397194333840161561965942382812500000000e-02
2.6757275396905120384838383529313432518392801284790039062500000000e-02
2.6810265567094766769873359635312226600944995880126953125000000000e-02
2.6863405479619476001751365856762276962399482727050781250000000000e-02
2.6916696344397004342363644013857992831617593765258789062500000000e-02
2.6970139393155751622588311988693021703511476516723632812500000000e-02
2.7023735661825257908796871220147295389324426651000976562500000000e-02
2.7077486399750608919712036026794521603733301162719726562500000000e-02
2.7131392791248470225395905686127662193030118942260742187500000000e-02
2.7185455923059057004032013082905905321240425109863281250000000000e-02
2.7239677042765045311689675600064219906926155090332031250000000000e-02
2.7294057326743934033252969584282254800200462341308593750000000000e-02
2.7348597894075163394767002955632051452994346618652343750000000000e-02
2.7403299989205844727768734969686192926019430160522460937500000000e-02
2.7458164802119648661982154180805082432925701141357421875000000000e-02
2.7513193454673207094529630012402776628732681274414062500000000000e-02
2.7568387223681257297558389041114423889666795730590820312500000000e-02
2.7623747282768687516529837466805474832653999328613281250000000000e-02
2.7679274777051926514914725885319057852029800415039062500000000000e-02
2.7734971019132588498923297493092832155525684356689453125000000000e-02
2.7790837137603642548189242234002449549734592437744140625000000000e-02
2.7846874355163291764325705912597186397761106491088867187500000000e-02
2.7903083961356007353105113111269020009785890579223632812500000000e-02
2.7959467083878003501595799207279924303293228149414062500000000000e-02
2.8016025018066922913639871239865897223353385925292968750000000000e-02
2.8072758995122411296296860427901265211403369903564453125000000000e-02
2.8129670209218096688097432434005895629525184631347656250000000000e-02
2.8186759958154391364493207561281451489776372909545898437500000000e-02
2.8244029466705504460843911829215358011424541473388671875000000000e-02
2.8301479981723800388726530741223541554063558578491210937500000000e-02
2.8359112782368221111761741326517949346452951431274414062500000000e-02
2.8416929137123823206900752325054781977087259292602539062500000000e-02
2.8474930285953364145212773905768699478358030319213867187500000000e-02
2.8533117547727193663575917526031844317913055419921875000000000000e-02
2.8591492194597629278307593381214246619492769241333007812500000000e-02
2.8650055475489370759856200265858205966651439666748046875000000000e-02
2.8708808767892494973050787621104973368346691131591796875000000000e-02
2.8767753299329117122606902512416127137839794158935546875000000000e-02
2.8826890398262580011978784000348241534084081649780273437500000000e-02
2.8886221433227117494357827354178880341351032257080078125000000000e-02
2.8945747632182206726669804197626945096999406814575195312500000000e-02
2.9005470401443318034795382232005067635327577590942382812500000000e-02
2.9065391061897458829799134605309518519788980484008789062500000000e-02
2.9125510910208391585074494400942057836800813674926757812500000000e-02
2.9185831361683900464498719884431920945644378662109375000000000000e-02
2.9246353740250027181124536923562118317931890487670898437500000000e-02
2.9307079395754193074097315729886759072542190551757812500000000000e-02
2.9368009737463941083435159384862345177680253982543945312500000000e-02
2.9429146132589911050159159344730142038315534591674804687500000000e-02
2.9490489935994852743750271883982350118458271026611328125000000000e-02
2.9552042599593320026940546085825189948081970214843750000000000000e-02
2.9613805498623781142786270947908633388578891754150390625000000000e-02
2.9675780011296695043432336547084560152143239974975585937500000000e-02
2.9737967640720591733227706754405517131090164184570312500000000000e-02
2.9800369738695899751723672466141579207032918930053710937500000000e-02
2.9862987757869698113299961050870479084551334381103515625000000000e-02
2.9925823202048049131995810512307798489928245544433593750000000000e-02
2.9988877435416377154053790832222148310393095016479492187500000000e-02
3.0052151981422484117167925887770252302289009094238281250000000000e-02
3.0115648319602783544723934028297662734985351562500000000000000000e-02
3.0179367872718857596092689732358849141746759414672851562500000000e-02
3.0243312191001660294009667495629400946199893951416015625000000000e-02
3.0307482759649732179108028162772825453430414199829101562500000000e-02
3.0371881055758779416331449851895740721374750137329101562500000000e-02
3.0436508643001774360170585964624478947371244430541992187500000000e-02
3.0501367038319134039614510811588843353092670440673828125000000000e-02
3.0566457748503590707844779217339237220585346221923828125000000000e-02
3.0631782372710667644577497981117630843073129653930664062500000000e-02
3.0697342447311263408105119765423296485096216201782226562500000000e-02
3.0763139514743440688926412462933512870222330093383789062500000000e-02
3.0829175216730193148650940315746993292123079299926757812500000000e-02
3.0895451092914402724254330223629949614405632019042968750000000000e-02
3.0961968748390675254533732640993548557162284851074218750000000000e-02
3.1028729842747682088344163275905884802341461181640625000000000000e-02
3.1095735935341567435230558658076915889978408813476562500000000000e-02
3.1162988698671068021894825506024062633514404296875000000000000000e-02
3.1230489789387361199146653234492987394332885742187500000000000000e-02
3.1298240819350835184575743141977000050246715545654296875000000000e-02
3.1366243502465473991236422079964540898799896240234375000000000000e-02
3.1434499505522385531808282621568650938570499420166015625000000000e-02
3.1503010501318692848649050120002357289195060729980468750000000000e-02
3.1571778225637822656857167658017715439200401306152343750000000000e-02
3.1640804381447833193430341225393931381404399871826171875000000000e-02
3.1710090684070810218564417937159305438399314880371093750000000000e-02
3.1779638902924949028783174753698403947055339813232421875000000000e-02
3.1849450777572334281284582857551868073642253875732421875000000000e-02
3.1919528060418013437615769589683623053133487701416015625000000000e-02
3.1989872568978325317878841360652586445212364196777343750000000000e-02
3.2060486062792908912300049451005179435014724731445312500000000000e-02
3.2131370352909055521095638141559902578592300415039062500000000000e-02
3.2202527289546499511541099991518422029912471771240234375000000000e-02
3.2273958660298994460813304385737865231931209564208984375000000000e-02
3.2345666344515834611517135499525466002523899078369140625000000000e-02
3.2417652204543463689834226215680246241390705108642578125000000000e-02
3.2489918086069900782231201219474314711987972259521484375000000000e-02
3.2562465913826173224965288000021246261894702911376953125000000000e-02
3.2635297575081177734457327233030810020864009857177734375000000000e-02
3.2708414980173364239313116286211879923939704895019531250000000000e-02
3.2781820082885985978560228204514714889228343963623046875000000000e-02
3.2855514820234549278055169452272821217775344848632812500000000000e-02
3.2929501147574778696647257447693846188485622406005859375000000000e-02
3.3003781063779602522600953307119198143482208251953125000000000000e-02
3.3078356551163604071241763904254185035824775695800781250000000000e-02
3.3153229609480472372950998760643415153026580810546875000000000000e-02
3.3228402294351283563500487616693135350942611694335937500000000000e-02
3.3303876618306374468581054770766058936715126037597656250000000000e-02
3.3379654647973801273597160843564779497683048248291015625000000000e-02
3.3455738477670325659030226006507291458547115325927734375000000000e-02
3.3532130164120148296813539445793139748275279998779296875000000000e-02
3.3608831842788462751503431036326219327747821807861328125000000000e-02
3.3685845634995922881493868317193118855357170104980468750000000000e-02
3.3763173665659375333181202449850388802587985992431640625000000000e-02
3.3840818117741866544179174525197595357894897460937500000000000000e-02
3.3918781157776342616294584786373889073729515075683593750000000000e-02
3.3997064975277595244573802801824058406054973602294921875000000000e-02
3.4075671797412103447566522618217277340590953826904296875000000000e-02
3.4154603849925746494875511416466906666755676269531250000000000000e-02
3.4233863374078743468942320760106667876243591308593750000000000000e-02
3.4313452657369521159314018632358056493103504180908203125000000000e-02
3.4393373974949584259697132893052184954285621643066406250000000000e-02
3.4473629629704731491823821443176711909472942352294921875000000000e-02
3.4554221969088534660574651979914051480591297149658203125000000000e-02
3.4635153314908177779596343270895886234939098358154296875000000000e-02
3.4716426045727874494239983960142126306891441345214843750000000000e-02
3.4798042554449855334741670276343938894569873809814453125000000000e-02
3.4880005227695867753290315249614650383591651916503906250000000000e-02
3.4962316511845559219295864750165492296218872070312500000000000000e-02
3.5044978847902821805782025421649450436234474182128906250000000000e-02
3.5127994698030705345015434204469784162938594818115234375000000000e-02
3.5211366564909300780339407310748356394469738006591796875000000000e-02
3.5295096953559132457733937826560577377676963806152343750000000000e-02
3.5379188394362617864352671404049033299088478088378906250000000000e-02
3.5463643452571601277778512439908809028565883636474609375000000000e-02
3.5548464700392509718618327951844548806548118591308593750000000000e-02
3.5633654734638559036241645117115695029497146606445312500000000000e-02
3.5719216191776211044572875152880442328751087188720703125000000000e-02
3.5805151705871673950554168186499737203121185302734375000000000000e-02
3.5891463951082988592666822569299256429076194763183593750000000000e-02
3.5978155629920835489876651536178542301058769226074218750000000000e-02
3.6065229445167934496652151210582815110683441162109375000000000000e-02
3.6152688151963201235172817860075156204402446746826171875000000000e-02
3.6240534514523949083386611391688347794115543365478515625000000000e-02
3.6328771317676533669782656943425536155700683593750000000000000000e-02
3.6417401389305534276097375823155744001269340515136718750000000000e-02
3.6506427565330817897049087150662671774625778198242187500000000000e-02
3.6595852713660996513578282929302076809108257293701171875000000000e-02
3.6685679733959419834832260676193982362747192382812500000000000000e-02
3.6775911543690018024044263711402891203761100769042968750000000000e-02
3.6866551088767102184462487457494717091321945190429687500000000000e-02
3.6957601350402852213861137897765729576349258422851562500000000000e-02
3.7049065325466014331201591858189203776419162750244140625000000000e-02
3.7140946043679533283832228107712580822408199310302734375000000000e-02
3.7233246570370311101516591634208452887833118438720703125000000000e-02
3.7325969982402215641137388502102112397551536560058593750000000000e-02
3.7419119401777077571491503249490051530301570892333984375000000000e-02
3.7512697973400427331469586533785331994295120239257812500000000000e-02
3.7606708865359307625286788834273465909063816070556640625000000000e-02
3.7701155288939844356654873536172090098261833190917968750000000000e-02
3.7796040474272520059972890749122598208487033843994140625000000000e-02
3.7891367685970546441698303397060954011976718902587890625000000000e-02
3.7987140222331391981036574634345015510916709899902343750000000000e-02
3.8083361409427994581644583149682148359715938568115234375000000000e-02
3.8180034604720303192948449577670544385910034179687500000000000000e-02
3.8277163202422873067298780824785353615880012512207031250000000000e-02
3.8374750625020999372782881664534215815365314483642578125000000000e-02
3.8472800326947068083605074662045808508992195129394531250000000000e-02
3.8571315803790737208878169894887832924723625183105468750000000000e-02
3.8670300574155914985485793522457242943346500396728515625000000000e-02
3.8769758198745875310553543613423244096338748931884765625000000000e-02
3.8869692272155240142517129697807831689715385437011718750000000000e-02
3.8970106418367393696922107437785598449409008026123046875000000000e-02
3.9071004304882500646201037852733861654996871948242187500000000000e-02
3.9172389629745230088531116052763536572456359863281250000000000000e-02
3.9274266128694626520889698895189212635159492492675781250000000000e-02
3.9376637575739156793552808721869951114058494567871093750000000000e-02
3.9479507781632373897284793429207638837397098541259765625000000000e-02
3.9582880593319907935878632088133599609136581420898437500000000000e-02
3.9686759899140562624086925325173069722950458526611328125000000000e-02
3.9791149624866052614269307241556816734373569488525390625000000000e-02
3.9896053733390467177510885221636272035539150238037109375000000000e-02
4.0001476233101150581372706938054761849343776702880859375000000000e-02
4.0107421166601042727961612399667501449584960937500000000000000000e-02
4.0213892621016746053985713160727755166590213775634765625000000000e-02
4.0320894725462810836980054318701149895787239074707031250000000000e-02
4.0428431647472569399059949546426651068031787872314453125000000000e-02
4.0536507601229745945126126116520026698708534240722656250000000000e-02
4.0645126841652938487481350193775142543017864227294921875000000000e-02
4.0754293667552357605110557869920739904046058654785156250000000000e-02
4.0864012422751234965279110156188835389912128448486328125000000000e-02
4.0974287495824053551007892792767961509525775909423828125000000000e-02
4.1085123319585387102748086363135371357202529907226562500000000000e-02
4.1196524374594922779380112842773087322711944580078125000000000000e-02
4.1308495187304415663387402446460328064858913421630859375000000000e-02
4.1421040330313033117626275725342566147446632385253906250000000000e-02
4.1534164426840214368041870329761877655982971191406250000000000000e-02
4.1647872145707497126831952982684015296399593353271484375000000000e-02
4.1762168206634614486816303724481258541345596313476562500000000000e-02
4.1877057379367692291349811739564756862819194793701171875000000000e-02
4.1992544482675378536562504905305104330182075500488281250000000000e-02
4.2108634388261075021109292038090643472969532012939453125000000000e-02
4.2225332018727662619639318108966108411550521850585937500000000000e-02
4.2342642349429547576900034755453816615045070648193359375000000000e-02
4.2460570409311074180358502871968084946274757385253906250000000000e-02
4.2579121281350031102963527018800959922373294830322265625000000000e-02
4.2698300102883855744462238135383813641965389251708984375000000000e-02
4.2818112067429948963681596296737552620470523834228515625000000000e-02
4.2938562424538188888600842574305715970695018768310546875000000000e-02
4.3059656480492133900916940092429285869002342224121093750000000000e-02
4.3181399600328962407047583837993443012237548828125000000000000000e-02
4.3303797206850000445221837708231760188937187194824218750000000000e-02
4.3426854782906393337427175538323353976011276245117187500000000000e-02
4.3550577871667425777779669715528143569827079772949218750000000000e-02
4.3674972077139780080035080800371360965073108673095703125000000000e-02
4.3800043065742685910457510090054711326956748962402343750000000000e-02
4.3925796566584768276797490216267760843038558959960937500000000000e-02
4.4052238372644755837193031311471713706851005554199218750000000000e-02
4.4179374341501383149921622361944173462688922882080078125000000000e-02
4.4307210396539134511506574654049472883343696594238281250000000000e-02
4.4435752527456302829467205128821660764515399932861328125000000000e-02
4.4565006791540920372263201443274738267064094543457031250000000000e-02
4.4694979314650155888255511626994120888411998748779296875000000000e-02
4.4825676291804374129501553625232190825045108795166015625000000000e-02
4.4957103988704893993144651176407933235168457031250000000000000000e-02
4.5089268742395431643910086449977825395762920379638671875000000000e-02
4.5222176962338295203025495538895484060049057006835937500000000000e-02
4.5355835131623195577432738900824915617704391479492187500000000000e-02
4.5490249807909395596272617012800765223801136016845703125000000000e-02
4.5625427624441182439252173708155169151723384857177734375000000000e-02
4.5761375291353323380150186494574882090091705322265625000000000000e-02
4.5898099596690382362407234495549346320331096649169921875000000000e-02
4.6035607407378921485108236311134533025324344635009765625000000000e-02
4.6173905670801457246099630538083147257566452026367187500000000000e-02
4.6313001415588798959088734363831463269889354705810546875000000000e-02
4.6452901752923117517646289797994541004300117492675781250000000000e-02
4.6593613878025616492628557807620381936430931091308593750000000000e-02
4.6735145070982316017893509751957026310265064239501953125000000000e-02
4.6877502698287602800331086427831905893981456756591796875000000000e-02
4.7020694214189438786544172899084514938294887542724609375000000000e-02
4.7164727161733609184235405109575367532670497894287109375000000000e-02
4.7309609174326618108441522281282232142984867095947265625000000000e-02
4.7455347977129261338724575125525007024407386779785156250000000000e-02
4.7601951388171026557927234534872695803642272949218750000000000000e-02
4.7749427320078502434697043099731672555208206176757812500000000000e-02
4.7897783781418401538587659160839393734931945800781250000000000000e-02
4.8047028877947817182558765125577338039875030517578125000000000000e-02
4.8197170814488057843938406676898011937737464904785156250000000000e-02
4.8348217896171045981912328670659917406737804412841796875000000000e-02
4.8500178529973680952025461010634899139404296875000000000000000000e-02
4.8653061226559678187353341627385816536843776702880859375000000000e-02
4.8806874601602011354284371691392152570188045501708984375000000000e-02
4.8961627377490858636921444713152595795691013336181640625000000000e-02
4.9117328385191325046399413167819147929549217224121093750000000000e-02
4.9273986565641428314599181703670183196663856506347656250000000000e-02
4.9431610971666352372100305956337251700460910797119140625000000000e-02
4.9590210769824796810389955226128222420811653137207031250000000000e-02
4.9749795241896203890075156550665269605815410614013671875000000000e-02
4.9910373787024613079221779798899660818278789520263671875000000000e-02
5.0071955923488953299482773218187503516674041748046875000000000000e-02
5.0234551290437197412774850135974702425301074981689453125000000000e-02
5.0398169650103720462741563324016169644892215728759765625000000000e-02
5.0562820889608645069657200110668782144784927368164062500000000000e-02
5.0728515022911348231193784386050538159906864166259765625000000000e-02
5.0895262193102822068091484197793761268258094787597656250000000000e-02
5.1063072674262376116072204013107693754136562347412109375000000000e-02
5.1231956873647267747262645798400626517832279205322265625000000000e-02
5.1401925334024628488904795631242450326681137084960937500000000000e-02
5.1572988735626372480691514965656097047030925750732421875000000000e-02
5.1745157898594115741808252550981706008315086364746093750000000000e-02
5.1918443785287364533598264415559242479503154754638671875000000000e-02
5.2092857502476073994213123796725994907319545745849609375000000000e-02
5.2268410303915692483034405313446768559515476226806640625000000000e-02
5.2445113592730199791880352222506189718842506408691406250000000000e-02
5.2622978923804797357632878629374317824840545654296875000000000000e-02
5.2802018006510527403651877875745412893593311309814453125000000000e-02
5.2982242707182172769542205514881061390042304992675781250000000000e-02
5.3163665051733727251459526996768545359373092651367187500000000000e-02
5.3346297228512029597879973152885213494300842285156250000000000000e-02
5.3530151590887919965666696953121572732925415039062500000000000000e-02
5.3715240660139322581567711267780396156013011932373046875000000000e-02
5.3901577128371881697521672549555660225450992584228515625000000000e-02
5.4089173861339913396140133272638195194303989410400390625000000000e-02
5.4278043901506048407590299120784038677811622619628906250000000000e-02
5.4468200471111428984105629069745191372931003570556640625000000000e-02
5.4659656975201462159041909671941539272665977478027343750000000000e-02
5.4852427004890264017333834090095479041337966918945312500000000000e-02
5.5046524340593913637853518139309016987681388854980468750000000000e-02
5.5241962955273365976083255191042553633451461791992187500000000000e-02
5.5438757017925971437577459255408030003309249877929687500000000000e-02
5.5636920896965209870632662614298169501125812530517578125000000000e-02
5.5836469163746162147621276972131454385817050933837890625000000000e-02
5.6037416596240417765439900676938123069703578948974609375000000000e-02
5.6239778182640629000665910552925197407603263854980468750000000000e-02
5.6443569125133714881048518918760237284004688262939453125000000000e-02
5.6648804843801504882438990762238972820341587066650390625000000000e-02
5.6855500980460507709501882800395833328366279602050781250000000000e-02
5.7063673402717111915460890259055304341018199920654296875000000000e-02
5.7273338208079865863098234513017814606428146362304687500000000000e-02
5.7484511728075525505143872351254685781896114349365234375000000000e-02
5.7697210532604396859834849919934640638530254364013671875000000000e-02
5.7911451434271281335508518850474501959979534149169921875000000000e-02
5.8127251492834479396076829971207189373672008514404296875000000000e-02
5.8344628019825407749809897950399317778646945953369140625000000000e-02
5.8563598583166127931054489863527123816311359405517578125000000000e-02
5.8784181011959188434268241962854517623782157897949218750000000000e-02
5.9006393401388322617062698327572434209287166595458984375000000000e-02
5.9230254117654264345294023996757459826767444610595703125000000000e-02
5.9455781803127646933937455742125166580080986022949218750000000000e-02
5.9682995381553340108471417124746949411928653717041015625000000000e-02
5.9911914063351195958162520582845900207757949829101562500000000000e-02
6.0142557351114907249201024797002901323139667510986328125000000000e-02
6.0374945045183793512766357025611796416342258453369140625000000000e-02
6.0609097249327927026119056108655058778822422027587890625000000000e-02
6.0845034376624938798894248748183599673211574554443359375000000000e-02
6.1082777155421430492765466624405235052108764648437500000000000000e-02
6.1322346635434968331601623958704294636845588684082031250000000000e-02
6.1563764194050248079737031048352946527302265167236328125000000000e-02
6.1807051542690075174313335537590319290757179260253906250000000000e-02
6.2052230733384394767426783801056444644927978515625000000000000000e-02
6.2299324165498333460977420372728374786674976348876953125000000000e-02
6.2548354592576169141970865439361659809947013854980468750000000000e-02
6.2799345129398137510534638749959412962198257446289062500000000000e-02
6.3052319259175981791543108556652441620826721191406250000000000000e-02
6.3307300840915473050252160192030714824795722961425781250000000000e-02
6.3564314117005110693625624662672635167837142944335937500000000000e-02
6.3823383720923720918705157600925303995609283447265625000000000000e-02
6.4084534685167032774799622529826592653989791870117187500000000000e-02
6.4347792449388332980397819937934400513768196105957031250000000000e-02
6.4613182868694218896621350722853094339370727539062500000000000000e-02
6.4880732222169668066413805718184448778629302978515625000000000000e-02
6.5150467221627705871611624388606287539005279541015625000000000000e-02
6.5422415020541913044382908992702141404151916503906250000000000000e-02
6.5696603223220462197673441551160067319869995117187500000000000000e-02
6.5973059894219032717188611059100367128849029541015625000000000000e-02
6.6251813567964834561507814214564859867095947265625000000000000000e-02
6.6532893258656064516820549670228501781821250915527343750000000000e-02
6.6816328470375010994963815846858778968453407287597656250000000000e-02
6.7102149207484390602829193994693923741579055786132812500000000000e-02
6.7390385985293815851449039655562955886125564575195312500000000000e-02
6.7681069840970581319439247636182699352502822875976562500000000000e-02
6.7974232344755719514850511586701031774282455444335937500000000000e-02
6.8269905611475917295294379982806276530027389526367187500000000000e-02
6.8568122312326451606168120633810758590698242187500000000000000000e-02
6.8868915686982029589202625174948479980230331420898437500000000000e-02
6.9172319556032771381559598466992611065506935119628906250000000000e-02
6.9478368333725309957671356642094906419515609741210937500000000000e-02
6.9787097041054957369254907462163828313350677490234375000000000000e-02
7.0098541319201235211266975966282188892364501953125000000000000000e-02
7.0412737443326892106121306369459489360451698303222656250000000000e-02
7.0729722336743836019756770383537514135241508483886718750000000000e-02
7.1049533585459401230366438539931550621986389160156250000000000000e-02
7.1372209453109722310237827969103818759322166442871093750000000000e-02
7.1697788896316755336002302101405803114175796508789062500000000000e-02
7.2026311580455221195151693791558500379323959350585937500000000000e-02
7.2357817895836437638301674724061740562319755554199218750000000000e-02
7.2692348974363274471954809996532276272773742675781250000000000000e-02
7.3029946706635887054837041887367377057671546936035156250000000000e-02
7.3370653759525450432477100548567250370979309082031250000000000000e-02
7.3714513594247479955079427327291341498494148254394531250000000000e-02
7.4061570484946048775753979498404078185558319091796875000000000000e-02
7.4411869537782768246891862418124219402670860290527343750000000000e-02
7.4765456710590399991289700665220152586698532104492187500000000000e-02
7.5122378833080261095744845079025253653526306152343750000000000000e-02
7.5482683627607155552041717783140484243631362915039062500000000000e-02
7.5846419730558264915565302999311825260519981384277343750000000000e-02
7.6213636714342905542629580395441735163331031799316406250000000000e-02
7.6584385110025618437212813205405836924910545349121093750000000000e-02
7.6958716430618537285290869931486668065190315246582031250000000000e-02
7.7336683195056696304980903278192272409796714782714843750000000000e-02
7.7718338952879870151768670893943635746836662292480468750000000000e-02
7.8103738309641776438319027420220663771033287048339843750000000000e-02
7.8492936953075284622904916886909632012248039245605468750000000000e-02
7.8885991680042621965185389854013919830322265625000000000000000000e-02
7.9282960424289797285446468322334112599492073059082031250000000000e-02
7.9683902285047597535694308135134633630514144897460937500000000000e-02
8.0088877556489579401244327527820132672786712646484375000000000000e-02
8.0497947758088606029502898309146985411643981933593750000000000000e-02
8.0911175665918017019251351484854239970445632934570312500000000000e-02
8.1328625344899527216391277306684060022234916687011718750000000000e-02
8.1750362182059138627110428387823048979043960571289062500000000000e-02
8.2176452920811798863454100683156866580247879028320312500000000000e-02
8.2606965696323989001292886769078904762864112854003906250000000000e-02
8.3041970071990212076684656494762748479843139648437500000000000000e-02
8.3481537077056675033581711886654375120997428894042968750000000000e-02
8.3925739245443525815559837610635440796613693237304687500000000000e-02
8.4374650655798216769554187521862331777811050415039062500000000000e-02
8.4828346972853255203439459819492185488343238830566406250000000000e-02
8.5286905490112960293025423652579775080084800720214843750000000000e-02
8.5750405173912899736698989272554172202944755554199218750000000000e-02
8.6218926708932552838149376839282922446727752685546875000000000000e-02
8.6692552545201292946153159846289781853556632995605468750000000000e-02
8.7171366946642653283916502005013171583414077758789062500000000000e-02
8.7655456041246207488093489246239187195897102355957031250000000000e-02
8.8144907872907629631242798495804890990257263183593750000000000000e-02
8.8639812454995539625635103675449499860405921936035156250000000000e-02
8.9140261825744623869205440769292181357741355895996093750000000000e-02
8.9646350105523270324070495007617864757776260375976562500000000000e-02
9.0158173556054127528724961848638486117124557495117187500000000000e-02
9.0675830641654880936997074059036094695329666137695312500000000000e-02
9.1199422092616846957646714599832193925976753234863281250000000000e-02
9.1729050970774689277575930645980406552553176879882812500000000000e-02
9.2264822737351023795859816800657426938414573669433593750000000000e-02
9.2806845323207765030559812657884322106838226318359375000000000000e-02
9.3355229201564804419888332631671801209449768066406250000000000000e-02
9.3910087463311101019236559750424930825829505920410156250000000000e-02
9.4471535895001720883890072855137987062335014343261718750000000000e-02
9.5039693059664420715648702753242105245590209960937500000000000000e-02
9.5614680380534236570078121530968928709626197814941406250000000000e-02
9.6196622227824768458503967849537730216979980468750000000000000000e-02
9.6785646008696726849684921489824773743748664855957031250000000000e-02
9.7381882260525395866856968041247455403208732604980468750000000000e-02
9.7985464747625261594521361985243856906890869140625000000000000000e-02
9.8596530561602932496434448239597259089350700378417968750000000000e-02
9.9215220225463363057372134790057316422462463378906250000000000000e-02
9.9841677801647196743850543043663492426276206970214843750000000000e-02
1.0047605100418167956011217256673262454569339752197265625000000000e-01
1.0111849131512930244358727804865338839590549468994140625000000000e-01
1.0176915410550865792593810965627199038863182067871093750000000000e-01
1.0242819876090396291612449886088143102824687957763671875000000000e-01
1.0309578881198333544233491920749656856060028076171875000000000000e-01
1.0377209207014190250895069311809493228793144226074218750000000000e-01
1.0445728076849403187509324197890236973762512207031250000000000000e-01
1.0515153170847638119944633672275813296437263488769531250000000000e-01
1.0585502641234421916660579654489993117749691009521484375000000000e-01
1.0656795128179601117590635794840636663138866424560546875000000000e-01
1.0729049776303851981840153939629090018570423126220703125000000000e-01
1.0802286251860546140157737227127654477953910827636718750000000000e-01
1.0876524760624779741835510549208265729248523712158203125000000000e-01
1.0951786066522951890167547617238597013056278228759765625000000000e-01
1.1028091511039844752062322186247911304235458374023437500000000000e-01
1.1105463033442083964352775637962622568011283874511718750000000000e-01
1.1183923191855510426151454339560586959123611450195312500000000000e-01
1.1263495185242529406099976085897651500999927520751953125000000000e-01
1.1344202876321596296094185163383372128009796142578125000000000000e-01
1.1426070815477144815286436596579733304679393768310546875000000000e-01
1.1509124265712994406030134086904581636190414428710937500000000000e-01
1.1593389228696053538936183713303762488067150115966796875000000000e-01
1.1678892471953990217503616122485254891216754913330078125000000000e-01
1.1765661557284309846060921245225472375750541687011718750000000000e-01
1.1853724870432663651698135254264343529939651489257812500000000000e-01
1.1943111652116134013823511850205250084400177001953125000000000000e-01
1.2033852030458985771232960360066499561071395874023437500000000000e-01
1.2125977054912547015153023721723002381622791290283203125000000000e-01
1.2219518731747093520656477494412683881819248199462890625000000000e-01
1.2314510061195087231578071396143059246242046356201171875000000000e-01
1.2410985076337421872949562384746968746185302734375000000000000000e-01
1.2508978883833055117946742029744200408458709716796875000000000000e-01
1.2608527706586589167692125101893907412886619567871093750000000000e-01
1.2709668928470846394063187290157657116651535034179687500000000000e-01
1.2812441141215766271521658836718415841460227966308593750000000000e-01
1.2916884193587122031665614940720843151211738586425781250000000000e-01
1.3023039242989645214443328313791425898671150207519531250000000000e-01
1.3130948809632389528978535508940694853663444519042968750000000000e-01
1.3240656833406480585857423193374415859580039978027343750000000000e-01
1.3352208733636347637308006142120575532317161560058593750000000000e-01
1.3465651471873255062838836693117627874016761779785156250000000000e-01
1.3581033617914925470948617203248431906104087829589843750000000000e-01
1.3698405419247253189674040640966268256306648254394531250000000000e-01
1.3817818874112622329342059401824371889233589172363281250000000000e-01
1.3939327808432899757917766692116856575012207031250000000000000000e-01
1.4062987956823685964380388213612604886293411254882812500000000000e-01
1.4188857047953862267064550906070508062839508056640625000000000000e-01
1.4316994894532975024503684835508465766906738281250000000000000000e-01
1.4447463488209566495612534708925522863864898681640625000000000000e-01
1.4580327099706311133608949148765532299876213073730468750000000000e-01
1.4715652384530458762768034830514807254076004028320312500000000000e-01
1.4853508494616515789310540185397258028388023376464843750000000000e-01
1.4993967196307578237934876597137190401554107666015625000000000000e-01
1.5137102995087192702783340791938826441764831542968750000000000000e-01
1.5282993267519770497209208315325668081641197204589843750000000000e-01
1.5431718400897587173403735505416989326477050781250000000000000000e-01
1.5583361941111983917096495133591815829277038574218750000000000000e-01
1.5738010749328884552156182508042547851800918579101562500000000000e-01
1.5895755168087369324503299594653071835637092590332031250000000000e-01
1.6056689197475573771534129718929762020707130432128906250000000000e-01
1.6220910682126288282489667835761792957782745361328125000000000000e-01
1.6388521509797257524887470481189666315913200378417968750000000000e-01
1.6559627822383779505166501166968373581767082214355468750000000000e-01
1.6734340240298942181773611537209944799542427062988281250000000000e-01
1.6912774101194047449148172290733782574534416198730468750000000000e-01
1.7095049714119583961213777456578100100159645080566406250000000000e-01
1.7281292630300632007234185039123985916376113891601562500000000000e-01
1.7471633931794583460828107490669935941696166992187500000000000000e-01
1.7666210539447663174783542672230396419763565063476562500000000000e-01
1.7865165541652017200391355800093151628971099853515625000000000000e-01
1.8068648545566126650818716825597221031785011291503906250000000000e-01
1.8276816052625519115615304599486989900469779968261718750000000000e-01
1.8489831860297703536311075822595739737153053283691406250000000000e-01
1.8707867492269864007070623301842715591192245483398437500000000000e-01
1.8931102659444781766140408763021696358919143676757812500000000000e-01
1.9159725754323839175263799461390590295195579528808593750000000000e-01
1.9393934381670166477995564946468221023678779602050781250000000000e-01
1.9633935928572154860916043617180548608303070068359375000000000000e-01
1.9879948177356684957395316359907155856490135192871093750000000000e-01
2.0132199965191946433584746500855544582009315490722656250000000000e-01
2.0390931894541824975775057282589841634035110473632812500000000000e-01
2.0656397099126697081139525380422128364443778991699218750000000000e-01
2.0928862070527551320076042884466005489230155944824218750000000000e-01
2.1208607551071048669122376395534956827759742736816406250000000000e-01
2.1495929499327084966076029104442568495869636535644531250000000000e-01
2.1791140135176018111096141183224972337484359741210937500000000000e-01
2.2094569072188219305274969883612357079982757568359375000000000000e-01
2.2406564545997509352304177809855900704860687255859375000000000000e-01
2.2727494748240661959215458409744314849376678466796875000000000000e-01
2.3057749276830924456405114142398815602064132690429687500000000000e-01
2.3397740714594539301884879023418761789798736572265625000000000000e-01
2.3747906349662312175397005375998560339212417602539062500000000000e-01
2.4108710052768811404888538163504563271999359130859375000000000000e-01
2.4480644328363770911849428557616192847490310668945312500000000000e-01
2.4864232558591511934587003906926838681101799011230468750000000000e-01
2.5260031461711002220837940512865316122770309448242187500000000000e-01
2.5668633789147848878187119225913193076848983764648437500000000000e-01
2.6090671288715866493745920706714969128370285034179687500000000000e-01
2.6526817965175114588660676417930517345666885375976562500000000000e-01
2.6977793673443029032199547145864926278591156005859375000000000000e-01
2.7444368084853221212426888087065890431404113769531250000000000000e-01
2.7927365072348009356062448205193504691123962402343750000000000000e-01
2.8427667567191911013324556734005454927682876586914062500000000000e-01
2.8946222947476807352273908691131509840488433837890625000000000000e-01
2.9484049027488962169130104484793264418840408325195312500000000000e-01
3.0042240727770752606318183097755536437034606933593750000000000000e-01
3.0621977517720422312663686170708388090133666992187500000000000000e-01
3.1224531737171212775194817368173971772193908691406250000000000000e-01
3.1851277920720283409750095415802206844091415405273437500000000000e-01
3.2503703268304301454705296237079892307519912719726562500000000000e-01
3.3183419430102051306263888363901060074567794799804687500000000000e-01
3.3892175802454560518128801049897447228431701660156250000000000000e-01
3.4631874565318948588910075159219559282064437866210937500000000000e-01
3.5404587733826109463564080215292051434516906738281250000000000000e-01
3.6212576545690289275825080039794556796550750732421875000000000000e-01
3.7058313566166550812042146390012931078672409057617187500000000000e-01
3.7944507966219459538237401829974260181188583374023437500000000000e-01
3.8874134517923158993468746302824001759290695190429687500000000000e-01
3.9850466960776176339464882403262890875339508056640625000000000000e-01
4.0877116527999540762650099168240558356046676635742187500000000000e-01
4.1958076587795906098321552235574927181005477905273437500000000000e-01
4.3097774562933871544956332400033716112375259399414062500000000000e-01
4.4301132552032768119332217793271411210298538208007812500000000000e-01
4.5573638402323474183575058304995764046907424926757812500000000000e-01
4.6921429398804226362784675075090490281581878662109375000000000000e-01
4.8351391262185322572619838865648489445447921752929687500000000000e-01
4.9871275825078975607596021291101351380348205566406250000000000000e-01
5.1489841631935573396106065047206357121467590332031250000000000000e-01
5.3217022847060102552774196738027967512607574462890625000000000000e-01
5.5064133350892163765166742450674064457416534423828125000000000000e-01
5.7044114885072283449574115365976467728614807128906250000000000000e-01
5.9171840751181747908304942029644735157489776611328125000000000000e-01
6.1464490135267302317600979222333990037441253662109375000000000000e-01
6.3942012992422481154619617882417514920234680175781250000000000000e-01
6.6627712126835281214454198561725206673145294189453125000000000000e-01
6.9548978446231124461718309248681180179119110107421875000000000000e-01
7.2738228573809693422447253396967425942420959472656250000000000000e-01
7.6234112918955621029937219645944423973560333251953125000000000000e-01
8.0083089817675512378514213196467608213424682617187500000000000000e-01
8.4341502041350513430018054350512102246284484863281250000000000000e-01
8.9078353231177431759135743050137534737586975097656250000000000000e-01
9.4379075879135732041191886310116387903690338134765625000000000000e-01
1.0035073013217852277989550202619284391403198242187500000000000000e+00
1.0712931013712787553515681793214753270149230957031250000000000000e+00
1.1489022691748862481375681454665027558803558349609375000000000000e+00
1.2386370486606090857151230011368170380592346191406250000000000000e+00
1.3435800656654370843767765109078027307987213134765625000000000000e+00
1.4679555957573990898623605971806682646274566650390625000000000000e+00
1.6177120028375953086907657052506692707538604736328125000000000000e+00
1.8015012678649655608609236878692172467708587646484375000000000000e+00
2.0324119431653997480680118314921855926513671875000000000000000000e+00
2.3312310488471794656106794718652963638305664062500000000000000000e+00
2.7330799951035942285670898854732513427734375000000000000000000000e+00
3.3023443686168398869540396844968199729919433593750000000000000000e+00
4.1711733368746726213771580660250037908554077148437500000000000000e+00
5.6604600661448891685267881257459521293640136718750000000000000000e+00
8.8039555522716383961778774391859769821166992187500000000000000000e+00
1.9800284383853671954511810326948761940002441406250000000000000000e+01
