1.9507492338791709070994206953741922916378825902938842773437500000e-03
2.7775362286447833823355146876110666198655962944030761718750000000e-03
1.5929868984118974051950035075719824817497283220291137695312500000e-03
1.6645469072852979268428708081728473189286887645721435546875000000e-03
1.8043600879322928189768537876602749747689813375473022460937500000e-03
1.8607458122549156917524548759956815047189593315124511718750000000e-03
1.7475194284729286906682199642659725213889032602310180664062500000e-03
2.0001355149551515444361626805402920581400394439697265625000000000e-03
1.6235344926178508530301147771979231038130819797515869140625000000e-03
1.8070983849446109470449073342024348676204681396484375000000000000e-03
1.9422133898321445721196765177296583715360611677169799804687500000e-03
1.7435892160602038322703144501701899571344256401062011718750000000e-03
1.7358695548509036309103858997104907757602632045745849609375000000e-03
1.6940544640784203998112866784708785417024046182632446289062500000e-03
1.7687598717382069669207256268350647587794810533523559570312500000e-03
1.7784947937496667271645156560566647385712713003158569335937500000e-03
1.7878250824872321533831609485787339508533477783203125000000000000e-03
1.7355086679624665609716904768333733954932540655136108398437500000e-03
1.7004815345474696541144821182456325914245098829269409179687500000e-03
1.6537834966976962432216868847945079323835670948028564453125000000e-03
1.6422185224593407407850387258463342732284218072891235351562500000e-03
1.6307461065244094940845931418493819364812225103378295898437500000e-03
1.6354451460055877392435474959597740962635725736618041992187500000e-03
1.6287541858425096195223114037275990995112806558609008789062500000e-03
1.6263567317524080420299004146045263041742146015167236328125000000e-03
1.6311969193574724339840242848254092677962034940719604492187500000e-03
1.6019765991225321487279042997897704481147229671478271484375000000e-03
1.5457365838168039568617517787174620025325566530227661132812500000e-03
1.5827016177760099783361491532218678912613540887832641601562500000e-03
1.5715735411167600608928207606140858842991292476654052734375000000e-03
1.4667247838549292947296631695053292787633836269378662109375000000e-03
1.4763129503879918527631254221432755002751946449279785156250000000e-03
1.4623344345392325343419015482027134567033499479293823242187500000e-03
1.4516664343223288635709167238019290380179882049560546875000000000e-03
1.4522906727404815557802564285339030902832746505737304687500000000e-03
1.3989282363533574789909996738401787297334522008895874023437500000e-03
1.3920549489927485243417892846196082246024161577224731445312500000e-03
1.3448445261383232176427560133902261441107839345932006835937500000e-03
1.3422974399113346815476388584897904365789145231246948242187500000e-03
1.3796953750072208158550246537288330728188157081604003906250000000e-03
1.3307308186181129872061035257502226158976554870605468750000000000e-03
1.3008581465532955464409203827358396665658801794052124023437500000e-03
1.2913910393555941107102125187111596460454165935516357421875000000e-03
1.3176624381077955278085411805477633606642484664916992187500000000e-03
1.2476769902805984885363344005781982559710741043090820312500000000e-03
1.2358152478144784902625019640254322439432144165039062500000000000e-03
1.1762171853926710676785383213882596464827656745910644531250000000e-03
1.2108109607379079469130500612550349615048617124557495117187500000e-03
1.1923095372525422709630849027462318190373480319976806640625000000e-03
1.1437430327383662879980885662689615855924785137176513671875000000e-03
1.1514880478836286934601895737273480335716158151626586914062500000e-03
1.1286993117825337533399743250583924236707389354705810546875000000e-03
1.1093754287478509255177039349860024231020361185073852539062500000e-03
1.0860806750763939924203649312062225362751632928848266601562500000e-03
1.0385474674762008862050066682058968581259250640869140625000000000e-03
1.0471874785957203338876420062319994030985981225967407226562500000e-03
9.6811327123996532197786057949429050495382398366928100585937500000e-04
9.3272412987906476097843544437182572437450289726257324218750000000e-04
1.0059932282486902955370711154614582483191043138504028320312500000e-03
-1.1535062936438822411844284943072125315666198730468750000000000000e-01
-1.3055480243152314812071779215330025181174278259277343750000000000e-01
-3.2718704857065281088601693681994220241904258728027343750000000000e-02
-3.9778859918733013077783017275024235459568444639444351196289062500e-06
-1.8041914696398458225031413357242193740148650249466300010681152344e-06
3.3696554177506680842455496875664788802851035143248736858367919922e-07
2.4470542256426990718708169847417366327135823667049407958984375000e-06
4.5274302701143909091578698689062321136589162051677703857421875000e-06
6.5794081494993901648303709361886859596779686398804187774658203125e-06
8.6042283308442468346601689210828567411226686090230941772460937500e-06
1.0603051402833305790211933239408637064116192050278186798095703125e-05
1.2576972571680371332995644617636088469225796870887279510498046875e-05
1.4527031728174297250228384770220912969307391904294490814208984375e-05
1.6454202246682453429074341477722498439106857404112815856933593750e-05
1.8359398900718193903963681989921497006434947252273559570312500000e-05
2.0243505875591270132783650037566758328466676175594329833984375000e-05
2.2107330344589790771395523827358431390166515484452247619628906250e-05
2.3951653518299136351888539708809844341885764151811599731445312500e-05
2.5777217764149317445754316935335737071000039577484130859375000000e-05
2.7584704436834753439470105385034059963800245895981788635253906250e-05
2.9374787426783591318688385052304568034742260351777076721191406250e-05
3.1148085688554458185135775938334745660540647804737091064453125000e-05
3.2905191288672887436027314489450645851320587098598480224609375000e-05
3.4646676871860901728277654099130700160458218306303024291992187500e-05
3.6373068111760561028217297874221003439743071794509887695312500000e-05
3.8084884104371529974040339050489478722738567739725112915039062500e-05
3.9782606356212201913127163299677135910314973443746566772460937500e-05
4.1466694201240531306162928615322016412392258644104003906250000000e-05
4.3137597460060995502913877563955225014069583266973495483398437500e-05
4.4795725974396856925753562794767503874027170240879058837890625000e-05
4.6441486975098603779896211385391779913334175944328308105468750000e-05
4.8075263127615687139271294370246323524042963981628417968750000000e-05
4.9697417416180053009906736338763266758178360760211944580078125000e-05
5.1308301220436876169742057562928039260441437363624572753906250000e-05
5.2908248158874033619230442537784142587042879313230514526367187500e-05
5.4497581986125893959739541205777868526638485491275787353515625000e-05
5.6076599134654232022435121907122379525389987975358963012695312500e-05
5.7645605332620544216347402421973811215138994157314300537109375000e-05
5.9204875613549763310218543299612292685196734964847564697265625000e-05
6.0754673427901518178648188062140889087459072470664978027343750000e-05
6.2295272648170790211370750899533277333830483257770538330078125000e-05
6.3826908080266033635417899372299643800943158566951751708984375000e-05
6.5349819918243990681493149619285532025969587266445159912109375000e-05
6.6864246786197260624846905319174084070255048573017120361328125000e-05
6.8370396643894172845380696745820614523836411535739898681640625000e-05
6.9868485588679484854859880194055676838615909218788146972656250000e-05
7.1358722059397397888269587440390750998631119728088378906250000000e-05
7.2841293518982505291251006163122383441077545285224914550781250000e-05
7.4316392481500029624195968747102369889034889638423919677734375000e-05
7.5784202608477553336947807327561577039887197315692901611328125000e-05
7.7244894818395183361953160172674870409537106752395629882812500000e-05
7.8698638016179491027658754465079482542932964861392974853515625000e-05
8.0145598383518759687607624364602543209912255406379699707031250000e-05
8.1585929357375858790753231364334396857884712517261505126953125000e-05
8.3019780399394072552959888966483958938624709844589233398437500000e-05
8.4447303794807926651151686048279998431098647415637969970703125000e-05
8.5868634928415709653068410567300361435627564787864685058593750000e-05
8.7283908892907562018098621692274718952830880880355834960937500000e-05
8.8693265445898402049920705714214363979408517479896545410156250000e-05
9.0096821151331202997582237035345542608411051332950592041015625000e-05
9.1494704602835795763556003823424589427304454147815704345703125000e-05
9.2887037458410973123600073986239067380665801465511322021484375000e-05
9.4273925109849629889839650598304388040560297667980194091796875000e-05
9.5655489455484909023900985669541796596604399383068084716796875000e-05
9.7031831620580341916590394468755675916327163577079772949218750000e-05
9.8403056270030965610624840156361869958345778286457061767578125000e-05
9.9769268957336518038013506437522437408915720880031585693359375000e-05
1.0113056046676661384360607076615679034148342907428741455078125000e-04
1.0248703288370168522358749640943642589263617992401123046875000000e-04
1.0383877225767747449255290481673341673740651458501815795898437500e-04
1.0518587066240908895007472034777151748130563646554946899414062500e-04
1.0652841582206611830210829516829562635393813252449035644531250000e-04
1.0786648571162768366071826875440820003859698772430419921875000000e-04
1.0920017057493630802979256433360433220514096319675445556640625000e-04
1.1052954078377481459630887750122951729281339794397354125976562500e-04
1.1185467807696866898541088186647129987250082194805145263671875000e-04
1.1317565710716678839282273161259695370972622185945510864257812500e-04
1.1449254517088036414880491964396469484199769794940948486328125000e-04
1.1580542063148325094938673185396282860892824828624725341796875000e-04
1.1711434295809900342066195433332609354692976921796798706054687500e-04
1.1841938580087435321785971353847344289533793926239013671875000000e-04
1.1972061041231410471758628277783031990111339837312698364257812500e-04
1.2101807688330919350865738648437286428816150873899459838867187500e-04
1.2231185522912726461319810056238566176034510135650634765625000000e-04
1.2360199227722857596989403106135796406306326389312744140625000000e-04
1.2488855677650036657064247513915233867010101675987243652343750000e-04
1.2617160099161290275592006704385994453332386910915374755859375000e-04
1.2745117463374542221728191737639690472860820591449737548828125000e-04
1.2872734252601552890245273363944988886942155659198760986328125000e-04
1.3000014452210621219985231533655678504146635532379150390625000000e-04
1.3126963852459359784891068656520474178250879049301147460937500000e-04
1.3253587313907843128757413353469019057229161262512207031250000000e-04
1.3379889236631088591904237272700584071571938693523406982421875000e-04
1.3505874860485596799727914252287064300617203116416931152343750000e-04
1.3631548214375113748340895281074836020707152783870697021484375000e-04
1.3756914280635865427231123714335581098566763103008270263671875000e-04
1.3881976824699817632188802996040521975373849272727966308593750000e-04
1.4006740552568376525881255201255726205999962985515594482421875000e-04
1.4131209551151139745470142194960772030754014849662780761718750000e-04
1.4255387205718312725218066550070261655491776764392852783203125000e-04
1.4379278653139620082306027182283969523268751800060272216796875000e-04
1.4502886508508666262191877383003202339750714600086212158203125000e-04
1.4626215096043886846992332362304978232714347541332244873046875000e-04
1.4749268468826622438018481009436300155357457697391510009765625000e-04
1.4872049076060383935096731455871577054494991898536682128906250000e-04
1.4994561598174463087906893576928268885239958763122558593750000000e-04
1.5116808788488887379565517310453515165136195719242095947265625000e-04
1.5238793921665955404670667050481824844609946012496948242187500000e-04
1.5360520722989260593641103191941965633304789662361145019531250000e-04
1.5481991911209841048489843640112439970835112035274505615234375000e-04
1.5603210834830939573655839147647839126875624060630798339843750000e-04
1.5724180388178871244607426316264309207326732575893402099609375000e-04
1.5844903819710399518229382298528662431635893881320953369140625000e-04
1.5965383587042452284351923275096396537264809012413024902343750000e-04
1.6085622871616595355205581174828921575681306421756744384765625000e-04
1.6205624568090017914752387628851693079923279583454132080078125000e-04
1.6325390724963590848711758596323306846898049116134643554687500000e-04
1.6444924916047724090459314361112319602398201823234558105468750000e-04
1.6564229102912226675864415526007178414147347211837768554687500000e-04
1.6683305837498016302791747911271613702410832047462463378906250000e-04
1.6802158180989653474789180531701049403636716306209564208984375000e-04
1.6920787836234837194122893055947542961803264915943145751953125000e-04
1.7039197666931236215676070955282739305403083562850952148437500000e-04
1.7157389952123032104101818529073852914734743535518646240234375000e-04
1.7275366792136222508953491416860970275592990219593048095703125000e-04
1.7393130595020649315808614066014570198603905737400054931640625000e-04
1.7510683544535570474801056128910659026587381958961486816406250000e-04
1.7628027759270006023274712791959473179304040968418121337890625000e-04
1.7745165236248040688607496839779287256533280014991760253906250000e-04
1.7862098368518259283894977773599066495080478489398956298828125000e-04
1.7978828786216060221098134164208204310853034257888793945312500000e-04
1.8095358681079946969877392248804426344577223062515258789062500000e-04
1.8211690147538892774539687202661752962740138173103332519531250000e-04
1.8327824643623707437031788991532721411203965544700622558593750000e-04
1.8443764547992040495408283540257343702251091599464416503906250000e-04
1.8559511385289731216427511206745748495450243353843688964843750000e-04
1.8675066947553792631210589636481245179311372339725494384765625000e-04
1.8790433254132899560349956313842767485766671597957611083984375000e-04
1.8905611700314645692681814193036871074582450091838836669921875000e-04
1.9020604235966262680369853743655994549044407904148101806640625000e-04
1.9135412426464826532966634342614042907371185719966888427734375000e-04
1.9250037881713113661029390666357130612595938146114349365234375000e-04
1.9364482269651963762709112604198935514432378113269805908203125000e-04
1.9478747120278417899810752267342195409582927823066711425781250000e-04
1.9592833995745557659762248192691913573071360588073730468750000000e-04
1.9706744367862786995564128300628681245143525302410125732421875000e-04
1.9820479850932756337583695582793552603106945753097534179687500000e-04
1.9934041698041883410030816747848803061060607433319091796875000000e-04
2.0047431537518548548028329836512284600757993757724761962890625000e-04
2.0160650740815773429050195009182289140881039202213287353515625000e-04
2.0273700485576301574472402045046237617498263716697692871093750000e-04
2.0386582509339506974997691113316022892831824719905853271484375000e-04
2.0499297800837543506724536257479485357180237770080566406250000000e-04
2.0611847765530230875731521056337669506319798529148101806640625000e-04
2.0724233912469651052064290031040627582115121185779571533203125000e-04
2.0836457117493197639841728818765886899200268089771270751953125000e-04
2.0948518916268812190516201976464571998803876340389251708984375000e-04
2.1060420515216181076671719818449446393060497939586639404296875000e-04
2.1172162890290517752930887773743506841128692030906677246093750000e-04
2.1283747466834570779073421142868483002530410885810852050781250000e-04
2.1395175349279852219930297962946497136726975440979003906250000000e-04
2.1506447515815153978188667416304724611109122633934020996093750000e-04
2.1617565286566466998055546788748415565351024270057678222656250000e-04
2.1728529747256297103424893535361661633942276239395141601562500000e-04
2.1839341757661068070019150244576167096965946257114410400390625000e-04
2.1950002674959382797242879448162966582458466291427612304687500000e-04
2.2060513443124108823138740387292955347220413386821746826171875000e-04
2.2170874887043884446033437107814734190469607710838317871093750000e-04
2.2281088403784362391574225270574061141815036535263061523437500000e-04
2.2391154716739974581130034891884861281141638755798339843750000000e-04
2.2501074757735357997553982123406512982910498976707458496093750000e-04
2.2610849824044758132543520012802673591068014502525329589843750000e-04
2.2720480500616115223343205453687687622732482850551605224609375000e-04
2.2829967852431331848568618614336855898727662861347198486328125000e-04
2.2939312974772871909015514724217155162477865815162658691406250000e-04
2.3048516450102450982620472252904164633946493268013000488281250000e-04
2.3157579380566177822305118372270271720481105148792266845703125000e-04
2.3266502680263019303859295394687478619744069874286651611328125000e-04
2.3375286997450288599582901571949378194403834640979766845703125000e-04
2.3483933365418992178508261758906883187592029571533203125000000000e-04
2.3592442616755405896712682878302302924566902220249176025390625000e-04
2.3700815418527685566989215981692495915922336280345916748046875000e-04
2.3809052732001346618269377319876412002486176788806915283203125000e-04
2.3917155360585865583704368031447984321857802569866180419921875000e-04
2.4025123915724980443869851498561729385983198881149291992187500000e-04
2.4132959374680991687482645158269178864429704844951629638671875000e-04
2.4240662436166661225164786763741631148150190711021423339843750000e-04
2.4348233707060260109372729075971619749907404184341430664062500000e-04
2.4455674187287172261298651143590632273117080330848693847656250000e-04
2.4562984399421314328851306818535249476553872227668762207031250000e-04
2.4670165078111762910553772520927395817125216126441955566406250000e-04
2.4777217100748443042931845603504825703566893935203552246093750000e-04
2.4884140924105626994922157990686173434369266033172607421875000000e-04
2.4990937394944371221019996376355720713036134839057922363281250000e-04
2.5097607180824509087724294431609450839459896087646484375000000000e-04
2.5204150836790961210179262685926460108021274209022521972656250000e-04
2.5310569148415579298141975250757695903303101658821105957031250000e-04
2.5416862701413016128668131976553468120982870459556579589843750000e-04
2.5523032112858868051749605676548071642173454165458679199218750000e-04
2.5629078054762626306950501486880966695025563240051269531250000000e-04
2.5735001151951287677241420048801501252455636858940124511718750000e-04
2.5840801938375665414149295884271850809454917907714843750000000000e-04
2.5946481113146889832532515640650672139599919319152832031250000000e-04
2.6052039241051047754535452405377782270079478621482849121093750000e-04
2.6157476809872610198220987953732219466473907232284545898437500000e-04
2.6262794590243675879603912903803575318306684494018554687500000000e-04
2.6367992970746542647983434726199902797816321253776550292968750000e-04
2.6473072560603800413778219358107435255078598856925964355468750000e-04
2.6578034039336271383488496944380585773615166544914245605468750000e-04
2.6682877726024633235554772703324033500393852591514587402343750000e-04
2.6787604343161947441712134043712012498872354626655578613281250000e-04
2.6892214386400442030153334904696293961023911833763122558593750000e-04
2.6996708268541116980746008557900950108887627720832824707031250000e-04
2.7101086660892824984139815036598974984372034668922424316406250000e-04
2.7205349993360760599975245455084404966328293085098266601562500000e-04
2.7309498732464590692661787763029224151978269219398498535156250000e-04
2.7413533461698353938668093476849207945633679628372192382812500000e-04
2.7517454639240564997701432581322933401679620146751403808593750000e-04
2.7621262670695132619355649516990069969324395060539245605468750000e-04
2.7724958164642424978188484097074706369312480092048645019531250000e-04
2.7828541524126582020620679358557936211582273244857788085937500000e-04
2.7932013134524647608378233876180729566840454936027526855468750000e-04
2.8035373645837958133872347410431302705546841025352478027343750000e-04
2.8138623333052629289438573145787358953384682536125183105468750000e-04
2.8241762678573174545973434312884364771889522671699523925781250000e-04
2.8344792255327431887770850416075063549214974045753479003906250000e-04
2.8447712290373579346880461571345222182571887969970703125000000000e-04
2.8550523351134575586116048917517673544352874159812927246093750000e-04
2.8653225877682715616590058971269172616302967071533203125000000000e-04
2.8755820154061182292865028742312460963148623704910278320312500000e-04
2.8858306727792587716152628019017356564290821552276611328125000000e-04
2.8960685971949945340803145299446441640611737966537475585937500000e-04
2.9062958216436991874115358669428132998291403055191040039062500000e-04
2.9165123958862983633705256991675014432985335588455200195312500000e-04
2.9267183562679669785178138141645831638015806674957275390625000000e-04
2.9369137343024137760949532349741275538690388202667236328125000000e-04
2.9470985795669466184368290306849758053431287407875061035156250000e-04
2.9572729246517119074122437183405054383911192417144775390625000000e-04
2.9674368008003007991107979890443857584614306688308715820312500000e-04
2.9775902586544285071887272486890196887543424963951110839843750000e-04
2.9877333232131842019260736798003108560806140303611755371093750000e-04
2.9978660312695876860589194734529883135110139846801757812500000000e-04
3.0079884288328081988136974977976478839991614222526550292968750000e-04
3.0181005368572547380850989995337840809952467679977416992187500000e-04
3.0282023984805063162098481832629204291151836514472961425781250000e-04
3.0382940502328382656460625810268538771197199821472167968750000000e-04
3.0483755159275651878611479439484810427529737353324890136718750000e-04
3.0584468390795532723863692226018429209943860769271850585937500000e-04
3.0685080496521124557296467116884741699323058128356933593750000000e-04
3.0785591759328087124031325672035563911776989698410034179687500000e-04
3.0886002570639550226724856507587446685647591948509216308593750000e-04
3.0986313219413439377925012507830615504644811153411865234375000000e-04
3.1086523991330510972505574152080498606665059924125671386718750000e-04
3.1186635258524691332107647845361952931853011250495910644531250000e-04
3.1286647296163342226241188548385707690613344311714172363281250000e-04
3.1386560377804446561600393295066169230267405509948730468750000000e-04
3.1486374886260189067538339813268066791351884603500366210937500000e-04
3.1586091045376668735855663072698007454164326190948486328125000000e-04
3.1685709159686911966929967476858109876047819852828979492187500000e-04
3.1785229585537598355482469258959099533967673778533935546875000000e-04
3.1884652511461988085711416474055113212671130895614624023437500000e-04
3.1983978291435187762264957811453314207028597593307495117187500000e-04
3.2083207208663679739155116799054212606279179453849792480468750000e-04
3.2182339477333565596825493138055662711849436163902282714843750000e-04
3.2281375447857344916299804360448888473911210894584655761718750000e-04
3.2380315356161427399472874100183616974391043186187744140625000000e-04
3.2479159453886567721081490844881045632064342498779296875000000000e-04
3.2577908049540455761791668543025934923207387328147888183593750000e-04
3.2676561381719191863928775099168433371232822537422180175781250000e-04
3.2775119694244898892535045042961883154930546879768371582031250000e-04
3.2873583285666403567062965329625967569882050156593322753906250000e-04
3.2971952384692386570780309185124679061118513345718383789062500000e-04
3.3070227221784423291342513984147899464005604386329650878906250000e-04
3.3168408107713074489675264544530364219099283218383789062500000000e-04
3.3266495227164650464596329371147476194892078638076782226562500000e-04
3.3364488841257285709276936280787140276515856385231018066406250000e-04
3.3462389231260112557736485783266289217863231897354125976562500000e-04
3.3560196563445481715559637336809828411787748336791992187500000000e-04
3.3657911130603577641237644790805916272802278399467468261718750000e-04
3.3755533157428920052606224899705011921469122171401977539062500000e-04
3.3853062838190296204507467869859738129889592528343200683593750000e-04
3.3950500449049606519272281879295860562706366181373596191406250000e-04
3.4047846193581692442881037052870851766783744096755981445312500000e-04
3.4145100282567865000379891959880751528544351458549499511718750000e-04
3.4242262964713656272011665926413570559816434979438781738281250000e-04
3.4339334446949025536621746823584544472396373748779296875000000000e-04
3.4436314927278899051393823427247298241127282381057739257812500000e-04
3.4533204657865917627801444211854686727747321128845214843750000000e-04
3.4630003824695683185136418913430134125519543886184692382812500000e-04
3.4726712628631713165525130015964805352268740534782409667968750000e-04
3.4823331319977100708346062774012352747377008199691772460937500000e-04
3.4919860055064231001836771994817354425322264432907104492187500000e-04
3.5016299062567149890864981465199434751411899924278259277343750000e-04
3.5112648557907488646584459601740491052623838186264038085937500000e-04
3.5208908700254404073454184143088241398800164461135864257812500000e-04
3.5305079725655492571198545981303595908684656023979187011718750000e-04
3.5401161816107879843143479980938082007924094796180725097656250000e-04
3.5497155151054999742618600855337263055844232439994812011718750000e-04
3.5593059946521310790701342341435520211234688758850097656250000000e-04
3.5688876379630070454634926946368977951351553201675415039062500000e-04
3.5784604631250243288176360323404878727160394191741943359375000000e-04
3.5880244904580734476018388789952950901351869106292724609375000000e-04
3.5975797372348448412149313213603818439878523349761962890625000000e-04
3.6071262209824884884326601230952746846014633774757385253906250000e-04
3.6166639622399053728696305398671029252000153064727783203125000000e-04
3.6261929763431352243333027907112864340888336300849914550781250000e-04
3.6357132816850314723650106074614996032323688268661499023437500000e-04
3.6452248974581084482379789157846516900463029742240905761718750000e-04
3.6547278380984709158021961350470974139170721173286437988281250000e-04
3.6642221232253095871897463631228220037883147597312927246093750000e-04
3.6737077692994491362118991695240310946246609091758728027343750000e-04
3.6831847918094597332111517218322660482954233884811401367187500000e-04
3.6926532095862764533411581879818186280317604541778564453125000000e-04
3.7021130378426245818163087264451860392000526189804077148437500000e-04
3.7115642928463397215432806319768133107572793960571289062500000000e-04
3.7210069918161136227202634430000216525513678789138793945312500000e-04
3.7304411501282278050897756038750685547711327672004699707031250000e-04
3.7398667833853311073810665732253255555406212806701660156250000000e-04
3.7492839085534674422456324904828761646058410406112670898437500000e-04
3.7586925401911908247928884030386598169570788741111755371093750000e-04
3.7680926937356742792775698980278775707120075821876525878906250000e-04
3.7774843859023847069539270293603294703643769025802612304687500000e-04
3.7868676300042931675768342891785778192570433020591735839843750000e-04
3.7962424423477070939414446115733881015330553054809570312500000000e-04
3.8056088378950311736786948912936168198939412832260131835937500000e-04
3.8149668303044209595117908229156000743387266993522644042968750000e-04
3.8243164355882805277228597695682310586562380194664001464843750000e-04
3.8336576675053837294504521793214735225774347782135009765625000000e-04
3.8429905404050552445577304538915086595807224512100219726562500000e-04
3.8523150689444751650775122797654148598667234182357788085937500000e-04
3.8616312670594128047055204611126555391820147633552551269531250000e-04
3.8709391484231700205145831894526509131537750363349914550781250000e-04
3.8802387274774986433700796339962835190817713737487792968750000000e-04
3.8895300177741869455602663485649372887564823031425476074218750000e-04
3.8988130324247417075531063623827776609687134623527526855468750000e-04
3.9080877859462191063061320406291088147554546594619750976562500000e-04
3.9173542907166224950193944565057790896389633417129516601562500000e-04
3.9266125604685021268855371623374139744555577635765075683593750000e-04
3.9358626086998161784299976595491443731589242815971374511718750000e-04
3.9451044475816848811078330072632525116205215454101562500000000000e-04
3.9543380907541814638095356571056981920264661312103271484375000000e-04
3.9635635508047316029681117477423413220094516873359680175781250000e-04
3.9727808403009059806318403751390633260598406195640563964843750000e-04
3.9819899719504468988198753187646161677548661828041076660156250000e-04
3.9911909583498428799250290488487280526896938681602478027343750000e-04
4.0003838115666929056701839328979986021295189857482910156250000000e-04
4.0095685440715630055291684996632284310180693864822387695312500000e-04
4.0187451681095051570988263556216679717181250452995300292968750000e-04
4.0279136953545198853235409508499742514686658978462219238281250000e-04
4.0370741383117148166903564998619913239963352680206298828125000000e-04
4.0462265083206937947915560194189765752526000142097473144531250000e-04
4.0553708173292162247197678581756008497904986143112182617187500000e-04
4.0645070771711878151316588159147613623645156621932983398437500000e-04
4.0736352989907540682670838982915029191644862294197082519531250000e-04
4.0827554946392655057380016714319026505108922719955444335937500000e-04
4.0918676753093851349019072216606218717060983180999755859375000000e-04
4.1009718522017508121960127631666637171292677521705627441406250000e-04
4.1100680365475266483249461302307281584944576025009155273437500000e-04
4.1191562395131699420361415242552993731806054711341857910156250000e-04
4.1282364719752423888946002428212977974908426403999328613281250000e-04
4.1373087448544722862647793348855884687509387731552124023437500000e-04
4.1463730689801360203630697931487247842596843838691711425781250000e-04
4.1554294549368190996030403283612031373195350170135498046875000000e-04
4.1644779136523556823876179855403734109131619334220886230468750000e-04
4.1735184554040141713393552436173195019364356994628906250000000000e-04
4.1825510906990938072083641152687505382345989346504211425781250000e-04
4.1915758300593294405703148619579678779700770974159240722656250000e-04
4.2005926835977875971259165588378436950733885169029235839843750000e-04
4.2096016616242025714517138723635980568360537290573120117187500000e-04
4.2186027742235454162517127585374510090332478284835815429687500000e-04
4.2275960314392188729368249333617768570547923445701599121093750000e-04
4.2365814432716267668582732497384313319344073534011840820312500000e-04
4.2455590196082261620486031361565437691751867532730102539062500000e-04
4.2545287701738746964294501928804947965545579791069030761718750000e-04
4.2634907047972250187031773016599345282884314656257629394531250000e-04
4.2724448331154721422361908444997879996662959456443786621093750000e-04
4.2813911646585357806404914526865468360483646392822265625000000000e-04
4.2903297090080325755165335799290460272459313273429870605468750000e-04
4.2992604754604269497869628580133394279982894659042358398437500000e-04
4.3081834734876029010738895941301507264142856001853942871093750000e-04
4.3170987123868163198858738383023592177778482437133789062500000000e-04
4.3260062012598658395812201149510656250640749931335449218750000000e-04
4.3349059493298603903954635541140305576846003532409667968750000000e-04
4.3437979656955254346289985178941606136504560708999633789062500000e-04
4.3526822592818511679577109241279231355292722582817077636718750000e-04
4.3615588390196662147563211320289155992213636636734008789062500000e-04
4.3704277138559359224337375060542854043887928128242492675781250000e-04
4.3792888924937728488753774236386107077123597264289855957031250000e-04
4.3881423836992285722816142801150363084161654114723205566406250000e-04
4.3969881961824916960165920976066900038858875632286071777343750000e-04
4.4058263384762018756782286921236391208367422223091125488281250000e-04
4.4146568191748384061764975960784340713871642947196960449218750000e-04
4.4234796466895750632203343499782022263389080762863159179687500000e-04
4.4322948294293597554585617537270536558935418725013732910156250000e-04
4.4411023758158580830232575742400058516068384051322937011718750000e-04
4.4499022940601141952107755450640524941263720393180847167968750000e-04
4.4586945924179047966509625844366837554844096302986145019531250000e-04
4.4674792790651925069450589589337141660507768392562866210937500000e-04
4.4762563620537635603741088985429996682796627283096313476562500000e-04
4.4850258494258247229241609588257233554031699895858764648437500000e-04
4.4937877491917776898514014227714596927398815751075744628906250000e-04
4.5025420692994906277095701341295352904126048088073730468750000000e-04
4.5112888175640098896088114877045427419943735003471374511718750000e-04
4.5200280018679959287419833913190814200788736343383789062500000000e-04
4.5287596299519892670271126178249687654897570610046386718750000000e-04
4.5374837094062372370301128299274751043412834405899047851562500000e-04
4.5462002479756621637491109666484589979518204927444458007812500000e-04
4.5549092532517289387897219121725811419310048222541809082031250000e-04
4.5636107327366552677272437676947447471320629119873046875000000000e-04
4.5723046939510203620291028947519862413173541426658630371093750000e-04
4.5809911442531157151764054091813704872038215398788452148437500000e-04
4.5896700910661537625365169468238946137716993689537048339843750000e-04
4.5983415417284121675875474544170629087602719664573669433593750000e-04
4.6070055034852833673875149855803101672790944576263427734375000000e-04
4.6156619835687644811533791866509091050829738378524780273437500000e-04
4.6243109891519490082731347335709415347082540392875671386718750000e-04
4.6329525273300695533199022868586780532496050000190734863281250000e-04
4.6415866051819325158525608721049593441421166062355041503906250000e-04
4.6502132297838023834365972497550956177292391657829284667968750000e-04
4.6588324080712602802412103386586750275455415248870849609375000000e-04
4.6674441469630231077436732789465168025344610214233398437500000000e-04
4.6760484533130657188934597989771191350882872939109802246093750000e-04
4.6846453339894689790051662825476341822650283575057983398437500000e-04
4.6932347958227710847667335514188380329869687557220458984375000000e-04
4.7018168454882047768705888302065432071685791015625000000000000000e-04
4.7103914896765047186713570859240007848711684346199035644531250000e-04
4.7189587350638013702602835408583814569283276796340942382812500000e-04
4.7275185882356189582750860544990700873313471674919128417968750000e-04
4.7360710557599409445059257528498619649326428771018981933593750000e-04
4.7446161441739675805606690772719957749359309673309326171875000000e-04
4.7531538599149378461483639313200910692103207111358642578125000000e-04
4.7616842094134418511552908626072166953235864639282226562500000000e-04
4.7702071990705479645131226185128525685286149382591247558593750000e-04
4.7787228352179995840426363074016080645378679037094116210937500000e-04
4.7872311241910128071230801083402184303849935531616210937500000000e-04
4.7957320722260144817833404928819618362467736005783081054687500000e-04
4.8042256855326500360886532448034813569393008947372436523437500000e-04
4.8127119702954943491687855861016487324377521872520446777343750000e-04
4.8211909326265544803447049559963488718494772911071777343750000000e-04
4.8296625786768573830240458555351779068587347865104675292968750000e-04
4.8381269145013106091138266329210182448150590062141418457031250000e-04
4.8465839460809089379172975853293792170006781816482543945312500000e-04
4.8550336794187524047314297170885311061283573508262634277343750000e-04
4.8634761204599318918165296032896094402531161904335021972656250000e-04
4.8719112750948608816722873449123198952293023467063903808593750000e-04
4.8803391492136010331934214967475327284773811697959899902343750000e-04
4.8887597486308896014423064357856674178037792444229125976562500000e-04
4.8971730791360539372658600143495277734473347663879394531250000000e-04
4.9055791464837730005837945768121244327630847692489624023437500000e-04
4.9139779563980227720942917102320279809646308422088623046875000000e-04
4.9223695145857832792396502341603081731591373682022094726562500000e-04
4.9307538266572424005135255598020194156561046838760375976562500000e-04
4.9391308982614685885170757728701573796570301055908203125000000000e-04
4.9475007349445440998914058639002178097143769264221191406250000000e-04
4.9558633422452935419350028567464505613315850496292114257812500000e-04
4.9642187256988920974337675673382364038843661546707153320312500000e-04
4.9725668907662557739757236419109176495112478733062744140625000000e-04
4.9809078428951492067966455579153262078762054443359375000000000000e-04
4.9892415874782248663005246314128271478693932294845581054687500000e-04
4.9975681299055992740099085835936421062797307968139648437500000000e-04
5.0058874755430887281554275247685836802702397108078002929687500000e-04
5.0141996296476946601283763982337404740974307060241699218750000000e-04
5.0225045975008715971182882142898051824886351823806762695312500000e-04
5.0308023843911289698510591605895569955464452505111694335937500000e-04
5.0390929954999318443609190865117852808907628059387207031250000000e-04
5.0473764360209512347399396503533353097736835479736328125000000000e-04
5.0556527110951203930061526037320618343073874711990356445312500000e-04
5.0639218258407431034334722497192160517442971467971801757812500000e-04
5.0721837853570444446665854698608200123999267816543579101562500000e-04
5.0804385947026927446840138813399789796676486730575561523437500000e-04
5.0886862589111985042539254564530892821494489908218383789062500000e-04
5.0969267829510732197018096911733664455823600292205810546875000000e-04
5.1051601718436431277814424589678310439921915531158447265625000000e-04
5.1133864305230700315896275043314744834788143634796142578125000000e-04
5.1216055638285786551916478614998595730867236852645874023437500000e-04
5.1298175767063708668097588017076304822694510221481323242187500000e-04
5.1380224740187822440179443717056528839748352766036987304687500000e-04
5.1462202605762790482563096006174419017042964696884155273437500000e-04
5.1544109411543251580284374924190160527359694242477416992187500000e-04
5.1625945205615100808138606680586235597729682922363281250000000000e-04
5.1707710035306397606397199595562597096432000398635864257812500000e-04
5.1789403947549478464396077725950817693956196308135986328125000000e-04
5.1871026989659652604858219859806922613643109798431396484375000000e-04
5.1952579207851265312434474452629729057662189006805419921875000000e-04
5.2034060648714500554867790071966737741604447364807128906250000000e-04
5.2115471358412290749789752553056132455822080373764038085937500000e-04
5.2196811382479479154289370157471239508595317602157592773437500000e-04
5.2278080766678840848177278743946772010531276464462280273437500000e-04
5.2359279556387944721401739300858935166615992784500122070312500000e-04
5.2440407796828733284072443510126504406798630952835083007812500000e-04
5.2521465532728958854058465277603318099863827228546142578125000000e-04
5.2602452808119513644885545389229264401365071535110473632812500000e-04
5.2683369667929291161462268533455244323704391717910766601562500000e-04
5.2764216156202161517319026984296215232461690902709960937500000000e-04
5.2844992316476897559890391065096082456875592470169067382812500000e-04
5.2925698192593777918757425027251883875578641891479492187500000000e-04
5.3006333827986212674232557873210680554620921611785888671875000000e-04
5.3086899265394275459345463374916107568424195051193237304687500000e-04
5.3167394547888363783016973940220850636251270771026611328125000000e-04
5.3247819718447758803592240184343609143979847431182861328125000000e-04
5.3328174819096624617587032446408557007089257240295410156250000000e-04
5.3408459892103656279499501735585909045767039060592651367187500000e-04
5.3488674979291920066892807028580136829987168312072753906250000000e-04
5.3568820122818123791869071581572825380135327577590942382812500000e-04
5.3648895363926651664449041234661308408249169588088989257812500000e-04
5.3728900743756937124356864998730998195242136716842651367187500000e-04
5.3808836303734458670483542519491493294481188058853149414062500000e-04
5.3888702084627538180933159495111794967669993638992309570312500000e-04
5.3968498126769266255708945578817292698659002780914306640625000000e-04
5.4048224470936920282859716735401889309287071228027343750000000000e-04
5.4127881157407732766462249429650910315103828907012939453125000000e-04
5.4207468225705350648585545414448461087886244058609008789062500000e-04
5.4286985715854690903725554562697652727365493774414062500000000000e-04
5.4366433667671972430196491998799501743633300065994262695312500000e-04
5.4445812120446036505572173780365119455382227897644042968750000000e-04
5.4525121113181945330800060034448506485205143690109252929687500000e-04
5.4604360684935274086043710539684070681687444448471069335937500000e-04
5.4683530874497063463401946847852741484530270099639892578125000000e-04
5.4762631720707208304865787340531824156641960144042968750000000000e-04
5.4841663261551729189463566527251714433077722787857055664062500000e-04
5.4920625535088106461412138514788239262998104095458984375000000000e-04
5.4999518579893109937462014613629435189068317413330078125000000000e-04
5.5078342433405368203797047854664015176240354776382446289062500000e-04
5.5157097133075501122628780947820814617443829774856567382812500000e-04
5.5235782716642179389354705421055768965743482112884521484375000000e-04
5.5314399221241235607426922626927989767864346504211425781250000000e-04
5.5392946683803176172872229088284257159102708101272583007812500000e-04
5.5471425141600627477245222252122403006069362163543701171875000000e-04
5.5549834630834926587489297489241835137363523244857788085937500000e-04
5.5628175187823170836504127478860937117133289575576782226562500000e-04
5.5706446849404902058044974921813263790681958198547363281250000000e-04
5.5784649651422922502636003727616298419889062643051147460937500000e-04
5.5862783629971222380122819473058370931539684534072875976562500000e-04
5.5940848820838046887710115484537709562573581933975219726562500000e-04
5.6018845259594464685432013695276509679388254880905151367187500000e-04
5.6096772981633789487143637586541444761678576469421386718750000000e-04
5.6174632022144290691839652041039698815438896417617797851562500000e-04
5.6252422416307862589740507175406492024194449186325073242187500000e-04
5.6330144199115124523796760414029449748340994119644165039062500000e-04
5.6407797405238851128073118701422572485171258449554443359375000000e-04
5.6485382069305402341630184537280001677572727203369140625000000000e-04
5.6562898225547128192025603254933230346068739891052246093750000000e-04
5.6640345908400165347157395601129792339634150266647338867187500000e-04
5.6717725152111825824563506870390483527444303035736083984375000000e-04
5.6795035990252196438782261722622024535667151212692260742187500000e-04
5.6872278456777459239995797801725530007388442754745483398437500000e-04
5.6949452585337097167833553257310086337383836507797241210937500000e-04
5.7026558409510044126561334465463914966676384210586547851562500000e-04
5.7103595962462174676771420323007077968213707208633422851562500000e-04
5.7180565277115927465267919416191944037564098834991455078125000000e-04
5.7257466386531835969564419031030411133542656898498535156250000000e-04
5.7334299323683708335397390953858121065422892570495605468750000000e-04
5.7411064121556509148858182811636652331799268722534179687500000000e-04
5.7487760812291249182953700724851842096541076898574829101562500000e-04
5.7564389428115989803119711964995985908899456262588500976562500000e-04
5.7640950001650297779276499454681470524519681930541992187500000000e-04
5.7717442564875274906011082265422373893670737743377685546875000000e-04
5.7793867149594463188122528407575373421423137187957763671875000000e-04
5.7870223787857160736847195181553615839220583438873291015625000000e-04
5.7946512511045046491670040822441478667315095663070678710937500000e-04
5.8022733350655960812836120510382897919043898582458496093750000000e-04
5.8098886338493087918427582039271328540053218603134155273437500000e-04
5.8174971505514378854878598801292355346959084272384643554687500000e-04
5.8250988882608124679041150528746584313921630382537841796875000000e-04
5.8326938500806815336707789043657612637616693973541259765625000000e-04
5.8402820391334367509245106830917393381241708993911743164062500000e-04
5.8478634584451395089788050540846597868949174880981445312500000000e-04
5.8554381110597557118235823025997888180427253246307373046875000000e-04
5.8630060000612789234547550520915137894917279481887817382812500000e-04
5.8705671284501942039368849179936660220846533775329589843750000000e-04
5.8781214992439641351534840296721995400730520486831665039062500000e-04
5.8856691154370358552705422283679581596516072750091552734375000000e-04
5.8932099800338073099931213150171060988213866949081420898437500000e-04
5.9007440960089736423088702110817393986508250236511230468750000000e-04
5.9082714663116710131912645564966624078806489706039428710937500000e-04
5.9157920939101609099364242894125709426589310169219970703125000000e-04
5.9233059817045887341518950464092085894662886857986450195312500000e-04
5.9308131326443432659173415899545034335460513830184936523437500000e-04
5.9383135496699217432958750606530884397216141223907470703125000000e-04
5.9458072356358593509029208945548816700465977191925048828125000000e-04
5.9532941934328266475606739049908355809748172760009765625000000000e-04
5.9607744259621822571076910080023480986710637807846069335937500000e-04
5.9682479360803153498743478522214900294784456491470336914062500000e-04
5.9757147266150257691047498198599896568339318037033081054687500000e-04
5.9831748004237641190561358683908110833726823329925537109375000000e-04
5.9906281603466391902368393118649692041799426078796386718750000000e-04
5.9980748091773624253858487875845639791805297136306762695312500000e-04
6.0055147496961339397686385765950944914948195219039916992187500000e-04
6.0129479847344333588027298631573103193659335374832153320312500000e-04
6.0203745170980501374285998039681544469203799962997436523437500000e-04
6.0277943494943639519967337747630153899081051349639892578125000000e-04
6.0352074846980704233428971505759363935794681310653686523437500000e-04
6.0426139254796964149496485418922020471654832363128662109375000000e-04
6.0500136745642041097986707498534997284878045320510864257812500000e-04
6.0574067346701903399169841790694590599741786718368530273437500000e-04
6.0647931085148468113160680204032360052224248647689819335937500000e-04
6.0721727988048983422342264049120785784907639026641845703125000000e-04
6.0795458082140959102379618173017661320045590400695800781250000000e-04
6.0869121394397924899866136883019862580113112926483154296875000000e-04
6.0942717951418363345889028792612407414708286523818969726562500000e-04
6.1016247779912072008584589255519858852494508028030395507812500000e-04
6.1089710906399535914751419696244738588575273752212524414062500000e-04
6.1163107356932626228196436812822867068462073802947998046875000000e-04
6.1236437158395306754044007391257764538750052452087402343750000000e-04
6.1309700336585149036544573064588803390506654977798461914062500000e-04
6.1382896917100751837254035692126308276783674955368041992187500000e-04
6.1456026926699530883724253982336449553258717060089111328125000000e-04
6.1529090391079571328858399681394075741991400718688964843750000000e-04
6.1602087335592783413906747824739795760251581668853759765625000000e-04
6.1675017786432830262793869380288924730848520994186401367187500000e-04
6.1747881768967624940835925428928021574392914772033691406250000000e-04
6.1820679308629384544199192319524627237115055322647094726562500000e-04
6.1893410430942071356885669786151993321254849433898925781250000000e-04
6.1966075160803878695003898968707289895974099636077880859375000000e-04
6.2038673523820582738491635765853970951866358518600463867187500000e-04
6.2111205544835505331507929938084089371841400861740112304687500000e-04
6.2183671248939394095994748212774538842495530843734741210937500000e-04
6.2256070661052907017074531381695123855024576187133789062500000000e-04
6.2328403805966034034041767242229070689063519239425659179687500000e-04
6.2400670708339051138274777841274953971151262521743774414062500000e-04
6.2472871392629369252658122491084213834255933761596679687500000000e-04
6.2545005883709149999138965370093501405790448188781738281250000000e-04
6.2617074205973159099075653344357306195888668298721313476562500000e-04
6.2689076383637789332409218090447211579885333776473999023437500000e-04
6.2761012440954420683186798513020221434999257326126098632812500000e-04
6.2832882401973161844155324473604196100495755672454833984375000000e-04
6.2904686290867373611029877977784963150043040513992309570312500000e-04
6.2976424131774085164725551777564760413952171802520751953125000000e-04
6.3048095948537124892652183660857190261594951152801513671875000000e-04
6.3119701764700907910266014511080356896854937076568603515625000000e-04
6.3191241604481339106530457527810540341306477785110473632812500000e-04
6.3262715491166170416609260129803260497283190488815307617187500000e-04
6.3334123448319126596650630034446294303052127361297607421875000000e-04
6.3405465499693613572879113959857022564392536878585815429687500000e-04
6.3476741668307720516117864661964631523005664348602294921875000000e-04
6.3547951977837636473867011233096491196192800998687744140625000000e-04
6.3619096451262993965891645586907543474808335304260253906250000000e-04
6.3690175111753182576185272623092714638914912939071655273437500000e-04
6.3761187982364336129803561448170512448996305465698242187500000000e-04
6.3832135086084533081435266055336796853225678205490112304687500000e-04
6.3903016445923850347848871322753439017105847597122192382812500000e-04
6.3973832084906546210228972526579127588775008916854858398437500000e-04
6.4044582025130027038567481767472600040491670370101928710937500000e-04
6.4115266289414135636448577315604779869318008422851562500000000000e-04
6.4185884900811449645802175822950630390550941228866577148437500000e-04
6.4256437881586158256813634537252255540806800127029418945312500000e-04
6.4326925254157838515028933201733707392122596502304077148437500000e-04
6.4397347040641471707655973943928984226658940315246582031250000000e-04
6.4467703263678614433035418684880824002902954816818237304687500000e-04
6.4537993945215719592684022742901106539648026227951049804687500000e-04
6.4608219107382882252094136177333894011098891496658325195312500000e-04
6.4678378772653976301609812793458331725560128688812255859375000000e-04
6.4748472962495033818097756039833257091231644153594970703125000000e-04
6.4818501698761087775890743500895041506737470626831054687500000000e-04
6.4888465003694274692985777264198077318724244832992553710937500000e-04
6.4958362898808895326968615435703213734086602926254272460937500000e-04
6.5028195405657154143375109356384200509637594223022460937500000000e-04
6.5097962546256128973237720103384162939619272947311401367187500000e-04
6.5167664341736020270495766126828129927162081003189086914062500000e-04
6.5237300813577388421127256634690638747997581958770751953125000000e-04
6.5306871983575819594347589003291432163678109645843505859375000000e-04
6.5376377872801753020348680678353048278950154781341552734375000000e-04
6.5445818502407908032192374037094850791618227958679199218750000000e-04
6.5515193893419740311934162946272408589720726013183593750000000000e-04
6.5584504067351442196942556961403170134872198104858398437500000000e-04
6.5653749045440289947711542950514740368817001581192016601562500000e-04
6.5722928847973603565246758506646074238233268260955810546875000000e-04
6.5792043496130188286880047243698754755314439535140991210937500000e-04
6.5861093011068694031556747248146166384685784578323364257812500000e-04
6.5930077413403924066481742727319215191528201103210449218750000000e-04
6.5998996723737118289682124228079374006483703851699829101562500000e-04
6.6067850962599607243103116971383315103594213724136352539062500000e-04
6.6136640150823934516249869020043661294039338827133178710937500000e-04
6.6205364308962952064191442858032132789958268404006958007812500000e-04
6.6274023457181508410529513497522202669642865657806396484375000000e-04
6.6342617616145928109705476316548811155371367931365966796875000000e-04
6.6411146806224347592662038408661828725598752498626708984375000000e-04
6.6479611047237077616628431186995840107556432485580444335937500000e-04
6.6548010359663472071400924789941200288012623786926269531250000000e-04
6.6616344764087965721333084445632266579195857048034667968750000000e-04
6.6684614279753206406153864804764452856034040451049804687500000000e-04
6.6752818926802174291645908255077301873825490474700927734375000000e-04
6.6820958726016997566293786903202089888509362936019897460937500000e-04
6.6889033696495062662756847515765912248753011226654052734375000000e-04
6.6957043858056073185047729623420309508219361305236816406250000000e-04
6.7024989231014085559745563358546860399655997753143310546875000000e-04
6.7092869834569431215787194133781667915172874927520751953125000000e-04
6.7160685688469627576541176594560056400950998067855834960937500000e-04
6.7228436812746567453197288344313164998311549425125122070312500000e-04
6.7296123226569563250537564513820143474731594324111938476562500000e-04
6.7363744949198794357420050360474306216929107904434204101562500000e-04
6.7431302000240203077530143360718284384347498416900634765625000000e-04
6.7498794399085330734944232489169735345058143138885498046875000000e-04
6.7566222165099838747881477729606558568775653839111328125000000000e-04
6.7633585317475363243855390749104117276147007942199707031250000000e-04
6.7700883875518552516836745525097285280935466289520263671875000000e-04
6.7768117858176305737943900808772923483047634363174438476562500000e-04
6.7835287284352977985046884157327440334483981132507324218750000000e-04
6.7902392173415683507275986130480305291712284088134765625000000000e-04
6.7969432544463575986831704867086045851465314626693725585937500000e-04
6.8036408415944398756641797731958831718657165765762329101562500000e-04
6.8103319806626406995864186910694115795195102691650390625000000000e-04
6.8170166735897499109275710083011290407739579677581787109375000000e-04
6.8236949222142035970800622024512449570465832948684692382812500000e-04
6.8303667284126668140381566374230715155135840177536010742187500000e-04
6.8370320940408068743215919127464985649567097425460815429687500000e-04
6.8436910209715288207904526629477004462387412786483764648437500000e-04
6.8503435110548631988697243500041622610297054052352905273437500000e-04
6.8569895661318546863788325751443153421860188245773315429687500000e-04
6.8636291880560282123446835811364508117549121379852294921875000000e-04
6.8702623786360888721858053429514257004484534263610839843750000000e-04
6.8768891397393905936391567124132961907889693975448608398437500000e-04
6.8835094731916539410182531710802322777453809976577758789062500000e-04
6.8901233807970867391301528215308280778117477893829345703125000000e-04
6.8967308643647724699515810797834092227276414632797241210937500000e-04
6.9033319257421753723652502188201651733834296464920043945312500000e-04
6.9099265667215325949918058867638137598987668752670288085937500000e-04
6.9165147890985496492016748604214626539032906293869018554687500000e-04
6.9230965946759858656994746084478720149490982294082641601562500000e-04
6.9296719852304019138938828703544459131080657243728637695312500000e-04
6.9362409625445926256853690361481312720570713281631469726562500000e-04
6.9428035284603973990857905818074868875555694103240966796875000000e-04
6.9493596847178880793888255951173960056621581315994262695312500000e-04
6.9559094330541950713941989903332796529866755008697509765625000000e-04
6.9624527753017100353827295577957556815817952156066894531250000000e-04
6.9689897131897451942883492392866173759102821350097656250000000000e-04
6.9755202484860856851356381014284124830737709999084472656250000000e-04
6.9820443829391582151594475291744856804143637418746948242187500000e-04
6.9885621183101776562190954322772995510604232549667358398437500000e-04
6.9950734563091053908739924693804823618847876787185668945312500000e-04
7.0015783987237387598484561479494914237875491380691528320312500000e-04
7.0080769473050837873456808679861751443240791559219360351562500000e-04
7.0145691036992380111569911349533867905847728252410888671875000000e-04
7.0210548696991790899868401965022712829522788524627685546875000000e-04
7.0275342470340544480389421977406527730636298656463623046875000000e-04
7.0340072373873665980553715471046416496392339468002319335937500000e-04
7.0404738425013265162161202326274178631138056516647338867187500000e-04
7.0469340640855377983636786964893872209358960390090942382812500000e-04
7.0533879037971394972139638213093348895199596881866455078125000000e-04
7.0598353387088075110156193403554425458423793315887451171875000000e-04
7.0665916727970310828171873751557541254442185163497924804687500000e-04
