2.1064301179922691881207796882335969712585210800170898437500000000e-02
2.1876412902497154727710082511293876450508832931518554687500000000e-02
2.0674916680194055373931405483745038509368896484375000000000000000e-02
2.0731982772548625260089494304338586516678333282470703125000000000e-02
2.0858340650316990749768564228361356072127819061279296875000000000e-02
2.0904539223211022341830656046113290358334779739379882812500000000e-02
2.0779571563781532028691856339719379320740699768066406250000000000e-02
2.1024047103834802435740058967894583474844694137573242187500000000e-02
2.0638119599926105229847905775386607274413108825683593750000000000e-02
2.0813365762760785426799259312247158959507942199707031250000000000e-02
2.0941471498972241693792284422670491039752960205078125000000000000e-02
2.0735982334778180896650567888173100072890520095825195312500000000e-02
2.0721662600922539226866447847896779421716928482055664062500000000e-02
2.0673863531685390815262337582680629566311836242675781250000000000e-02
2.0742771680154609842405832864642434287816286087036132812500000000e-02
2.0747557310821351100882381501833151560276746749877929687500000000e-02
2.0751891274025720257601079765663598664104938507080078125000000000e-02
2.0695329030278122178776456507875991519540548324584960937500000000e-02
2.0655815381964304916495578368085261899977922439575195312500000000e-02
2.0605379121012585424965735114710696507245302200317382812500000000e-02
2.0589785693268011779188952914410037919878959655761718750000000000e-02
2.0575091640832338796274214587356254924088716506958007812500000000e-02
2.0576252039843357516391009198741812724620103836059570312500000000e-02
2.0566841701163254829687332403409527614712715148925781250000000000e-02
2.0561353695268114877281462327118788380175828933715820312500000000e-02
2.0563912075641684051863222748579573817551136016845703125000000000e-02
2.0532033776927853530036571783057297579944133758544921875000000000e-02
2.0473845628280848418789616971480427309870719909667968750000000000e-02
2.0508415819015374942368978850026906002312898635864257812500000000e-02
2.0495794906711817945366149729125027079135179519653320312500000000e-02
2.0388874150785159938825685799201892223209142684936523437500000000e-02
2.0397098274971155879020656698230595793575048446655273437500000000e-02
2.0381399944341516139445502631133422255516052246093750000000000000e-02
2.0369653304569468321716385617037303745746612548828125000000000000e-02
2.0368848000635791928303319764381740242242813110351562500000000000e-02
2.0314699020479536767380679407324350904673337936401367187500000000e-02
2.0306583962296613499187714069194043986499309539794921875000000000e-02
2.0258850868481701607004552556645649019628763198852539062500000000e-02
2.0255243092591201231611464095294650178402662277221679687500000000e-02
2.0292376777072934634915668539179023355245590209960937500000000000e-02
2.0242668213572633656438526372767228167504072189331054687500000000e-02
2.0212688377942999301550841551033954601734876632690429687500000000e-02
2.0202666739800034800822459146729670464992523193359375000000000000e-02
2.0229043625857538041268313122600375209003686904907226562500000000e-02
2.0158775749999403165135802851182234007865190505981445312500000000e-02
2.0147116730745311119488150097822654061019420623779296875000000000e-02
2.0087438601421352818432453091190836858004331588745117187500000000e-02
2.0122338444400710705251000831594865303486585617065429687500000000e-02
2.0104026215317687825701042925174988340586423873901367187500000000e-02
2.0055920745971154289799542880246008280664682388305664062500000000e-02
2.0063986767614620104760447816261148545891046524047851562500000000e-02
2.0041847121503392203933913151558954268693923950195312500000000000e-02
2.0023006332548564517592737388440582435578107833862304687500000000e-02
2.0000500113265571450194002522948721889406442642211914062500000000e-02
1.9953604405171548874520226490858476608991622924804687500000000000e-02
1.9963123905729678042586527908497373573482036590576171875000000000e-02
1.9884882478305020148123816170482314191758632659912109375000000000e-02
1.9850410758522951670812517477315850555896759033203125000000000000e-02
1.9924641313995471864073394385741266887634992599487304687500000000e-02
-9.6430818414286911810506808251375332474708557128906250000000000000e-02
-1.1173878667859889202151890685854596085846424102783203125000000000e-01
-1.3972000245837428583639550083717040251940488815307617187500000000e-02
1.8742717079138094399270997314488340634852647781372070312500000000e-02
1.8744881393530924557078165548773540649563074111938476562500000000e-02
1.8747013436356894933165762040516710840165615081787109375000000000e-02
1.8749114676774775861689548150934570003300905227661132812500000000e-02
1.8751186470448138327027365335197828244417905807495117187500000000e-02
1.8753230131826791743376858789815742056816816329956054687500000000e-02
1.8755246901353262584111192268210288602858781814575195312500000000e-02
1.8757237939591719921850199170876294374465942382812500000000000000e-02
1.8759204341723845210765375668415799736976623535156250000000000000e-02
1.8761147147615928748587421637239458505064249038696289062500000000e-02
1.8763067330617836520056940230460895691066980361938476562500000000e-02
1.8764965805478563826147464510540885385125875473022460937500000000e-02
1.8766843456358914266068893539340933784842491149902343750000000000e-02
1.8768701090407697434914169321018562186509370803833007812500000000e-02
1.8770539488810980555122398527601035311818122863769531250000000000e-02
1.8772359393911735442328492240449122618883848190307617187500000000e-02
1.8774161487040152279659466216799046378582715988159179687500000000e-02
1.8775946442062155933294675946854113135486841201782226562500000000e-02
1.8777714877907841078963357972497760783880949020385742187500000000e-02
1.8779467386619265456548788506552227772772312164306640625000000000e-02
1.8781204540816661546775989677371399011462926864624023437500000000e-02
1.8782926866149206313050257222130312584340572357177734375000000000e-02
1.8784634881688421631507068809696647804230451583862304687500000000e-02
1.8786329068916383933096625469261198304593563079833984375000000000e-02
1.8788009887142572557072739414252282585948705673217773437500000000e-02
1.8789677786163135747576902190303371753543615341186523437500000000e-02
1.8791333175795343901626210936228744685649871826171875000000000000e-02
1.8792976463245614909824965366169635672122240066528320312500000000e-02
1.8794608031154919763894284301386505831032991409301757812500000000e-02
1.8796228242483066506185451771671068854629993438720703125000000000e-02
1.8797837448585263953049206975265406072139739990234375000000000000e-02
1.8799435983055542975783680503809591755270957946777343750000000000e-02
1.8801024169624126758382232083022245205938816070556640625000000000e-02
1.8802602304699038426871737783585558645427227020263671875000000000e-02
1.8804170693984007672883151940368406940251588821411132812500000000e-02
1.8805729612488140262138713865169847849756479263305664062500000000e-02
1.8807279323637460244356134353438392281532287597656250000000000000e-02
1.8808820101280081943384558940124406944960355758666992187500000000e-02
1.8810352180197470461919806439254898577928543090820312500000000000e-02
1.8811875800559266919131928830211109016090631484985351562500000000e-02
1.8813391200965173810644159857474733144044876098632812500000000000e-02
1.8814898589350564916955477201554458588361740112304687500000000000e-02
1.8816398181788374088796444993931800127029418945312500000000000000e-02
1.8817890186693046750132651823150808922946453094482421875000000000e-02
1.8819374791503109406454186114387994166463613510131835937500000000e-02
1.8820852188708266788941259051171073224395513534545898437500000000e-02
1.8822322561945652175108278925108606927096843719482421875000000000e-02
1.8823786082109338763102002189953054767102003097534179687500000000e-02
1.8825242918079902743055953351358766667544841766357421875000000000e-02
1.8826693236014654248000610436974966432899236679077148437500000000e-02
1.8828137189326164119274054087327385786920785903930664062500000000e-02
1.8829574927451710880665913805387390311807394027709960937500000000e-02
1.8831006602652165110578508233629690948873758316040039062500000000e-02
1.8832432350287978822800383227331622038036584854125976562500000000e-02
1.8833852305427473128318638373457361012697219848632812500000000000e-02
1.8835266607803893834649500149680534377694129943847656250000000000e-02
1.8836675373956848766887617330212378874421119689941406250000000000e-02
1.8838078732455590391658972748700762167572975158691406250000000000e-02
1.8839476804933801001862292423538747243583202362060546875000000000e-02
1.8840869696758924534130130723497131839394569396972656250000000000e-02
1.8842257529804951055041328800143674015998840332031250000000000000e-02
1.8843640405172789459298243741613987367600202560424804687500000000e-02
1.8845018427503038016546099697734462097287178039550781250000000000e-02
1.8846391702324844646954105087388597894459962844848632812500000000e-02
1.8847760320398154049170713619787420611828565597534179687500000000e-02
1.8849124383784030684063637295366788748651742935180664062500000000e-02
1.8850483978507692750525848168763332068920135498046875000000000000e-02
1.8851839196618518784687168476921215187758207321166992187500000000e-02
1.8853190125816401273572964214508829172700643539428710937500000000e-02
1.8854536844051989624704290804402262438088655471801757812500000000e-02
1.8855879441544803193364643334462016355246305465698242187500000000e-02
1.8857217988642344108640713784552644938230514526367187500000000000e-02
1.8858552567059146815031667188122810330241918563842773437500000000e-02
1.8859883251423553013337297556972771417349576950073242187500000000e-02
1.8861210109007781748902132790135510731488466262817382812500000000e-02
1.8862533218150918240541003001453645993024110794067382812500000000e-02
1.8863852638297786551424550793853995855897665023803710937500000000e-02
1.8865168443074280257842900709874811582267284393310546875000000000e-02
1.8866480693708595484103796025010524317622184753417968750000000000e-02
1.8867789450267367923341765845179907046258449554443359375000000000e-02
1.8869094782741586274754652663432352710515260696411132812500000000e-02
1.8870396737934454212126667016491410322487354278564453125000000000e-02
1.8871695384570567194382206821501313243061304092407226562500000000e-02
1.8872990774890342074998628163484681863337755203247070312500000000e-02
1.8874282958580713975837994667017483152449131011962890625000000000e-02
1.8875572000440526271303198768691800069063901901245117187500000000e-02
1.8876857940299220789404088804985804017633199691772460937500000000e-02
1.8878140836035135069481682990044646430760622024536132812500000000e-02
1.8879420736229599042665938668505987152457237243652343750000000000e-02
1.8880697684859126112000282660119410138577222824096679687500000000e-02
1.8881971734298064191648336418438702821731567382812500000000000000e-02
1.8883242924811201313151087788355653174221515655517578125000000000e-02
1.8884511306197657165562020509241847321391105651855468750000000000e-02
1.8885776916087542581790259532681375276297330856323242187500000000e-02
1.8887039801516625203703370061703026294708251953125000000000000000e-02
1.8888300003329801940443744001640880014747381210327148437500000000e-02
1.8889557555355526718976477695832727476954460144042968750000000000e-02
1.8890812508938308045269849344549584202468395233154296875000000000e-02
1.8892064890204847416033118179257144220173358917236328125000000000e-02
1.8893314742373157333332756024901755154132843017578125000000000000e-02
1.8894562105949808117344446145580150187015533447265625000000000000e-02
1.8895807005402644185299010359813109971582889556884765625000000000e-02
1.8897049487511769633174552041054994333535432815551757812500000000e-02
1.8898289579786169134489881571425939910113811492919921875000000000e-02
1.8899527314948285500184610441465338226407766342163085937500000000e-02
1.8900762730226772917463406997740094084292650222778320312500000000e-02
1.8901995852784944651681087179895257577300071716308593750000000000e-02
1.8903226716083642439114598232663411181420087814331054687500000000e-02
1.8904455349041979911328681396298634354025125503540039062500000000e-02
1.8905681784120328264853228006359131541103124618530273437500000000e-02
1.8906906045870693761079550654358172323554754257202148437500000000e-02
1.8908128166083316978873796188054257072508335113525390625000000000e-02
1.8909348173680600585511157873952470254153013229370117187500000000e-02
1.8910566089123399813320958173790131695568561553955078125000000000e-02
1.8911781948125649943648340922663919627666473388671875000000000000e-02
1.8912995770278908519435034918387827929109334945678710937500000000e-02
1.8914207581078420344899981841990665998309850692749023437500000000e-02
1.8915417411111887929786590234471077565103769302368164062500000000e-02
1.8916625277383636305472691674367524683475494384765625000000000000e-02
1.8917831208506513673839322109415661543607711791992187500000000000e-02
1.8919035227246798480660316954526933841407299041748046875000000000e-02
1.8920237354583636230076493234264489728957414627075195312500000000e-02
1.8921437614573377583582214356283657252788543701171875000000000000e-02
1.8922636029029504117771054438890132587403059005737304687500000000e-02
1.8923832619113775677099908989475807175040245056152343750000000000e-02
1.8925027404772302996871502500653150491416454315185546875000000000e-02
1.8926220409911456016294195592308824416249990463256835937500000000e-02
1.8927411650808467769024900917429476976394653320312500000000000000e-02
1.8928601149356617111552125720663752872496843338012695312500000000e-02
1.8929788926476093235962139260664116591215133666992187500000000000e-02
1.8930974996723096137607456057594390586018562316894531250000000000e-02
1.8932159383860083096129400814788823481649160385131835937500000000e-02
1.8933342103109412207784245651964738499373197555541992187500000000e-02
1.8934523172367375559721480726693698670715093612670898437500000000e-02
1.8935702611803374023624613187166687566787004470825195312500000000e-02
1.8936880435346182399714010102798056323081254959106445312500000000e-02
1.8938056662470365010264572447340469807386398315429687500000000000e-02
1.8939231308805638126502302043263625819236040115356445312500000000e-02
1.8940404390426955616444359975503175519406795501708984375000000000e-02
1.8941575923989633495336804003272845875471830368041992187500000000e-02
1.8942745924769570364798454420451889745891094207763671875000000000e-02
1.8943914408364227047743000298396509606391191482543945312500000000e-02
1.8945081389467641197477121295378310605883598327636718750000000000e-02
1.8946246884198766208262654231475607957690954208374023437500000000e-02
1.8947410905064420577614825447199109476059675216674804687500000000e-02
1.8948573468323817031722100523438712116330862045288085937500000000e-02
1.8949734587667431406909912539049400947988033294677734375000000000e-02
1.8950894274847671777672886150867270771414041519165039062500000000e-02
1.8952052547215846034500685846069245599210262298583984375000000000e-02
1.8953209414635258794890049216519400943070650100708007812500000000e-02
1.8954364891136454146502998696632857900112867355346679687500000000e-02
1.8955518991785921811832338335079839453101158142089843750000000000e-02
1.8956671725318015309103003573909518308937549591064453125000000000e-02
1.8957823107065362167045208252602606080472469329833984375000000000e-02
1.8958973149068143737583369556887191720306873321533203125000000000e-02
1.8960121861061888376420725421667157206684350967407226562500000000e-02
1.8961269257276015809399183353889384306967258453369140625000000000e-02
1.8962415348730811415212116344264359213411808013916015625000000000e-02
1.8963560145184139849039439695843611843883991241455078125000000000e-02
1.8964703659813269415179703969442925881594419479370117187500000000e-02
1.8965845903451412912676943278711405582726001739501953125000000000e-02
1.8966986884672333568691016125740134157240390777587890625000000000e-02
1.8968126617023815805307407345026149414479732513427734375000000000e-02
1.8969265109921588235986078530004306230694055557250976562500000000e-02
1.8970402371590554257974048368851072154939174652099609375000000000e-02
1.8971538415977352853847293090439052321016788482666015625000000000e-02
1.8972673250291966634550888670673884917050600051879882812500000000e-02
1.8973806883828665814650804577468079514801502227783203125000000000e-02
1.8974939329536203574955166573090536985546350479125976562500000000e-02
1.8976070593240065842444153076939983293414115905761718750000000000e-02
1.8977200685566120857972194357898843009024858474731445312500000000e-02
1.8978329617443209786920021997502772137522697448730468750000000000e-02
1.8979457394671987724432682398401084356009960174560546875000000000e-02
1.8980584028249938843835309398855315521359443664550781250000000000e-02
1.8981709527294114009388081854012853000313043594360351562500000000e-02
1.8982833898263128113992337375748320482671260833740234375000000000e-02
1.8983957151465911949994591623180895112454891204833984375000000000e-02
1.8985079295204404514763041333935689181089401245117187500000000000e-02
1.8986200336125330645486997127591166645288467407226562500000000000e-02
1.8987320283817402111203875847422750666737556457519531250000000000e-02
1.8988439146290767012281719416932901367545127868652343750000000000e-02
1.8989556929635928450572635028947843238711357116699218750000000000e-02
1.8990673643601577863515572630603855941444635391235351562500000000e-02
1.8991789295150909161469243713327159639447927474975585937500000000e-02
1.8992903890328784871632805675290001090615987777709960937500000000e-02
1.8994017439110531114687674403285200241953134536743164062500000000e-02
1.8995129946697962564083894676514319144189357757568359375000000000e-02
1.8996241420413662731592197019381274003535509109497070312500000000e-02
1.8997351869007590707827404230556567199528217315673828125000000000e-02
1.8998461297023608307377173787244828417897224426269531250000000000e-02
1.8999569712905398782831767334755568299442529678344726562500000000e-02
1.9000677123304658688862645021799835376441478729248046875000000000e-02
1.9001783533747946403069661869267292786389589309692382812500000000e-02
1.9002888952067070044149588170512288343161344528198242187500000000e-02
1.9003993384095290569701930394330702256411314010620117187500000000e-02
1.9005096835979461838972426335203635971993207931518554687500000000e-02
1.9006199314415810758260860779955692123621702194213867187500000000e-02
1.9007300825628702101166567217660485766828060150146484375000000000e-02
1.9008401374933769217845380694598134141415357589721679687500000000e-02
1.9009500969298240985461134755496459547430276870727539062500000000e-02
1.9010599614346115199259301675738242920488119125366210937500000000e-02
1.9011697314931349372946201015111000742763280868530273437500000000e-02
1.9012794078736398872830903883368591777980327606201171875000000000e-02
1.9013889909623243879011056378658395260572433471679687500000000000e-02
1.9014984813660214257868830145525862462818622589111328125000000000e-02
1.9016078797618674728342469393282954115420579910278320312500000000e-02
1.9017171864665598918220368318543478380888700485229492187500000000e-02
1.9018264022002025204205466479834285564720630645751953125000000000e-02
1.9019355274560650198578670710958249401301145553588867187500000000e-02
1.9020445626445631887024845241285220254212617874145507812500000000e-02
1.9021535084346227056917300046734453644603490829467773437500000000e-02
1.9022623652537627020331356675342249218374490737915039062500000000e-02
1.9023711335661212806780184791932697407901287078857421875000000000e-02
1.9024798139528079077287259224249282851815223693847656250000000000e-02
1.9025884068696201356640784752016770653426647186279296875000000000e-02
1.9026969127197760484060395924643671605736017227172851562500000000e-02
1.9028053321094761524134852948009211104363203048706054687500000000e-02
1.9029136654393825900388748095792834646999835968017578125000000000e-02
1.9030219130924893450318435839108133222907781600952148437500000000e-02
1.9031300757164183040659466428223822731524705886840820312500000000e-02
1.9032381535837725877735593371653521899133920669555664062500000000e-02
1.9033461471745779375330798188770131673663854598999023437500000000e-02
1.9034540570593814351463279876952583435922861099243164062500000000e-02
1.9035618834628596079960871634284558240324258804321289062500000000e-02
1.9036696269500576889077692044338618870824575424194335937500000000e-02
1.9037772879586682683861198484009946696460247039794921875000000000e-02
1.9038848667703549277785413096353295259177684783935546875000000000e-02
1.9039923639302621521940395155070291366428136825561523437500000000e-02
1.9040997798090836951034887647438154090195894241333007812500000000e-02
1.9042071147343461040568612929746450390666723251342773437500000000e-02
1.9043143692012810125335775524035852868109941482543945312500000000e-02
1.9044215435709624384408300556970061734318733215332031250000000000e-02
1.9045286381561492283776004796891356818377971649169921875000000000e-02
1.9046356534502404539432873775695043150335550308227539062500000000e-02
1.9047425897767585739606133188317471649497747421264648437500000000e-02
1.9048494474457652869681112406397005543112754821777343750000000000e-02
1.9049562269613004583668214309000177308917045593261718750000000000e-02
1.9050629285709799048964541157147323247045278549194335937500000000e-02
1.9051695526403601699261258772821747697889804840087890625000000000e-02
1.9052760996271563692650019561369845177978277206420898437500000000e-02
1.9053825697385385479210029302521434146910905838012695312500000000e-02
1.9054889634035083317842307337741658557206392288208007812500000000e-02
1.9055952809849965867705634536832803860306739807128906250000000000e-02
1.9057015227187605599379338627841207198798656463623046875000000000e-02
1.9058076890375766354601694274606416001915931701660156250000000000e-02
1.9059137802387042526230942485199193470180034637451171875000000000e-02
1.9060197966026485444368532284897810313850641250610351562500000000e-02
1.9061257385184583734716312619639211334288120269775390625000000000e-02
1.9062316062727204662996527417817560490220785140991210937500000000e-02
1.9063374001487439629576314814585202839225530624389648437500000000e-02
1.9064431205162924581886230157579120714217424392700195312500000000e-02
1.9065487676481609330414457303959352429956197738647460937500000000e-02
1.9066543418155390554602490738034248352050781250000000000000000000e-02
1.9067598433988659084592498516030900646001100540161132812500000000e-02
1.9068652726196202301656157374054600950330495834350585937500000000e-02
1.9069706297799634414635860935050004627555608749389648437500000000e-02
1.9070759152338745412436082915519364178180694580078125000000000000e-02
1.9071811291675164201642189709673402830958366394042968750000000000e-02
1.9072862719324963631795100127419573254883289337158203125000000000e-02
1.9073913438096525702070138663657417055219411849975585937500000000e-02
1.9074963450108041451702689528246992267668247222900390625000000000e-02
1.9076012758839949040590155959762341808527708053588867187500000000e-02
1.9077061366627824645636479772292659617960453033447265625000000000e-02
1.9078109275964424268456909317137615289539098739624023437500000000e-02
1.9079156489911163613326650079216051381081342697143554687500000000e-02
1.9080203010830323190338830841028538998216390609741210937500000000e-02
1.9081248841136471544599473304515413474291563034057617187500000000e-02
1.9082293983791447783415762273762084078043699264526367187500000000e-02
1.9083338441058663587091004387730208691209554672241210937500000000e-02
1.9084382215219106854187103294862026814371347427368164062500000000e-02
1.9085425309356821021999905951815890148282051086425781250000000000e-02
1.9086467725295024749909700290118053089827299118041992187500000000e-02
1.9087509465621280146940819122391985729336738586425781250000000000e-02
1.9088550533124616637170589683591970242559909820556640625000000000e-02
1.9089590929444129330239121600243379361927509307861328125000000000e-02
1.9090630657484092269626785309810657054185867309570312500000000000e-02
1.9091669719467824206660111485689412802457809448242187500000000000e-02
1.9092708117314380333873202744143782183527946472167968750000000000e-02
1.9093745853761768388467956469867203850299119949340820312500000000e-02
1.9094782930822108008017679026124824304133653640747070312500000000e-02
1.9095819350579603529416417018182983156293630599975585937500000000e-02
1.9096855115497701066429314664674166124314069747924804687500000000e-02
1.9097890227622094094783733453368768095970153808593750000000000000e-02
1.9098924688909203750686316425344557501375675201416015625000000000e-02
1.9099958501857076942354041193539160303771495819091796875000000000e-02
1.9100991668301967041365685417986242100596427917480468750000000000e-02
1.9102024190228907712940653595978801604360342025756835937500000000e-02
1.9103056070117349629633451968402368947863578796386718750000000000e-02
1.9104087309507016001486334744186024181544780731201171875000000000e-02
1.9105117910661058300281212041227263398468494415283203125000000000e-02
1.9106147875710119410364029590709833428263664245605468750000000000e-02
1.9107177206222292209503166304784826934337615966796875000000000000e-02
1.9108205904534512897807729814303456805646419525146484375000000000e-02
1.9109233972443153554143790984198858495801687240600585937500000000e-02
1.9110261411719071944492753800659556873142719268798828125000000000e-02
1.9111288224498972077025626958857174031436443328857421875000000000e-02
1.9112314412530487239827436951600247994065284729003906250000000000e-02
1.9113339977598772789768588609149446710944175720214843750000000000e-02
1.9114364921712270750653317463729763403534889221191406250000000000e-02
1.9115389246574673864920157484448282048106193542480468750000000000e-02
1.9116412953915154493422789983014808967709541320800781250000000000e-02
1.9117436045764039931338373889957438223063945770263671875000000000e-02
1.9118458523631420842292527595418505370616912841796875000000000000e-02
1.9119480389333025349696271177890594117343425750732421875000000000e-02
1.9120501644764559268097059430147055536508560180664062500000000000e-02
1.9121522291346098459952074222201190423220396041870117187500000000e-02
1.9122542331016047223446463476648204959928989410400390625000000000e-02
1.9123561765396958345153421987561159767210483551025390625000000000e-02
1.9124580596014136013582884743300382979214191436767578125000000000e-02
1.9125598824727189917194181134618702344596385955810546875000000000e-02
1.9126616453033845610676166870689485222101211547851562500000000000e-02
1.9127633482537390041677838325995253399014472961425781250000000000e-02
1.9128649914936166065437816996563924476504325866699218750000000000e-02
1.9129665751744302781833795279453624971210956573486328125000000000e-02
1.9130680994498550084870203136233612895011901855468750000000000000e-02
1.9131695644872021011551055380550678819417953491210937500000000000e-02
1.9132709704297066327649545769418182317167520523071289062500000000e-02
1.9133723174293897073550141385567258112132549285888671875000000000e-02
1.9134736056510583818157655855429766234010457992553710937500000000e-02
1.9135748352254931120564052093868667725473642349243164062500000000e-02
1.9136760063134070075641091079887701198458671569824218750000000000e-02
1.9137771190620773975599178129414212889969348907470703125000000000e-02
1.9138781736057371846149166572104149963706731796264648437500000000e-02
1.9139791701021618974820626135624479502439498901367187500000000000e-02
1.9140801086865930069613739306078059598803520202636718750000000000e-02
1.9141809895001762886757035175833152607083320617675781250000000000e-02
1.9142818126871373463071535070412210188806056976318359375000000000e-02
1.9143825783844874155459336861895280890166759490966796875000000000e-02
1.9144832867266124015737105423795583192259073257446289062500000000e-02
1.9145839378555833815154230137522972654551267623901367187500000000e-02
1.9146845319045757705112009716685861349105834960937500000000000000e-02
1.9147850690023577452381076113852031994611024856567382812500000000e-02
1.9148855492917546405884365867677843198180198669433593750000000000e-02
1.9149859728942023040509923248464474454522132873535156250000000000e-02
1.9150863399446816509597013578058977145701646804809570312500000000e-02
1.9151866505758310260665311375305464025586843490600585937500000000e-02
1.9152869049070153639746649787412025034427642822265625000000000000e-02
1.9153871030722930540735049476097628939896821975708007812500000000e-02
1.9154872451951937550873594773293007165193557739257812500000000000e-02
1.9155873313990531836559227940597338601946830749511718750000000000e-02
1.9156873618086059374299168212019139900803565979003906250000000000e-02
1.9157873365474739624225719580863369628787040710449218750000000000e-02
1.9158872557339931552711220774654066190123558044433593750000000000e-02
1.9159871194905257058005432213576568756252527236938476562500000000e-02
1.9160869279371831735980791222573316190391778945922851562500000000e-02
1.9161866811883629391211059100896818563342094421386718750000000000e-02
1.9162863793667779532814421372677315957844257354736328125000000000e-02
1.9163860225834834782876470171686378307640552520751953125000000000e-02
1.9164856109556163699103592534811468794941902160644531250000000000e-02
1.9165851445991768930987575458857463672757148742675781250000000000e-02
1.9166846236232680522615368090555421076714992523193359375000000000e-02
1.9167840481440635846954734233804629184305667877197265625000000000e-02
1.9168834182711532582166213956043065991252660751342773437500000000e-02
1.9169827341142031684739777119830250740051269531250000000000000000e-02
1.9170819957831888857846536211582133546471595764160156250000000000e-02
1.9171812033874364999963546551953186281025409698486328125000000000e-02
1.9172803570333747658072098829507012851536273956298828125000000000e-02
1.9173794568278754862911128498126345220953226089477539062500000000e-02
1.9174785028768938366372509563007042743265628814697265625000000000e-02
1.9175774952839379910995987188471190165728330612182617187500000000e-02
1.9176764341559522641933455133766983635723590850830078125000000000e-02
1.9177753195933733287859013216802850365638732910156250000000000000e-02
1.9178741516989387949632117624787497334182262420654296875000000000e-02
1.9179729305755306018044237248432182241231203079223632812500000000e-02
1.9180716563219468023815394985831517260521650314331054687500000000e-02
1.9181703290389477689625863376932102255523204803466796875000000000e-02
1.9182689488250508763611534845949790906161069869995117187500000000e-02
1.9183675157783564718672053572845470625907182693481445312500000000e-02
1.9184660299965333035698833441529131960123777389526367187500000000e-02
1.9185644915761253248565054718710598535835742950439453125000000000e-02
1.9186629006120482776598379359711543656885623931884765625000000000e-02
1.9187612572002549216065858672664035111665725708007812500000000000e-02
1.9188595614347856571635375644291343633085489273071289062500000000e-02
1.9189578134086084787446324639859085436910390853881835937500000000e-02
1.9190560132152079814149558956160035450011491775512695312500000000e-02
1.9191541609452168748450873181354836560785770416259765625000000000e-02
1.9192522566910230619185995237785391509532928466796875000000000000e-02
1.9193503005432703545363182229266385547816753387451171875000000000e-02
1.9194482925906454495734720921973348595201969146728515625000000000e-02
1.9195462329230496972831687685356882866472005844116210937500000000e-02
1.9196441216291396103521549321158090606331825256347656250000000000e-02
1.9197419587958383657699812374630710110068321228027343750000000000e-02
1.9198397445101239577880392062070313841104507446289062500000000000e-02
1.9199374788591367507750717891212843824177980422973632812500000000e-02
1.9200351619275805165054649137346132192760705947875976562500000000e-02
1.9201327938007873435966033071053971070796251296997070312500000000e-02
1.9202303745635324744300831412147090304642915725708007812500000000e-02
1.9203279042988130598246243607718497514724731445312500000000000000e-02
1.9204253830902497102162129749558516778051853179931640625000000000e-02
1.9205228110196259638797755542327649891376495361328125000000000000e-02
1.9206201881687035015744413612992502748966217041015625000000000000e-02
1.9207175146193754960988187008297245483845472335815429687500000000e-02
1.9208147904514246556706424939875432755798101425170898437500000000e-02
1.9209120157450840227220112410577712580561637878417968750000000000e-02
1.9210091905797883199413789157006249297410249710083007812500000000e-02
1.9211063150337312488424856837809784337878227233886718750000000000e-02
1.9212033891850090194797218146049999631941318511962890625000000000e-02
1.9213004131114024691795449939490936230868101119995117187500000000e-02
1.9213973868900662000935852802285808138549327850341796875000000000e-02
1.9214943105968267100802648883473011665046215057373046875000000000e-02
1.9215911843081877330430273786987527273595333099365234375000000000e-02
1.9216880080992312235244057205818535294383764266967773437500000000e-02
1.9217847820435389472049081405202741734683513641357421875000000000e-02
1.9218815062162362267139670279902929905802011489868164062500000000e-02
1.9219781806909152360729464703581470530480146408081054687500000000e-02
1.9220748055402785831047296483120589982718229293823242187500000000e-02
1.9221713808372085929843109397552325390279293060302734375000000000e-02
1.9222679066529690938835983615717850625514984130859375000000000000e-02
1.9223643830594695780522584982463740743696689605712890625000000000e-02
1.9224608101277740335177668384858407080173492431640625000000000000e-02
1.9225571879280145548563041302259080111980438232421875000000000000e-02
1.9226535165301938262727432515930559020489454269409179687500000000e-02
1.9227497960037219504325634034103131853044033050537109375000000000e-02
1.9228460264172322208287013722838310059159994125366210937500000000e-02
1.9229422078391945200026569295914669055491685867309570312500000000e-02
1.9230383403380509749203142177975678350776433944702148437500000000e-02
1.9231344239808413620895777285113581456243991851806640625000000000e-02
1.9232304588344347612283158355239720549434423446655273437500000000e-02
1.9233264449650525063084671728574903681874275207519531250000000000e-02
1.9234223824390595664057812541614111978560686111450195312500000000e-02
1.9235182713224423939335494537772319745272397994995117187500000000e-02
1.9236141116796379862963206619497213978320360183715820312500000000e-02
1.9237099035752377312880057047550508286803960800170898437500000000e-02
1.9238056470736862590964477703892043791711330413818359375000000000e-02
1.9239013422385237150891157398291397839784622192382812500000000000e-02
1.9239969891331133028389288597281847614794969558715820312500000000e-02
1.9240925878205139554211200447753071784973144531250000000000000000e-02
1.9241881383627819357418076151589048095047473907470703125000000000e-02
1.9242836408219089749938035538434633053839206695556640625000000000e-02
1.9243790952595929422130893726716749370098114013671875000000000000e-02
1.9244745017368357353770846884799539111554622650146484375000000000e-02
1.9245698603146763755455950217765348497778177261352539062500000000e-02
1.9246651710531668261205950898329319898039102554321289062500000000e-02
1.9247604340120901683652832048210257198661565780639648437500000000e-02
1.9248556492509807241964026047753577586263418197631835937500000000e-02
1.9249508168286445786154814641122356988489627838134765625000000000e-02
1.9250459368042809049637043017355608753859996795654296875000000000e-02
1.9251410092361274928318692900575115345418453216552734375000000000e-02
1.9252360341816831396100084816680464427918195724487304687500000000e-02
1.9253310116986669525696029836581146810203790664672851562500000000e-02
1.9254259418442196821752432356333883944898843765258789062500000000e-02
1.9255208246749359879412821783262188546359539031982421875000000000e-02
1.9256156602474049782669496266862552147358655929565429687500000000e-02
1.9257104486174663610098534149983606766909360885620117187500000000e-02
1.9258051898407017171743760286517499480396509170532226562500000000e-02
1.9258998839723501933507421313152008224278688430786132812500000000e-02
1.9259945310673425022951477103561046533286571502685546875000000000e-02
1.9260891311804400477525334167694381903856992721557617187500000000e-02
1.9261836843654369516576352339143340941518545150756835937500000000e-02
1.9262781906765145262250271684933977667242288589477539062500000000e-02
1.9263726501668288620949809342164371628314256668090820312500000000e-02
1.9264670628894590281854348745582683477550745010375976562500000000e-02
1.9265614288974500928341981875746569130569696426391601562500000000e-02
1.9266557482431046627313619978849601466208696365356445312500000000e-02
1.9267500209785941994722335834921977948397397994995117187500000000e-02
1.9268442471555395634208451838276232592761516571044921875000000000e-02
1.9269384268255355940890893862160737626254558563232421875000000000e-02
1.9270325600399366983150883925191010348498821258544921875000000000e-02
1.9271266468490071827046605790201283525675535202026367187500000000e-02
1.9272206873032552559843466610800533089786767959594726562500000000e-02
1.9273146814532637199901543567648332100361585617065429687500000000e-02
1.9274086293485433174499377173560787923634052276611328125000000000e-02
1.9275025310387248339560883891863340977579355239868164062500000000e-02
1.9275963865729162094453386089298874139785766601562500000000000000e-02
1.9276901959999967473002868700859835371375083923339843750000000000e-02
1.9277839593686552782658694127349008340388536453247070312500000000e-02
1.9278776767271771364065102716267574578523635864257812500000000000e-02
1.9279713481235943861591408676758874207735061645507812500000000000e-02
1.9280649736052903053806772959433146752417087554931640625000000000e-02
1.9281585532201758748094277962081832811236381530761718750000000000e-02
1.9282520870152936726116266186181746888905763626098632812500000000e-02
1.9283455750367342607098919415875570848584175109863281250000000000e-02
1.9284390173316571376327388520621752832084894180297851562500000000e-02
1.9285324139463870529720423974140430800616741180419921875000000000e-02
1.9286257649267286862215797782482695765793323516845703125000000000e-02
1.9287190703181363027329808801368926651775836944580078125000000000e-02
1.9288123301663968878205679402526584453880786895751953125000000000e-02
1.9289055445165393526396613310680550057440996170043945312500000000e-02
1.9289987134131963975036683223152067512273788452148437500000000000e-02
1.9290918369013854843929678395397786516696214675903320312500000000e-02
1.9291849150250239136594743172281596343964338302612304687500000000e-02
1.9292779478284029920365227894762938376516103744506835937500000000e-02
1.9293709353553883251164435819191567134112119674682617187500000000e-02
1.9294638776492172016485682206621277146041393280029296875000000000e-02
1.9295567747533562408257523657084675505757331848144531250000000000e-02
1.9296496267108848715610136537179641891270875930786132812500000000e-02
1.9297424335647309079355693484103539958596229553222656250000000000e-02
1.9298351953573242983930313698692771140486001968383789062500000000e-02
1.9299279121304021428207065014248655643314123153686523437500000000e-02
1.9300205839265959645301151681451301556080579757690429687500000000e-02
1.9301132107876560473069815770941204391419887542724609375000000000e-02
1.9302057927548264826267399030257365666329860687255859375000000000e-02
1.9302983298696521630155586990440497174859046936035156250000000000e-02
1.9303908221732730965403135314772953279316425323486328125000000000e-02
1.9304832697061350549327940484545251820236444473266601562500000000e-02
1.9305756725090154890533966636212426237761974334716796875000000000e-02
1.9306680306226002563629862152083660475909709930419921875000000000e-02
1.9307603440866211164106402975448872894048690795898437500000000000e-02
1.9308526129410530369767684533144347369670867919921875000000000000e-02
1.9309448372254279374660157486687239725142717361450195312500000000e-02
1.9310370169796108041904147967215976677834987640380859375000000000e-02
1.9311291522425524241901584332481434103101491928100585937500000000e-02
1.9312212430531036644332232299348106607794761657714843750000000000e-02
1.9313132894503978048694747826630191411823034286499023437500000000e-02
1.9314052914729120530301642588710819836705923080444335937500000000e-02
1.9314972491586899355775486242237093392759561538696289062500000000e-02
1.9315891625462180275496493209175241645425558090209960937500000000e-02
1.9316810316734833036234064707059587817639112472534179687500000000e-02
1.9317728565777209093212718471477273851633071899414062500000000000e-02
1.9318646372966676721949497164132480975240468978881835937500000000e-02
1.9319563738678477426979895881231641396880149841308593750000000000e-02
1.9320480663282645072964527344083762727677822113037109375000000000e-02
1.9321397147146340822487786681449506431818008422851562500000000000e-02
1.9322313190637225438495150342532724607735872268676757812500000000e-02
1.9323228794120347190377273705053084995597600936889648437500000000e-02
1.9324143957961240070098085652716690674424171447753906250000000000e-02
1.9325058682516885882884949410254193935543298721313476562500000000e-02
1.9325972968144981140037330646919144783169031143188476562500000000e-02
1.9326886815208447339964337174933461938053369522094726562500000000e-02
1.9327800224058801908944005276680400129407644271850585937500000000e-02
1.9328713195047697581685497425496578216552734375000000000000000000e-02
1.9329625728529666733868097594495338853448629379272460937500000000e-02
1.9330537824853211842368594375329848844558000564575195312500000000e-02
1.9331449484364784940915171773667680099606513977050781250000000000e-02
1.9332360707414290162953207641294284258037805557250976562500000000e-02
1.9333271494340872886930071672395570203661918640136718750000000000e-02
1.9334181845484889328279365372509346343576908111572265625000000000e-02
1.9335091761191879056180908946771523915231227874755859375000000000e-02
1.9336001241797445143744127449281222652643918991088867187500000000e-02
1.9336910287639692135330804489967704284936189651489257812500000000e-02
1.9337818899053685339772812312730820849537849426269531250000000000e-02
1.9338727076372297375428388477303087711334228515625000000000000000e-02
1.9339634819926669606626745689936797134578227996826171875000000000e-02
1.9340542130045840912844212766685814131051301956176757812500000000e-02
1.9341449007058825887428454848304681945592164993286132812500000000e-02
1.9342355451292717050115754773287335410714149475097656250000000000e-02
1.9343261463071435846128309776759124360978603363037109375000000000e-02
1.9344167042718438814796755309544096235185861587524414062500000000e-02
1.9345072190553248142608211423976172227412462234497070312500000000e-02
1.9345976906897429520304498851146490778774023056030273437500000000e-02
1.9346881192070664728932527509641658980399370193481445312500000000e-02
1.9347785046385849311301186048694944474846124649047851562500000000e-02
1.9348688470159771529699455072659475263208150863647460937500000000e-02
1.9349591463706111021947364747575193177908658981323242187500000000e-02
1.9350494027337902108731881867242918815463781356811523437500000000e-02
1.9351396161364022713291532795665261801332235336303710937500000000e-02
1.9352297866090901329316764645227522123605012893676757812500000000e-02
1.9353199141826395862642229417360795196145772933959960937500000000e-02
1.9354099988877444815660311405736138112843036651611328125000000000e-02
1.9355000407551139346429280863048916216939687728881835937500000000e-02
1.9355900398146125979126352945058897603303194046020507812500000000e-02
1.9356799960961935946901490979144000448286533355712890625000000000e-02
1.9357699096301982794043894386959436815232038497924804687500000000e-02
1.9358597804463341385261543337037437595427036285400390625000000000e-02
1.9359496085741285942294354072146234102547168731689453125000000000e-02
1.9360393940433557463665081854742311406880617141723632812500000000e-02
1.9361291368831228670854827100811235141009092330932617187500000000e-02
1.9362188371226541488967498594320204574614763259887695312500000000e-02
1.9363084947914773609189964531651639845222234725952148437500000000e-02
1.9363981099182775436062797780323307961225509643554687500000000000e-02
1.9364876825316706954183132438629399985074996948242187500000000000e-02
1.9365772126604140213057547725838958285748958587646484375000000000e-02
1.9366667003334597091379620792395144235342741012573242187500000000e-02
1.9367561455787961344210401648524566553533077239990234375000000000e-02
1.9368455484245903491791196415761078242212533950805664062500000000e-02
1.9369349088994097796145865686412435024976730346679687500000000000e-02
1.9370242270309898785507485285961593035608530044555664062500000000e-02
1.9371135028472308975411309006631199736148118972778320312500000000e-02
1.9372027363758089618661628605877922382205724716186523437500000000e-02
1.9372919276444956065974523085060354787856340408325195312500000000e-02
1.9373810766807691985391670641547534614801406860351562500000000000e-02
1.9374701835118489368081640122909448109567165374755859375000000000e-02
1.9375592481651496973293902215118578169494867324829101562500000000e-02
1.9376482706674021810888675076967047061771154403686523437500000000e-02
1.9377372510458318322079662721080239862203598022460937500000000000e-02
1.9378261893275735422426109266780258622020483016967773437500000000e-02
1.9379150855389062901856789267185376957058906555175781250000000000e-02
1.9380039397064664080660989498028357047587633132934570312500000000e-02
1.9380927518570009032705669937968195881694555282592773437500000000e-02
1.9381815220168061020267202820832608267664909362792968750000000000e-02
1.9382702502118917542439646695129340514540672302246093750000000000e-02
1.9383589364685666761589644124796905089169740676879882812500000000e-02
1.9384475808129634361032245237765891943126916885375976562500000000e-02
1.9385361832707549006871161623166699428111314773559570312500000000e-02
1.9386247438674751586429323424454196356236934661865234375000000000e-02
1.9387132626291742054647215809382032603025436401367187500000000000e-02
1.9388017395816446036826974363975750748068094253540039062500000000e-02
1.9388901747496939398374138363578822463750839233398437500000000000e-02
1.9389785681588059956803604677588737104088068008422851562500000000e-02
1.9390669198344194501526516205558436922729015350341796875000000000e-02
1.9391552298015216071469524194981204345822334289550781250000000000e-02
1.9392434980850331571744504799426067620515823364257812500000000000e-02
1.9393317247098626476820015795965446159243583679199218750000000000e-02
1.9394199097008148896525980831029301043599843978881835937500000000e-02
1.9395080530823633618853207849497266579419374465942382812500000000e-02
1.9395961548792192002954593021968321409076452255249023437500000000e-02
1.9396842151157181466381018708489136770367622375488281250000000000e-02
1.9397722338163090466389704147331940475851297378540039062500000000e-02
1.9398602110052488856073438228122540749609470367431640625000000000e-02
1.9399481467063290490715488090245344210416078567504882812500000000e-02
1.9400360409441725489942953686295368243008852005004882812500000000e-02
1.9401238937423150726635512341999856289476156234741210937500000000e-02
1.9402117051240959366698035637455177493393421173095703125000000000e-02
1.9402994751140108242726256548849050886929035186767578125000000000e-02
1.9403872037354989721347209297164226882159709930419921875000000000e-02
1.9404748910116516313895118628352065570652484893798828125000000000e-02
1.9405625369664041696138312431685335468500852584838867187500000000e-02
1.9406501416228644912864709226596460212022066116333007812500000000e-02
1.9407377050042078081570906533670495264232158660888671875000000000e-02
1.9408252271336971089832346137882268521934747695922851562500000000e-02
1.9409127080339729637392665040351857896894216537475585937500000000e-02
1.9410001477283847504118341475987108424305915832519531250000000000e-02
1.9410875462395178747687651821252075023949146270751953125000000000e-02
1.9411749035902051141455615379527444019913673400878906250000000000e-02
1.9412622198031102838111650044083944521844387054443359375000000000e-02
1.9413494949007667478291239149257307872176170349121093750000000000e-02
1.9414367289055791537810691238519211765378713607788085937500000000e-02
1.9415239218397477988231614176584116648882627487182617187500000000e-02
1.9416110737258900076351864072421449236571788787841796875000000000e-02
1.9416981845861446681622553001034248154610395431518554687500000000e-02
1.9417852544424723387761488879732496570795774459838867187500000000e-02
1.9418722833168720887098146477001137100160121917724609375000000000e-02
1.9419592712311372489919492068111139815300703048706054687500000000e-02
1.9420462182071870915756051090284017845988273620605468750000000000e-02
1.9421331242669055000549249712094024289399385452270507812500000000e-02
1.9422199894318821489225257437283289618790149688720703125000000000e-02
1.9423068137234090341225467568619933445006608963012695312500000000e-02
1.9423935971634474079161591930642316583544015884399414062500000000e-02
1.9424803397730339149518385966075584292411804199218750000000000000e-02
1.9425670415734806739660456287310807965695858001708984375000000000e-02
1.9426537025862861129965608597558457404375076293945312500000000000e-02
1.9427403228322173006636930381318961735814809799194335937500000000e-02
1.9428269023327022352320980758122459519654512405395507812500000000e-02
1.9429134411084653111245756917924154549837112426757812500000000000e-02
1.9429999391804265995720157889081747271120548248291015625000000000e-02
1.9430863965693916800558938007270626258105039596557617187500000000e-02
1.9431728132960977839527316746170981787145137786865234375000000000e-02
1.9432591893813067757124102286070410627871751785278320312500000000e-02
1.9433455248457909281256661415682174265384674072265625000000000000e-02
1.9434318197094006819281020170819829218089580535888671875000000000e-02
1.9435180739927046533743748568667797371745109558105468750000000000e-02
1.9436042877165077280565697037673089653253555297851562500000000000e-02
1.9436904609008258393298973487617331556975841522216796875000000000e-02
1.9437765935658289639942353232981986366212368011474609375000000000e-02
1.9438626857313866247434219758360995911061763763427734375000000000e-02
1.9439487374178911899269550644930859562009572982788085937500000000e-02
1.9440347486450414854486368199104617815464735031127929687500000000e-02
1.9441207194327212587348086003657954279333353042602539062500000000e-02
1.9442066498011584263494455626641865819692611694335937500000000000e-02
1.9442925397695723366275899479660438373684883117675781250000000000e-02
1.9443783893575705690182076068595051765441894531250000000000000000e-02
1.9444641985851513626970543668903701473027467727661132812500000000e-02
1.9445499674715829852011950151791097596287727355957031250000000000e-02
1.9446356960361722149288610239636909682303667068481445312500000000e-02
1.9447213842986910831145408451448020059615373611450195312500000000e-02
1.9448070322780269120199747590049810241907835006713867187500000000e-02
1.9448926399934139686020984072456485591828823089599609375000000000e-02
1.9449782074644043211586463826279214117676019668579101562500000000e-02
1.9450637347098263113531757539931277278810739517211914062500000000e-02
1.9451492217485866903503577418632630724459886550903320312500000000e-02
1.9452346685994704317268499949022952932864427566528320312500000000e-02
1.9453200752817471907984980816763709299266338348388671875000000000e-02
1.9454054418144132304613336259535572025924921035766601562500000000e-02
1.9454907682155131443124673751299269497394561767578125000000000000e-02
1.9455760545039835207603573508094996213912963867187500000000000000e-02
1.9456613006987422131999210250796750187873840332031250000000000000e-02
1.9457465068181616779652287618773698341101408004760742187500000000e-02
1.9458316728806036161047998689355154056102037429809570312500000000e-02
1.9459167989043589519493338002575910650193691253662109375000000000e-02
1.9460018849080173292120932160287338774651288986206054687500000000e-02
1.9460869309098939583524412455517449416220188140869140625000000000e-02
1.9461719369279140839923414318946015555411577224731445312500000000e-02
1.9462569029805032450042290292913094162940979003906250000000000000e-02
1.9463418290857906894908424533241486642509698867797851562500000000e-02
1.9464267152613592276599874253406596835702657699584960937500000000e-02
1.9465115615254480890827792904929083306342363357543945312500000000e-02
1.9465963678964050970199295420570706482976675033569335937500000000e-02
1.9466811343912336640382676478111534379422664642333984375000000000e-02
1.9467658610278382180780454291380010545253753662109375000000000000e-02
1.9468505478247667694891021028524846769869327545166015625000000000e-02
1.9469351947988770140662850849366805050522089004516601562500000000e-02
1.9470198019677531497961808781838044524192810058593750000000000000e-02
1.9471043693494727300219437893247231841087341308593750000000000000e-02
1.9471888969609989217257606242128531448543071746826171875000000000e-02
1.9472733848198444522870076411891204770654439926147460937500000000e-02
1.9473578329438055029010357088736782316118478775024414062500000000e-02
1.9474422413498160971956352227607567328959703445434570312500000000e-02
1.9475266100549015052534329583977523725479841232299804687500000000e-02
1.9476109390764332479628606620281061623245477676391601562500000000e-02
1.9476952284315687813354145418998086825013160705566406250000000000e-02
1.9477794781374381527516703727087588049471378326416015625000000000e-02
1.9478636882110017536362533974170219153165817260742187500000000000e-02
1.9479478586693309977162513746407057624310255050659179687500000000e-02
1.9480319895291406395720912314573070034384727478027343750000000000e-02
1.9481160808071017187526052794055431149899959564208984375000000000e-02
1.9482001325203484459747116375183395575731992721557617187500000000e-02
1.9482841446857482314847231918975012376904487609863281250000000000e-02
1.9483681173195176172807663306230097077786922454833984375000000000e-02
1.9484520504381919875358519789187994319945573806762695312500000000e-02
1.9485359440589284513167811496714421082288026809692382812500000000e-02
1.9486197981978814475212402612669393420219421386718750000000000000e-02
1.9487036128715846255987642621221311856061220169067382812500000000e-02
1.9487873880963652029052468606096226722002029418945312500000000000e-02
1.9488711238887231752547890550886222627013921737670898437500000000e-02
1.9489548202649278202391869285747816320508718490600585937500000000e-02
1.9490384772411609853870473330061940941959619522094726562500000000e-02
1.9491220948337273366490762782632373273372650146484375000000000000e-02
1.9492056730584860629873489301644440274685621261596679687500000000e-02
1.9492892119318819960094302246034203562885522842407226562500000000e-02
1.9493727114699432867439554684096947312355041503906250000000000000e-02
1.9494561716884854091214052118630206678062677383422851562500000000e-02
1.9495395926033699807167209883118630386888980865478515625000000000e-02
1.9496229742308451154952919637253216933459043502807617187500000000e-02
1.9497063165866055506336707026093790773302316665649414062500000000e-02
1.9497896196863814116673196963347436394542455673217773437500000000e-02
1.9498728835459739477942164853629947174340486526489257812500000000e-02
1.9499561081809238527462468937301309779286384582519531250000000000e-02
1.9500392936068304539087847615519422106444835662841796875000000000e-02
1.9501224398398894765982447552232770249247550964355468750000000000e-02
1.9502055468952731592802152249532809946686029434204101562500000000e-02
1.9502886147881301481810112363746156916022300720214843750000000000e-02
1.9503716435345586771576975593234237749129533767700195312500000000e-02
1.9504546331496279421013895216674427501857280731201171875000000000e-02
1.9505375836487905127913933256422751583158969879150390625000000000e-02
1.9506204950473077924799625293417193461209535598754882812500000000e-02
1.9507033673605685131224873885003034956753253936767578125000000000e-02
1.9507862006034479285254690239526098594069480895996093750000000000e-02
1.9508689947916022650042933150871249381452798843383789062500000000e-02
1.9509517499403185997186582767426443751901388168334960937500000000e-02
1.9510344660638355429593815415501012466847896575927734375000000000e-02
1.9511171431778596280226523163037199992686510086059570312500000000e-02
1.9511997812974621324677571010397514328360557556152343750000000000e-02
1.9512823804372560199116293233601027168333530426025390625000000000e-02
1.9513649406124419782848633531102677807211875915527343750000000000e-02
1.9514474618378959552833507018476666416972875595092773437500000000e-02
1.9515299441279672365556763224958558566868305206298828125000000000e-02
1.9516123872511639131266392155339417513459920883178710937500000000e-02
1.9516979442348803691631431433961552102118730545043945312500000000e-02
