9.0990502819890384245127279427833855152130126953125000000000000000e-01
7.9540620212892598761555973396752960979938507080078125000000000000e-01
7.5283818937288793371465089876437559723854064941406250000000000000e-01
7.2273653214558197799277650119620375335216522216796875000000000000e-01
6.9603018987044606991076989288558252155780792236328125000000000000e-01
6.7958601528933626489958896854659542441368103027343750000000000000e-01
6.6066711806781763804963247821433469653129577636718750000000000000e-01
6.4802288831961196713393746904330328106880187988281250000000000000e-01
6.3488584406055337261420845607062801718711853027343750000000000000e-01
6.2101469734873782080342152767116203904151916503906250000000000000e-01
6.1542709972079734370709047652781009674072265625000000000000000000e-01
6.0068422796986897793658499722369015216827392578125000000000000000e-01
5.9559380008884299506632942211581394076347351074218750000000000000e-01
5.8449909837557312286548949487041682004928588867187500000000000000e-01
5.8032872782007127732128992647631093859672546386718750000000000000e-01
5.7053555925487675626328609723714180290699005126953125000000000000e-01
5.6611532829536903577150042110588401556015014648437500000000000000e-01
5.5735678104665731247280291427159681916236877441406250000000000000e-01
5.5362409775185428273402976628858596086502075195312500000000000000e-01
5.4606821146990069948401469446253031492233276367187500000000000000e-01
5.4286811701195536450370582315372303128242492675781250000000000000e-01
5.3595550391911839227532254881225526332855224609375000000000000000e-01
5.3294685550996734324513681713142432272434234619140625000000000000e-01
5.2643762027096652200697235457482747733592987060546875000000000000e-01
5.2360456959656065389907553253578953444957733154296875000000000000e-01
5.1752871507488473756808389225625433027744293212890625000000000000e-01
5.1492387086475011059860662498977035284042358398437500000000000000e-01
5.0931684122163023431539841112680733203887939453125000000000000000e-01
5.0701255187487492825937351881293579936027526855468750000000000000e-01
5.0167210374552639873257930958061479032039642333984375000000000000e-01
4.9959744670216260642447991813241969794034957885742187500000000000e-01
4.9480654719565880794718282231769990175962448120117187500000000000e-01
4.9265627530139965983835281804203987121582031250000000000000000000e-01
4.8790263867397509756074214237742125988006591796875000000000000000e-01
4.8619996577276619609264685095695313066244125366210937500000000000e-01
4.8158904340346392336513758891669567674398422241210937500000000000e-01
4.7991928540568978833746882628474850207567214965820312500000000000e-01
4.7551384931381179832499128679046407341957092285156250000000000000e-01
4.7377674330814351089102842706779483705759048461914062500000000000e-01
4.6966855273610386145577422212227247655391693115234375000000000000e-01
4.6801956396949956351605237614421639591455459594726562500000000000e-01
4.6419299949659148518676943240279797464609146118164062500000000000e-01
4.6255828872904591886339176198816858232021331787109375000000000000e-01
4.5876105704339209534481369701097719371318817138671875000000000000e-01
4.5740685267467312558054004512086976319551467895507812500000000000e-01
4.5367067080344719576245893222221639007329940795898437500000000000e-01
4.5232970980759940049509282289363909512758255004882812500000000000e-01
4.4868722543179118122935733481426723301410675048828125000000000000e-01
4.4746670701702317973769140735385008156299591064453125000000000000e-01
4.4402756070570903457195299779414199292659759521484375000000000000e-01
4.4298565704289372124691226417780853807926177978515625000000000000e-01
4.3939268086036670224459044220566283911466598510742187500000000000e-01
4.3837460240015763135446036358189303427934646606445312500000000000e-01
4.3511048995512308090738429200428072363138198852539062500000000000e-01
4.3395301284767490157534552963625174015760421752929687500000000000e-01
4.3072542318350476309163354926567990332841873168945312500000000000e-01
4.2964412904183063579566237422113772481679916381835937500000000000e-01
4.2664025887613316045943179233290720731019973754882812500000000000e-01
4.2552497122360027903553714168083388358354568481445312500000000000e-01
4.2818255311076164337791283287515398114919662475585937500000000000e-01
2.9464343044903562596203983048326335847377777099609375000000000000e-01
1.9370046400075510706351167300454108044505119323730468750000000000e-01
1.9512327038564650227847607766307191923260688781738281250000000000e-01
1.9251210783003114279665624053450301289558410644531250000000000000e-01
1.8997985776977943661592007629224099218845367431640625000000000000e-01
1.8752290593621773195920354737609159201383590698242187500000000000e-01
1.8513782429494735071173749929585028439760208129882812500000000000e-01
1.8282140839121835407254934580123517662286758422851562500000000000e-01
1.8057052763839412379276438969100126996636390686035156250000000000e-01
1.7838228985157750239309848439006600528955459594726562500000000000e-01
1.7625402401806811170104083430487662553787231445312500000000000000e-01
1.7418314920634009324018620645802002400159835815429687500000000000e-01
1.7216719280943498793234880395175423473119735717773437500000000000e-01
1.7020390529877787999524230144743341952562332153320312500000000000e-01
1.6829113644473719935135136438475456088781356811523437500000000000e-01
1.6642677977635547681423133781208889558911323547363281250000000000e-01
1.6460893020510461437488913816196145489811897277832031250000000000e-01
1.6283577467548418504783569460414582863450050354003906250000000000e-01
1.6110555644033414113280855417542625218629837036132812500000000000e-01
1.5941666636715304261606718227994861081242561340332031250000000000e-01
1.5776757621411935383903824003937188535928726196289062500000000000e-01
1.5615675412725948945080745033919811248779296875000000000000000000e-01
1.5458276533875914271476403882843442261219024658203125000000000000e-01
1.5304438450948285033170748192787868902087211608886718750000000000e-01
1.5154031575193901981712940596480621024966239929199218750000000000e-01
1.5006924885246900047697238278487930074334144592285156250000000000e-01
1.4863015772539300840549003623891621828079223632812500000000000000e-01
1.4722192977820716675019241392874391749501228332519531250000000000e-01
1.4584344986152797396528058015974238514900207519531250000000000000e-01
1.4449379184229313444198794513795292004942893981933593750000000000e-01
1.4317200856968981259598194810678251087665557861328125000000000000e-01
1.4187714812236978945136911534063983708620071411132812500000000000e-01
1.4060835784390890434991661095409654080867767333984375000000000000e-01
1.3936483989674475214570747994002886116504669189453125000000000000e-01
1.3814577169742781048711322000599466264247894287109375000000000000e-01
1.3695038780690460544775532980565913021564483642578125000000000000e-01
1.3577798141270938647728883097443031147122383117675781250000000000e-01
1.3462786873960422284746130117127904668450355529785156250000000000e-01
1.3349934108052219361439938438707031309604644775390625000000000000e-01
1.3239176713258193895939029971486888825893402099609375000000000000e-01
1.3130459215128748029499661242880392819643020629882812500000000000e-01
1.3023713475146844742447171938692918047308921813964843750000000000e-01
1.2918887650534427447013285927823744714260101318359375000000000000e-01
1.2815931163594873609667956770863384008407592773437500000000000000e-01
1.2714781955819096093129871860583079978823661804199218750000000000e-01
1.2615398231152319397097016917541623115539550781250000000000000000e-01
1.2517728688650897606038370213354937732219696044921875000000000000e-01
1.2421725244719267200466106260137166827917098999023437500000000000e-01
1.2327345960030150484598721050133462995290756225585937500000000000e-01
1.2234543870620065431076284312439383938908576965332031250000000000e-01
1.2143282497287080645698154057754436507821083068847656250000000000e-01
1.2053516725844776180665007814241107553243637084960937500000000000e-01
1.1965209142663868480127575821825303137302398681640625000000000000e-01
1.1878326474505659926528267078538192436099052429199218750000000000e-01
1.1792826208894963135875855186895933002233505249023437500000000000e-01
1.1708676960693492619114408626046497374773025512695312500000000000e-01
1.1625847914668617499867053766138269565999507904052734375000000000e-01
1.1544300339169255575910710831522010266780853271484375000000000000e-01
1.1464006500067042138013562180276494473218917846679687500000000000e-01
1.1384939288997800166391982656932668760418891906738281250000000000e-01
1.1307061423317574244684635687008267268538475036621093750000000000e-01
1.1230350683427384184120967347553232684731483459472656250000000000e-01
1.1154781046055076143552753364929230883717536926269531250000000000e-01
1.1080317535705298814807662211023853160440921783447265625000000000e-01
1.1006943541595048952075330817024223506450653076171875000000000000e-01
1.0934631680442000178921091446682112291455268859863281250000000000e-01
1.0863351775325547077244436877663247287273406982421875000000000000e-01
1.0793090504872542012559932800286333076655864715576171875000000000e-01
1.0723818771310797415274862487422069534659385681152343750000000000e-01
1.0655513196928012575881439261138439178466796875000000000000000000e-01
1.0588160114637361342015964282836648635566234588623046875000000000e-01
1.0521731185093129157248625915599404834210872650146484375000000000e-01
1.0456208815339583517722843453157111071050167083740234375000000000e-01
1.0391577421802737635214697320407140068709850311279296875000000000e-01
1.0327811642913842238300503595382906496524810791015625000000000000e-01
1.0264897430787646437355675743674510158598423004150390625000000000e-01
1.0202817663883531618118638562009437009692192077636718750000000000e-01
1.0141550589491996059443579270009649917483329772949218750000000000e-01
1.0081084359332741218207019073815899901092052459716796875000000000e-01
1.0021400327933474572184024964371928945183753967285156250000000000e-01
9.9624816128056292718895292637171223759651184082031250000000000000e-02
9.9043158677347031826343481952790170907974243164062500000000000000e-02
9.8468851055422676465944675783248385414481163024902343750000000000e-02
9.7901762484496779315179537661606445908546447753906250000000000000e-02
9.7341755212841218902752871144912205636501312255859375000000000000e-02
9.6788672168380038285384614482609322294592857360839843750000000000e-02
9.6242404377690660144395451425225473940372467041015625000000000000e-02
9.5702801984599655815699748018232639878988265991210937500000000000e-02
9.5169738425775057821809355118602979928255081176757812500000000000e-02
9.4643111096851792463091612717107636854052543640136718750000000000e-02
9.4122767258978001780889144356478936970233917236328125000000000000e-02
9.3608609642742104939294733867427567020058631896972656250000000000e-02
9.3100531648551809738023621321190148591995239257812500000000000000e-02
9.2598389048069704165833115894201910123229026794433593750000000000e-02
9.2102105958136254448831437002809252589941024780273437500000000000e-02
9.1611567953950950871089276006387080997228622436523437500000000000e-02
9.1126648825846978674292131472611799836158752441406250000000000000e-02
9.0647284012122769647490372335596475750207901000976562500000000000e-02
9.0173349413792014406254793357220478355884552001953125000000000000e-02
8.9704751411424532570038081757957115769386291503906250000000000000e-02
8.9241410618203939608683583628589985892176628112792968750000000000e-02
8.8783218059662188936798088434443343430757522583007812500000000000e-02
8.8330096810534178275453598416788736358284950256347656250000000000e-02
8.7881951738185346001408504434948554262518882751464843750000000000e-02
8.7438702046169158865751569464919157326221466064453125000000000000e-02
8.7000267687293728058328667884779861196875572204589843750000000000e-02
8.6566552577878874696892808060511015355587005615234375000000000000e-02
8.6137498384228433634390853512741159647703170776367187500000000000e-02
8.5713015915741347372502900725521612912416458129882812500000000000e-02
8.5293018574197285164295578852033941075205802917480468750000000000e-02
8.4877460922128736275915628084476338699460029602050781250000000000e-02
8.4466246604448333434866924562811618670821189880371093750000000000e-02
8.4059301339313052814361526543507352471351623535156250000000000000e-02
8.3656588562561307043097258429042994976043701171875000000000000000e-02
8.3258002593859764539629964019695762544870376586914062500000000000e-02
8.2863489080669164299486340041767107322812080383300781250000000000e-02
8.2473010625439213683307571045588701963424682617187500000000000000e-02
8.2086454530700098120021834802173543721437454223632812500000000000e-02
8.1703795190769090694971055199857801198959350585937500000000000000e-02
8.1324974255472609607764411521202418953180313110351562500000000000e-02
8.0949894323083998459722465668164659291505813598632812500000000000e-02
8.0578542383647935865020883738907286897301673889160156250000000000e-02
8.0210841434230406576944005792029201984405517578125000000000000000e-02
7.9846719160146101268438201259414199739694595336914062500000000000e-02
7.9486158669464110348990004695224342867732048034667968750000000000e-02
7.9129077363873742689825974139239406213164329528808593750000000000e-02
7.8775423397496449617882774418831104412674903869628906250000000000e-02
7.8425170489097195680727736544213257730007171630859375000000000000e-02
7.8078240415198577051292261330672772601246833801269531250000000000e-02
7.7734592511361375044565136249730130657553672790527343750000000000e-02
7.7394194766437190979857518868811894208192825317382812500000000000e-02
7.7056973971481743101996642053563846275210380554199218750000000000e-02
7.6722898177904341743271743325749412178993225097656250000000000000e-02
7.6391929487462734149616494505607988685369491577148437500000000000e-02
7.6064002481435535885090359897731104865670204162597656250000000000e-02
7.5739089824312905152581265610933769494295120239257812500000000000e-02
7.5417148830039817952730629713187227025628089904785156250000000000e-02
7.5098125164056797609113402813818538561463356018066406250000000000e-02
7.4781988183496517219595034475787542760372161865234375000000000000e-02
7.4468699163933477214172285130189266055822372436523437500000000000e-02
7.4158208230780189862407780765352072194218635559082031250000000000e-02
7.3850482748706980373754049651324748992919921875000000000000000000e-02
7.3545491342595206707422050840250449255108833312988281250000000000e-02
7.3243181898724238343412196172721451148390769958496093750000000000e-02
7.2943525974853151705445952757145278155803680419921875000000000000e-02
7.2646496003412039388358323321881471201777458190917968750000000000e-02
7.2352036644324907443959205011196900159120559692382812500000000000e-02
7.2060127867650161648249707013746956363320350646972656250000000000e-02
7.1770740002315064343108019784267526119947433471679687500000000000e-02
7.1483819074998788956065709498943760991096496582031250000000000000e-02
7.1199351110168618284035346732707694172859191894531250000000000000e-02
7.0917304041186290941567449408466927707195281982421875000000000000e-02
7.0637626253576099588649128691031364724040031433105468750000000000e-02
7.0360309228107292822684826205659192055463790893554687500000000000e-02
7.0085317558958235006905113095854176208376884460449218750000000000e-02
6.9812603251898697198640775241074152290821075439453125000000000000e-02
6.9542162707648833008811095623968867585062980651855468750000000000e-02
6.9273955433578199292199428782623726874589920043945312500000000000e-02
6.9007940398562048200936658304271986708045005798339843750000000000e-02
6.8744115099386021716654227020626422017812728881835937500000000000e-02
6.8482435946837991180835558679973473772406578063964843750000000000e-02
6.8222869326164933823086755637632450088858604431152343750000000000e-02
6.7965410980484225467179726365429814904928207397460937500000000000e-02
6.7710017546134662613788179896801011636853218078613281250000000000e-02
6.7456660247108085615153072467364836484193801879882812500000000000e-02
6.7205333771247502405721263585292035713791847229003906250000000000e-02
6.6955995544611526804068546425696695223450660705566406250000000000e-02
6.6708620228360243631371417905029375106096267700195312500000000000e-02
6.6463202734947782190921827805141219869256019592285156250000000000e-02
6.6219699940654769276804358923982363194227218627929687500000000000e-02
6.5978091135066502248562869681336451321840286254882812500000000000e-02
6.5738370104930526904851717517885845154523849487304687500000000000e-02
6.5500494085318411441321018173766788095235824584960937500000000000e-02
6.5264446594859915062869504254194907844066619873046875000000000000e-02
6.5030219795182669928479413101740647107362747192382812500000000000e-02
6.4797772106353859755678570309100905433297157287597656250000000000e-02
6.4567090281884245706045533097494626417756080627441406250000000000e-02
6.4338165523395093869929439733823528513312339782714843750000000000e-02
6.4110956727272641608728065421018982306122779846191406250000000000e-02
6.3885454580343017938481864348432281985878944396972656250000000000e-02
6.3661648463483461179990285927488002926111221313476562500000000000e-02
6.3439498048909914729165393509902060031890869140625000000000000000e-02
6.3218998539944906700505100616283016279339790344238281250000000000e-02
6.3000135688038194636817479477031156420707702636718750000000000000e-02
6.2782872130203240534918052162538515403866767883300781250000000000e-02
6.2567205865857081215075652380619430914521217346191406250000000000e-02
6.2353119210022636687007491218537325039505958557128906250000000000e-02
6.2140578924852057918215564313868526369333267211914062500000000000e-02
6.1929583871424026542129581685003358870744705200195312500000000000e-02
6.1720114397044931187075178513623541221022605895996093750000000000e-02
6.1512140767121553652785337362729478627443313598632812500000000000e-02
6.1305662481258030305220074751559877768158912658691406250000000000e-02
6.1100658144740603583411342469844385050237178802490234375000000000e-02
6.0897101592725724761301364651444600895047187805175781250000000000e-02
6.0694992550974893874560223139269510284066200256347656250000000000e-02
6.0494307874692572479791152773032081313431262969970703125000000000e-02
6.0295025721402571716733831408419064246118068695068359375000000000e-02
6.0097144487760670306109034299879567697644233703613281250000000000e-02
5.9900640746696098837276167614618316292762756347656250000000000000e-02
5.9705496290919729540647153953614179044961929321289062500000000000e-02
5.9511707572023342383005228839465416967868804931640625000000000000e-02
5.9319252283500017997042164097365457564592361450195312500000000000e-02
5.9128114320259467229234928709047380834817886352539062500000000000e-02
5.8938289035509704161253097254302701912820339202880859375000000000e-02
5.8749755075421565553295266681743669323623180389404296875000000000e-02
5.8562498140211687036593701805031741969287395477294921875000000000e-02
5.8376512675468242297149856767646269872784614562988281250000000000e-02
5.8191778190453520569480616586588439531624317169189453125000000000e-02
5.8008282287235785057433190559095237404108047485351562500000000000e-02
5.7826017959110298516378634303691796958446502685546875000000000000e-02
5.7644966478769509021784500646390370093286037445068359375000000000e-02
5.7465116335084769072505395115513238124549388885498046875000000000e-02
5.7286459555983507141441180010588141158223152160644531250000000000e-02
5.7108979405835251508261052322268369607627391815185546875000000000e-02
5.6932664345363502567121116726411855779588222503662109375000000000e-02
5.6757506444183862537311568985387566499412059783935546875000000000e-02
5.6583490236514141780155284777720225974917411804199218750000000000e-02
5.6410604300395045251903525240777526050806045532226562500000000000e-02
5.6238840906080458936777688450092682614922523498535156250000000000e-02
5.6068185602699001368609543760612723417580127716064453125000000000e-02
5.5898627158566874251199863010697299614548683166503906250000000000e-02
5.5730157984476121069139509245360386557877063751220703125000000000e-02
5.5562764798315726622046639704421977512538433074951171875000000000e-02
5.5396436116306464747527371628166292794048786163330078125000000000e-02
5.5231164988453165798354405069403583183884620666503906250000000000e-02
5.5066938962022755899017312231080722995102405548095703125000000000e-02
5.4903746155176361143368524153629550710320472717285156250000000000e-02
5.4741580771116099546347300019988324493169784545898437500000000000e-02
5.4580430523616954574528392640786478295922279357910156250000000000e-02
5.4420283489519785669052964749425882473587989807128906250000000000e-02
5.4261135074479646678291544503736076876521110534667968750000000000e-02
5.4102972751212903557149758171362918801605701446533203125000000000e-02
5.3945784921854464388779604178125737234950065612792968750000000000e-02
5.3789568052305052059391954344391706399619579315185546875000000000e-02
5.3634309215194755915412372360151493921875953674316406250000000000e-02
5.3479997286246340471027593821418122388422489166259765625000000000e-02
5.3326629844033641980605153776195948012173175811767578125000000000e-02
5.3174193194509423998628250274123274721205234527587890625000000000e-02
5.3022677056334309442231500497655360959470272064208984375000000000e-02
5.2872080033133268817113759041603771038353443145751953125000000000e-02
5.2722387229058156887795405509677948430180549621582031250000000000e-02
5.2573589924471149370521771970743429847061634063720703125000000000e-02
5.2425687110078222907816325459862127900123596191406250000000000000e-02
5.2278662801977363039362955987598979845643043518066406250000000000e-02
5.2132510242772815700629251978170941583812236785888671875000000000e-02
5.1987228152146632009777960092833382077515125274658203125000000000e-02
5.1842799870376973792041042088385438546538352966308593750000000000e-02
5.1699220613156356141093539235953358002007007598876953125000000000e-02
5.1556488478753603743598432629369199275970458984375000000000000000e-02
5.1414586385742311325230957663734443485736846923828125000000000000e-02
5.1273511603033020134212449647748144343495368957519531250000000000e-02
5.1133261183357064938448388602409977465867996215820312500000000000e-02
5.0993817993797596610505706848925910890102386474609375000000000000e-02
5.0855181342376362674251311091211391612887382507324218750000000000e-02
5.0717346786974440431272626028658123686909675598144531250000000000e-02
5.0580297703935683806264478334924206137657165527343750000000000000e-02
5.0444035140756141033513415550260106101632118225097656250000000000e-02
5.0308552953777029015380861665107659064233303070068359375000000000e-02
5.0173835507612979389691076903545763343572616577148437500000000000e-02
5.0039885203025352700123562499356921762228012084960937500000000000e-02
4.9906694152904398920078676837874809280037879943847656250000000000e-02
4.9774248064207805841707710214905091561377048492431640625000000000e-02
4.9642550343556295089353369576201657764613628387451171875000000000e-02
4.9511591324842382788595784859353443607687950134277343750000000000e-02
4.9381358441220879473831928407889790832996368408203125000000000000e-02
4.9251855666256109944622920693291234783828258514404296875000000000e-02
4.9123071612844085298554830387729452922940254211425781250000000000e-02
4.8994995837673999128369928257598076015710830688476562500000000000e-02
4.8867632264370020056531984664616174995899200439453125000000000000e-02
4.8740968138343658544453518288719351403415203094482421875000000000e-02
4.8614995261194851594588328680401900783181190490722656250000000000e-02
4.8489717018978452378608068329413072206079959869384765625000000000e-02
4.8365119698310227169812947067839559167623519897460937500000000000e-02
4.8241197301268058661438686840483569540083408355712890625000000000e-02
4.8117952354857114471986534454117645509541034698486328125000000000e-02
4.7995370494089660551306764091350487433373928070068359375000000000e-02
4.7873447939331424672015913301947875879704952239990234375000000000e-02
4.7752185947767894491633455800183583050966262817382812500000000000e-02
4.7631569960343955738579779790597967803478240966796875000000000000e-02
4.7511598271708074814334565871831728145480155944824218750000000000e-02
4.7392270538691112780060876730203744955360889434814453125000000000e-02
4.7273572527935361908824063448264496400952339172363281250000000000e-02
4.7155504296998440594279600190930068492889404296875000000000000000e-02
4.7038063733899841689645171527445199899375438690185546875000000000e-02
4.6921237398091807102584738231598748825490474700927734375000000000e-02
4.6805026733132422400718297694766079075634479522705078125000000000e-02
4.6689427783637160729313109186477959156036376953125000000000000000e-02
4.6574428366981945881519777685753069818019866943359375000000000000e-02
4.6460030799876490814614982127750408835709095001220703125000000000e-02
4.6346229418235546093640664366830606013536453247070312500000000000e-02
4.6233013611718651314497208204556955024600028991699218750000000000e-02
4.6120386057079104658029677921149414032697677612304687500000000000e-02
4.6008339654041031929754268503529601730406284332275390625000000000e-02
4.5896865513569772010438185816383338533341884613037109375000000000e-02
4.5785966238505566849870120904597570188343524932861328125000000000e-02
4.5675633606409166143080824440403375774621963500976562500000000000e-02
4.5565860504851327106301539515698095783591270446777343750000000000e-02
4.5456649070377774801698933515581302344799041748046875000000000000e-02
4.5347990339154105321473053891168092377483844757080078125000000000e-02
4.5239878894903821915374209083893219940364360809326171875000000000e-02
4.5132316125505216042324008185460115782916545867919921875000000000e-02
4.5025292696957978921812326689178007654845714569091796875000000000e-02
4.4918804724475555611995503113575978204607963562011718750000000000e-02
4.4812852670674176158716051077135489322245121002197265625000000000e-02
4.4707427151553756627944125057183555327355861663818359375000000000e-02
4.4602525630641355613992260487066232599318027496337890625000000000e-02
4.4498147508145895201447928002380649559199810028076171875000000000e-02
4.4394283675335932670691363455262035131454467773437500000000000000e-02
4.4290932694245679912548041556874522939324378967285156250000000000e-02
4.4188092847923521322428541679983027279376983642578125000000000000e-02
4.4085755602516832341031260966701665893197059631347656250000000000e-02
4.3983920304382140287202673789579421281814575195312500000000000000e-02
4.3882584186320683361515193610102869570255279541015625000000000000e-02
4.3781739486036412578595644617962534539401531219482421875000000000e-02
4.3681386048716852599227422615513205528259277343750000000000000000e-02
4.3581520164944501094517192996136145666241645812988281250000000000e-02
4.3482134987622558797148997200565645471215248107910156250000000000e-02
4.3383230584894579007215753563286853022873401641845703125000000000e-02
4.3284802453672201194567747961627901531755924224853515625000000000e-02
4.3186844764631138193777815104112960398197174072265625000000000000e-02
4.3089357515385257046958145110693294554948806762695312500000000000e-02
4.2992335652104564369668793233358883298933506011962890625000000000e-02
4.2895774339555457765893464738837792538106441497802734375000000000e-02
4.2799673296687067158838857494629337452352046966552734375000000000e-02
4.2704027164900508484191021807419019751250743865966796875000000000e-02
4.2608832003015746636709337735737790353596210479736328125000000000e-02
4.2514087132220781950486809819267364218831062316894531250000000000e-02
4.2419787092683264306813839539245236665010452270507812500000000000e-02
4.2325928722167616147231683498830534517765045166015625000000000000e-02
4.2232510859072543152326062454449129290878772735595703125000000000e-02
4.2139528146354431059616985066895722411572933197021484375000000000e-02
4.2046978030263568171243093729572137817740440368652343750000000000e-02
4.1954858863666719126506166048784507438540458679199218750000000000e-02
4.1863165542801929197569421603475348092615604400634765625000000000e-02
4.1771895939073287740139761581303901039063930511474609375000000000e-02
4.1681047990034900130318362698744749650359153747558593750000000000e-02
4.1590616907674481106393926665987237356603145599365234375000000000e-02
4.1500600861540788699688420138045330531895160675048828125000000000e-02
4.1410997437762317452403237894031917676329612731933593750000000000e-02
4.1321802201919118069373126900245551951229572296142578125000000000e-02
4.1233013517279926141156920493813231587409973144531250000000000000e-02
4.1144628682067162228630508025162271223962306976318359375000000000e-02
4.1056643639089715480672282410523621365427970886230468750000000000e-02
4.0969056847441336077775275725798564963042736053466796875000000000e-02
4.0881865398701484892729496323227067478001117706298828125000000000e-02
4.0795065599553807789146020468251663260161876678466796875000000000e-02
4.0708655943584096115195336551551008597016334533691406250000000000e-02
4.0622633379608502623980825774197001010179519653320312500000000000e-02
4.0536994561308305196067891529310145415365695953369140625000000000e-02
4.0451737967384597538522683635164867155253887176513671875000000000e-02
4.0366860462354270389084831549553200602531433105468750000000000000e-02
4.0282359026574621196914449683390557765960693359375000000000000000e-02
4.0198232076597152639951815444874227978289127349853515625000000000e-02
4.0114476464116283205285640178772155195474624633789062500000000000e-02
4.0031089445484717426193554956626030616462230682373046875000000000e-02
3.9948069363802490849835180597438011318445205688476562500000000000e-02
3.9865413106962378775310895662187249399721622467041015625000000000e-02
3.9783118154353105944132096283283317461609840393066406250000000000e-02
3.9701182787994178380319709731338662095367908477783203125000000000e-02
3.9619603952284067338585060724653885699808597564697265625000000000e-02
3.9538379314313955303905601113001466728746891021728515625000000000e-02
3.9457507107635722554128676620166515931487083435058593750000000000e-02
3.9376984342151151452515733808468212373554706573486328125000000000e-02
3.9296808847066107273082735673597198911011219024658203125000000000e-02
3.9216978822023622341941262448017369024455547332763671875000000000e-02
3.9137491337633029120368632902682293206453323364257812500000000000e-02
3.9058344377770712330111280152777908369898796081542968750000000000e-02
3.8979536111215636051685606844330322928726673126220703125000000000e-02
3.8901063662721328817450938686306471936404705047607421875000000000e-02
3.8822925178604479612420874445888330228626728057861328125000000000e-02
3.8745118778164014394782554973062360659241676330566406250000000000e-02
3.8667641652654703710023653684402233920991420745849609375000000000e-02
3.8590492110637746037138384735953877680003643035888671875000000000e-02
3.8513668198020385713409297068210435099899768829345703125000000000e-02
3.8437167199730427891157802378074848093092441558837890625000000000e-02
3.8360987571164510689936122389553929679095745086669921875000000000e-02
3.8285127268189791949204447973897913470864295959472656250000000000e-02
3.8209583700899107938653287419583648443222045898437500000000000000e-02
3.8134355444677588142798896342355874367058277130126953125000000000e-02
3.8059440358359349076966537950283964164555072784423828125000000000e-02
3.7984836009044828375458280333987204357981681823730468750000000000e-02
3.7910541054312768549650058957922738045454025268554687500000000000e-02
3.7836553263888399178949129009197349660098552703857421875000000000e-02
3.7762870384900198983402219710114877671003341674804687500000000000e-02
3.7689491116660520098058384519390529021620750427246093750000000000e-02
3.7616413159605108229577297151990933343768119812011718750000000000e-02
3.7543634451537750973404428123103571124374866485595703125000000000e-02
3.7471153698447869084819927820717566646635532379150390625000000000e-02
3.7398968554288036791888316656695678830146789550781250000000000000e-02
3.7327077152456290820570217192653217352926731109619140625000000000e-02
3.7255478172699772743126089835641323588788509368896484375000000000e-02
3.7184169248889939463076359515980584546923637390136718750000000000e-02
3.7113148710113431916202131333193392492830753326416015625000000000e-02
3.7042415176930493236895358677429612725973129272460937500000000000e-02
3.6971966296620917269422079698415473103523254394531250000000000000e-02
3.6901800585099550633394471788051305338740348815917968750000000000e-02
3.6831916573912666656998027292502229101955890655517578125000000000e-02
3.6762311963991212149238663187134079635143280029296875000000000000e-02
3.6692985437184931496457096500307670794427394866943359375000000000e-02
3.6623935413797770177524171231198124587535858154296875000000000000e-02
3.6555159693207932292136064234000514261424541473388671875000000000e-02
3.6486657087583584946344217314617708325386047363281250000000000000e-02
3.6418425898297850096252403773178230039775371551513671875000000000e-02
3.6350464065309187611241270587925100699067115783691406250000000000e-02
3.6282770483192089416846215499390382319688796997070312500000000000e-02
3.6215343346081139974668161585213965736329555511474609375000000000e-02
3.6148180764147053167789636063389480113983154296875000000000000000e-02
3.6081281663151124061705843359959544613957405090332031250000000000e-02
3.6014644158341331536821172676354763098061084747314453125000000000e-02
3.5948266542309731397253358409216161817312240600585937500000000000e-02
3.5882147726563839995606031152419745922088623046875000000000000000e-02
3.5816285785225006332854746915472787804901599884033203125000000000e-02
3.5750679189093900745000098595482995733618736267089843750000000000e-02
3.5685326800802712188254162128941970877349376678466796875000000000e-02
3.5620226693645923310427292562962975353002548217773437500000000000e-02
3.5555377499776733007941231790027813985943794250488281250000000000e-02
3.5490778010574437761892596654433873482048511505126953125000000000e-02
3.5426426336487952528653266881519812159240245819091796875000000000e-02
3.5362321246008319997056190686635090969502925872802734375000000000e-02
3.5298461447887528874556295477304956875741481781005859375000000000e-02
3.5234845123413245648880121052570757456123828887939453125000000000e-02
3.5171471146960502085487831891441601328551769256591796875000000000e-02
3.5108338143198664083044491235341411083936691284179687500000000000e-02
3.5045444392746462336507562440601759590208530426025390625000000000e-02
3.4982788841093064025056236232558148913085460662841796875000000000e-02
3.4920370038018087865960836779777309857308864593505859375000000000e-02
3.4858186383977966815717053350454079918563365936279296875000000000e-02
3.4796236859353069093003796297125518321990966796875000000000000000e-02
3.4734519958356510627162094806408276781439781188964843750000000000e-02
3.4673034211101017021405823470558971166610717773437500000000000000e-02
3.4611778599451505089579228524598875083029270172119140625000000000e-02
3.4550751588886333132144557112042093649506568908691406250000000000e-02
3.4489951837137815260359019475799868814647197723388671875000000000e-02
3.4429378301082565194679574460678850300610065460205078125000000000e-02
3.4369029447815183098136060380056733265519142150878906250000000000e-02
3.4308904049558823501353543861114303581416606903076171875000000000e-02
3.4249001022024341822636017695913324132561683654785156250000000000e-02
3.4189318862486550720802824798738583922386169433593750000000000000e-02
3.4129856437023993465107452038864721544086933135986328125000000000e-02
3.4070612614668899231773480096308048814535140991210937500000000000e-02
3.4011585945966031629961179305610130541026592254638671875000000000e-02
3.3952775366895705799752391840229392983019351959228515625000000000e-02
3.3894179703228340116982764129716088064014911651611328125000000000e-02
3.3835797574699004452991601965550216846168041229248046875000000000e-02
3.3777627963348336170845698234188603237271308898925781250000000000e-02
3.3719669661691369089151493199096876196563243865966796875000000000e-02
3.3661921367025664231231729672799701802432537078857421875000000000e-02
3.3604382086186414257955590301207848824560642242431640625000000000e-02
3.3547050592522782708204687196484883315861225128173828125000000000e-02
3.3489925662415702400931394322469714097678661346435546875000000000e-02
3.3433006310264461180548067886775243096053600311279296875000000000e-02
3.3376291306275535086811601104272995144128799438476562500000000000e-02
3.3319779501412356836897998846325208432972431182861328125000000000e-02
3.3263469905594325592979032535367878153920173645019531250000000000e-02
3.3207361301760621175027665685774991288781166076660156250000000000e-02
3.3151452606260914390823302255739690735936164855957031250000000000e-02
3.3095742818151169251095211620850022882223129272460937500000000000e-02
3.3040230746906935899165347336747800000011920928955078125000000000e-02
3.2984915362191481735809617248378344811499118804931640625000000000e-02
3.2929795651262493139110887341303168796002864837646484375000000000e-02
3.2874870460273972194720215611596358940005302429199218750000000000e-02
3.2820138799378548166707503241923404857516288757324218750000000000e-02
3.2765599647513861392145173567769234068691730499267578125000000000e-02
3.2711251893224976838858708561019739136099815368652343750000000000e-02
3.2657094575523903934310965269105508923530578613281250000000000000e-02
3.2603126671213018827888419082228210754692554473876953125000000000e-02
3.2549347112757129329985161803051596507430076599121093750000000000e-02
3.2495754958893632857730437990539940074086189270019531250000000000e-02
3.2442349191421540610669183024583617225289344787597656250000000000e-02
3.2389128784982894326827107533972593955695629119873046875000000000e-02
3.2336092811882981290505512106392416171729564666748046875000000000e-02
3.2283240265591810203016365221628802828490734100341796875000000000e-02
3.2230570159127822083000580732914386317133903503417968750000000000e-02
3.2178081575014588766592282809142488986253738403320312500000000000e-02
3.2125773523757290839331091092390124686062335968017578125000000000e-02
3.2073645052024826740399987556884298101067543029785156250000000000e-02
3.2021695251490289724216609101858921349048614501953125000000000000e-02
3.1969923153311166630352602169296005740761756896972656250000000000e-02
3.1918327833103297963557309913085191510617733001708984375000000000e-02
3.1866908392172418884591422738594701513648033142089843750000000000e-02
3.1815663884241139613973103905664174817502498626708984375000000000e-02
3.1764593409814481650421669201023178175091743469238281250000000000e-02
3.1713696081102811519247808291765977628529071807861328125000000000e-02
3.1662970974895017495231996917937067337334156036376953125000000000e-02
3.1612417213506063817796132298099109902977943420410156250000000000e-02
3.1562033921474608177959453314542770385742187500000000000000000000e-02
3.1511820198178622232099144184758188202977180480957031250000000000e-02
3.1461775185711471358729340863646939396858215332031250000000000000e-02
3.1411898022035832089837725789038813672959804534912109375000000000e-02
3.1362187828199480921220754225942073389887809753417968750000000000e-02
3.1312643764867774398563682325402623973786830902099609375000000000e-02
3.1263264983969474286595868761651217937469482421875000000000000000e-02
3.1214050627321819619819365243529318831861019134521484375000000000e-02
3.1164999873420452802808000569712021388113498687744140625000000000e-02
3.1116111888176044980580670085146266501396894454956054687500000000e-02
3.1067385833602537137387855636916356161236763000488281250000000000e-02
3.1018820905343233440554229218832915648818016052246093750000000000e-02
3.0970416283019955305810810841649072244763374328613281250000000000e-02
3.0922171148617845493067335382875171490013599395751953125000000000e-02
3.0874084714034317339370616650739975739270448684692382812500000000e-02
3.0826156172375836217458555665871244855225086212158203125000000000e-02
3.0778384725585590520058332231201347894966602325439453125000000000e-02
3.0730769600635764876583877480697992723435163497924804687500000000e-02
3.0683310004131925802228764155188400764018297195434570312500000000e-02
3.0636005157923178882084513929839886259287595748901367187500000000e-02
3.0588854302676687924034126808692235499620437622070312500000000000e-02
3.0541856658927193229891017267618735786527395248413085937500000000e-02
3.0495011468093351225672194004800985567271709442138671875000000000e-02
3.0448317983140245346351804300866206176578998565673828125000000000e-02
3.0401775439308654364056749841438431758433580398559570312500000000e-02
3.0355383096831660416636822219516034238040447235107421875000000000e-02
3.0309140219801321280979067296357243321835994720458984375000000000e-02
3.0263046059139164095652674291159200947731733322143554687500000000e-02
3.0217099892680197859018420558641082607209682464599609375000000000e-02
3.0171300994902741643421961725834989920258522033691406250000000000e-02
3.0125648633370204904080580377012665849179029464721679687500000000e-02
3.0080142101892883704783443477026594337075948715209960937500000000e-02
3.0034780685151397927601379933548741973936557769775390625000000000e-02
2.9989563668059486534200885898826527409255504608154296875000000000e-02
2.9944490358581755257150192051085468847304582595825195312500000000e-02
2.9899560051976130370388062829078990034759044647216796875000000000e-02
2.9854772050749229378441285120970860589295625686645507812500000000e-02
2.9810125675222780283757373354092123918235301971435546875000000000e-02
2.9765620232077197315767591589974472299218177795410156250000000000e-02
2.9721255041078455116920764567112200893461704254150390625000000000e-02
2.9677029433416150794311505478617618791759014129638671875000000000e-02
2.9632942728263955006751118048669013660401105880737304687500000000e-02
2.9588994261737007474000193951724213548004627227783203125000000000e-02
2.9545183374911593993106251332392275799065828323364257812500000000e-02
2.9501509400500877666750909611437236890196800231933593750000000000e-02
2.9457971689658919711707341093642753548920154571533203125000000000e-02
2.9414569592898825306503951537706598173826932907104492187500000000e-02
2.9371302457282314618547403028969711158424615859985351562500000000e-02
2.9328169647476268200314564182917820289731025695800781250000000000e-02
2.9285170523522315033648766302576404996216297149658203125000000000e-02
2.9242304447226166036477579268648696597665548324584960937500000000e-02
2.9199570795248416810174774127517594024538993835449218750000000000e-02
2.9156968937664430596701237163870246149599552154541015625000000000e-02
2.9114498250928447231622442359366687014698982238769531250000000000e-02
2.9072158122405704350210697839429485611617565155029296875000000000e-02
2.9029947932929463239037914945583906956017017364501953125000000000e-02
2.8987867073051714478237883554356812965124845504760742187500000000e-02
2.8945914939920852626542568941658828407526016235351562500000000000e-02
2.8904090925871293166204978319910878781229257583618164062500000000e-02
2.8862394434653063091111846460989909246563911437988281250000000000e-02
2.8820824872709868008646694192975701298564672470092773437500000000e-02
2.8779381644450683502833854277014324907213449478149414062500000000e-02
2.8738064165744044153871783464637701399624347686767578125000000000e-02
2.8696871852236287281368021240268717519938945770263671875000000000e-02
2.8655804120696785897148828325953218154609203338623046875000000000e-02
2.8614860398030322885531973042816389352083206176757812500000000000e-02
2.8574040109306128587540740682015893980860710144042968750000000000e-02
2.8533342683597338190759629128478991333395242691040039062500000000e-02
2.8492767557896460373090263828999013639986515045166015625000000000e-02
2.8452314167087180279969160778819059487432241439819335937500000000e-02
2.8411981952171792148442719394552113953977823257446289062500000000e-02
2.8371770359540918887697458217189705464988946914672851562500000000e-02
2.8331678834300787206412763907792395912110805511474609375000000000e-02
2.8291706828766582937362272787140682339668273925781250000000000000e-02
2.8251853798337944745355798659147694706916809082031250000000000000e-02
2.8212119198628392291450239781624986790120601654052734375000000000e-02
2.8172502492537252610782516626386495772749185562133789062500000000e-02
2.8133003144342669937794099155325966421514749526977539062500000000e-02
2.8093620620265744719512568394748086575418710708618164062500000000e-02
2.8054354393081053914427158701982989441603422164916992187500000000e-02
2.8015203935987602335000445918922196142375469207763671875000000000e-02
2.7976168725720895746889027577708475291728973388671875000000000000e-02
2.7937248244288080678554564428850426338613033294677734375000000000e-02
2.7898441973969075047268262323996168561279773712158203125000000000e-02
2.7859749401727348927515492960083065554499626159667968750000000000e-02
2.7821170018309658578115062255164957605302333831787109375000000000e-02
2.7782703315270568938943895886950485873967409133911132812500000000e-02
2.7744348789350895684302500399098789785057306289672851562500000000e-02
2.7706105939734784748829099498834693804383277893066406250000000000e-02
2.7667974267373364460897988692522631026804447174072265625000000000e-02
2.7629953278262252280850219676722190342843532562255859375000000000e-02
2.7592042479889694606143279997922945767641067504882812500000000000e-02
2.7554241382618326061670899207456386648118495941162109375000000000e-02
2.7516549501152749029886379616982594598084688186645507812500000000e-02
2.7478966351302019227587081218189268838614225387573242187500000000e-02
2.7441491452713257653828193838307925034314393997192382812500000000e-02
2.7404124328304548668944207179265504237264394760131835937500000000e-02
2.7366864502324641378327996221742068883031606674194335937500000000e-02
2.7329711503402930039552387597723281942307949066162109375000000000e-02
2.7292664862313020801565244255471043288707733154296875000000000000e-02
2.7255724111881929339062935468973591923713684082031250000000000000e-02
2.7218888789277872336525021523812029045075178146362304687500000000e-02
2.7182158432941267572902077631624706555157899856567382812500000000e-02
2.7145532584354804123139004445874888915568590164184570312500000000e-02
2.7109010788717819578907963773417577613145112991333007812500000000e-02
2.7072592592117097898274380440852837637066841125488281250000000000e-02
2.7036277544635160807739993060749839060008525848388671875000000000e-02
2.7000065198983937142518385599032626487314701080322265625000000000e-02
2.6963955109045877750473252376650634687393903732299804687500000000e-02
2.6927946833258564057755890530643227975815534591674804687500000000e-02
2.6892039931426275911618972713768016546964645385742187500000000000e-02
2.6856233965468798846609743691260518971830606460571289062500000000e-02
2.6820528501708833929439990129139914643019437789916992187500000000e-02
2.6784923106850259955091786423508892767131328582763671875000000000e-02
2.6749417351026365252675276451554964296519756317138671875000000000e-02
2.6714010807837910987938556672816048376262187957763671875000000000e-02
2.6678703050968564230993607111486198846250772476196289062500000000e-02
2.6643493658725595635283767137480026576668024063110351562500000000e-02
2.6608382211412848900033978338797169271856546401977539062500000000e-02
2.6573368289968726102534546384958957787603139877319335937500000000e-02
2.6538451480565033308023359381877526175230741500854492187500000000e-02
2.6503631369798056477415926224239228758960962295532226562500000000e-02
2.6468907546196185354148155965958721935749053955078125000000000000e-02
2.6434279603247606144078574175182438921183347702026367187500000000e-02
2.6399747133713503260965538288473908323794603347778320312500000000e-02
2.6365309733947104448015252842196787241846323013305664062500000000e-02
2.6330967004039532858294947459398827049881219863891601562500000000e-02
2.6296718543126169215229381848075718153268098831176757812500000000e-02
2.6262563955340982591035725590700167231261730194091796875000000000e-02
2.6228502846724656427657151880339370109140872955322265625000000000e-02
2.6194534823228095288261130235696327872574329376220703125000000000e-02
2.6160659496339399437969674977466638665646314620971679687500000000e-02
2.6126876477690012812171715950171346776187419891357421875000000000e-02
2.6093185380475083373630340588533726986497640609741210937500000000e-02
2.6059585822858812031999065084164612926542758941650390625000000000e-02
2.6026077422090697355283595015862374566495418548583984375000000000e-02
2.5992659798763872308624556239919911604374647140502929687500000000e-02
2.5959332577020287347036031633251695893704891204833984375000000000e-02
2.5926095380064517748053276591235771775245666503906250000000000000e-02
2.5892947835671448197913946387416217476129531860351562500000000000e-02
2.5859889573485894675997087688301689922809600830078125000000000000e-02
2.5826920223074884691571995176673226524144411087036132812500000000e-02
2.5794039418857803852569432478958333376795053482055664062500000000e-02
2.5761246795870999110045218571940495166927576065063476562500000000e-02
2.5728541990295873687077943259282619692385196685791015625000000000e-02
2.5695924642542500304642771880025975406169891357421875000000000000e-02
2.5663394393239898072511806503825937397778034210205078125000000000e-02
2.5630950885138458622547474874409090261906385421752929687500000000e-02
2.5598593764072665596165379042759013827890157699584960937500000000e-02
2.5566322676659491291983883343164052348583936691284179687500000000e-02
2.5534137271846505529149240487640781793743371963500976562500000000e-02
2.5502037200575724401607757840793055947870016098022460937500000000e-02
2.5470022115877885560131232978164916858077049255371093750000000000e-02
2.5438091672187801428606235276674851775169372558593750000000000000e-02
2.5406245525692670861328537057488574646413326263427734375000000000e-02
2.5374483336039088676727715210290625691413879394531250000000000000e-02
2.5342804762221990411141803178907139226794242858886718750000000000e-02
2.5311209466423827824099745953390083741396665573120117187500000000e-02
2.5279697114468011737153929630039783660322427749633789062500000000e-02
2.5248267369199061532780703487333084922283887863159179687500000000e-02
2.5216919900015725974906644069051253609359264373779296875000000000e-02
2.5185654377489395672196081932270317338407039642333984375000000000e-02
2.5154470468590088561011697265712427906692028045654296875000000000e-02
2.5123367850815328528035763611114816740155220031738281250000000000e-02
2.5092346197442088467921550432038202416151762008666992187500000000e-02
2.5061405181179729345641860049909155350178480148315429687500000000e-02
2.5030544487172977363709236442446126602590084075927734375000000000e-02
2.4999763789882497450056675347696000244468450546264648437500000000e-02
2.4969062770032662834651659977680537849664688110351562500000000000e-02
2.4938441118550033065437432355793134775012731552124023437500000000e-02
2.4907898510787916668274277753880596719682216644287109375000000000e-02
2.4877434637532475081300731289957184344530105590820312500000000000e-02
2.4847049192778785514645889520579657983034849166870117187500000000e-02
2.4816741853680900076195570136405876837670803070068359375000000000e-02
2.4786512322663444701786872315096843522042036056518554687500000000e-02
2.4756360293187805454717675956999300979077816009521484375000000000e-02
2.4726285447035905445956061043943918775767087936401367187500000000e-02
2.4696287498242895652733608358175843022763729095458984375000000000e-02
2.4666366135792563291095902400229533668607473373413085937500000000e-02
2.4636521051955295735780282484483905136585235595703125000000000000e-02
2.4606751967876847736471646044265071395784616470336914062500000000e-02
2.4577058567125845134349049203592585399746894836425781250000000000e-02
2.4547440559133753418263879098049073945730924606323242187500000000e-02
2.4517897663197334157114681829625624231994152069091796875000000000e-02
2.4488429562321063770458096087168087251484394073486328125000000000e-02
2.4459035985281683128755858547265233937650918960571289062500000000e-02
2.4429716642341416793504649263013561721891164779663085937500000000e-02
2.4400471222464303888699532762984745204448699951171875000000000000e-02
2.4371299470341490495117753312115382868796586990356445312500000000e-02
2.4342201088083815357920869359986681956797838211059570312500000000e-02
2.4313175771257241469802679034728498663753271102905273437500000000e-02
2.4284223275660796886876724443027342204004526138305664062500000000e-02
2.4255343304824660694007931738269689958542585372924804687500000000e-02
2.4226535553322586097335644694794609677046537399291992187500000000e-02
2.4197799782144892993818174886655469890683889389038085937500000000e-02
2.4169135714907530321227113745408132672309875488281250000000000000e-02
2.4140543030974195848337160441587911918759346008300781250000000000e-02
2.4112021488696951804220347526097611989825963973999023437500000000e-02
2.4083570857391215641607473685326112899929285049438476562500000000e-02
2.4055190781407109756884210582938976585865020751953125000000000000e-02
2.4026881013776899692624411386532301548868417739868164062500000000e-02
2.3998641383822075928700101599133631680160760879516601562500000000e-02
2.3970471491399678032330200494470773264765739440917968750000000000e-02
2.3942371091773100022503939499074476771056652069091796875000000000e-02
2.3914340054144261199509102766569412779062986373901367187500000000e-02
2.3886377960993764035801945055936812423169612884521484375000000000e-02
2.3858484571535814450227164229545451235026121139526367187500000000e-02
2.3830659738950012854763471636942995246499776840209960937500000000e-02
2.3802903098999652481415623128668812569230794906616210937500000000e-02
2.3775214400614690102297998919311794452369213104248046875000000000e-02
2.3747593418363660555669980567472521215677261352539062500000000000e-02
2.3720039926757318510253114141050900798290967941284179687500000000e-02
2.3692553628940245247225249158873339183628559112548828125000000000e-02
2.3665134194855302895987847477954346686601638793945312500000000000e-02
2.3637781573104192645029542063639382831752300262451171875000000000e-02
2.3610495392370811629234594875015318393707275390625000000000000000e-02
2.3583275277683706655507123173265426885336637496948242187500000000e-02
2.3556121260540307388309244629454042296856641769409179687500000000e-02
2.3529032947673583775483052704657893627882003784179687500000000000e-02
2.3502009975981247996701384295192838180810213088989257812500000000e-02
2.3475052300451295511640736890512926038354635238647460937500000000e-02
2.3448159656308704967830891519042779691517353057861328125000000000e-02
2.3421331643781781450819323708856245502829551696777343750000000000e-02
2.3394568131945570055307825896306894719600677490234375000000000000e-02
2.3367869018639759320921100993473373819142580032348632812500000000e-02
2.3341233818620282097766605033939413260668516159057617187500000000e-02
2.3314662325626147459933790173636225517839193344116210937500000000e-02
2.3288154516669507670956207334711507428437471389770507812500000000e-02
2.3261710030272275684382066174293868243694305419921875000000000000e-02
2.3235328449034985814902753986643801908940076828002929687500000000e-02
2.3209009848274019666147793827803980093449354171752929687500000000e-02
2.3182754006768509225100416415443760342895984649658203125000000000e-02
2.3156560263344210665037437024693645071238279342651367187500000000e-02
2.3130428787396933865139203589933458715677261352539062500000000000e-02
2.3104359431454848938791712953388923779129981994628906250000000000e-02
2.3078351581430699146491036799488938413560390472412109375000000000e-02
2.3052405168666110363284715845111350063234567642211914062500000000e-02
2.3026520294824777412845406843189266510307788848876953125000000000e-02
2.3000696324709798273877581209490017499774694442749023437500000000e-02
2.2974932833575902740852470174104382749646902084350585937500000000e-02
2.2949230215447442154941271041934669483453035354614257812500000000e-02
2.2923588059011863055092206309382163453847169876098632812500000000e-02
2.2898006038099764924975687563346582464873790740966796875000000000e-02
2.2872483965101650382756304225040366873145103454589843750000000000e-02
2.2847021667919666099155762140071601606905460357666015625000000000e-02
2.2821618897037068002253690224279125686734914779663085937500000000e-02
2.2796275153979906474832617391257372219115495681762695312500000000e-02
2.2770990666064638840992984114564023911952972412109375000000000000e-02
2.2745765059638326649471551377246214542537927627563476562500000000e-02
2.2720597947888773043834120812789478804916143417358398437500000000e-02
2.2695489403006884054914138459935202263295650482177734375000000000e-02
2.2670439076003124495573004537618544418364763259887695312500000000e-02
2.2645446773542771135012685590481851249933242797851562500000000000e-02
2.2620512328239830018850042847589065786451101303100585937500000000e-02
2.2595633286080038515386547715024789795279502868652343750000000000e-02
