1.5621001258018340010491620262200740398839116096496582031250000000e-02
2.0421178790703532063277592101258051116019487380981445312500000000e-02
2.2764423318547017532909038095567666459828615188598632812500000000e-02
2.4650866876196032839718697005082503892481327056884765625000000000e-02
2.6044554013901585753920642218872671946883201599121093750000000000e-02
2.7634634659901274184035102621237456332892179489135742187500000000e-02
2.8585268901471502095423815603680850472301244735717773437500000000e-02
2.9828684156563443907739241467425017617642879486083984375000000000e-02
3.0781346014027911872634746259791427291929721832275390625000000000e-02
3.1452647138270076188071300293813692405819892883300781250000000000e-02
3.2471260784621147621464842814020812511444091796875000000000000000e-02
3.3114242388946474315858381487487349659204483032226562500000000000e-02
3.3876356695866638446545948681887239217758178710937500000000000000e-02
3.4420399789777803012391643733280943706631660461425781250000000000e-02
3.5084132355161223859596475449507124722003936767578125000000000000e-02
3.5619543584327090224306289201194886118173599243164062500000000000e-02
3.6237220997037480896274530550726922228932380676269531250000000000e-02
3.6730232148412846060470116071883239783346652984619140625000000000e-02
3.7270540100875555744597278362562065012753009796142578125000000000e-02
3.7705358686710085946991455330135067924857139587402343750000000000e-02
3.8181870080042125403796404725653701461851596832275390625000000000e-02
3.8583309823857644960121149324550060555338859558105468750000000000e-02
3.9023853905350514015282215041224844753742218017578125000000000000e-02
3.9407730932455309336148729926208034157752990722656250000000000000e-02
3.9819677181220196338085060006051207892596721649169921875000000000e-02
4.0186889537055882348770552425776259042322635650634765625000000000e-02
4.0580091471968053606911297492843004874885082244873046875000000000e-02
4.0920250919710444981181041157469735480844974517822265625000000000e-02
4.1267502489751417549257439532084390521049499511718750000000000000e-02
4.1617671665931582625219675719563383609056472778320312500000000000e-02
4.1941996916012858065414548036642372608184814453125000000000000000e-02
4.2238549837641539697052905921736964955925941467285156250000000000e-02
4.2553278420099448220437210466116084717214107513427734375000000000e-02
4.2839018351514192295415028866045759059488773345947265625000000000e-02
4.3137050627254640289276466091905604116618633270263671875000000000e-02
4.3420141146251443886594501009312807582318782806396484375000000000e-02
4.3684632686588106831315769795764936134219169616699218750000000000e-02
4.3964429285183723172814040935918455943465232849121093750000000000e-02
4.4198955248739082990461213285016128793358802795410156250000000000e-02
4.4479276723147144478875958384378463961184024810791015625000000000e-02
4.4718038111311350646381868045864393934607505798339843750000000000e-02
4.4981385911687703227368473335445742122828960418701171875000000000e-02
4.5200038097715410090327026182421832345426082611083984375000000000e-02
4.5462670416309691745482268743216991424560546875000000000000000000e-02
4.5682652766087038231912487162844627164304256439208984375000000000e-02
4.5923053831011688419305727393293636851012706756591796875000000000e-02
4.6131918711897347551431636247798451222479343414306640625000000000e-02
4.6354778743462637935479619955003727227449417114257812500000000000e-02
4.6569723909142157758367375208763405680656433105468750000000000000e-02
4.6789367785299254554054471100243972614407539367675781250000000000e-02
4.6982786534154441504540500318398699164390563964843750000000000000e-02
4.7209079729039982176175271888496354222297668457031250000000000000e-02
4.7389736662314496662418150663143023848533630371093750000000000000e-02
4.7614562782818413422258885248083970509469509124755859375000000000e-02
4.7782710996964149197108184807802899740636348724365234375000000000e-02
4.7997830541462983833245203868500539101660251617431640625000000000e-02
4.8164074554259611593565182374732103198766708374023437500000000000e-02
4.8360125000343992529572290095529751852154731750488281250000000000e-02
4.8511664082503659634060255712029174901545047760009765625000000000e-02
4.8735495086149618892967794181458884850144386291503906250000000000e-02
2.6236922075991132852212928128210478462278842926025390625000000000e-02
1.1287880226154067830890426193946041166782379150390625000000000000e-02
1.1287880226154067830890426193946041166782379150390625000000000000e-02
1.1287880226154067830890426193946041166782379150390625000000000000e-02
1.1287880226154067830890426193946041166782379150390625000000000000e-02
1.1287880226154067830890426193946041166782379150390625000000000000e-02
1.1287880226154067830890426193946041166782379150390625000000000000e-02
1.1287880226154067830890426193946041166782379150390625000000000000e-02
1.1287880226154067830890426193946041166782379150390625000000000000e-02
1.1287880226154067830890426193946041166782379150390625000000000000e-02
1.1287880226154067830890426193946041166782379150390625000000000000e-02
1.1287880226154067830890426193946041166782379150390625000000000000e-02
1.1287880226154067830890426193946041166782379150390625000000000000e-02
1.1287880226154067830890426193946041166782379150390625000000000000e-02
1.1287880226154067830890426193946041166782379150390625000000000000e-02
1.1287880226154067830890426193946041166782379150390625000000000000e-02
1.1287880226154067830890426193946041166782379150390625000000000000e-02
1.1287880226154067830890426193946041166782379150390625000000000000e-02
1.1287880226154067830890426193946041166782379150390625000000000000e-02
1.1287880226154067830890426193946041166782379150390625000000000000e-02
1.1287880226154067830890426193946041166782379150390625000000000000e-02
1.1287880226154067830890426193946041166782379150390625000000000000e-02
1.1287880226154067830890426193946041166782379150390625000000000000e-02
1.1287880226154067830890426193946041166782379150390625000000000000e-02
1.1287880226154067830890426193946041166782379150390625000000000000e-02
1.1287880226154067830890426193946041166782379150390625000000000000e-02
1.1287880226154067830890426193946041166782379150390625000000000000e-02
1.1287880226154067830890426193946041166782379150390625000000000000e-02
1.1287880226154067830890426193946041166782379150390625000000000000e-02
1.1287880226154067830890426193946041166782379150390625000000000000e-02
1.1287880226154067830890426193946041166782379150390625000000000000e-02
1.1287880226154067830890426193946041166782379150390625000000000000e-02
1.1287880226154067830890426193946041166782379150390625000000000000e-02
1.1287880226154067830890426193946041166782379150390625000000000000e-02
1.1287880226154067830890426193946041166782379150390625000000000000e-02
1.1287880226154067830890426193946041166782379150390625000000000000e-02
1.1287880226154067830890426193946041166782379150390625000000000000e-02
1.1287880226154067830890426193946041166782379150390625000000000000e-02
1.1287880226154067830890426193946041166782379150390625000000000000e-02
1.1287880226154067830890426193946041166782379150390625000000000000e-02
1.1287880226154067830890426193946041166782379150390625000000000000e-02
1.1287880226154067830890426193946041166782379150390625000000000000e-02
1.1287880226154067830890426193946041166782379150390625000000000000e-02
1.1287880226154067830890426193946041166782379150390625000000000000e-02
1.1287880226154067830890426193946041166782379150390625000000000000e-02
1.1287880226154067830890426193946041166782379150390625000000000000e-02
1.1287880226154067830890426193946041166782379150390625000000000000e-02
1.1287880226154067830890426193946041166782379150390625000000000000e-02
1.1287880226154067830890426193946041166782379150390625000000000000e-02
1.1287880226154067830890426193946041166782379150390625000000000000e-02
1.1287880226154067830890426193946041166782379150390625000000000000e-02
1.1287880226154067830890426193946041166782379150390625000000000000e-02
1.1287880226154067830890426193946041166782379150390625000000000000e-02
1.1287880226154067830890426193946041166782379150390625000000000000e-02
1.1287880226154067830890426193946041166782379150390625000000000000e-02
1.1287880226154067830890426193946041166782379150390625000000000000e-02
1.1287880226154067830890426193946041166782379150390625000000000000e-02
1.1287880226154067830890426193946041166782379150390625000000000000e-02
1.1287880226154067830890426193946041166782379150390625000000000000e-02
1.1287880226154067830890426193946041166782379150390625000000000000e-02
1.1287880226154067830890426193946041166782379150390625000000000000e-02
1.1287880226154067830890426193946041166782379150390625000000000000e-02
1.1287880226154067830890426193946041166782379150390625000000000000e-02
1.1287880226154067830890426193946041166782379150390625000000000000e-02
1.1287880226154067830890426193946041166782379150390625000000000000e-02
1.1287880226154067830890426193946041166782379150390625000000000000e-02
1.1287880226154067830890426193946041166782379150390625000000000000e-02
1.1287880226154067830890426193946041166782379150390625000000000000e-02
1.1287880226154067830890426193946041166782379150390625000000000000e-02
1.1287880226154067830890426193946041166782379150390625000000000000e-02
1.1287880226154067830890426193946041166782379150390625000000000000e-02
1.1287880226154067830890426193946041166782379150390625000000000000e-02
1.1287880226154067830890426193946041166782379150390625000000000000e-02
1.1287880226154067830890426193946041166782379150390625000000000000e-02
1.1287880226154067830890426193946041166782379150390625000000000000e-02
1.1287880226154067830890426193946041166782379150390625000000000000e-02
1.1287880226154067830890426193946041166782379150390625000000000000e-02
1.1287880226154067830890426193946041166782379150390625000000000000e-02
1.1287880226154067830890426193946041166782379150390625000000000000e-02
1.1287880226154067830890426193946041166782379150390625000000000000e-02
1.1287880226154067830890426193946041166782379150390625000000000000e-02
1.1287880226154067830890426193946041166782379150390625000000000000e-02
1.1287880226154067830890426193946041166782379150390625000000000000e-02
1.1287880226154067830890426193946041166782379150390625000000000000e-02
1.1287880226154067830890426193946041166782379150390625000000000000e-02
1.1287880226154067830890426193946041166782379150390625000000000000e-02
1.1287880226154067830890426193946041166782379150390625000000000000e-02
1.1287880226154067830890426193946041166782379150390625000000000000e-02
1.1287880226154067830890426193946041166782379150390625000000000000e-02
1.1287880226154067830890426193946041166782379150390625000000000000e-02
1.1287880226154067830890426193946041166782379150390625000000000000e-02
1.1287880226154067830890426193946041166782379150390625000000000000e-02
1.1287880226154067830890426193946041166782379150390625000000000000e-02
1.1287880226154067830890426193946041166782379150390625000000000000e-02
1.1287880226154067830890426193946041166782379150390625000000000000e-02
1.1287880226154067830890426193946041166782379150390625000000000000e-02
1.1287880226154067830890426193946041166782379150390625000000000000e-02
1.1287880226154067830890426193946041166782379150390625000000000000e-02
1.1287880226154067830890426193946041166782379150390625000000000000e-02
1.1287880226154067830890426193946041166782379150390625000000000000e-02
1.1287880226154067830890426193946041166782379150390625000000000000e-02
1.1287880226154067830890426193946041166782379150390625000000000000e-02
1.1287880226154067830890426193946041166782379150390625000000000000e-02
1.1287880226154067830890426193946041166782379150390625000000000000e-02
1.1287880226154067830890426193946041166782379150390625000000000000e-02
1.1287880226154067830890426193946041166782379150390625000000000000e-02
1.1287880226154067830890426193946041166782379150390625000000000000e-02
1.1287880226154067830890426193946041166782379150390625000000000000e-02
1.1287880226154067830890426193946041166782379150390625000000000000e-02
1.1287880226154067830890426193946041166782379150390625000000000000e-02
1.1287880226154067830890426193946041166782379150390625000000000000e-02
1.1287880226154067830890426193946041166782379150390625000000000000e-02
1.1287880226154067830890426193946041166782379150390625000000000000e-02
1.1287880226154067830890426193946041166782379150390625000000000000e-02
1.1287880226154067830890426193946041166782379150390625000000000000e-02
1.1287880226154067830890426193946041166782379150390625000000000000e-02
1.1287880226154067830890426193946041166782379150390625000000000000e-02
1.1287880226154067830890426193946041166782379150390625000000000000e-02
1.1287880226154067830890426193946041166782379150390625000000000000e-02
1.1287880226154067830890426193946041166782379150390625000000000000e-02
1.1287880226154067830890426193946041166782379150390625000000000000e-02
1.1287880226154067830890426193946041166782379150390625000000000000e-02
1.1287880226154067830890426193946041166782379150390625000000000000e-02
1.1287880226154067830890426193946041166782379150390625000000000000e-02
1.1287880226154067830890426193946041166782379150390625000000000000e-02
1.1287880226154067830890426193946041166782379150390625000000000000e-02
1.1287880226154067830890426193946041166782379150390625000000000000e-02
1.1287880226154067830890426193946041166782379150390625000000000000e-02
1.1287880226154067830890426193946041166782379150390625000000000000e-02
1.1287880226154067830890426193946041166782379150390625000000000000e-02
1.1287880226154067830890426193946041166782379150390625000000000000e-02
1.1287880226154067830890426193946041166782379150390625000000000000e-02
1.1287880226154067830890426193946041166782379150390625000000000000e-02
1.1287880226154067830890426193946041166782379150390625000000000000e-02
1.1287880226154067830890426193946041166782379150390625000000000000e-02
1.1287880226154067830890426193946041166782379150390625000000000000e-02
1.1287880226154067830890426193946041166782379150390625000000000000e-02
1.1287880226154067830890426193946041166782379150390625000000000000e-02
1.1287880226154067830890426193946041166782379150390625000000000000e-02
1.1287880226154067830890426193946041166782379150390625000000000000e-02
1.1287880226154067830890426193946041166782379150390625000000000000e-02
1.1287880226154067830890426193946041166782379150390625000000000000e-02
1.1287880226154067830890426193946041166782379150390625000000000000e-02
1.1287880226154067830890426193946041166782379150390625000000000000e-02
1.1287880226154067830890426193946041166782379150390625000000000000e-02
1.1287880226154067830890426193946041166782379150390625000000000000e-02
1.1287880226154067830890426193946041166782379150390625000000000000e-02
1.1287880226154067830890426193946041166782379150390625000000000000e-02
1.1287880226154067830890426193946041166782379150390625000000000000e-02
1.1287880226154067830890426193946041166782379150390625000000000000e-02
1.1287880226154067830890426193946041166782379150390625000000000000e-02
1.1287880226154067830890426193946041166782379150390625000000000000e-02
1.1287880226154067830890426193946041166782379150390625000000000000e-02
1.1287880226154067830890426193946041166782379150390625000000000000e-02
1.1287880226154067830890426193946041166782379150390625000000000000e-02
1.1287880226154067830890426193946041166782379150390625000000000000e-02
1.1287880226154067830890426193946041166782379150390625000000000000e-02
1.1287880226154067830890426193946041166782379150390625000000000000e-02
1.1287880226154067830890426193946041166782379150390625000000000000e-02
1.1287880226154067830890426193946041166782379150390625000000000000e-02
1.1287880226154067830890426193946041166782379150390625000000000000e-02
1.1287880226154067830890426193946041166782379150390625000000000000e-02
1.1287880226154067830890426193946041166782379150390625000000000000e-02
1.1287880226154067830890426193946041166782379150390625000000000000e-02
1.1287880226154067830890426193946041166782379150390625000000000000e-02
1.1287880226154067830890426193946041166782379150390625000000000000e-02
1.1287880226154067830890426193946041166782379150390625000000000000e-02
1.1287880226154067830890426193946041166782379150390625000000000000e-02
1.1287880226154067830890426193946041166782379150390625000000000000e-02
1.1287880226154067830890426193946041166782379150390625000000000000e-02
1.1287880226154067830890426193946041166782379150390625000000000000e-02
1.1287880226154067830890426193946041166782379150390625000000000000e-02
1.1287880226154067830890426193946041166782379150390625000000000000e-02
1.1287880226154067830890426193946041166782379150390625000000000000e-02
1.1287880226154067830890426193946041166782379150390625000000000000e-02
1.1287880226154067830890426193946041166782379150390625000000000000e-02
1.1287880226154067830890426193946041166782379150390625000000000000e-02
1.1287880226154067830890426193946041166782379150390625000000000000e-02
1.1287880226154067830890426193946041166782379150390625000000000000e-02
1.1287880226154067830890426193946041166782379150390625000000000000e-02
1.1287880226154067830890426193946041166782379150390625000000000000e-02
1.1287880226154067830890426193946041166782379150390625000000000000e-02
1.1287880226154067830890426193946041166782379150390625000000000000e-02
1.1287880226154067830890426193946041166782379150390625000000000000e-02
1.1287880226154067830890426193946041166782379150390625000000000000e-02
1.1287880226154067830890426193946041166782379150390625000000000000e-02
1.1287880226154067830890426193946041166782379150390625000000000000e-02
1.1287880226154067830890426193946041166782379150390625000000000000e-02
1.1287880226154067830890426193946041166782379150390625000000000000e-02
1.1287880226154067830890426193946041166782379150390625000000000000e-02
1.1287880226154067830890426193946041166782379150390625000000000000e-02
1.1287880226154067830890426193946041166782379150390625000000000000e-02
1.1287880226154067830890426193946041166782379150390625000000000000e-02
1.1287880226154067830890426193946041166782379150390625000000000000e-02
1.1287880226154067830890426193946041166782379150390625000000000000e-02
1.1287880226154067830890426193946041166782379150390625000000000000e-02
1.1287880226154067830890426193946041166782379150390625000000000000e-02
1.1287880226154067830890426193946041166782379150390625000000000000e-02
1.1287880226154067830890426193946041166782379150390625000000000000e-02
1.1287880226154067830890426193946041166782379150390625000000000000e-02
1.1287880226154067830890426193946041166782379150390625000000000000e-02
1.1287880226154067830890426193946041166782379150390625000000000000e-02
1.1287880226154067830890426193946041166782379150390625000000000000e-02
1.1287880226154067830890426193946041166782379150390625000000000000e-02
1.1287880226154067830890426193946041166782379150390625000000000000e-02
1.1287880226154067830890426193946041166782379150390625000000000000e-02
1.1287880226154067830890426193946041166782379150390625000000000000e-02
1.1287880226154067830890426193946041166782379150390625000000000000e-02
1.1287880226154067830890426193946041166782379150390625000000000000e-02
1.1287880226154067830890426193946041166782379150390625000000000000e-02
1.1287880226154067830890426193946041166782379150390625000000000000e-02
1.1287880226154067830890426193946041166782379150390625000000000000e-02
1.1287880226154067830890426193946041166782379150390625000000000000e-02
1.1287880226154067830890426193946041166782379150390625000000000000e-02
1.1287880226154067830890426193946041166782379150390625000000000000e-02
1.1287880226154067830890426193946041166782379150390625000000000000e-02
1.1287880226154067830890426193946041166782379150390625000000000000e-02
1.1287880226154067830890426193946041166782379150390625000000000000e-02
1.1287880226154067830890426193946041166782379150390625000000000000e-02
1.1287880226154067830890426193946041166782379150390625000000000000e-02
1.1287880226154067830890426193946041166782379150390625000000000000e-02
1.1287880226154067830890426193946041166782379150390625000000000000e-02
1.1287880226154067830890426193946041166782379150390625000000000000e-02
1.1287880226154067830890426193946041166782379150390625000000000000e-02
1.1287880226154067830890426193946041166782379150390625000000000000e-02
1.1287880226154067830890426193946041166782379150390625000000000000e-02
1.1287880226154067830890426193946041166782379150390625000000000000e-02
1.1287880226154067830890426193946041166782379150390625000000000000e-02
1.1287880226154067830890426193946041166782379150390625000000000000e-02
1.1287880226154067830890426193946041166782379150390625000000000000e-02
1.1287880226154067830890426193946041166782379150390625000000000000e-02
1.1287880226154067830890426193946041166782379150390625000000000000e-02
1.1287880226154067830890426193946041166782379150390625000000000000e-02
1.1287880226154067830890426193946041166782379150390625000000000000e-02
1.1287880226154067830890426193946041166782379150390625000000000000e-02
1.1287880226154067830890426193946041166782379150390625000000000000e-02
1.1287880226154067830890426193946041166782379150390625000000000000e-02
1.1287880226154067830890426193946041166782379150390625000000000000e-02
1.1287880226154067830890426193946041166782379150390625000000000000e-02
1.1287880226154067830890426193946041166782379150390625000000000000e-02
1.1287880226154067830890426193946041166782379150390625000000000000e-02
1.1287880226154067830890426193946041166782379150390625000000000000e-02
1.1287880226154067830890426193946041166782379150390625000000000000e-02
1.1287880226154067830890426193946041166782379150390625000000000000e-02
1.1287880226154067830890426193946041166782379150390625000000000000e-02
1.1287880226154067830890426193946041166782379150390625000000000000e-02
1.1287880226154067830890426193946041166782379150390625000000000000e-02
1.1287880226154067830890426193946041166782379150390625000000000000e-02
1.1287880226154067830890426193946041166782379150390625000000000000e-02
1.1287880226154067830890426193946041166782379150390625000000000000e-02
1.1287880226154067830890426193946041166782379150390625000000000000e-02
1.1287880226154067830890426193946041166782379150390625000000000000e-02
1.1287880226154067830890426193946041166782379150390625000000000000e-02
1.1287880226154067830890426193946041166782379150390625000000000000e-02
1.1287880226154067830890426193946041166782379150390625000000000000e-02
1.1287880226154067830890426193946041166782379150390625000000000000e-02
1.1287880226154067830890426193946041166782379150390625000000000000e-02
1.1287880226154067830890426193946041166782379150390625000000000000e-02
1.1287880226154067830890426193946041166782379150390625000000000000e-02
1.1287880226154067830890426193946041166782379150390625000000000000e-02
1.1287880226154067830890426193946041166782379150390625000000000000e-02
1.1287880226154067830890426193946041166782379150390625000000000000e-02
1.1287880226154067830890426193946041166782379150390625000000000000e-02
1.1287880226154067830890426193946041166782379150390625000000000000e-02
1.1287880226154067830890426193946041166782379150390625000000000000e-02
1.1287880226154067830890426193946041166782379150390625000000000000e-02
1.1287880226154067830890426193946041166782379150390625000000000000e-02
1.1287880226154067830890426193946041166782379150390625000000000000e-02
1.1287880226154067830890426193946041166782379150390625000000000000e-02
1.1287880226154067830890426193946041166782379150390625000000000000e-02
1.1287880226154067830890426193946041166782379150390625000000000000e-02
1.1287880226154067830890426193946041166782379150390625000000000000e-02
1.1287880226154067830890426193946041166782379150390625000000000000e-02
1.1287880226154067830890426193946041166782379150390625000000000000e-02
1.1287880226154067830890426193946041166782379150390625000000000000e-02
1.1287880226154067830890426193946041166782379150390625000000000000e-02
1.1287880226154067830890426193946041166782379150390625000000000000e-02
1.1287880226154067830890426193946041166782379150390625000000000000e-02
1.1287880226154067830890426193946041166782379150390625000000000000e-02
1.1287880226154067830890426193946041166782379150390625000000000000e-02
1.1287880226154067830890426193946041166782379150390625000000000000e-02
1.1287880226154067830890426193946041166782379150390625000000000000e-02
1.1287880226154067830890426193946041166782379150390625000000000000e-02
1.1287880226154067830890426193946041166782379150390625000000000000e-02
1.1287880226154067830890426193946041166782379150390625000000000000e-02
1.1287880226154067830890426193946041166782379150390625000000000000e-02
1.1287880226154067830890426193946041166782379150390625000000000000e-02
1.1287880226154067830890426193946041166782379150390625000000000000e-02
1.1287880226154067830890426193946041166782379150390625000000000000e-02
1.1287880226154067830890426193946041166782379150390625000000000000e-02
1.1287880226154067830890426193946041166782379150390625000000000000e-02
1.1287880226154067830890426193946041166782379150390625000000000000e-02
1.1287880226154067830890426193946041166782379150390625000000000000e-02
1.1287880226154067830890426193946041166782379150390625000000000000e-02
1.1287880226154067830890426193946041166782379150390625000000000000e-02
1.1287880226154067830890426193946041166782379150390625000000000000e-02
1.1287880226154067830890426193946041166782379150390625000000000000e-02
1.1287880226154067830890426193946041166782379150390625000000000000e-02
1.1287880226154067830890426193946041166782379150390625000000000000e-02
1.1287880226154067830890426193946041166782379150390625000000000000e-02
1.1287880226154067830890426193946041166782379150390625000000000000e-02
1.1287880226154067830890426193946041166782379150390625000000000000e-02
1.1287880226154067830890426193946041166782379150390625000000000000e-02
1.1287880226154067830890426193946041166782379150390625000000000000e-02
1.1287880226154067830890426193946041166782379150390625000000000000e-02
1.1287880226154067830890426193946041166782379150390625000000000000e-02
1.1287880226154067830890426193946041166782379150390625000000000000e-02
1.1287880226154067830890426193946041166782379150390625000000000000e-02
1.1287880226154067830890426193946041166782379150390625000000000000e-02
1.1287880226154067830890426193946041166782379150390625000000000000e-02
1.1287880226154067830890426193946041166782379150390625000000000000e-02
1.1287880226154067830890426193946041166782379150390625000000000000e-02
1.1287880226154067830890426193946041166782379150390625000000000000e-02
1.1287880226154067830890426193946041166782379150390625000000000000e-02
1.1287880226154067830890426193946041166782379150390625000000000000e-02
1.1287880226154067830890426193946041166782379150390625000000000000e-02
1.1287880226154067830890426193946041166782379150390625000000000000e-02
1.1287880226154067830890426193946041166782379150390625000000000000e-02
1.1287880226154067830890426193946041166782379150390625000000000000e-02
1.1287880226154067830890426193946041166782379150390625000000000000e-02
1.1287880226154067830890426193946041166782379150390625000000000000e-02
1.1287880226154067830890426193946041166782379150390625000000000000e-02
1.1287880226154067830890426193946041166782379150390625000000000000e-02
1.1287880226154067830890426193946041166782379150390625000000000000e-02
1.1287880226154067830890426193946041166782379150390625000000000000e-02
1.1287880226154067830890426193946041166782379150390625000000000000e-02
1.1287880226154067830890426193946041166782379150390625000000000000e-02
1.1287880226154067830890426193946041166782379150390625000000000000e-02
1.1287880226154067830890426193946041166782379150390625000000000000e-02
1.1287880226154067830890426193946041166782379150390625000000000000e-02
1.1287880226154067830890426193946041166782379150390625000000000000e-02
1.1287880226154067830890426193946041166782379150390625000000000000e-02
1.1287880226154067830890426193946041166782379150390625000000000000e-02
1.1287880226154067830890426193946041166782379150390625000000000000e-02
1.1287880226154067830890426193946041166782379150390625000000000000e-02
1.1287880226154067830890426193946041166782379150390625000000000000e-02
1.1287880226154067830890426193946041166782379150390625000000000000e-02
1.1287880226154067830890426193946041166782379150390625000000000000e-02
1.1287880226154067830890426193946041166782379150390625000000000000e-02
1.1287880226154067830890426193946041166782379150390625000000000000e-02
1.1287880226154067830890426193946041166782379150390625000000000000e-02
1.1287880226154067830890426193946041166782379150390625000000000000e-02
1.1287880226154067830890426193946041166782379150390625000000000000e-02
1.1287880226154067830890426193946041166782379150390625000000000000e-02
1.1287880226154067830890426193946041166782379150390625000000000000e-02
1.1287880226154067830890426193946041166782379150390625000000000000e-02
1.1287880226154067830890426193946041166782379150390625000000000000e-02
1.1287880226154067830890426193946041166782379150390625000000000000e-02
1.1287880226154067830890426193946041166782379150390625000000000000e-02
1.1287880226154067830890426193946041166782379150390625000000000000e-02
1.1287880226154067830890426193946041166782379150390625000000000000e-02
1.1287880226154067830890426193946041166782379150390625000000000000e-02
1.1287880226154067830890426193946041166782379150390625000000000000e-02
1.1287880226154067830890426193946041166782379150390625000000000000e-02
1.1287880226154067830890426193946041166782379150390625000000000000e-02
1.1287880226154067830890426193946041166782379150390625000000000000e-02
1.1287880226154067830890426193946041166782379150390625000000000000e-02
1.1287880226154067830890426193946041166782379150390625000000000000e-02
1.1287880226154067830890426193946041166782379150390625000000000000e-02
1.1287880226154067830890426193946041166782379150390625000000000000e-02
1.1287880226154067830890426193946041166782379150390625000000000000e-02
1.1287880226154067830890426193946041166782379150390625000000000000e-02
1.1287880226154067830890426193946041166782379150390625000000000000e-02
1.1287880226154067830890426193946041166782379150390625000000000000e-02
1.1287880226154067830890426193946041166782379150390625000000000000e-02
1.1287880226154067830890426193946041166782379150390625000000000000e-02
1.1287880226154067830890426193946041166782379150390625000000000000e-02
1.1287880226154067830890426193946041166782379150390625000000000000e-02
1.1287880226154067830890426193946041166782379150390625000000000000e-02
1.1287880226154067830890426193946041166782379150390625000000000000e-02
1.1287880226154067830890426193946041166782379150390625000000000000e-02
1.1287880226154067830890426193946041166782379150390625000000000000e-02
1.1287880226154067830890426193946041166782379150390625000000000000e-02
1.1287880226154067830890426193946041166782379150390625000000000000e-02
1.1287880226154067830890426193946041166782379150390625000000000000e-02
1.1287880226154067830890426193946041166782379150390625000000000000e-02
1.1287880226154067830890426193946041166782379150390625000000000000e-02
1.1287880226154067830890426193946041166782379150390625000000000000e-02
1.1287880226154067830890426193946041166782379150390625000000000000e-02
1.1287880226154067830890426193946041166782379150390625000000000000e-02
1.1287880226154067830890426193946041166782379150390625000000000000e-02
1.1287880226154067830890426193946041166782379150390625000000000000e-02
1.1287880226154067830890426193946041166782379150390625000000000000e-02
1.1287880226154067830890426193946041166782379150390625000000000000e-02
1.1287880226154067830890426193946041166782379150390625000000000000e-02
1.1287880226154067830890426193946041166782379150390625000000000000e-02
1.1287880226154067830890426193946041166782379150390625000000000000e-02
1.1287880226154067830890426193946041166782379150390625000000000000e-02
1.1287880226154067830890426193946041166782379150390625000000000000e-02
1.1287880226154067830890426193946041166782379150390625000000000000e-02
1.1287880226154067830890426193946041166782379150390625000000000000e-02
1.1287880226154067830890426193946041166782379150390625000000000000e-02
1.1287880226154067830890426193946041166782379150390625000000000000e-02
1.1287880226154067830890426193946041166782379150390625000000000000e-02
1.1287880226154067830890426193946041166782379150390625000000000000e-02
1.1287880226154067830890426193946041166782379150390625000000000000e-02
1.1287880226154067830890426193946041166782379150390625000000000000e-02
1.1287880226154067830890426193946041166782379150390625000000000000e-02
1.1287880226154067830890426193946041166782379150390625000000000000e-02
1.1287880226154067830890426193946041166782379150390625000000000000e-02
1.1287880226154067830890426193946041166782379150390625000000000000e-02
1.1287880226154067830890426193946041166782379150390625000000000000e-02
1.1287880226154067830890426193946041166782379150390625000000000000e-02
1.1287880226154067830890426193946041166782379150390625000000000000e-02
1.1287880226154067830890426193946041166782379150390625000000000000e-02
1.1287880226154067830890426193946041166782379150390625000000000000e-02
1.1287880226154067830890426193946041166782379150390625000000000000e-02
1.1287880226154067830890426193946041166782379150390625000000000000e-02
1.1287880226154067830890426193946041166782379150390625000000000000e-02
1.1287880226154067830890426193946041166782379150390625000000000000e-02
1.1287880226154067830890426193946041166782379150390625000000000000e-02
1.1287880226154067830890426193946041166782379150390625000000000000e-02
1.1287880226154067830890426193946041166782379150390625000000000000e-02
1.1287880226154067830890426193946041166782379150390625000000000000e-02
1.1287880226154067830890426193946041166782379150390625000000000000e-02
1.1287880226154067830890426193946041166782379150390625000000000000e-02
1.1287880226154067830890426193946041166782379150390625000000000000e-02
1.1287880226154067830890426193946041166782379150390625000000000000e-02
1.1287880226154067830890426193946041166782379150390625000000000000e-02
1.1287880226154067830890426193946041166782379150390625000000000000e-02
1.1287880226154067830890426193946041166782379150390625000000000000e-02
1.1287880226154067830890426193946041166782379150390625000000000000e-02
1.1287880226154067830890426193946041166782379150390625000000000000e-02
1.1287880226154067830890426193946041166782379150390625000000000000e-02
1.1287880226154067830890426193946041166782379150390625000000000000e-02
1.1287880226154067830890426193946041166782379150390625000000000000e-02
1.1287880226154067830890426193946041166782379150390625000000000000e-02
1.1287880226154067830890426193946041166782379150390625000000000000e-02
1.1287880226154067830890426193946041166782379150390625000000000000e-02
1.1287880226154067830890426193946041166782379150390625000000000000e-02
1.1287880226154067830890426193946041166782379150390625000000000000e-02
1.1287880226154067830890426193946041166782379150390625000000000000e-02
1.1287880226154067830890426193946041166782379150390625000000000000e-02
1.1287880226154067830890426193946041166782379150390625000000000000e-02
1.1287880226154067830890426193946041166782379150390625000000000000e-02
1.1287880226154067830890426193946041166782379150390625000000000000e-02
1.1287880226154067830890426193946041166782379150390625000000000000e-02
1.1287880226154067830890426193946041166782379150390625000000000000e-02
1.1287880226154067830890426193946041166782379150390625000000000000e-02
1.1287880226154067830890426193946041166782379150390625000000000000e-02
1.1287880226154067830890426193946041166782379150390625000000000000e-02
1.1287880226154067830890426193946041166782379150390625000000000000e-02
1.1287880226154067830890426193946041166782379150390625000000000000e-02
1.1287880226154067830890426193946041166782379150390625000000000000e-02
1.1287880226154067830890426193946041166782379150390625000000000000e-02
1.1287880226154067830890426193946041166782379150390625000000000000e-02
1.1287880226154067830890426193946041166782379150390625000000000000e-02
1.1287880226154067830890426193946041166782379150390625000000000000e-02
1.1287880226154067830890426193946041166782379150390625000000000000e-02
1.1287880226154067830890426193946041166782379150390625000000000000e-02
1.1287880226154067830890426193946041166782379150390625000000000000e-02
1.1287880226154067830890426193946041166782379150390625000000000000e-02
1.1287880226154067830890426193946041166782379150390625000000000000e-02
1.1287880226154067830890426193946041166782379150390625000000000000e-02
1.1287880226154067830890426193946041166782379150390625000000000000e-02
1.1287880226154067830890426193946041166782379150390625000000000000e-02
1.1287880226154067830890426193946041166782379150390625000000000000e-02
1.1287880226154067830890426193946041166782379150390625000000000000e-02
1.1287880226154067830890426193946041166782379150390625000000000000e-02
1.1287880226154067830890426193946041166782379150390625000000000000e-02
1.1287880226154067830890426193946041166782379150390625000000000000e-02
1.1287880226154067830890426193946041166782379150390625000000000000e-02
1.1287880226154067830890426193946041166782379150390625000000000000e-02
1.1287880226154067830890426193946041166782379150390625000000000000e-02
1.1287880226154067830890426193946041166782379150390625000000000000e-02
1.1287880226154067830890426193946041166782379150390625000000000000e-02
1.1287880226154067830890426193946041166782379150390625000000000000e-02
1.1287880226154067830890426193946041166782379150390625000000000000e-02
1.1287880226154067830890426193946041166782379150390625000000000000e-02
1.1287880226154067830890426193946041166782379150390625000000000000e-02
1.1287880226154067830890426193946041166782379150390625000000000000e-02
1.1287880226154067830890426193946041166782379150390625000000000000e-02
1.1287880226154067830890426193946041166782379150390625000000000000e-02
1.1287880226154067830890426193946041166782379150390625000000000000e-02
1.1287880226154067830890426193946041166782379150390625000000000000e-02
1.1287880226154067830890426193946041166782379150390625000000000000e-02
1.1287880226154067830890426193946041166782379150390625000000000000e-02
1.1287880226154067830890426193946041166782379150390625000000000000e-02
1.1287880226154067830890426193946041166782379150390625000000000000e-02
1.1287880226154067830890426193946041166782379150390625000000000000e-02
1.1287880226154067830890426193946041166782379150390625000000000000e-02
1.1287880226154067830890426193946041166782379150390625000000000000e-02
1.1287880226154067830890426193946041166782379150390625000000000000e-02
1.1287880226154067830890426193946041166782379150390625000000000000e-02
1.1287880226154067830890426193946041166782379150390625000000000000e-02
1.1287880226154067830890426193946041166782379150390625000000000000e-02
1.1287880226154067830890426193946041166782379150390625000000000000e-02
1.1287880226154067830890426193946041166782379150390625000000000000e-02
1.1287880226154067830890426193946041166782379150390625000000000000e-02
1.1287880226154067830890426193946041166782379150390625000000000000e-02
1.1287880226154067830890426193946041166782379150390625000000000000e-02
1.1287880226154067830890426193946041166782379150390625000000000000e-02
1.1287880226154067830890426193946041166782379150390625000000000000e-02
1.1287880226154067830890426193946041166782379150390625000000000000e-02
1.1287880226154067830890426193946041166782379150390625000000000000e-02
1.1287880226154067830890426193946041166782379150390625000000000000e-02
1.1287880226154067830890426193946041166782379150390625000000000000e-02
1.1287880226154067830890426193946041166782379150390625000000000000e-02
1.1287880226154067830890426193946041166782379150390625000000000000e-02
1.1287880226154067830890426193946041166782379150390625000000000000e-02
1.1287880226154067830890426193946041166782379150390625000000000000e-02
1.1287880226154067830890426193946041166782379150390625000000000000e-02
1.1287880226154067830890426193946041166782379150390625000000000000e-02
1.1287880226154067830890426193946041166782379150390625000000000000e-02
1.1287880226154067830890426193946041166782379150390625000000000000e-02
1.1287880226154067830890426193946041166782379150390625000000000000e-02
1.1287880226154067830890426193946041166782379150390625000000000000e-02
1.1287880226154067830890426193946041166782379150390625000000000000e-02
1.1287880226154067830890426193946041166782379150390625000000000000e-02
1.1287880226154067830890426193946041166782379150390625000000000000e-02
1.1287880226154067830890426193946041166782379150390625000000000000e-02
1.1287880226154067830890426193946041166782379150390625000000000000e-02
1.1287880226154067830890426193946041166782379150390625000000000000e-02
1.1287880226154067830890426193946041166782379150390625000000000000e-02
1.1287880226154067830890426193946041166782379150390625000000000000e-02
1.1287880226154067830890426193946041166782379150390625000000000000e-02
1.1287880226154067830890426193946041166782379150390625000000000000e-02
1.1287880226154067830890426193946041166782379150390625000000000000e-02
1.1287880226154067830890426193946041166782379150390625000000000000e-02
1.1287880226154067830890426193946041166782379150390625000000000000e-02
1.1287880226154067830890426193946041166782379150390625000000000000e-02
1.1287880226154067830890426193946041166782379150390625000000000000e-02
1.1287880226154067830890426193946041166782379150390625000000000000e-02
1.1287880226154067830890426193946041166782379150390625000000000000e-02
1.1287880226154067830890426193946041166782379150390625000000000000e-02
1.1287880226154067830890426193946041166782379150390625000000000000e-02
1.1287880226154067830890426193946041166782379150390625000000000000e-02
1.1287880226154067830890426193946041166782379150390625000000000000e-02
1.1287880226154067830890426193946041166782379150390625000000000000e-02
1.1287880226154067830890426193946041166782379150390625000000000000e-02
1.1287880226154067830890426193946041166782379150390625000000000000e-02
1.1287880226154067830890426193946041166782379150390625000000000000e-02
1.1287880226154067830890426193946041166782379150390625000000000000e-02
1.1287880226154067830890426193946041166782379150390625000000000000e-02
1.1287880226154067830890426193946041166782379150390625000000000000e-02
1.1287880226154067830890426193946041166782379150390625000000000000e-02
1.1287880226154067830890426193946041166782379150390625000000000000e-02
1.1287880226154067830890426193946041166782379150390625000000000000e-02
1.1287880226154067830890426193946041166782379150390625000000000000e-02
1.1287880226154067830890426193946041166782379150390625000000000000e-02
1.1287880226154067830890426193946041166782379150390625000000000000e-02
1.1287880226154067830890426193946041166782379150390625000000000000e-02
1.1287880226154067830890426193946041166782379150390625000000000000e-02
1.1287880226154067830890426193946041166782379150390625000000000000e-02
1.1287880226154067830890426193946041166782379150390625000000000000e-02
1.1287880226154067830890426193946041166782379150390625000000000000e-02
1.1287880226154067830890426193946041166782379150390625000000000000e-02
1.1287880226154067830890426193946041166782379150390625000000000000e-02
1.1287880226154067830890426193946041166782379150390625000000000000e-02
1.1287880226154067830890426193946041166782379150390625000000000000e-02
1.1287880226154067830890426193946041166782379150390625000000000000e-02
1.1287880226154067830890426193946041166782379150390625000000000000e-02
1.1287880226154067830890426193946041166782379150390625000000000000e-02
1.1287880226154067830890426193946041166782379150390625000000000000e-02
1.1287880226154067830890426193946041166782379150390625000000000000e-02
1.1287880226154067830890426193946041166782379150390625000000000000e-02
1.1287880226154067830890426193946041166782379150390625000000000000e-02
1.1287880226154067830890426193946041166782379150390625000000000000e-02
1.1287880226154067830890426193946041166782379150390625000000000000e-02
1.1287880226154067830890426193946041166782379150390625000000000000e-02
1.1287880226154067830890426193946041166782379150390625000000000000e-02
1.1287880226154067830890426193946041166782379150390625000000000000e-02
1.1287880226154067830890426193946041166782379150390625000000000000e-02
1.1287880226154067830890426193946041166782379150390625000000000000e-02
1.1287880226154067830890426193946041166782379150390625000000000000e-02
1.1287880226154067830890426193946041166782379150390625000000000000e-02
1.1287880226154067830890426193946041166782379150390625000000000000e-02
1.1287880226154067830890426193946041166782379150390625000000000000e-02
1.1287880226154067830890426193946041166782379150390625000000000000e-02
1.1287880226154067830890426193946041166782379150390625000000000000e-02
1.1287880226154067830890426193946041166782379150390625000000000000e-02
1.1287880226154067830890426193946041166782379150390625000000000000e-02
1.1287880226154067830890426193946041166782379150390625000000000000e-02
1.1287880226154067830890426193946041166782379150390625000000000000e-02
1.1287880226154067830890426193946041166782379150390625000000000000e-02
1.1287880226154067830890426193946041166782379150390625000000000000e-02
1.1287880226154067830890426193946041166782379150390625000000000000e-02
1.1287880226154067830890426193946041166782379150390625000000000000e-02
1.1287880226154067830890426193946041166782379150390625000000000000e-02
1.1287880226154067830890426193946041166782379150390625000000000000e-02
1.1287880226154067830890426193946041166782379150390625000000000000e-02
1.1287880226154067830890426193946041166782379150390625000000000000e-02
1.1287880226154067830890426193946041166782379150390625000000000000e-02
1.1287880226154067830890426193946041166782379150390625000000000000e-02
1.1287880226154067830890426193946041166782379150390625000000000000e-02
1.1287880226154067830890426193946041166782379150390625000000000000e-02
1.1287880226154067830890426193946041166782379150390625000000000000e-02
1.1287880226154067830890426193946041166782379150390625000000000000e-02
1.1287880226154067830890426193946041166782379150390625000000000000e-02
1.1287880226154067830890426193946041166782379150390625000000000000e-02
1.1287880226154067830890426193946041166782379150390625000000000000e-02
1.1287880226154067830890426193946041166782379150390625000000000000e-02
1.1287880226154067830890426193946041166782379150390625000000000000e-02
1.1287880226154067830890426193946041166782379150390625000000000000e-02
1.1287880226154067830890426193946041166782379150390625000000000000e-02
1.1287880226154067830890426193946041166782379150390625000000000000e-02
1.1287880226154067830890426193946041166782379150390625000000000000e-02
1.1287880226154067830890426193946041166782379150390625000000000000e-02
1.1287880226154067830890426193946041166782379150390625000000000000e-02
1.1287880226154067830890426193946041166782379150390625000000000000e-02
1.1287880226154067830890426193946041166782379150390625000000000000e-02
1.1287880226154067830890426193946041166782379150390625000000000000e-02
1.1287880226154067830890426193946041166782379150390625000000000000e-02
1.1287880226154067830890426193946041166782379150390625000000000000e-02
1.1287880226154067830890426193946041166782379150390625000000000000e-02
1.1287880226154067830890426193946041166782379150390625000000000000e-02
1.1287880226154067830890426193946041166782379150390625000000000000e-02
1.1287880226154067830890426193946041166782379150390625000000000000e-02
1.1287880226154067830890426193946041166782379150390625000000000000e-02
1.1287880226154067830890426193946041166782379150390625000000000000e-02
1.1287880226154067830890426193946041166782379150390625000000000000e-02
1.1287880226154067830890426193946041166782379150390625000000000000e-02
1.1287880226154067830890426193946041166782379150390625000000000000e-02
1.1287880226154067830890426193946041166782379150390625000000000000e-02
1.1287880226154067830890426193946041166782379150390625000000000000e-02
1.1287880226154067830890426193946041166782379150390625000000000000e-02
1.1287880226154067830890426193946041166782379150390625000000000000e-02
1.1287880226154067830890426193946041166782379150390625000000000000e-02
1.1287880226154067830890426193946041166782379150390625000000000000e-02
1.1287880226154067830890426193946041166782379150390625000000000000e-02
1.1287880226154067830890426193946041166782379150390625000000000000e-02
1.1287880226154067830890426193946041166782379150390625000000000000e-02
1.1287880226154067830890426193946041166782379150390625000000000000e-02
1.1287880226154067830890426193946041166782379150390625000000000000e-02
1.1287880226154067830890426193946041166782379150390625000000000000e-02
1.1287880226154067830890426193946041166782379150390625000000000000e-02
1.1287880226154067830890426193946041166782379150390625000000000000e-02
1.1287880226154067830890426193946041166782379150390625000000000000e-02
1.1287880226154067830890426193946041166782379150390625000000000000e-02
1.1287880226154067830890426193946041166782379150390625000000000000e-02
1.1287880226154067830890426193946041166782379150390625000000000000e-02
1.1287880226154067830890426193946041166782379150390625000000000000e-02
1.1287880226154067830890426193946041166782379150390625000000000000e-02
1.1287880226154067830890426193946041166782379150390625000000000000e-02
1.1287880226154067830890426193946041166782379150390625000000000000e-02
1.1287880226154067830890426193946041166782379150390625000000000000e-02
1.1287880226154067830890426193946041166782379150390625000000000000e-02
1.1287880226154067830890426193946041166782379150390625000000000000e-02
1.1287880226154067830890426193946041166782379150390625000000000000e-02
1.1287880226154067830890426193946041166782379150390625000000000000e-02
1.1287880226154067830890426193946041166782379150390625000000000000e-02
1.1287880226154067830890426193946041166782379150390625000000000000e-02
1.1287880226154067830890426193946041166782379150390625000000000000e-02
1.1287880226154067830890426193946041166782379150390625000000000000e-02
1.1287880226154067830890426193946041166782379150390625000000000000e-02
1.1287880226154067830890426193946041166782379150390625000000000000e-02
1.1287880226154067830890426193946041166782379150390625000000000000e-02
1.1287880226154067830890426193946041166782379150390625000000000000e-02
1.1287880226154067830890426193946041166782379150390625000000000000e-02
1.1287880226154067830890426193946041166782379150390625000000000000e-02
1.1287880226154067830890426193946041166782379150390625000000000000e-02
1.1287880226154067830890426193946041166782379150390625000000000000e-02
1.1287880226154067830890426193946041166782379150390625000000000000e-02
1.1287880226154067830890426193946041166782379150390625000000000000e-02
1.1287880226154067830890426193946041166782379150390625000000000000e-02
1.1287880226154067830890426193946041166782379150390625000000000000e-02
1.1287880226154067830890426193946041166782379150390625000000000000e-02
1.1287880226154067830890426193946041166782379150390625000000000000e-02
1.1287880226154067830890426193946041166782379150390625000000000000e-02
1.1287880226154067830890426193946041166782379150390625000000000000e-02
1.1287880226154067830890426193946041166782379150390625000000000000e-02
1.1287880226154067830890426193946041166782379150390625000000000000e-02
1.1287880226154067830890426193946041166782379150390625000000000000e-02
1.1287880226154067830890426193946041166782379150390625000000000000e-02
1.1287880226154067830890426193946041166782379150390625000000000000e-02
1.1287880226154067830890426193946041166782379150390625000000000000e-02
1.1287880226154067830890426193946041166782379150390625000000000000e-02
1.1287880226154067830890426193946041166782379150390625000000000000e-02
1.1287880226154067830890426193946041166782379150390625000000000000e-02
1.1287880226154067830890426193946041166782379150390625000000000000e-02
1.1287880226154067830890426193946041166782379150390625000000000000e-02
1.1287880226154067830890426193946041166782379150390625000000000000e-02
1.1287880226154067830890426193946041166782379150390625000000000000e-02
1.1287880226154067830890426193946041166782379150390625000000000000e-02
1.1287880226154067830890426193946041166782379150390625000000000000e-02
1.1287880226154067830890426193946041166782379150390625000000000000e-02
1.1287880226154067830890426193946041166782379150390625000000000000e-02
1.1287880226154067830890426193946041166782379150390625000000000000e-02
1.1287880226154067830890426193946041166782379150390625000000000000e-02
1.1287880226154067830890426193946041166782379150390625000000000000e-02
1.1287880226154067830890426193946041166782379150390625000000000000e-02
1.1287880226154067830890426193946041166782379150390625000000000000e-02
1.1287880226154067830890426193946041166782379150390625000000000000e-02
1.1287880226154067830890426193946041166782379150390625000000000000e-02
1.1287880226154067830890426193946041166782379150390625000000000000e-02
1.1287880226154067830890426193946041166782379150390625000000000000e-02
1.1287880226154067830890426193946041166782379150390625000000000000e-02
1.1287880226154067830890426193946041166782379150390625000000000000e-02
1.1287880226154067830890426193946041166782379150390625000000000000e-02
1.1287880226154067830890426193946041166782379150390625000000000000e-02
1.1287880226154067830890426193946041166782379150390625000000000000e-02
1.1287880226154067830890426193946041166782379150390625000000000000e-02
1.1287880226154067830890426193946041166782379150390625000000000000e-02
1.1287880226154067830890426193946041166782379150390625000000000000e-02
1.1287880226154067830890426193946041166782379150390625000000000000e-02
1.1287880226154067830890426193946041166782379150390625000000000000e-02
1.1287880226154067830890426193946041166782379150390625000000000000e-02
1.1287880226154067830890426193946041166782379150390625000000000000e-02
1.1287880226154067830890426193946041166782379150390625000000000000e-02
1.1287880226154067830890426193946041166782379150390625000000000000e-02
1.1287880226154067830890426193946041166782379150390625000000000000e-02
1.1287880226154067830890426193946041166782379150390625000000000000e-02
1.1287880226154067830890426193946041166782379150390625000000000000e-02
1.1287880226154067830890426193946041166782379150390625000000000000e-02
1.1287880226154067830890426193946041166782379150390625000000000000e-02
1.1287880226154067830890426193946041166782379150390625000000000000e-02
1.1287880226154067830890426193946041166782379150390625000000000000e-02
1.1287880226154067830890426193946041166782379150390625000000000000e-02
1.1287880226154067830890426193946041166782379150390625000000000000e-02
1.1287880226154067830890426193946041166782379150390625000000000000e-02
1.1287880226154067830890426193946041166782379150390625000000000000e-02
1.1287880226154067830890426193946041166782379150390625000000000000e-02
1.1287880226154067830890426193946041166782379150390625000000000000e-02
1.1287880226154067830890426193946041166782379150390625000000000000e-02
1.1287880226154067830890426193946041166782379150390625000000000000e-02
1.1287880226154067830890426193946041166782379150390625000000000000e-02
1.1287880226154067830890426193946041166782379150390625000000000000e-02
1.1287880226154067830890426193946041166782379150390625000000000000e-02
1.1287880226154067830890426193946041166782379150390625000000000000e-02
1.1287880226154067830890426193946041166782379150390625000000000000e-02
1.1287880226154067830890426193946041166782379150390625000000000000e-02
1.1287880226154067830890426193946041166782379150390625000000000000e-02
1.1287880226154067830890426193946041166782379150390625000000000000e-02
1.1287880226154067830890426193946041166782379150390625000000000000e-02
1.1287880226154067830890426193946041166782379150390625000000000000e-02
1.1287880226154067830890426193946041166782379150390625000000000000e-02
1.1287880226154067830890426193946041166782379150390625000000000000e-02
1.1287880226154067830890426193946041166782379150390625000000000000e-02
1.1287880226154067830890426193946041166782379150390625000000000000e-02
1.1287880226154067830890426193946041166782379150390625000000000000e-02
1.1287880226154067830890426193946041166782379150390625000000000000e-02
1.1287880226154067830890426193946041166782379150390625000000000000e-02
1.1287880226154067830890426193946041166782379150390625000000000000e-02
1.1287880226154067830890426193946041166782379150390625000000000000e-02
1.1287880226154067830890426193946041166782379150390625000000000000e-02
1.1287880226154067830890426193946041166782379150390625000000000000e-02
1.1287880226154067830890426193946041166782379150390625000000000000e-02
1.1287880226154067830890426193946041166782379150390625000000000000e-02
1.1287880226154067830890426193946041166782379150390625000000000000e-02
1.1287880226154067830890426193946041166782379150390625000000000000e-02
