1.6077046858352611428955025729692351887933909893035888671875000000e-03
3.4115535804999604953258174333541319356299936771392822265625000000e-03
4.3001119450299862476128076593795412918552756309509277343750000000e-03
5.0110635108728185035942281899679073831066489219665527343750000000e-03
5.5585138813954177577913995378366962540894746780395507812500000000e-03
6.1730285511841362020013512790228560334071516990661621093750000000e-03
6.5384144384726125900919591060755919897928833961486816406250000000e-03
7.0567238456141195140913779937363869976252317428588867187500000000e-03
7.3518180701925050016254381546332297148182988166809082031250000000e-03
7.7015282011209879389768140356409276137128472328186035156250000000e-03
8.0935875497706033510070255942991934716701507568359375000000000000e-03
8.2916587598612177117951560489927942398935556411743164062500000000e-03
8.6242802587864417218632695494306972250342369079589843750000000000e-03
8.8484667365214559470176780564543150831013917922973632812500000000e-03
9.1526012933225778245294179669144796207547187805175781250000000000e-03
9.3499286889480743428793019234035455156117677688598632812500000000e-03
9.5949929222656788613265987919476174283772706985473632812500000000e-03
9.7734786360768842461421712641822523437440395355224609375000000000e-03
1.0003684367843013527932249928653618553653359413146972656250000000e-02
1.0182980971589218263662068864050525007769465446472167968750000000e-02
1.0400018946919203227663430766369856428354978561401367187500000000e-02
1.0566822506851454924192701412266615079715847969055175781250000000e-02
1.0762108353291830950548835232893907232210040092468261718750000000e-02
1.0912728003687695993439987773854227270931005477905273437500000000e-02
1.1089854021801071048969333787681534886360168457031250000000000000e-02
1.1230762054526775492457879579433210892602801322937011718750000000e-02
1.1395756126022517015772272941376286325976252555847167968750000000e-02
1.1533100489149839679159370575689536053687334060668945312500000000e-02
1.1692288106348350598673313527342543238773941993713378906250000000e-02
1.1820177299421898153841681278208852745592594146728515625000000000e-02
1.1973217427741584747979963765374122885987162590026855468750000000e-02
1.2107993273354808461128584440302802249789237976074218750000000000e-02
1.2241507669289608539742175707942806184291839599609375000000000000e-02
1.2360946860896667581775076882877328898757696151733398437500000000e-02
1.2502630238764437728415934714121249271556735038757324218750000000e-02
1.2613565156071624567823974416569399181753396987915039062500000000e-02
1.2744435647558153071323694405236892635002732276916503906250000000e-02
1.2851179211578534974935728030231985030695796012878417968750000000e-02
1.2967139803908005191157570834548096172511577606201171875000000000e-02
1.3076437391414168220915570373108494095504283905029296875000000000e-02
1.3186733764036612584491514610363083193078637123107910156250000000e-02
1.3299546365577088330445221231457253452390432357788085937500000000e-02
1.3400626870069628007731132868229906307533383369445800781250000000e-02
1.3504481519244567952475755134855717187747359275817871093750000000e-02
1.3612079557274661331667253705290931975468993186950683593750000000e-02
1.3709431089006310355848938797862501814961433410644531250000000000e-02
1.3809452830053454627790010533772147027775645256042480468750000000e-02
1.3902754355834866586971720892051962437108159065246582031250000000e-02
1.4002389454812563113206280718259222339838743209838867187500000000e-02
1.4099224668711262190012867279165220679715275764465332031250000000e-02
1.4202342517537512589509418603483936749398708343505859375000000000e-02
1.4281654166466027991444498468354140641167759895324707031250000000e-02
1.4379964695803179250410686051964148646220564842224121093750000000e-02
1.4471315856008698172430193551463162293657660484313964843750000000e-02
1.4555185729831407112633279155033960705623030662536621093750000000e-02
1.4641442010472616869209971923737612087279558181762695312500000000e-02
1.4724537350138098418250720555988664273172616958618164062500000000e-02
1.4818342704285095492999779764886625343933701515197753906250000000e-02
1.4893827475257323186830227257360093062743544578552246093750000000e-02
1.4979575443134935178179922843355598160997033119201660156250000000e-02
6.0071567164011316006244634024824335938319563865661621093750000000e-03
-3.7201920783547817424621872994805471535073593258857727050781250000e-04
-3.7151566302562918746310582918113141204230487346649169921875000000e-04
-3.7101211821705809557059296821535099297761917114257812500000000000e-04
-3.7050857340804009554258158232187270186841487884521484375000000000e-04
-3.7000502859768587054709043648870192555477842688560485839843750000e-04
-3.6950148378923723928995981324874264828395098447799682617187500000e-04
-3.6899793897987446297109803694524998718407005071640014648437500000e-04
-3.6849439417008532414790633602308389527024701237678527832031250000e-04
-3.6799084936090312170087202048307517543435096740722656250000000000e-04
-3.6748730455171365509928205206335860566468909382820129394531250000e-04
-3.6698375974299906904924073458573730022180825471878051757812500000e-04
-3.6648021493305516036592672790561664442066103219985961914062500000e-04
-3.6597667012345808795759083409393497277051210403442382812500000000e-04
-3.6547312531468690655414577328485847829142585396766662597656250000e-04
-3.6496958050558634453069961622873051965143531560897827148437500000e-04
-3.6446603569663643239912032001370789657812565565109252929687500000e-04
-3.6396249088723001694281600215674643550300970673561096191406250000e-04
-3.6345894607730453969643424905200390639947727322578430175781250000e-04
-3.6295540126815079755642767800338788219960406422615051269531250000e-04
-3.6245185645889112886416927317156932986108586192131042480468750000e-04
-3.6194831164946178253191688689582861115923151373863220214843750000e-04
-3.6144476684006891960276863784429224324412643909454345703125000000e-04
-3.6094122203118698694740418275728188746143132448196411132812500000e-04
-3.6043767722167459072873940684189619787503033876419067382812500000e-04
-3.5993413241200747886006094944377764477394521236419677734375000000e-04
-3.5943058760292670352626265284357032214757055044174194335937500000e-04
-3.5892704279383064094183231063084349443670362234115600585937500000e-04
-3.5842349798438817576329284975145128555595874786376953125000000000e-04
-3.5791995317480411378102678199297770333942025899887084960937500000e-04
-3.5741640836608226357642981163564854796277359127998352050781250000e-04
-3.5691286355682378750656114085870740382233634591102600097656250000e-04
-3.5640931874696737393856671438641114946221932768821716308593750000e-04
-3.5590577393831133480583961414822624647058546543121337890625000000e-04
-3.5540222912919586500252178140613068535458296537399291992187500000e-04
-3.5489868431929424020393470939893632021266967058181762695312500000e-04
-3.5439513950986928489048088941615333169465884566307067871093750000e-04
-3.5389159470085589272170256691651957225985825061798095703125000000e-04
-3.5338804989166116773957604380029806634411215782165527343750000000e-04
-3.5288450508195941561148667453551297512603923678398132324218750000e-04
-3.5238096027247889493669297245048710465198382735252380371093750000e-04
-3.5187741546341833997341153050797402102034538984298706054687500000e-04
-3.5137387065471324069237946119415028078947216272354125976562500000e-04
-3.5087032584498839505801615068492083082674071192741394042968750000e-04
-3.5036678103523199914043351199666176398750394582748413085937500000e-04
-3.4986323622616564369552927260542674048338085412979125976562500000e-04
-3.4935969141720136588516454345665351866045966744422912597656250000e-04
-3.4885614660775467231815238910996868071379140019416809082031250000e-04
-3.4835260179802511040433876665645129833137616515159606933593750000e-04
-3.4784905698899095576395734674690629617543891072273254394531250000e-04
-3.4734551218006766079571256966573855606839060783386230468750000000e-04
-3.4684196737041410145419018107304509612731635570526123046875000000e-04
-3.4633842256074747747648934215192184637999162077903747558593750000e-04
-3.4583487775229846674859834898541066650068387389183044433593750000e-04
-3.4533133294345003594036369598541114100953564047813415527343750000e-04
-3.4482778813362555212634896761869640613440424203872680664062500000e-04
-3.4432424332431210700633528176695108413696289062500000000000000000e-04
-3.4382069851467340123457594458500352629926055669784545898437500000e-04
-3.4331715370516241447873539982538204640150070190429687500000000000e-04
-3.4281360889622930748082962892908653884660452604293823242187500000e-04
-3.4231006408678489073837969414171311655081808567047119140625000000e-04
-3.4180651927728084287644305661046928435098379850387573242187500000e-04
-3.4130297446791058556259113032638197182677686214447021484375000000e-04
-3.4079942965886678152287458942737430334091186523437500000000000000e-04
-3.4029588485008616756052890472972194402245804667472839355468750000e-04
-3.3979234004023365712035542607338811649242416024208068847656250000e-04
-3.3928879523077606732150979240714150364510715007781982421875000000e-04
-3.3878525042164991812679297744637096911901608109474182128906250000e-04
-3.3828170561203197482663673767433465400245040655136108398437500000e-04
-3.3777816080338054355314270082999428268522024154663085937500000000e-04
-3.3727461599386147949111713906233944726409390568733215332031250000e-04
-3.3677107118392141972551545592295951792038977146148681640625000000e-04
-3.3626752637576763724919226561382856743875890970230102539062500000e-04
-3.3576398156681555671326799838993792945984750986099243164062500000e-04
-3.3526043675700717330151467976406820525880903005599975585937500000e-04
-3.3475689194753890411127006387914661900140345096588134765625000000e-04
-3.3425334713759635068067166407956847251625731587409973144531250000e-04
-3.3374980232837094277706380118786455568624660372734069824218750000e-04
-3.3324625751954858703107742456950290943495929241180419921875000000e-04
-3.3274271271006882529780446233758084417786449193954467773437500000e-04
-3.3223916790086932982611900300184970546979457139968872070312500000e-04
-3.3173562309139054387480127772391824692022055387496948242187500000e-04
-3.3123207828231757479664487675563577795401215553283691406250000000e-04
-3.3072853347284377617532058479810075368732213973999023437500000000e-04
-3.3022498866340510570438482318422757089138031005859375000000000000e-04
-3.2972144385443519004272316941239751031389459967613220214843750000e-04
-3.2921789904488354570541441823650075093610212206840515136718750000e-04
-3.2871435423592452627558624378423246525926515460014343261718750000e-04
-3.2821080942651008772320553319445934903342276811599731445312500000e-04
-3.2770726461707336881618024548856737965252250432968139648437500000e-04
-3.2720371980779911760470191062211142707383260130882263183593750000e-04
-3.2670017499936176205016513662826582731213420629501342773437500000e-04
-3.2619663018973856036947234215972457604948431253433227539062500000e-04
-3.2569308537985216861140869148982801561942324042320251464843750000e-04
-3.2518954057061944234313655144319454848300665616989135742187500000e-04
-3.2468599576124625768341891429713541583623737096786499023437500000e-04
-3.2418245095215951923767194742254105221945792436599731445312500000e-04
-3.2367890614281170490879047108023769396822899580001831054687500000e-04
-3.2317536133338642433468490544612450321437790989875793457031250000e-04
-3.2267181652406631137131043374211003538221120834350585937500000000e-04
-3.2216827171527458433669677262400909967254847288131713867187500000e-04
-3.2166472690549937751142151043382000352721661329269409179687500000e-04
-3.2116118209589130045103488875213315623113885521888732910156250000e-04
-3.2065763728687134885911302895067365170689299702644348144531250000e-04
-3.2015409247741516852309162644019124854821711778640747070312500000e-04
-3.1965054766818509855014207587942109967116266489028930664062500000e-04
-3.1914700285936052018970210397696973814163357019424438476562500000e-04
-3.1864345804944306603939674360503886418882757425308227539062500000e-04
-3.1813991324052979994124745743988569302018731832504272460937500000e-04
-3.1763636843160184290366099268965172086609527468681335449218750000e-04
-3.1713282362236109353931245991020659857895225286483764648437500000e-04
-3.1662927881322578283623814243696870107669383287429809570312500000e-04
-3.1612573400318532594946430158699968160362914204597473144531250000e-04
-3.1562218919360820286110214105690374708501622080802917480468750000e-04
-3.1511864438467005432309431256499010487459599971771240234375000000e-04
-3.1461509957559909101895700977991054969606921076774597167968750000e-04
-3.1411155476610019311733967839472825289703905582427978515625000000e-04
-3.1360800995682415297227674244595618802122771739959716796875000000e-04
-3.1310446514747514602100553204877542157191783189773559570312500000e-04
-3.1260092033846489803852741751200028375023975968360900878906250000e-04
-3.1209737552855888222114177921184818842448294162750244140625000000e-04
-3.1159383071910899025772079262708302849205210804939270019531250000e-04
-3.1109028591028847765542764136625919491052627563476562500000000000e-04
-3.1058674110086682915859990217199992912355810403823852539062500000e-04
-3.1008319629195513515360071998827606876147910952568054199218750000e-04
-3.0957965148256021224032474847831508668605238199234008789062500000e-04
-3.0907610667285829748190950638786489435005933046340942382812500000e-04
-3.0857256186395392184157460135907058429438620805740356445312500000e-04
-3.0806901705439322441612559622114986268570646643638610839843750000e-04
-3.0756547224527862197454575188260150753194466233253479003906250000e-04
-3.0706192743678114740954465666789019451243802905082702636718750000e-04
-3.0655838262699233384700470139705430483445525169372558593750000000e-04
-3.0605483781701259228189004879538970271823927760124206542968750000e-04
-3.0555129300770543553447677886936162394704297184944152832031250000e-04
-3.0504774819900944355169358779278354631969705224037170410156250000e-04
-3.0454420338994601545265505926352034293813630938529968261718750000e-04
-3.0404065857977144275714476151506460155360400676727294921875000000e-04
-3.0353711377049155369436950202555181022034958004951477050781250000e-04
-3.0303356896181599892253766270755477307830005884170532226562500000e-04
-3.0253002415231596260863922154271676845382899045944213867187500000e-04
-3.0202647934284812709926359985956878517754375934600830078125000000e-04
-3.0152293453335470441861732027177822601515799760818481445312500000e-04
-3.0101938972445889397544505072801257483661174774169921875000000000e-04
-3.0051584491519402111275871547491078672464936971664428710937500000e-04
-3.0001230010573041399185578725905543251428753137588500976562500000e-04
-2.9950875529668926624746183584591108228778466582298278808593750000e-04
-2.9900521048710894476269084307773482578340917825698852539062500000e-04
-2.9850166567828572165496647805582597356988117098808288574218750000e-04
-2.9799812086925948169044420232864922581939026713371276855468750000e-04
-2.9749457605907618116744539626949972443981096148490905761718750000e-04
-2.9699103124992487848232691760586021700873970985412597656250000000e-04
-2.9648748644062509430968654910998338891658931970596313476562500000e-04
-2.9598394163134363315376118563904128677677363157272338867187500000e-04
-2.9548039682224654057726698219710215198574587702751159667968750000e-04
-2.9497685201260816006615939066648479638388380408287048339843750000e-04
-2.9447330720326321887303500091093155788257718086242675781250000000e-04
-2.9396976239437543152593912409997756185475736856460571289062500000e-04
-2.9346621758522114728484631029914453392848372459411621093750000000e-04
-2.9296267277552394880588138015298227401217445731163024902343750000e-04
-2.9245912796611292549034399890217628126265481114387512207031250000e-04
-2.9195558315693023515233206488517225807299837470054626464843750000e-04
-2.9145203834791841507670384636696780944475904107093811035156250000e-04
-2.9094849353858052119770061239023561938665807247161865234375000000e-04
-2.9044494872908113540510566252805801923386752605438232421875000000e-04
-2.8994140391980298106580637984563963982509449124336242675781250000e-04
-2.8943785911025122830828038011929947970202192664146423339843750000e-04
-2.8893431430080773313767705801069496374111622571945190429687500000e-04
-2.8843076949228770716748826430375629570335149765014648437500000000e-04
-2.8792722468354243819596560705065257934620603919029235839843750000e-04
-2.8742367987364818597215143647360946488333866000175476074218750000e-04
-2.8692013506385595717276815186380645172903314232826232910156250000e-04
-2.8641659025497548819033655220778200600761920213699340820312500000e-04
-2.8591304544564935790490478595415879681240767240524291992187500000e-04
-2.8540950063604003401201980594237284094560891389846801757812500000e-04
-2.8490595582652395150596857931191152601968497037887573242187500000e-04
-2.8440241101769032005738835344743620225926861166954040527343750000e-04
-2.8389886620840674470722664324284778558649122714996337890625000000e-04
-2.8339532139861972007827128905432800820562988519668579101562500000e-04
-2.8289177658977459608666271684285220544552430510520935058593750000e-04
-2.8238823178074288090116938931828372005838900804519653320312500000e-04
-2.8188468697083057671118333509241438150638714432716369628906250000e-04
-2.8138114216147723295122218267749758524587377905845642089843750000e-04
-2.8087759735262479059494933331109223217936232686042785644531250000e-04
-2.8037405254315473247112011634385453362483531236648559570312500000e-04
-2.7987050773407417397775631684453401248902082443237304687500000000e-04
-2.7936696292511499191760226956660062569426372647285461425781250000e-04
-2.7886341811579916155280911560510048730066046118736267089843750000e-04
-2.7835987330649531162202192646759613126050680875778198242187500000e-04
-2.7785632849651746741070912349869104218669235706329345703125000000e-04
-2.7735278368707446013108341986708182957954704761505126953125000000e-04
-2.7684923887831851176816178039530313981231302022933959960937500000e-04
-2.7634569406872653511003656845446130319032818078994750976562500000e-04
-2.7584214925950188614794944541586119157727807760238647460937500000e-04
-2.7533860445037969429116220254627478425391018390655517578125000000e-04
-2.7483505964088865685529539106823904148768633604049682617187500000e-04
-2.7433151483159982312459712616714568866882473230361938476562500000e-04
-2.7382797002245789878827064711686034570448100566864013671875000000e-04
-2.7332442521320088639133483177090511162532493472099304199218750000e-04
-2.7282088040356868583261040761556159850442782044410705566406250000e-04
-2.7231733559433455010151403641316392167937010526657104492187500000e-04
-2.7181379078544248015583684185969559621298685669898986816406250000e-04
-2.7131024597580849066352781662203597079496830701828002929687500000e-04
-2.7080670116640917673145327881911725853569805622100830078125000000e-04
-2.7030315635759923510034186122652499761898070573806762695312500000e-04
-2.6979961154809475355753622949350756243802607059478759765625000000e-04
-2.6929606673845810776990461476998461876064538955688476562500000000e-04
-2.6879252193006341557085514537561721226666122674942016601562500000e-04
-2.6828897712081583573281995391823784302687272429466247558593750000e-04
-2.6778543231046339967091340916738317901035770773887634277343750000e-04
-2.6728188750139151479492949370353471749695017933845520019531250000e-04
-2.6677834269232591829154599416540349920978769659996032714843750000e-04
-2.6627479788280913105408265195706007943954318761825561523437500000e-04
-2.6577125307379877465138728886984154087258502840995788574218750000e-04
-2.6526770826463511206150247545565434847958385944366455078125000000e-04
-2.6476416345526615579025753177688784489873796701431274414062500000e-04
-2.6426061864563986413337315362070967239560559391975402832031250000e-04
-2.6375707383610513334995517631398342928150668740272521972656250000e-04
-2.6325352902700863708465583989948299858951941132545471191406250000e-04
-2.6274998421789598620698646946891585685079917311668395996093750000e-04
-2.6224643940871470533179876660767604334978386759757995605468750000e-04
-2.6174289459941264433459617855248779960675165057182312011718750000e-04
-2.6123934978993786993131664964096216863254085183143615722656250000e-04
-2.6073580498122897594268088106161940231686457991600036621093750000e-04
-2.6023226017184570820275912872432400035904720425605773925781250000e-04
-2.5972871536193687345972502811264348565600812435150146484375000000e-04
-2.5922517055302837785113467816699994727969169616699218750000000000e-04
-2.5872162574349017762076474724608488031663000583648681640625000000e-04
-2.5821808093425457821673552061270129343029111623764038085937500000e-04
-2.5771453612507215892926670797180577210383489727973937988281250000e-04
-2.5721099131530399941811260156043772440170869231224060058593750000e-04
-2.5670744650607224893179569846779486397281289100646972656250000000e-04
-2.5620390169732204684038823216951641370542347431182861328125000000e-04
-2.5570035688783274412799739749857508286368101835250854492187500000e-04
-2.5519681207833287044442482915940217935713008046150207519531250000e-04
-2.5469326726915793215194616649910130945499986410140991210937500000e-04
-2.5418972246006159851697270291026597988093271851539611816406250000e-04
-2.5368617765060596028203754315200058044865727424621582031250000000e-04
-2.5318263284112668643974219939707381854532286524772644042968750000e-04
-2.5267908803195716915812596425894298590719699859619140625000000000e-04
-2.5217554322285237874620711373552239820128306746482849121093750000e-04
-2.5167199841356934549713164628315098525490611791610717773437500000e-04
-2.5116845360386688863763016144048378919251263141632080078125000000e-04
-2.5066490879503163088579120731935745425289496779441833496093750000e-04
-2.5016136398624592117323484075086525990627706050872802734375000000e-04
-2.4965781917650871563410519549108812498161569237709045410156250000e-04
-2.4915427436672288362753957535744575579883530735969543457031250000e-04
-2.4865072955759494549923815931435910897562280297279357910156250000e-04
-2.4814718474850370761447537759636361442971974611282348632812500000e-04
-2.4764363993920994076389230365009552770061418414115905761718750000e-04
-2.4714009512947598783128011490362041513435542583465576171875000000e-04
-2.4663655032019300879231327172647070256061851978302001953125000000e-04
-2.4613300551130798616075723295182342553744092583656311035156250000e-04
-2.4562946070202012821201420500472067942610010504722595214843750000e-04
-2.4512591589246810440394508390227201743982732295989990234375000000e-04
-2.4462237108334873147280630334421402949374169111251831054687500000e-04
-2.4411882627423740874279822765657854688470251858234405517578125000e-04
-2.4361528146471276103958436554108857308165170252323150634765625000e-04
-2.4311173665546848801817525487223292657290585339069366455078125000e-04
-2.4260819184626801676453455858251118115731514990329742431640625000e-04
-2.4210464703669230313899662920817945632734335958957672119140625000e-04
-2.4160110222798283994422030573900883609894663095474243164062500000e-04
-2.4109755741879846909284101919013210135744884610176086425781250000e-04
-2.4059401260890898735858578483259861968690529465675354003906250000e-04
-2.4009046779973345275491225514485904568573459982872009277343750000e-04
-2.3958692299048749922013579194413068762514740228652954101562500000e-04
-2.3908337818112220213122298684282895919750444591045379638671875000e-04
-2.3857983337140697879114048518545132537838071584701538085937500000e-04
-2.3807628856256592055767873361560305056627839803695678710937500000e-04
-2.3757274375327605683491660748529739066725596785545349121093750000e-04
-2.3706919894367201842762249430762722113286145031452178955078125000e-04
-2.3656565413478946235600886005556731106480583548545837402343750000e-04
-2.3606210932513435802639067961905539050349034368991851806640625000e-04
-2.3555856451592065950624566017523875416372902691364288330078125000e-04
-2.3505501970691767567832319851817146627581678330898284912109375000e-04
-2.3455147489753836527633101827206019152072258293628692626953125000e-04
-2.3404793008791519070069253594112979044439271092414855957031250000e-04
-2.3354438527871401471563972407352594018448144197463989257812500000e-04
-2.3304084046988390692412007609846114064566791057586669921875000000e-04
-2.3253729566030916908053738367812002252321690320968627929687500000e-04
-2.3203375085100895122702802098046959144994616508483886718750000000e-04
-2.3153020604175649247921664475313718867255374789237976074218750000e-04
-2.3102666123285631812230012105402465749648399651050567626953125000e-04
-2.3052311642355401317960872376033876207657158374786376953125000000e-04
-2.3001957161380406826495237382346203958149999380111694335937500000e-04
-2.2951602680443795802441020459383480556425638496875762939453125000e-04
-2.2901248199505553054117212852247575938235968351364135742187500000e-04
-2.2850893718613291319928515488157927393331192433834075927734375000e-04
-2.2800539237692271123114640118956231162883341312408447265625000000e-04
-2.2750184756737927972529422770975315870600752532482147216796875000e-04
-2.2699830275780410820084254108763843760243616998195648193359375000e-04
-2.2649475794849597567147403420761975212371908128261566162109375000e-04
-2.2599121313940598461920961081972336614853702485561370849609375000e-04
-2.2548766833014084070598015419051307617337442934513092041015625000e-04
-2.2498412352099837426856743238801072948263026773929595947265625000e-04
-2.2448057871158737805808436327481558691943064332008361816406250000e-04
-2.2397703390220524873044372071717589278705418109893798828125000000e-04
-2.2347348909297544980803729153251424577319994568824768066406250000e-04
-2.2296994428367981270870668009109749618801288306713104248046875000e-04
-2.2246639947512257149894732144446152233285829424858093261718750000e-04
-2.2196285466589410072420218700273153444868512451648712158203125000e-04
-2.2145930985578273701534779416277842756244353950023651123046875000e-04
-2.2095576504626898554396741136685022866004146635532379150390625000e-04
-2.2045222023730237669893183838354389081359840929508209228515625000e-04
-2.1994867542815982894635618016820899356389418244361877441406250000e-04
-2.1944513061862826945429272296195222224923782050609588623046875000e-04
-2.1894158580916661389730026865407808145391754806041717529296875000e-04
-2.1843804100006266374206509439659384952392429113388061523437500000e-04
-2.1793449619093434614300330842695530009223148226737976074218750000e-04
-2.1743095138140297638632003618397448008181527256965637207031250000e-04
-2.1692740657208953126630635033222915808437392115592956542968750000e-04
-2.1642386176294676667329619501600745934410952031612396240234375000e-04
-2.1592031695376245003202553274235242497525177896022796630859375000e-04
-2.1541677214449112616641290873786829251912422478199005126953125000e-04
-2.1491322733525243678619209841684778439230285584926605224609375000e-04
-2.1440968252567233214185560274955832937848754227161407470703125000e-04
-2.1390613771619896720140030499379690809291787445545196533203125000e-04
-2.1340259290711336716793444789885825230157934129238128662109375000e-04
-2.1289904809804148229195053243500979078817181289196014404296875000e-04
-2.1239550328861248832540420394821012450847774744033813476562500000e-04
-2.1189195847959549118440236714633329029311425983905792236328125000e-04
-2.1138841367029481254496969810929840605240315198898315429687500000e-04
-2.1088486886082892859950455033413163619115948677062988281250000000e-04
-2.1038132405163788990476447793298575561493635177612304687500000000e-04
-2.0987777924203171019817970588405842136126011610031127929687500000e-04
-2.0937423443293131080505942165359556383918970823287963867187500000e-04
-2.0887068962364816913576670565078075014753267168998718261718750000e-04
-2.0836714481413918815394525907436218403745442628860473632812500000e-04
-2.0786360000499875459560594759267360132071189582347869873046875000e-04
-2.0736005519570311749627533615125685173552483320236206054687500000e-04
-2.0685651038636763596710588242189032825990580022335052490234375000e-04
-2.0635296557710663912718618284714011679170653223991394042968750000e-04
-2.0584942076787556626722708319476851102081127464771270751953125000e-04
-2.0534587595863010062342823847103545631398446857929229736328125000e-04
-2.0484233114916928532311946042909767129458487033843994140625000000e-04
-2.0433878633992113627894371408189044814207591116428375244140625000e-04
-2.0383524153068396478176438346707755044917576014995574951171875000e-04
-2.0333169672172602955410869451924327222513966262340545654296875000e-04
-2.0282815191253469270377118860437803959939628839492797851562500000e-04
-2.0232460710275764273480270105665113078430294990539550781250000000e-04
-2.0182106229328503673586814315399351471569389104843139648437500000e-04
-2.0131751748422597255057386878007719133165664970874786376953125000e-04
-2.0081397267491737923528205556067405268549919128417968750000000000e-04
-2.0031042786562556394860945552238717937143519520759582519531250000e-04
-1.9980688305661423176395885548117803409695625305175781250000000000e-04
-1.9930333824691979800053376337132249318528920412063598632812500000e-04
-1.9879979343757323050415064535911824350478127598762512207031250000e-04
-1.9829624862852907409872804667116952259675599634647369384765625000e-04
-1.9779270381928659001090353708462998838513158261775970458984375000e-04
-1.9728915900995606870667320453804904900607652962207794189453125000e-04
-1.9678561420034438667406306855411912692943587899208068847656250000e-04
-1.9628206939146679082738855548484480095794424414634704589843750000e-04
-1.9577852458207200343938414466293806981411762535572052001953125000e-04
-1.9527497977257164186483395784676986295380629599094390869140625000e-04
-1.9477143496337331191048392042830528225749731063842773437500000000e-04
-1.9426789015413399911401393094223521984531544148921966552734375000e-04
-1.9376434534510981913361937767348308625514619052410125732421875000e-04
-1.9326080053551431881843358784323072541155852377414703369140625000e-04
-1.9275725572649534300846696499576182759483344852924346923828125000e-04
-1.9225371091756342863295092815434372823801822960376739501953125000e-04
-1.9175016610779142020408449820223495407844893634319305419921875000e-04
-1.9124662129832054892862591710667174993432126939296722412109375000e-04
-1.9074307648896037469497810601382070672116242349147796630859375000e-04
-1.9023953167966861361841413025075553377973847091197967529296875000e-04
-1.8973598687054926779232966183030839601997286081314086914062500000e-04
-1.8923244206126851136781641393724839872447773814201354980468750000e-04
-1.8872889725178652702008985642123661818914115428924560546875000000e-04
-1.8822535244278769026547715181862940880819223821163177490234375000e-04
-1.8772180763350506359221636643042074865661561489105224609375000000e-04
-1.8721826282389985966758683133548402111046016216278076171875000000e-04
-1.8671471801465233403966026415332635224331170320510864257812500000e-04
-1.8621117320571892888615705974331149263889528810977935791015625000e-04
-1.8570762839634162425818397768040313167148269712924957275390625000e-04
-1.8520408358691103109343323307456330439890734851360321044921875000e-04
-1.8470053877781383009672178108218076886259950697422027587890625000e-04
-1.8419699396843950702472303415646592839038930833339691162109375000e-04
-1.8369344915945725856334935777169903303729370236396789550781250000e-04
-1.8318990434983614397183859789919324612128548324108123779296875000e-04
-1.8268635954024468230974531657295756303938105702400207519531250000e-04
-1.8218281473134412848206842294729312925483100116252899169921875000e-04
-1.8167926992196948014941793037024808654678054153919219970703125000e-04
-1.8117572511236367991359352824787265490158461034297943115234375000e-04
-1.8067218030332413136740399295376846566796302795410156250000000000e-04
-1.8016863549439004858754298510348235140554606914520263671875000000e-04
-1.7966509068469005828798390478340252229827456176280975341796875000e-04
-1.7916154587529570458084848816326939413556829094886779785156250000e-04
-1.7865800106616500173700723408387602830771356821060180664062500000e-04
-1.7815445625670703246740123049107751285191625356674194335937500000e-04
-1.7765091144757017677623112117402115472941659390926361083984375000e-04
-1.7714736663843928419700968213135183759732171893119812011718750000e-04
-1.7664382182913914765866325584653395708301104605197906494140625000e-04
-1.7614027701976791456285609260845603785128332674503326416015625000e-04
-1.7563673221028731257289945411059761681826785206794738769531250000e-04
-1.7513318740092957779413973540272309037391096353530883789062500000e-04
-1.7462964259178976765204960308608406194252893328666687011718750000e-04
-1.7412609778255861347692756702087990561267361044883728027343750000e-04
-1.7362255297386834066060423698019121729885227978229522705078125000e-04
-1.7311900816447349906249120188306278578238561749458312988281250000e-04
-1.7261546335460822214173670641201852049562148749828338623046875000e-04
-1.7211191854543363621496410154065870301565155386924743652343750000e-04
-1.7160837373611094827142997676361346748308278620243072509765625000e-04
-1.7110482892660340385748707348056996124796569347381591796875000000e-04
-1.7060128411740141472080489748464060539845377206802368164062500000e-04
-1.7009773930846435038496955449716097064083442091941833496093750000e-04
-1.6959419449922845282534289435005803170497529208660125732421875000e-04
-1.6909064968952802884491481982820459961658343672752380371093750000e-04
-1.6858710488024068589220372249570800704532302916049957275390625000e-04
-1.6808356007119558080988019899137952961609698832035064697265625000e-04
-1.6758001526183546078634101217375018677557818591594696044921875000e-04
-1.6707647045251282705291551167192665161564946174621582031250000000e-04
-1.6657292564319013910938138689488141608308069407939910888671875000e-04
-1.6606938083395849704328173235268195639946497976779937744140625000e-04
-1.6556583602478011640890542821580311283469200134277343750000000000e-04
-1.6506229121574506730173170776510005453019402921199798583984375000e-04
-1.6455874640630636972574163401361602154793217778205871582031250000e-04
-1.6405520159681140205699956258200700176530517637729644775390625000e-04
-1.6355165678747676078451378511857683406560681760311126708984375000e-04
-1.6304811197813829769936999625201679009478539228439331054687500000e-04
-1.6254456716913656070394589292504861077759414911270141601562500000e-04
-1.6204102235980571413906381472713746916269883513450622558593750000e-04
-1.6153747755023726466808153823251359426649287343025207519531250000e-04
-1.6103393274089530503093148361415387626038864254951477050781250000e-04
-1.6053038793161750305733825872067654927377589046955108642578125000e-04
-1.6002684312261468185974166988927436250378377735614776611328125000e-04
-1.5952329831323157675014579037764406166388653218746185302734375000e-04
-1.5901975350392769971430428910252885543741285800933837890625000000e-04
-1.5851620869466667576933027739016779378289356827735900878906250000e-04
-1.5801266388516796760309313096826144828810356557369232177734375000e-04
-1.5750911907612939483885883262814786576200276613235473632812500000e-04
-1.5700557426690377009481647263555714744143187999725341796875000000e-04
-1.5650202945757856138123131906070284458110108971595764160156250000e-04
-1.5599848464811937238418126927541607074090279638767242431640625000e-04
-1.5549493983861272243703066653353062065434642136096954345703125000e-04
-1.5499139502974385441784466177495005467790178954601287841796875000e-04
-1.5448785022075409785642652327197765771416015923023223876953125000e-04
-1.5398430541125202866345467178632588911568745970726013183593750000e-04
-1.5348076060192077552275791152425199470599181950092315673828125000e-04
-1.5297721579236858908436291759613823160179890692234039306640625000e-04
-1.5247367098303538437975568342608312377706170082092285156250000000e-04
-1.5197012617411992277220711411445108751649968326091766357421875000e-04
-1.5146658136464514836892758520292545654228888452053070068359375000e-04
-1.5096303655516693162375041481482185190543532371520996093750000000e-04
-1.5045949174611719157713951577903799261548556387424468994140625000e-04
-1.4995594693664453136809633360115867617423646152019500732421875000e-04
-1.4945240212729799097676752772656527668004855513572692871093750000e-04
-1.4894885731827321468517810743037443899083882570266723632812500000e-04
-1.4844531250884294678107910847586481395410373806953430175781250000e-04
-1.4794176769966556903371235343058742728317156434059143066406250000e-04
-1.4743822289024760682427106495140378683572635054588317871093750000e-04
-1.4693467808089973828528096433387872821185737848281860351562500000e-04
-1.4643113327192830474057783085584105720045045018196105957031250000e-04
-1.4592758846239108029216313688891659694490954279899597167968750000e-04
-1.4542404365350098901545072838104033507988788187503814697265625000e-04
-1.4492049884420670716883572382016609481070190668106079101562500000e-04
-1.4441695403436734268000363190509460764587856829166412353515625000e-04
-1.4391340922529507833325934651469424352399073541164398193359375000e-04
-1.4340986441617033860136676270968791868654079735279083251953125000e-04
-1.4290631960662847918866469321130807657027617096900939941406250000e-04
-1.4240277479730394810143734307672502836794592440128326416015625000e-04
-1.4189922998838208970107110928893234813585877418518066406250000000e-04
-1.4139568517894862340056327809634240111336112022399902343750000000e-04
-1.4089214036941372998681942796395105688134208321571350097656250000e-04
-1.4038859556029105023905456661736934620421379804611206054687500000e-04
-1.3988505075100126783145537689989623686415143311023712158203125000e-04
-1.3938150594162214716484338161706091341329738497734069824218750000e-04
-1.3887796113255402989140885328112062779837287962436676025390625000e-04
-1.3837441632333198301453569545316213407204486429691314697265625000e-04
-1.3787087151392583860877449897230917486012913286685943603515625000e-04
-1.3736732670441252081826311037815457893884740769863128662109375000e-04
-1.3686378189508061715626285881342028005747124552726745605468750000e-04
-1.3636023708600249811778715169907627569045871496200561523437500000e-04
-1.3585669227661649276737987346308500491431914269924163818359375000e-04
-1.3535314746773580694451377670617375770234502851963043212890625000e-04
-1.3484960265869511998604313163241386064328253269195556640625000000e-04
-1.3434605784873448748421853604639863988268189132213592529296875000e-04
-1.3384251303928895943454180361698035994777455925941467285156250000e-04
-1.3333896823042567505654409920623493235325440764427185058593750000e-04
-1.3283542342117836626905202912496406497666612267494201660156250000e-04
-1.3233187861152052432894832278975627559702843427658081054687500000e-04
-1.3182833380234840496211812244098382507218047976493835449218750000e-04
-1.3132478899321786474860274118725556036224588751792907714843750000e-04
-1.3082124418389452628376512510754992035799659788608551025390625000e-04
-1.3031769937455300032748406469096380533301271498203277587890625000e-04
-1.2981415456536526844937007307834164748783223330974578857421875000e-04
-1.2931060975599774874600367269295020378194749355316162109375000000e-04
-1.2880706494662291067797299515262920976965688169002532958984375000e-04
-1.2830352013741059451559789472696593293221667408943176269531250000e-04
-1.2779997532813035308711657744851208917680196464061737060546875000e-04
-1.2729643051885233427308885545414796069962903857231140136718750000e-04
-1.2679288570984289944224010504569832846755161881446838378906250000e-04
-1.2628934090067644503176114145759356688358820974826812744140625000e-04
-1.2578579609083594213064793976286637189332395792007446289062500000e-04
-1.2528225128166509670137040988180388012551702558994293212890625000e-04
-1.2477870647254423299224446175514913193183019757270812988281250000e-04
-1.2427516166305682763365547671696731413248926401138305664062500000e-04
-1.2377161685375623030938574409276498045073822140693664550781250000e-04
-1.2326807204461148704741080273095121810911223292350769042968750000e-04
-1.2276452723520973366044817254305598908104002475738525390625000000e-04
-1.2226098242581090761935125321713258017553016543388366699218750000e-04
-1.2175743761676582964208204185041495293262414634227752685546875000e-04
-1.2125389280747508500505477124775666197820100933313369750976562500e-04
-1.2075034799800743923105933452788463000615593045949935913085937500e-04
-1.2024680318880520614888834929345762247976381331682205200195312500e-04
-1.1974325837965037980670929274040759082708973437547683715820312500e-04
-1.1923971357032864054007609277974211181572172790765762329101562500e-04
-1.1873616876099917633296393359998432970314752310514450073242187500e-04
-1.1823262395172633458430982988929258681309875100851058959960937500e-04
-1.1772907914248179051235759784432843844115268439054489135742187500e-04
-1.1722553433305491074004761609117508669442031532526016235351562500e-04
-1.1672198952396624783544448744621035984891932457685470581054687500e-04
-1.1621844471491246913574107990640982279728632420301437377929687500e-04
-1.1571489990541483161914926292013205966213718056678771972656250000e-04
-1.1521135509590082264975291481690078398969490081071853637695312500e-04
-1.1470781028670143559828470403161304602690506726503372192382812500e-04
-1.1420426547751848776225680470730594606720842421054840087890625000e-04
-1.1370072066805890574191922892666184452536981552839279174804687500e-04
-1.1319717585874097473541688430032081669196486473083496093750000000e-04
-1.1269363104962404125916619612723934551468119025230407714843750000e-04
-1.1219008624032897336597613957565044984221458435058593750000000000e-04
-1.1168654143091880385964959065958623796177562326192855834960937500e-04
-1.1118299662162885882172452811644802750379312783479690551757812500e-04
-1.1067945181251775293215094952969934638531412929296493530273437500e-04
-1.1017590700312718038009207610627981921425089240074157714843750000e-04
-1.0967236219386270054069326684853535880392882972955703735351562500e-04
-1.0916881738461161059812465357055089043569751083850860595703125000e-04
-1.0866527257517821206025260272198806887899991124868392944335937500e-04
-1.0816172776604593712326124466116539224458392709493637084960937500e-04
-1.0765818295710112074189263031698260419943835586309432983398437500e-04
-1.0715463814772991475113977921651553515403065830469131469726562500e-04
-1.0665109333807944538580897431145899645343888550996780395507812500e-04
-1.0614754852870859176076218099993297983019147068262100219726562500e-04
-1.0564400371950578947245064087567811839107889682054519653320312500e-04
-1.0514045891036158831156194226608135977585334330797195434570312500e-04
-1.0463691410100499194508333333786254115693736821413040161132812500e-04
-1.0413336929173949566614781891971119875961448997259140014648437500e-04
-1.0362982448237720723826366109321384101349394768476486206054687500e-04
-1.0312627967313671537193109362107179549639113247394561767578125000e-04
-1.0262273486391142944106763534861670450482051819562911987304687500e-04
-1.0211919005459700853909871254288077579985838383436203002929687500e-04
-1.0161564524532922188307382249661259265849366784095764160156250000e-04
-1.0111210043608325479577020322707880950474645942449569702148437500e-04
-1.0060855562667747630824222060397232780815102159976959228515625000e-04
-1.0010501081740318443918241753110009994998108595609664916992187500e-04
-9.9601466008312556418141658909348734596278518438339233398437500000e-05
-9.9097921198836697812689644493389096169266849756240844726562500000e-05
-9.8594376389574427035217274450928925944026559591293334960937500000e-05
-9.8090831580345685209929018633090436196653172373771667480468750000e-05
-9.7587286771126565678921571667103762592887505888938903808593750000e-05
-9.7083741961969421854598827348326040009851567447185516357421875000e-05
-9.6580197152623504879519200638782194801024161279201507568359375000e-05
-9.6076652343143824461409174819692680102889426052570343017578125000e-05
-9.5573107533808492010038437847185832652030512690544128417968750000e-05
-9.5069562724741282755923366121209028278826735913753509521484375000e-05
-9.4566017915323144363629048747554861620301380753517150878906250000e-05
-9.4062473105905005971334731373900694961776025593280792236328125000e-05
-9.3558928296830559667718318905826890841126441955566406250000000000e-05
-9.3055383487561932755009752593622351923841051757335662841796875000e-05
-9.2551838678152413769986694980218544515082612633705139160156250000e-05
-9.2048293868942374432173814113866683328524231910705566406250000000e-05
-9.1544749059548074935147021768955255538458004593849182128906250000e-05
-9.1041204250235659807197197146422240621177479624748229980468750000e-05
-9.0537659441052915259076638854196517058880999684333801269531250000e-05
-9.0034114631764298368812871053989965730579569935798645019531250000e-05
-8.9530569822490223340187565082004539362969808280467987060546875000e-05
-8.9027025013208816394370825886284137595794163644313812255859375000e-05
-8.8523480204106872013154749812002819453482516109943389892578125000e-05
-8.8019935394815287119443802943408172723138704895973205566406250000e-05
-8.7516390585453080006722581529743365535978227853775024414062500000e-05
-8.7012845776136721093370340884831648509134538471698760986328125000e-05
-8.6509300966708946854268058590520240613841451704502105712890625000e-05
-8.6005756157555136951625707197877090948168188333511352539062500000e-05
-8.5502211348247749811250784102156785593251697719097137451171875000e-05
-8.4998666538902103886714278768721442247624509036540985107421875000e-05
-8.4495121729696943458677582672322614598670043051242828369140625000e-05
-8.3991576920411890883055860967942862771451473236083984375000000000e-05
-8.3488032111093526195684522139828231956926174461841583251953125000e-05
-8.2984487301657051234148043672433914252906106412410736083984375000e-05
-8.2480942492472748145404537467584304977208375930786132812500000000e-05
-8.1977397683323125973653411335817509097978472709655761718750000000e-05
-8.1473852873932079083144075504208103666314855217933654785156250000e-05
-8.0970308064601883039565488608957366523100063204765319824218750000e-05
-8.0466763255374821727644585322991588327568024396896362304687500000e-05
-7.9963218446104067068172516208335309784160926938056945800781250000e-05
-7.9459673636833380171336227437706156706553883850574493408203125000e-05
-7.8956128827605356629987243266555196896661072969436645507812500000e-05
-7.8452584018461602702494694927537466355715878307819366455078125000e-05
-7.7949039209197908909670937660507661348674446344375610351562500000e-05
-7.7445494399736768348710413967239674093434587121009826660156250000e-05
-7.6941949590304779273662594274441062225378118455410003662109375000e-05
-7.6438404781122644589264059078459467855282127857208251953125000000e-05
-7.5934859971868884798845700245806256134528666734695434570312500000e-05
-7.5431315162467185621991694333132727479096502065658569335937500000e-05
-7.4927770353313850057799805348679456074023619294166564941406250000e-05
-7.4424225544093510799348312190204524085856974124908447265625000000e-05
-7.3920680734673258212817648082904042894369922578334808349609375000e-05
-7.3417135925384980135732782002833118895068764686584472656250000000e-05
-7.2913591116150871509690722938046292256331071257591247558593750000e-05
-7.2410046306838293751415025489848176221130415797233581542968750000e-05
-7.1906501497544066114908645204195636324584484100341796875000000000e-05
-7.1402956688306379621697383974776585091603919863700866699218750000e-05
-7.0899411879106653757050271469353219799813814461231231689453125000e-05
-7.0395867069760628361753396209365973845706321299076080322265625000e-05
-6.9892322260364160460381632855586531150038354098796844482421875000e-05
-6.9388777451337446157408894720219905138947069644927978515625000000e-05
-6.8885232642114098237928754286940602469258010387420654296875000000e-05
-6.8381687832627722871403630477971091750077903270721435546875000000e-05
-6.7878143023294111590981714243753231130540370941162109375000000000e-05
-6.7374598214040406010671979686321719782426953315734863281250000000e-05
-6.6871053404743196818191264263475659390678629279136657714843750000e-05
-6.6367508595491280171466130788360260339686647057533264160156250000e-05
-6.5863963786163835290900225860610817107954062521457672119140625000e-05
-6.5360418976797833470575305181426983835990540683269500732421875000e-05
-6.4856874167633100231045162331611209083348512649536132812500000000e-05
-6.4353329358345404912628007210173564089927822351455688476562500000e-05
-6.3849784549122571989179797391500414960319176316261291503906250000e-05
-6.3346239739847724466506595497605758282588794827461242675781250000e-05
-6.2842694930506550875931592869960695679765194654464721679687500000e-05
-6.2339150121183144648458196446227930209715850651264190673828125000e-05
-6.1835605311910465530129965561201288437587209045886993408203125000e-05
-6.1332060502672114963088056960316407639766111969947814941406250000e-05
-6.0828515693356250716977012826802706513262819498777389526367187500e-05
-6.0324970884044804594718847123857585756923072040081024169921875000e-05
-5.9821426074816997893804360053593427437590435147285461425781250000e-05
-5.9317881265702639397713324953542723960708826780319213867187500000e-05
-5.8814336456406338224552066140660144810681231319904327392578125000e-05
-5.8310791647009978743397551337324102860293351113796234130859375000e-05
-5.7807246837638230651558457484640030088485218584537506103515625000e-05
-5.7303702028366595077821243897631120489677414298057556152343750000e-05
-5.6800157219178233007194495085556695812556426972150802612304687500e-05
-5.6296612409835134957763330687541269981011282652616500854492187500e-05
-5.5793067600591282064696058151653801360225770622491836547851562500e-05
-5.5289522791255807311790182456689990431186743080615997314453125000e-05
-5.4785977981903906895971151369550966592214535921812057495117187500e-05
-5.4282433172736415717164748517831185381510294973850250244140625000e-05
-5.3778888363438007126030721005705004245101008564233779907226562500e-05
-5.3275343554124961805568139183719722495879977941513061523437500000e-05
-5.2771798744867739344461404771280399472743738442659378051757812500e-05
-5.2268253935610333924238063429967837691947352141141891479492187500e-05
-5.1764709126339823210254803553809210825420450419187545776367187500e-05
-5.1261164317003352346602956801646655549120623618364334106445312500e-05
-5.0757619507710066610733923297971159627195447683334350585937500000e-05
-5.0254074698644388792187487347007390781072899699211120605468750000e-05
-4.9750529889316029116038547774891753761039581149816513061523437500e-05
-4.9246985079875847538324884489213673077756538987159729003906250000e-05
-4.8743440270584215210768891379800038521352689713239669799804687500e-05
-4.8239895461310275707415146095868863085343036800622940063476562500e-05
-4.7736350652116838215368449516162741019797977060079574584960937500e-05
-4.7232805842803155926129532460322479892056435346603393554687500000e-05
-4.6729261033471746931370477406986196911020670086145401000976562500e-05
-4.6225716224221077117143702261969906430749688297510147094726562500e-05
-4.5722171414928773939493483746687729762925300747156143188476562500e-05
-4.5218626605656101597428830896063800537376664578914642333984375000e-05
-4.4715081796426485634139008640275392281182575970888137817382812500e-05
-4.4211536987087615973180537709552595515560824424028396606445312500e-05
-4.3707992177770193186446545663415008675656281411647796630859375000e-05
-4.3204447368496782231651887062895411872887052595615386962890625000e-05
-4.2700902559254982546448758951029844865843188017606735229492187500e-05
-4.2197357749999738754306810584182585444068536162376403808593750000e-05
-4.1693812940688008028978367436323537731368560343980789184570312500e-05
-4.1190268131408938894096050109538964534294791519641876220703125000e-05
-4.0686723322118939646062363291179053703672252595424652099609375000e-05
-4.0183178512903519954968523109073430532589554786682128906250000000e-05
-3.9679633703624335623605379197442744043655693531036376953125000000e-05
-3.9176088894273831118083423197262504800164606422185897827148437500e-05
-3.8672544084997790973020487248490439924353267997503280639648437500e-05
-3.8168999275753429860184862132399530310067348182201385498046875000e-05
-3.7665454466470491478799487161666093015810474753379821777343750000e-05
-3.7161909657140925627733657465867622704536188393831253051757812500e-05
-3.6658364847873267720716750073250977948191575706005096435546875000e-05
-3.6154820038598691248586669555464823133661411702632904052734375000e-05
-3.5651275229336528891331548063448053653701208531856536865234375000e-05
-3.5147730420049524751799352451087088411441072821617126464843750000e-05
-3.4644185610757343546893538555053737582056783139705657958984375000e-05
-3.4140640801478423489809937985128840409743133932352066040039062500e-05
-3.3637095992177053671492309439017276417871471494436264038085937500e-05
-3.3133551182924466174672950558033335255458950996398925781250000000e-05
-3.2630006373658421018387615353262276585155632346868515014648437500e-05
-3.2126461564371349116219639396874185877095442265272140502929687500e-05
-3.1622916755106211979253760802066608448512852191925048828125000000e-05
-3.1119371945878574684928724591870263793680351227521896362304687500e-05
-3.0615827136581907593534251921241207128332462161779403686523437500e-05
-3.0112282327211751923635996153194582802825607359409332275390625000e-05
-2.9608737517975203842705844703431239395285956561565399169921875000e-05
-2.9105192708696930918793946418965390421362826600670814514160156250e-05
-2.8601647899348933630795863147788793412473751232028007507324218750e-05
-2.8098103090127974344226979841465663412236608564853668212890625000e-05
-2.7594558280845523853819223347727529471740126609802246093750000000e-05
-2.7091013471519234326193373285640575431898469105362892150878906250e-05
-2.6587468662292169626140680982473440963076427578926086425781250000e-05
-2.6083923853028208170905591356536490366124780848622322082519531250e-05
-2.5580379043722681114882838704360779047419782727956771850585937500e-05
-2.5076834234451116691913194478580351187702035531401634216308593750e-05
-2.4573289425166192865299455427852137745503569021821022033691406250e-05
-2.4069744615862559774946763391234583195910090580582618713378906250e-05
-2.3566199806591398539660012212415551857702666893601417541503906250e-05
-2.3062654997344679287099231124180676033574854955077171325683593750e-05
-2.2559110188061364823085275244096692404127679765224456787109375000e-05
-2.2055565378755654807945915663047742327762534841895103454589843750e-05
-2.1552020569474688319261748703503656088287243619561195373535156250e-05
-2.1048475760261508183280448891494529561896342784166336059570312500e-05
-2.0544930950975689889874409299608259971137158572673797607421875000e-05
-2.0041386141648837932371582382096164565155049785971641540527343750e-05
-1.9537841332341037439918399187810393868858227506279945373535156250e-05
-1.9034296523076313655030780691568281781655969098210334777832031250e-05
-1.8530751713817102360563893181932826337288133800029754638671875000e-05
-1.8027206904515407281594518984491060109576210379600524902343750000e-05
-1.7523662095267400538953911359740800435247365385293960571289062500e-05
-1.7020117285969669574177687287885873956838622689247131347656250000e-05
-1.6516572476687757796724384529163387469452572986483573913574218750e-05
-1.6013027667403376071196888230652177753654541447758674621582031250e-05
-1.5509482858112790676363701436457631643861532211303710937500000000e-05
-1.5005938048860435266571890233766595201814197935163974761962890625e-05
-1.4502393239569631337238311830084569464816013351082801818847656250e-05
-1.3998848430296157702005556411339881606181734241545200347900390625e-05
-1.3495303621024069812674509027949909523158567026257514953613281250e-05
-1.2991758811729071376186127328988817453137016855180263519287109375e-05
-1.2488214002460188659527490218081879902456421405076980590820312500e-05
-1.1984669193220733561522362009554854012094438076019287109375000000e-05
-1.1481124383921891289519340295655069894564803689718246459960937500e-05
-1.0977579574629252686822009077438622171030147001147270202636718750e-05
-1.0474034765347694969140658616257866242449381388723850250244140625e-05
-9.9704899560494710311891325416056020003452431410551071166992187500e-06
-9.4669451467873713543721078678139235762500902637839317321777343750e-06
-8.9634003375179194315729158670791321128490380942821502685546875000e-06
-8.4598555282331802581416782538248355649557197466492652893066406250e-06
-7.9563107189399860018309482145859590218606172129511833190917968750e-06
-7.4527659096676567081099333555993524669247562997043132781982421875e-06
-6.9492211003995100630824602316870652884972514584660530090332031250e-06
-6.4456762911174619133246495306099888011885923333466053009033203125e-06
-5.9421314818275185694654814960724564798510982654988765716552734375e-06
-5.4385866725520798177950961005411301130152423866093158721923828125e-06
-4.9350418632784333878411008045272723165908246301114559173583984375e-06
-4.4314970539977243971728991522862628471557400189340114593505859375e-06
-3.9279522447204425018092883992171238105584052391350269317626953125e-06
-3.4244074354417790957087058822949643399624619632959365844726562500e-06
-2.9208626261638293148661851134084699310733412858098745346069335938e-06
-2.4173178168856969984235310427989062986853241454809904098510742188e-06
-1.9137730076129657875690440183014118247228907421231269836425781250e-06
-1.4102281983331353818253818890871009728016360895708203315734863281e-06
-9.0668338905049748537804538139894816595187876373529434204101562500e-07
-4.0314757164382459165243217415197651831704206415452063083648681641e-07
