7.4178445574361830949783325195312500000000000000000000000000000000e+00
7.4178445574361830949783325195312500000000000000000000000000000000e+00
6.2528854468837380409240722656250000000000000000000000000000000000e-01
-6.6129458835348486900329589843750000000000000000000000000000000000e-01
1.0995697241742163896560668945312500000000000000000000000000000000e+00
-1.5419014985673129558563232421875000000000000000000000000000000000e-01
5.2136556222103536128997802734375000000000000000000000000000000000e-01
2.5791352475062012672424316406250000000000000000000000000000000000e-01
2.9943063575774431228637695312500000000000000000000000000000000000e-01
3.3844604971818625926971435546875000000000000000000000000000000000e-01
2.9424699442461133003234863281250000000000000000000000000000000000e-01
3.2016973197460174560546875000000000000000000000000000000000000000e-01
3.1209389213472604751586914062500000000000000000000000000000000000e-01
3.1280424538999795913696289062500000000000000000000000000000000000e-01
3.1516743823885917663574218750000000000000000000000000000000000000e-01
3.1432254496030509471893310546875000000000000000000000000000000000e-01
3.1531467847526073455810546875000000000000000000000000000000000000e-01
3.1556721869856119155883789062500000000000000000000000000000000000e-01
3.1577252456918358802795410156250000000000000000000000000000000000e-01
3.1594029930420219898223876953125000000000000000000000000000000000e-01
3.1586985825560986995697021484375000000000000000000000000000000000e-01
3.1567874737083911895751953125000000000000000000000000000000000000e-01
3.1529701547697186470031738281250000000000000000000000000000000000e-01
3.1472595175728201866149902343750000000000000000000000000000000000e-01
3.1396754039451479911804199218750000000000000000000000000000000000e-01
3.1300883344374597072601318359375000000000000000000000000000000000e-01
3.1185272848233580589294433593750000000000000000000000000000000000e-01
3.1049912190064787864685058593750000000000000000000000000000000000e-01
3.0894946330226957798004150390625000000000000000000000000000000000e-01
3.0720826145261526107788085937500000000000000000000000000000000000e-01
3.0528039601631462574005126953125000000000000000000000000000000000e-01
3.0317208333872258663177490234375000000000000000000000000000000000e-01
3.0089056561700999736785888671875000000000000000000000000000000000e-01
2.9844368249177932739257812500000000000000000000000000000000000000e-01
2.9583988361991941928863525390625000000000000000000000000000000000e-01
2.9308802960440516471862792968750000000000000000000000000000000000e-01
2.9019723646342754364013671875000000000000000000000000000000000000e-01
2.8717677062377333641052246093750000000000000000000000000000000000e-01
2.8403592365793883800506591796875000000000000000000000000000000000e-01
2.8078393987379968166351318359375000000000000000000000000000000000e-01
2.7742989105172455310821533203125000000000000000000000000000000000e-01
2.7398265572264790534973144531250000000000000000000000000000000000e-01
2.7045086654834449291229248046875000000000000000000000000000000000e-01
2.6684268191456794738769531250000000000000000000000000000000000000e-01
2.6316612446680665016174316406250000000000000000000000000000000000e-01
2.5942869833670556545257568359375000000000000000000000000000000000e-01
2.5563712953589856624603271484375000000000000000000000000000000000e-01
2.5179866817779839038848876953125000000000000000000000000000000000e-01
2.4791899020783603191375732421875000000000000000000000000000000000e-01
2.4400319391861557960510253906250000000000000000000000000000000000e-01
2.4005858344025909900665283203125000000000000000000000000000000000e-01
2.3608713131397962570190429687500000000000000000000000000000000000e-01
2.3209343058988451957702636718750000000000000000000000000000000000e-01
2.2808619542047381401062011718750000000000000000000000000000000000e-01
2.2405886230990290641784667968750000000000000000000000000000000000e-01
2.2002105857245624065399169921875000000000000000000000000000000000e-01
2.1598257077857851982116699218750000000000000000000000000000000000e-01
2.1191850234754383563995361328125000000000000000000000000000000000e-01
2.0786035503260791301727294921875000000000000000000000000000000000e-01
2.0380901568569242954254150390625000000000000000000000000000000000e-01
1.9970738212577998638153076171875000000000000000000000000000000000e-01
1.9564838870428502559661865234375000000000000000000000000000000000e-01
1.9158492540009319782257080078125000000000000000000000000000000000e-01
1.8742155446670949459075927734375000000000000000000000000000000000e-01
1.8338656029663980007171630859375000000000000000000000000000000000e-01
1.7928142938762903213500976562500000000000000000000000000000000000e-01
1.7500729556195437908172607421875000000000000000000000000000000000e-01
1.7103883018717169761657714843750000000000000000000000000000000000e-01
1.6680770111270248889923095703125000000000000000000000000000000000e-01
1.6234840988181531429290771484375000000000000000000000000000000000e-01
1.5852297097444534301757812500000000000000000000000000000000000000e-01
1.5398082416504621505737304687500000000000000000000000000000000000e-01
1.4922493812628090381622314453125000000000000000000000000000000000e-01
1.4568060706369578838348388671875000000000000000000000000000000000e-01
1.4043847331777215003967285156250000000000000000000000000000000000e-01
1.3517393707297742366790771484375000000000000000000000000000000000e-01
1.3209467660635709762573242187500000000000000000000000000000000000e-01
1.2472249846905469894409179687500000000000000000000000000000000000e-01
1.1587734380736947059631347656250000000000000000000000000000000000e-01
1.1427776073105633258819580078125000000000000000000000000000000000e-01
1.1990547808818519115447998046875000000000000000000000000000000000e-01
1.3019910454750061035156250000000000000000000000000000000000000000e-01
1.3783066254109144210815429687500000000000000000000000000000000000e-01
1.4008196815848350524902343750000000000000000000000000000000000000e-01
1.4264371176250278949737548828125000000000000000000000000000000000e-01
1.4473463362082839012145996093750000000000000000000000000000000000e-01
1.4455760293640196323394775390625000000000000000000000000000000000e-01
1.4448903454467654228210449218750000000000000000000000000000000000e-01
1.4417947735637426376342773437500000000000000000000000000000000000e-01
1.4275465067476034164428710937500000000000000000000000000000000000e-01
1.4133959868922829627990722656250000000000000000000000000000000000e-01
1.3981898198835551738739013671875000000000000000000000000000000000e-01
1.3773665437474846839904785156250000000000000000000000000000000000e-01
1.3563869590871036052703857421875000000000000000000000000000000000e-01
1.3350928830914199352264404296875000000000000000000000000000000000e-01
1.3109986810013651847839355468750000000000000000000000000000000000e-01
1.2867698119953274726867675781250000000000000000000000000000000000e-01
1.2626188597641885280609130859375000000000000000000000000000000000e-01
1.2371579813770949840545654296875000000000000000000000000000000000e-01
1.2116714962758123874664306640625000000000000000000000000000000000e-01
1.1864567571319639682769775390625000000000000000000000000000000000e-01
1.1607382120564579963684082031250000000000000000000000000000000000e-01
1.1351125570945441722869873046875000000000000000000000000000000000e-01
1.1098465975373983383178710937500000000000000000000000000000000000e-01
1.0845146747305989265441894531250000000000000000000000000000000000e-01
1.0593744227662682533264160156250000000000000000000000000000000000e-01
1.0346281225793063640594482421875000000000000000000000000000000000e-01
1.0100496071390807628631591796875000000000000000000000000000000000e-01
9.8573454655706882476806640625000000000000000000000000000000000000e-02
9.6182111185044050216674804687500000000000000000000000000000000000e-02
9.3819452216848731040954589843750000000000000000000000000000000000e-02
9.1487776488065719604492187500000000000000000000000000000000000000e-02
8.9195735752582550048828125000000000000000000000000000000000000000e-02
8.6937838932499289512634277343750000000000000000000000000000000000e-02
8.4713478805497288703918457031250000000000000000000000000000000000e-02
8.2527593942359089851379394531250000000000000000000000000000000000e-02
8.0377727281302213668823242187500000000000000000000000000000000000e-02
7.8262379858642816543579101562500000000000000000000000000000000000e-02
7.6184030389413237571716308593750000000000000000000000000000000000e-02
7.4141626944765448570251464843750000000000000000000000000000000000e-02
7.2133617941290140151977539062500000000000000000000000000000000000e-02
7.0160966366529464721679687500000000000000000000000000000000000000e-02
6.8223178852349519729614257812500000000000000000000000000000000000e-02
6.6318925237283110618591308593750000000000000000000000000000000000e-02
6.4448302611708641052246093750000000000000000000000000000000000000e-02
6.2610974535346031188964843750000000000000000000000000000000000000e-02
6.0805871151387691497802734375000000000000000000000000000000000000e-02
5.9032644378021359443664550781250000000000000000000000000000000000e-02
5.7290943339467048645019531250000000000000000000000000000000000000e-02
5.5579914478585124015808105468750000000000000000000000000000000000e-02
5.3899013204500079154968261718750000000000000000000000000000000000e-02
5.2247824147343635559082031250000000000000000000000000000000000000e-02
5.0625649513676762580871582031250000000000000000000000000000000000e-02
4.9031884875148534774780273437500000000000000000000000000000000000e-02
4.7466064570471644401550292968750000000000000000000000000000000000e-02
4.5927585568279027938842773437500000000000000000000000000000000000e-02
4.4415851822122931480407714843750000000000000000000000000000000000e-02
4.2930374620482325553894042968750000000000000000000000000000000000e-02
4.1470608441159129142761230468750000000000000000000000000000000000e-02
4.0035994956269860267639160156250000000000000000000000000000000000e-02
3.8626043591648340225219726562500000000000000000000000000000000000e-02
3.7240252830088138580322265625000000000000000000000000000000000000e-02
3.5878102527931332588195800781250000000000000000000000000000000000e-02
3.4539115615189075469970703125000000000000000000000000000000000000e-02
3.3222831087186932563781738281250000000000000000000000000000000000e-02
3.1928768614307045936584472656250000000000000000000000000000000000e-02
3.0656473478302359580993652343750000000000000000000000000000000000e-02
2.9405513079836964607238769531250000000000000000000000000000000000e-02
2.8175446204841136932373046875000000000000000000000000000000000000e-02
2.6965849334374070167541503906250000000000000000000000000000000000e-02
2.5776315014809370040893554687500000000000000000000000000000000000e-02
2.4606437655165791511535644531250000000000000000000000000000000000e-02
2.3455825168639421463012695312500000000000000000000000000000000000e-02
2.2324095480144023895263671875000000000000000000000000000000000000e-02
2.1210873965173959732055664062500000000000000000000000000000000000e-02
2.0115795079618692398071289062500000000000000000000000000000000000e-02
1.9038505852222442626953125000000000000000000000000000000000000000e-02
1.7978660762310028076171875000000000000000000000000000000000000000e-02
1.6935920808464288711547851562500000000000000000000000000000000000e-02
1.5909956302493810653686523437500000000000000000000000000000000000e-02
1.4900442911311984062194824218750000000000000000000000000000000000e-02
1.3907072367146611213684082031250000000000000000000000000000000000e-02
1.2929541291669011116027832031250000000000000000000000000000000000e-02
1.1967547936365008354187011718750000000000000000000000000000000000e-02
1.1020801030099391937255859375000000000000000000000000000000000000e-02
1.0089019080623984336853027343750000000000000000000000000000000000e-02
9.1719280462712049484252929687500000000000000000000000000000000000e-03
8.2692538853734731674194335937500000000000000000000000000000000000e-03
7.3807355947792530059814453125000000000000000000000000000000000000e-03
6.5061200875788927078247070312500000000000000000000000000000000000e-03
5.6451517157256603240966796875000000000000000000000000000000000000e-03
4.7975876368582248687744140625000000000000000000000000000000000000e-03
3.9631910622119903564453125000000000000000000000000000000000000000e-03
3.1417272984981536865234375000000000000000000000000000000000000000e-03
2.3329709656536579132080078125000000000000000000000000000000000000e-03
1.5366978477686643600463867187500000000000000000000000000000000000e-03
7.5269257649779319763183593750000000000000000000000000000000000000e-04
-1.9254861399531364440917968750000000000000000000000000000000000000e-05
-7.7935517765581607818603515625000000000000000000000000000000000000e-04
-1.5278069768100976943969726562500000000000000000000000000000000000e-03
-2.2648086305707693099975585937500000000000000000000000000000000000e-03
-2.9905550181865692138671875000000000000000000000000000000000000000e-03
-3.7052300758659839630126953125000000000000000000000000000000000000e-03
-4.4090223964303731918334960937500000000000000000000000000000000000e-03
-5.1021110266447067260742187500000000000000000000000000000000000000e-03
-5.7846677955240011215209960937500000000000000000000000000000000000e-03
-6.4568717498332262039184570312500000000000000000000000000000000000e-03
-7.1188875008374452590942382812500000000000000000000000000000000000e-03
-7.7708775643259286880493164062500000000000000000000000000000000000e-03
-8.4130093455314636230468750000000000000000000000000000000000000000e-03
-9.0454351156949996948242187500000000000000000000000000000000000000e-03
-9.6683101728558540344238281250000000000000000000000000000000000000e-03
-1.0281788418069481849670410156250000000000000000000000000000000000e-02
-1.0886012576520442962646484375000000000000000000000000000000000000e-02
-1.1481129564344882965087890625000000000000000000000000000000000000e-02
-1.2067284667864441871643066406250000000000000000000000000000000000e-02
-1.2644613627344369888305664062500000000000000000000000000000000000e-02
-1.3213248690590262413024902343750000000000000000000000000000000000e-02
-1.3773327227681875228881835937500000000000000000000000000000000000e-02
-1.4324980555102229118347167968750000000000000000000000000000000000e-02
-1.4868333004415035247802734375000000000000000000000000000000000000e-02
-1.5403507743030786514282226562500000000000000000000000000000000000e-02
-1.5930632362142205238342285156250000000000000000000000000000000000e-02
-1.6449825838208198547363281250000000000000000000000000000000000000e-02
-1.6961203888058662414550781250000000000000000000000000000000000000e-02
-1.7464883858337998390197753906250000000000000000000000000000000000e-02
-1.7960977274924516677856445312500000000000000000000000000000000000e-02
-1.8449595198035240173339843750000000000000000000000000000000000000e-02
-1.8930851947516202926635742187500000000000000000000000000000000000e-02
-1.9404842983931303024291992187500000000000000000000000000000000000e-02
-1.9871685886755585670471191406250000000000000000000000000000000000e-02
-2.0331470295786857604980468750000000000000000000000000000000000000e-02
-2.0784310298040509223937988281250000000000000000000000000000000000e-02
-2.1230292273685336112976074218750000000000000000000000000000000000e-02
-2.1669527515769004821777343750000000000000000000000000000000000000e-02
-2.2102090530097484588623046875000000000000000000000000000000000000e-02
-2.2528104949742555618286132812500000000000000000000000000000000000e-02
-2.2947618272155523300170898437500000000000000000000000000000000000e-02
-2.3360783467069268226623535156250000000000000000000000000000000000e-02
-2.3767611943185329437255859375000000000000000000000000000000000000e-02
-2.4168281117454171180725097656250000000000000000000000000000000000e-02
-2.4562765611335635185241699218750000000000000000000000000000000000e-02
-2.4951289175078272819519042968750000000000000000000000000000000000e-02
-2.5333755183964967727661132812500000000000000000000000000000000000e-02
-2.5710470974445343017578125000000000000000000000000000000000000000e-02
-2.6081237243488430976867675781250000000000000000000000000000000000e-02
-2.6446477742865681648254394531250000000000000000000000000000000000e-02
-2.6805838337168097496032714843750000000000000000000000000000000000e-02
-2.7159926015883684158325195312500000000000000000000000000000000000e-02
-2.7508163126185536384582519531250000000000000000000000000000000000e-02
-2.7851424878463149070739746093750000000000000000000000000000000000e-02
-2.8188800672069191932678222656250000000000000000000000000000000000e-02
-2.8521558037027716636657714843750000000000000000000000000000000000e-02
-2.8848313959315419197082519531250000000000000000000000000000000000e-02
-2.9170894762501120567321777343750000000000000000000000000000000000e-02
-2.9487247113138437271118164062500000000000000000000000000000000000e-02
-2.9799985000863671302795410156250000000000000000000000000000000000e-02
-3.0106122139841318130493164062500000000000000000000000000000000000e-02
-3.0409371480345726013183593750000000000000000000000000000000000000e-02
-3.0705444049090147018432617187500000000000000000000000000000000000e-02
-3.0999569687992334365844726562500000000000000000000000000000000000e-02
-3.1285700853914022445678710937500000000000000000000000000000000000e-02
-3.1571098836138844490051269531250000000000000000000000000000000000e-02
-3.1847357517108321189880371093750000000000000000000000000000000000e-02
-3.2124452525749802589416503906250000000000000000000000000000000000e-02
-3.2390858279541134834289550781250000000000000000000000000000000000e-02
-3.2660119235515594482421875000000000000000000000000000000000000000e-02
-3.2916642259806394577026367187500000000000000000000000000000000000e-02
-3.3178576966747641563415527343750000000000000000000000000000000000e-02
-3.3425120636820793151855468750000000000000000000000000000000000000e-02
-3.3680289983749389648437500000000000000000000000000000000000000000e-02
-3.3916692482307553291320800781250000000000000000000000000000000000e-02
-3.4165710443630814552307128906250000000000000000000000000000000000e-02
-3.4391755238175392150878906250000000000000000000000000000000000000e-02
-3.4635282587260007858276367187500000000000000000000000000000000000e-02
-3.4850677242502570152282714843750000000000000000000000000000000000e-02
-3.5089425276964902877807617187500000000000000000000000000000000000e-02
-3.5293835680931806564331054687500000000000000000000000000000000000e-02
-3.5528554115444421768188476562500000000000000000000000000000000000e-02
-3.5721599357202649116516113281250000000000000000000000000000000000e-02
-3.5953051643446087837219238281250000000000000000000000000000000000e-02
-3.6134331719949841499328613281250000000000000000000000000000000000e-02
-3.6363284103572368621826171875000000000000000000000000000000000000e-02
-3.6532413680106401443481445312500000000000000000000000000000000000e-02
-3.6759594222530722618103027343750000000000000000000000000000000000e-02
-3.6916222423315048217773437500000000000000000000000000000000000000e-02
-3.7142290035262703895568847656250000000000000000000000000000000000e-02
-3.7286148173734545707702636718750000000000000000000000000000000000e-02
-3.7511641858145594596862792968750000000000000000000000000000000000e-02
-3.7642609095200896263122558593750000000000000000000000000000000000e-02
-3.7867900682613253593444824218750000000000000000000000000000000000e-02
-3.7986027542501688003540039062500000000000000000000000000000000000e-02
-3.8211268140003085136413574218750000000000000000000000000000000000e-02
-3.8316844729706645011901855468750000000000000000000000000000000000e-02
-3.8541921414434909820556640625000000000000000000000000000000000000e-02
-3.8635529810562729835510253906250000000000000000000000000000000000e-02
-3.8860002299770712852478027343750000000000000000000000000000000000e-02
-3.8942552404478192329406738281250000000000000000000000000000000000e-02
-3.9165627909824252128601074218750000000000000000000000000000000000e-02
-3.9238390512764453887939453125000000000000000000000000000000000000e-02
-3.9458898594602942466735839843750000000000000000000000000000000000e-02
-3.9523528888821601867675781250000000000000000000000000000000000000e-02
-3.9739906322211027145385742187500000000000000000000000000000000000e-02
-3.9798432961106300354003906250000000000000000000000000000000000000e-02
-4.0008748183026909828186035156250000000000000000000000000000000000e-02
-4.0063544409349560737609863281250000000000000000000000000000000000e-02
-4.0265533141791820526123046875000000000000000000000000000000000000e-02
-4.0319276275113224983215332031250000000000000000000000000000000000e-02
-4.0510407183319330215454101562500000000000000000000000000000000000e-02
-4.0565980598330497741699218750000000000000000000000000000000000000e-02
-4.0743554476648569107055664062500000000000000000000000000000000000e-02
-4.0803959127515554428100585937500000000000000000000000000000000000e-02
-4.0965207386761903762817382812500000000000000000000000000000000000e-02
-4.1033441666513681411743164062500000000000000000000000000000000000e-02
-4.1175675811246037483215332031250000000000000000000000000000000000e-02
-4.1254576994106173515319824218750000000000000000000000000000000000e-02
-4.1375320870429277420043945312500000000000000000000000000000000000e-02
-4.1467433329671621322631835937500000000000000000000000000000000000e-02
-4.1564581217244267463684082031250000000000000000000000000000000000e-02
-4.1672011371701955795288085937500000000000000000000000000000000000e-02
-4.1743952780961990356445312500000000000000000000000000000000000000e-02
-4.1868231957778334617614746093750000000000000000000000000000000000e-02
-4.1913991793990135192871093750000000000000000000000000000000000000e-02
-4.2055963305756449699401855468750000000000000000000000000000000000e-02
-4.2075296398252248764038085937500000000000000000000000000000000000e-02
-4.2235023807734251022338867187500000000000000000000000000000000000e-02
-4.2228473583236336708068847656250000000000000000000000000000000000e-02
-4.2405216023325920104980468750000000000000000000000000000000000000e-02
-4.2374153388664126396179199218750000000000000000000000000000000000e-02
-4.2566342279314994812011718750000000000000000000000000000000000000e-02
-4.2512935353443026542663574218750000000000000000000000000000000000e-02
-4.2718220967799425125122070312500000000000000000000000000000000000e-02
-4.2645375942811369895935058593750000000000000000000000000000000000e-02
-4.2860711459070444107055664062500000000000000000000000000000000000e-02
-4.2771976441144943237304687500000000000000000000000000000000000000e-02
-4.2993745300918817520141601562500000000000000000000000000000000000e-02
-4.2893149890005588531494140625000000000000000000000000000000000000e-02
-4.3117320863530039787292480468750000000000000000000000000000000000e-02
-4.3009231565520167350769042968750000000000000000000000000000000000e-02
-4.3231530347838997840881347656250000000000000000000000000000000000e-02
-4.3120444519445300102233886718750000000000000000000000000000000000e-02
-4.3336558854207396507263183593750000000000000000000000000000000000e-02
-4.3226912152022123336791992187500000000000000000000000000000000000e-02
-4.3432681821286678314208984375000000000000000000000000000000000000e-02
-4.3328668922185897827148437500000000000000000000000000000000000000e-02
-4.3520253384485840797424316406250000000000000000000000000000000000e-02
-4.3425655923783779144287109375000000000000000000000000000000000000e-02
-4.3599719181656837463378906250000000000000000000000000000000000000e-02
-4.3517744401469826698303222656250000000000000000000000000000000000e-02
-4.3671559076756238937377929687500000000000000000000000000000000000e-02
-4.3604745063930749893188476562500000000000000000000000000000000000e-02
-4.3736303457990288734436035156250000000000000000000000000000000000e-02
-4.3686443008482456207275390625000000000000000000000000000000000000e-02
-4.3794495286419987678527832031250000000000000000000000000000000000e-02
-4.3762605404481291770935058593750000000000000000000000000000000000e-02
-4.3846675427630543708801269531250000000000000000000000000000000000e-02
-4.3833003845065832138061523437500000000000000000000000000000000000e-02
-4.3893361929804086685180664062500000000000000000000000000000000000e-02
-4.3897442985326051712036132812500000000000000000000000000000000000e-02
-4.3935030931606888771057128906250000000000000000000000000000000000e-02
-4.3955758912488818168640136718750000000000000000000000000000000000e-02
-4.3972109444439411163330078125000000000000000000000000000000000000e-02
-4.4007841963320970535278320312500000000000000000000000000000000000e-02
-4.4004954397678375244140625000000000000000000000000000000000000000e-02
-4.4053642777726054191589355468750000000000000000000000000000000000e-02
-4.4033864280208945274353027343750000000000000000000000000000000000e-02
-4.4093176489695906639099121093750000000000000000000000000000000000e-02
-4.4059069128707051277160644531250000000000000000000000000000000000e-02
-4.4126512715592980384826660156250000000000000000000000000000000000e-02
-4.4080731226131319999694824218750000000000000000000000000000000000e-02
-4.4153777183964848518371582031250000000000000000000000000000000000e-02
-4.4098953716456890106201171875000000000000000000000000000000000000e-02
-4.4175150571390986442565917968750000000000000000000000000000000000e-02
-4.4113786658272147178649902343750000000000000000000000000000000000e-02
-4.4190850574523210525512695312500000000000000000000000000000000000e-02
-4.4125248678028583526611328125000000000000000000000000000000000000e-02
-4.4201121898368000984191894531250000000000000000000000000000000000e-02
-4.4133326504379510879516601562500000000000000000000000000000000000e-02
-4.4206229969859123229980468750000000000000000000000000000000000000e-02
-4.4137979391962289810180664062500000000000000000000000000000000000e-02
-4.4206452555954456329345703125000000000000000000000000000000000000e-02
-4.4139163568615913391113281250000000000000000000000000000000000000e-02
-4.4202062766999006271362304687500000000000000000000000000000000000e-02
-4.4136832002550363540649414062500000000000000000000000000000000000e-02
-4.4193321373313665390014648437500000000000000000000000000000000000e-02
-4.4130948837846517562866210937500000000000000000000000000000000000e-02
-4.4180489610880613327026367187500000000000000000000000000000000000e-02
-4.4121485436335206031799316406250000000000000000000000000000000000e-02
-4.4163794722408056259155273437500000000000000000000000000000000000e-02
-4.4108425965532660484313964843750000000000000000000000000000000000e-02
-4.4143454870209097862243652343750000000000000000000000000000000000e-02
-4.4091775547713041305541992187500000000000000000000000000000000000e-02
-4.4119652826339006423950195312500000000000000000000000000000000000e-02
-4.4071564683690667152404785156250000000000000000000000000000000000e-02
-4.4092560186982154846191406250000000000000000000000000000000000000e-02
-4.4047820148989558219909667968750000000000000000000000000000000000e-02
-4.4062324101105332374572753906250000000000000000000000000000000000e-02
-4.4020605040714144706726074218750000000000000000000000000000000000e-02
-4.4029071228578686714172363281250000000000000000000000000000000000e-02
-4.3989990139380097389221191406250000000000000000000000000000000000e-02
-4.3992908671498298645019531250000000000000000000000000000000000000e-02
-4.3956054607406258583068847656250000000000000000000000000000000000e-02
-4.3953932356089353561401367187500000000000000000000000000000000000e-02
-4.3918886687606573104858398437500000000000000000000000000000000000e-02
-4.3912229826673865318298339843750000000000000000000000000000000000e-02
-4.3878581374883651733398437500000000000000000000000000000000000000e-02
-4.3867876054719090461730957031250000000000000000000000000000000000e-02
-4.3835243210196495056152343750000000000000000000000000000000000000e-02
-4.3820930644869804382324218750000000000000000000000000000000000000e-02
-4.3788975570350885391235351562500000000000000000000000000000000000e-02
-4.3771462747827172279357910156250000000000000000000000000000000000e-02
-4.3739869957789778709411621093750000000000000000000000000000000000e-02
-4.3719532433897256851196289062500000000000000000000000000000000000e-02
-4.3688034638762474060058593750000000000000000000000000000000000000e-02
-4.3665196048095822334289550781250000000000000000000000000000000000e-02
-4.3633570196107029914855957031250000000000000000000000000000000000e-02
-4.3608505977317690849304199218750000000000000000000000000000000000e-02
-4.3576569762080907821655273437500000000000000000000000000000000000e-02
-4.3549524154514074325561523437500000000000000000000000000000000000e-02
-4.3517122743651270866394042968750000000000000000000000000000000000e-02
-4.3488303665071725845336914062500000000000000000000000000000000000e-02
-4.3455319013446569442749023437500000000000000000000000000000000000e-02
-4.3424902018159627914428710937500000000000000000000000000000000000e-02
-4.3391244951635599136352539062500000000000000000000000000000000000e-02
-4.3359372299164533615112304687500000000000000000000000000000000000e-02
-4.3324981583282351493835449218750000000000000000000000000000000000e-02
-4.3291779002174735069274902343750000000000000000000000000000000000e-02
-4.3256600853055715560913085937500000000000000000000000000000000000e-02
-4.3222170323133468627929687500000000000000000000000000000000000000e-02
-4.3186184018850326538085937500000000000000000000000000000000000000e-02
-4.3150613084435462951660156250000000000000000000000000000000000000e-02
-4.3113795109093189239501953125000000000000000000000000000000000000e-02
-4.3077155249193310737609863281250000000000000000000000000000000000e-02
-4.3039505835622549057006835937500000000000000000000000000000000000e-02
-4.3001861544325947761535644531250000000000000000000000000000000000e-02
-4.2963379062712192535400390625000000000000000000000000000000000000e-02
-4.2924782261252403259277343750000000000000000000000000000000000000e-02
-4.2885481845587491989135742187500000000000000000000000000000000000e-02
-4.2845979100093245506286621093750000000000000000000000000000000000e-02
-4.2805868200957775115966796875000000000000000000000000000000000000e-02
-4.2765501420944929122924804687500000000000000000000000000000000000e-02
-4.2724598199129104614257812500000000000000000000000000000000000000e-02
-4.2683407664299011230468750000000000000000000000000000000000000000e-02
-4.2641734005883336067199707031250000000000000000000000000000000000e-02
-4.2599749285727739334106445312500000000000000000000000000000000000e-02
-4.2557322420179843902587890625000000000000000000000000000000000000e-02
-4.2514574248343706130981445312500000000000000000000000000000000000e-02
-4.2471424676477909088134765625000000000000000000000000000000000000e-02
-4.2427944019436836242675781250000000000000000000000000000000000000e-02
-4.2384084314107894897460937500000000000000000000000000000000000000e-02
-4.2339901207014918327331542968750000000000000000000000000000000000e-02
-4.2295355582609772682189941406250000000000000000000000000000000000e-02
-4.2250492610037326812744140625000000000000000000000000000000000000e-02
-4.2205289704725146293640136718750000000000000000000000000000000000e-02
-4.2159773176535964012145996093750000000000000000000000000000000000e-02
-4.2113931616768240928649902343750000000000000000000000000000000000e-02
-4.2067781789228320121765136718750000000000000000000000000000000000e-02
-4.2021324858069419860839843750000000000000000000000000000000000000e-02
-4.1974572231993079185485839843750000000000000000000000000000000000e-02
-4.1927518090233206748962402343750000000000000000000000000000000000e-02
-4.1880181059241294860839843750000000000000000000000000000000000000e-02
-4.1832557646557688713073730468750000000000000000000000000000000000e-02
-4.1784654371440410614013671875000000000000000000000000000000000000e-02
-4.1736479150131344795227050781250000000000000000000000000000000000e-02
-4.1688035940751433372497558593750000000000000000000000000000000000e-02
-4.1639328701421618461608886718750000000000000000000000000000000000e-02
-4.1590365348383784294128417968750000000000000000000000000000000000e-02
-4.1541148209944367408752441406250000000000000000000000000000000000e-02
-4.1491683106869459152221679687500000000000000000000000000000000000e-02
-4.1441973298788070678710937500000000000000000000000000000000000000e-02
-4.1392027400434017181396484375000000000000000000000000000000000000e-02
-4.1341846575960516929626464843750000000000000000000000000000000000e-02
-4.1291435249149799346923828125000000000000000000000000000000000000e-02
-4.1240801801905035972595214843750000000000000000000000000000000000e-02
-4.1189947398379445075988769531250000000000000000000000000000000000e-02
-4.1138877160847187042236328125000000000000000000000000000000000000e-02
-4.1087596444413065910339355468750000000000000000000000000000000000e-02
-4.1036108508706092834472656250000000000000000000000000000000000000e-02
-4.0984417777508497238159179687500000000000000000000000000000000000e-02
-4.0932528441771864891052246093750000000000000000000000000000000000e-02
-4.0880447020754218101501464843750000000000000000000000000000000000e-02
-4.0828175144270062446594238281250000000000000000000000000000000000e-02
-4.0775716770440340042114257812500000000000000000000000000000000000e-02
-4.0723077021539211273193359375000000000000000000000000000000000000e-02
-4.0670257527381181716918945312500000000000000000000000000000000000e-02
-4.0617266669869422912597656250000000000000000000000000000000000000e-02
-4.0564106544479727745056152343750000000000000000000000000000000000e-02
-4.0510776219889521598815917968750000000000000000000000000000000000e-02
-4.0457285242155194282531738281250000000000000000000000000000000000e-02
-4.0403636638075113296508789062500000000000000000000000000000000000e-02
-4.0349831338971853256225585937500000000000000000000000000000000000e-02
-4.0295874699950218200683593750000000000000000000000000000000000000e-02
-4.0241769980639219284057617187500000000000000000000000000000000000e-02
-4.0187522070482373237609863281250000000000000000000000000000000000e-02
-4.0133133064955472946166992187500000000000000000000000000000000000e-02
-4.0078605758026242256164550781250000000000000000000000000000000000e-02
-4.0023944107815623283386230468750000000000000000000000000000000000e-02
-3.9969150675460696220397949218750000000000000000000000000000000000e-02
-3.9914231048896908760070800781250000000000000000000000000000000000e-02
-3.9859187090769410133361816406250000000000000000000000000000000000e-02
-3.9804021129384636878967285156250000000000000000000000000000000000e-02
-3.9748737122863531112670898437500000000000000000000000000000000000e-02
-3.9693337399512529373168945312500000000000000000000000000000000000e-02
-3.9637826615944504737854003906250000000000000000000000000000000000e-02
-3.9582206169143319129943847656250000000000000000000000000000000000e-02
-3.9526481414213776588439941406250000000000000000000000000000000000e-02
-3.9470654912292957305908203125000000000000000000000000000000000000e-02
-3.9414724102243781089782714843750000000000000000000000000000000000e-02
-3.9358696667477488517761230468750000000000000000000000000000000000e-02
-3.9302576333284378051757812500000000000000000000000000000000000000e-02
-3.9246364729478955268859863281250000000000000000000000000000000000e-02
-3.9190064184367656707763671875000000000000000000000000000000000000e-02
-3.9133675629273056983947753906250000000000000000000000000000000000e-02
-3.9077204419299960136413574218750000000000000000000000000000000000e-02
-3.9020651951432228088378906250000000000000000000000000000000000000e-02
-3.8964020321145653724670410156250000000000000000000000000000000000e-02
-3.8907314883545041084289550781250000000000000000000000000000000000e-02
-3.8850535638630390167236328125000000000000000000000000000000000000e-02
-3.8793682819232344627380371093750000000000000000000000000000000000e-02
-3.8736762944608926773071289062500000000000000000000000000000000000e-02
-3.8679777644574642181396484375000000000000000000000000000000000000e-02
-3.8622729480266571044921875000000000000000000000000000000000000000e-02
-3.8565619383007287979125976562500000000000000000000000000000000000e-02
-3.8508446887135505676269531250000000000000000000000000000000000000e-02
-3.8451222470030188560485839843750000000000000000000000000000000000e-02
-3.8393942406401038169860839843750000000000000000000000000000000000e-02
-3.8336605532094836235046386718750000000000000000000000000000000000e-02
-3.8279223488643765449523925781250000000000000000000000000000000000e-02
-3.8221791619434952735900878906250000000000000000000000000000000000e-02
-3.8164312019944190979003906250000000000000000000000000000000000000e-02
-3.8106790510937571525573730468750000000000000000000000000000000000e-02
-3.8049226393923163414001464843750000000000000000000000000000000000e-02
-3.7991624558344483375549316406250000000000000000000000000000000000e-02
-3.7933982210233807563781738281250000000000000000000000000000000000e-02
-3.7876303540542721748352050781250000000000000000000000000000000000e-02
-3.7818594602867960929870605468750000000000000000000000000000000000e-02
-3.7760848877951502799987792968750000000000000000000000000000000000e-02
-3.7703073350712656974792480468750000000000000000000000000000000000e-02
-3.7645272444933652877807617187500000000000000000000000000000000000e-02
-3.7587442900985479354858398437500000000000000000000000000000000000e-02
-3.7529590306803584098815917968750000000000000000000000000000000000e-02
-3.7471714429557323455810546875000000000000000000000000000000000000e-02
-3.7413815734907984733581542968750000000000000000000000000000000000e-02
-3.7355897482484579086303710937500000000000000000000000000000000000e-02
-3.7297960370779037475585937500000000000000000000000000000000000000e-02
-3.7240008590742945671081542968750000000000000000000000000000000000e-02
-3.7182042608037590980529785156250000000000000000000000000000000000e-02
-3.7124063353985548019409179687500000000000000000000000000000000000e-02
-3.7066072691231966018676757812500000000000000000000000000000000000e-02
-3.7008069688454270362854003906250000000000000000000000000000000000e-02
-3.6950059700757265090942382812500000000000000000000000000000000000e-02
-3.6892043892294168472290039062500000000000000000000000000000000000e-02
-3.6834022263064980506896972656250000000000000000000000000000000000e-02
-3.6775997374206781387329101562500000000000000000000000000000000000e-02
-3.6717967828735709190368652343750000000000000000000000000000000000e-02
-3.6659938283264636993408203125000000000000000000000000000000000000e-02
-3.6601909901946783065795898437500000000000000000000000000000000000e-02
-3.6543880356475710868835449218750000000000000000000000000000000000e-02
-3.6485855467617511749267578125000000000000000000000000000000000000e-02
-3.6427835933864116668701171875000000000000000000000000000000000000e-02
-3.6369821289554238319396972656250000000000000000000000000000000000e-02
-3.6311813164502382278442382812500000000000000000000000000000000000e-02
-3.6253812490031123161315917968750000000000000000000000000000000000e-02
-3.6195822991430759429931640625000000000000000000000000000000000000e-02
-3.6137844435870647430419921875000000000000000000000000000000000000e-02
-3.6079876124858856201171875000000000000000000000000000000000000000e-02
-3.6021918989717960357666015625000000000000000000000000000000000000e-02
-3.5963978618383407592773437500000000000000000000000000000000000000e-02
-3.5906054778024554252624511718750000000000000000000000000000000000e-02
-3.5848143976181745529174804687500000000000000000000000000000000000e-02
-3.5790252964943647384643554687500000000000000000000000000000000000e-02
-3.5732381045818328857421875000000000000000000000000000000000000000e-02
-3.5674526123329997062683105468750000000000000000000000000000000000e-02
-3.5616693552583456039428710937500000000000000000000000000000000000e-02
-3.5558883566409349441528320312500000000000000000000000000000000000e-02
-3.5501094534993171691894531250000000000000000000000000000000000000e-02
-3.5443330882117152214050292968750000000000000000000000000000000000e-02
-3.5385591443628072738647460937500000000000000000000000000000000000e-02
-3.5327875986695289611816406250000000000000000000000000000000000000e-02
-3.5270189866423606872558593750000000000000000000000000000000000000e-02
-3.5212530288845300674438476562500000000000000000000000000000000000e-02
-3.5154899116605520248413085937500000000000000000000000000000000000e-02
-3.5097297281026840209960937500000000000000000000000000000000000000e-02
-3.5039724549278616905212402343750000000000000000000000000000000000e-02
-3.4982184180989861488342285156250000000000000000000000000000000000e-02
-3.4924674546346068382263183593750000000000000000000000000000000000e-02
-3.4867200069129467010498046875000000000000000000000000000000000000e-02
-3.4809758886694908142089843750000000000000000000000000000000000000e-02
-3.4752348205074667930603027343750000000000000000000000000000000000e-02
-3.4694976639002561569213867187500000000000000000000000000000000000e-02
-3.4637642093002796173095703125000000000000000000000000000000000000e-02
-3.4580340841785073280334472656250000000000000000000000000000000000e-02
-3.4523077541962265968322753906250000000000000000000000000000000000e-02
-3.4465852892026305198669433593750000000000000000000000000000000000e-02
-3.4408667124807834625244140625000000000000000000000000000000000000e-02
-3.4351521637290716171264648437500000000000000000000000000000000000e-02
-3.4294417360797524452209472656250000000000000000000000000000000000e-02
-3.4237354062497615814208984375000000000000000000000000000000000000e-02
-3.4180330112576484680175781250000000000000000000000000000000000000e-02
-3.4123349934816360473632812500000000000000000000000000000000000000e-02
-3.4066413296386599540710449218750000000000000000000000000000000000e-02
-3.4009516471996903419494628906250000000000000000000000000000000000e-02
-3.3952666446566581726074218750000000000000000000000000000000000000e-02
-3.3895863452926278114318847656250000000000000000000000000000000000e-02
-3.3839102135971188545227050781250000000000000000000000000000000000e-02
-3.3782388316467404365539550781250000000000000000000000000000000000e-02
-3.3725722460076212882995605468750000000000000000000000000000000000e-02
-3.3669100608676671981811523437500000000000000000000000000000000000e-02
-3.3612527418881654739379882812500000000000000000000000000000000000e-02
-3.3556003123521804809570312500000000000000000000000000000000000000e-02
-3.3499526558443903923034667968750000000000000000000000000000000000e-02
-3.3443099586293101310729980468750000000000000000000000000000000000e-02
-3.3386721741408109664916992187500000000000000000000000000000000000e-02
-3.3330395352095365524291992187500000000000000000000000000000000000e-02
-3.3274119254201650619506835937500000000000000000000000000000000000e-02
-3.3217891585081815719604492187500000000000000000000000000000000000e-02
-3.3161717234179377555847167968750000000000000000000000000000000000e-02
-3.3105596434324979782104492187500000000000000000000000000000000000e-02
-3.3049525460228323936462402343750000000000000000000000000000000000e-02
-3.2993506640195846557617187500000000000000000000000000000000000000e-02
-3.2937542768195271492004394531250000000000000000000000000000000000e-02
-3.2881632447242736816406250000000000000000000000000000000000000000e-02
-3.2825775677338242530822753906250000000000000000000000000000000000e-02
-3.2769972225651144981384277343750000000000000000000000000000000000e-02
-3.2714224886149168014526367187500000000000000000000000000000000000e-02
-3.2658531563356518745422363281250000000000000000000000000000000000e-02
-3.2602893887087702751159667968750000000000000000000000000000000000e-02
-3.2547314418479800224304199218750000000000000000000000000000000000e-02
-3.2491787103936076164245605468750000000000000000000000000000000000e-02
-3.2436318928375840187072753906250000000000000000000000000000000000e-02
-3.2380905235186219215393066406250000000000000000000000000000000000e-02
-3.2325548119843006134033203125000000000000000000000000000000000000e-02
-3.2270254334434866905212402343750000000000000000000000000000000000e-02
-3.2215011538937687873840332031250000000000000000000000000000000000e-02
-3.2159827649593353271484375000000000000000000000000000000000000000e-02
-3.2104705227538943290710449218750000000000000000000000000000000000e-02
-3.2049637753516435623168945312500000000000000000000000000000000000e-02
-3.1994629651308059692382812500000000000000000000000000000000000000e-02
-3.1939680920913815498352050781250000000000000000000000000000000000e-02
-3.1884792493656277656555175781250000000000000000000000000000000000e-02
-3.1829963438212871551513671875000000000000000000000000000000000000e-02
-3.1775192823261022567749023437500000000000000000000000000000000000e-02
-3.1720480648800730705261230468750000000000000000000000000000000000e-02
-3.1665828777477145195007324218750000000000000000000000000000000000e-02
-3.1611240934580564498901367187500000000000000000000000000000000000e-02
-3.1556710600852966308593750000000000000000000000000000000000000000e-02
-3.1502240337431430816650390625000000000000000000000000000000000000e-02
-3.1447834335267543792724609375000000000000000000000000000000000000e-02
-3.1393484678119421005249023437500000000000000000000000000000000000e-02
-3.1339197652414441108703613281250000000000000000000000000000000000e-02
-3.1284975353628396987915039062500000000000000000000000000000000000e-02
-3.1230810564011335372924804687500000000000000000000000000000000000e-02
-3.1176707707345485687255859375000000000000000000000000000000000000e-02
-3.1122667714953422546386718750000000000000000000000000000000000000e-02
-3.1068689655512571334838867187500000000000000000000000000000000000e-02
-3.1014773761853575706481933593750000000000000000000000000000000000e-02
-3.0960918404161930084228515625000000000000000000000000000000000000e-02
-3.0907126842066645622253417968750000000000000000000000000000000000e-02
-3.0853397911414504051208496093750000000000000000000000000000000000e-02
-3.0799729051068425178527832031250000000000000000000000000000000000e-02
-3.0746124917641282081604003906250000000000000000000000000000000000e-02
-3.0692583648487925529479980468750000000000000000000000000000000000e-02
-3.0639103380963206291198730468750000000000000000000000000000000000e-02
-3.0585688073188066482543945312500000000000000000000000000000000000e-02
-3.0532333767041563987731933593750000000000000000000000000000000000e-02
-3.0479042790830135345458984375000000000000000000000000000000000000e-02
-3.0425816075876355171203613281250000000000000000000000000000000000e-02
-3.0372648267075419425964355468750000000000000000000000000000000000e-02
-3.0319547979161143302917480468750000000000000000000000000000000000e-02
-3.0266511486843228340148925781250000000000000000000000000000000000e-02
-3.0213534366339445114135742187500000000000000000000000000000000000e-02
-3.0160623835399746894836425781250000000000000000000000000000000000e-02
-3.0107773607596755027770996093750000000000000000000000000000000000e-02
-3.0054987641051411628723144531250000000000000000000000000000000000e-02
-3.0002265935763716697692871093750000000000000000000000000000000000e-02
-2.9949605697765946388244628906250000000000000000000000000000000000e-02
-2.9897012049332261085510253906250000000000000000000000000000000000e-02
-2.9844478471204638481140136718750000000000000000000000000000000000e-02
-2.9792009387165307998657226562500000000000000000000000000000000000e-02
-2.9739604098722338676452636718750000000000000000000000000000000000e-02
-2.9687261208891868591308593750000000000000000000000000000000000000e-02
-2.9634984442964196205139160156250000000000000000000000000000000000e-02
-2.9582766350358724594116210937500000000000000000000000000000000000e-02
-2.9530612984672188758850097656250000000000000000000000000000000000e-02
-2.9478524345904588699340820312500000000000000000000000000000000000e-02
-2.9426496243104338645935058593750000000000000000000000000000000000e-02
-2.9374535195529460906982421875000000000000000000000000000000000000e-02
-2.9322634916752576828002929687500000000000000000000000000000000000e-02
-2.9270797502249479293823242187500000000000000000000000000000000000e-02
-2.9219025513157248497009277343750000000000000000000000000000000000e-02
-2.9167312663048505783081054687500000000000000000000000000000000000e-02
-2.9115664772689342498779296875000000000000000000000000000000000000e-02
-2.9064079746603965759277343750000000000000000000000000000000000000e-02
-2.9012556187808513641357421875000000000000000000000000000000000000e-02
-2.8961097123101353645324707031250000000000000000000000000000000000e-02
-2.8909700457006692886352539062500000000000000000000000000000000000e-02
-2.8858366888016462326049804687500000000000000000000000000000000000e-02
-2.8807094553485512733459472656250000000000000000000000000000000000e-02
-2.8755882754921913146972656250000000000000000000000000000000000000e-02
-2.8704736148938536643981933593750000000000000000000000000000000000e-02
-2.8653652640059590339660644531250000000000000000000000000000000000e-02
-2.8602628270164132118225097656250000000000000000000000000000000000e-02
-2.8551667695865035057067871093750000000000000000000000000000000000e-02
-2.8500768588855862617492675781250000000000000000000000000000000000e-02
-2.8449929784983396530151367187500000000000000000000000000000000000e-02
-2.8399154543876647949218750000000000000000000000000000000000000000e-02
-2.8348441701382398605346679687500000000000000000000000000000000000e-02
-2.8297788929194211959838867187500000000000000000000000000000000000e-02
-2.8247197158634662628173828125000000000000000000000000000000000000e-02
-2.8196667553856968879699707031250000000000000000000000000000000000e-02
-2.8146197553724050521850585937500000000000000000000000000000000000e-02
-2.8095790883526206016540527343750000000000000000000000000000000000e-02
-2.8045444516465067863464355468750000000000000000000000000000000000e-02
-2.7995157288387417793273925781250000000000000000000000000000000000e-02
-2.7944933855906128883361816406250000000000000000000000000000000000e-02
-2.7894766302779316902160644531250000000000000000000000000000000000e-02
-2.7844660915434360504150390625000000000000000000000000000000000000e-02
-2.7794617926701903343200683593750000000000000000000000000000000000e-02
-2.7744628721848130226135253906250000000000000000000000000000000000e-02
-2.7694708434864878654479980468750000000000000000000000000000000000e-02
-2.7644844027236104011535644531250000000000000000000000000000000000e-02
-2.7595031075179576873779296875000000000000000000000000000000000000e-02
-2.7545293094590306282043457031250000000000000000000000000000000000e-02
-2.7495605172589421272277832031250000000000000000000000000000000000e-02
-2.7445968240499496459960937500000000000000000000000000000000000000e-02
-2.7396412799134850502014160156250000000000000000000000000000000000e-02
-2.7346894145011901855468750000000000000000000000000000000000000000e-02
-2.7297430206090211868286132812500000000000000000000000000000000000e-02
-2.7248068014159798622131347656250000000000000000000000000000000000e-02
-2.7198700467124581336975097656250000000000000000000000000000000000e-02
-2.7149425121024250984191894531250000000000000000000000000000000000e-02
-2.7100263861939311027526855468750000000000000000000000000000000000e-02
-2.7050992939621210098266601562500000000000000000000000000000000000e-02
-2.7001972543075680732727050781250000000000000000000000000000000000e-02
-2.6952970307320356369018554687500000000000000000000000000000000000e-02
-2.6903763180598616600036621093750000000000000000000000000000000000e-02
-2.6855127420276403427124023437500000000000000000000000000000000000e-02
-2.6806080713868141174316406250000000000000000000000000000000000000e-02
-2.6757098035886883735656738281250000000000000000000000000000000000e-02
-2.6708879973739385604858398437500000000000000000000000000000000000e-02
-2.6659440947696566581726074218750000000000000000000000000000000000e-02
-2.6611270615831017494201660156250000000000000000000000000000000000e-02
-2.6562959188595414161682128906250000000000000000000000000000000000e-02
-2.6513091055676341056823730468750000000000000000000000000000000000e-02
-2.6466575218364596366882324218750000000000000000000000000000000000e-02
-2.6416761334985494613647460937500000000000000000000000000000000000e-02
-2.6367696002125740051269531250000000000000000000000000000000000000e-02
-2.6322668651118874549865722656250000000000000000000000000000000000e-02
-2.6269881753250956535339355468750000000000000000000000000000000000e-02
-2.6224504923447966575622558593750000000000000000000000000000000000e-02
-2.6177852414548397064208984375000000000000000000000000000000000000e-02
-2.6123429648578166961669921875000000000000000000000000000000000000e-02
-2.6084031676873564720153808593750000000000000000000000000000000000e-02
-2.6029736036434769630432128906250000000000000000000000000000000000e-02
-2.5980634614825248718261718750000000000000000000000000000000000000e-02
-2.5943961227312684059143066406250000000000000000000000000000000000e-02
-2.5878223124891519546508789062500000000000000000000000000000000000e-02
-2.5844386778771877288818359375000000000000000000000000000000000000e-02
-2.5799340335652232170104980468750000000000000000000000000000000000e-02
-2.5728413369506597518920898437500000000000000000000000000000000000e-02
-2.5712307775393128395080566406250000000000000000000000000000000000e-02
-2.5647164555266499519348144531250000000000000000000000000000000000e-02
-2.5588400196284055709838867187500000000000000000000000000000000000e-02
-2.5575827574357390403747558593750000000000000000000000000000000000e-02
-2.5490423198789358139038085937500000000000000000000000000000000000e-02
-2.5462343590334057807922363281250000000000000000000000000000000000e-02
-2.5428360328078269958496093750000000000000000000000000000000000000e-02
-2.5332620134577155113220214843750000000000000000000000000000000000e-02
-2.5349408853799104690551757812500000000000000000000000000000000000e-02
-2.5272438302636146545410156250000000000000000000000000000000000000e-02
-2.5168903404846787452697753906250000000000000000000000000000000000e-02
-2.5252644903957843780517578125000000000000000000000000000000000000e-02
-2.5107157882302999496459960937500000000000000000000000000000000000e-02
-2.5002960814163088798522949218750000000000000000000000000000000000e-02
-2.5169890839606523513793945312500000000000000000000000000000000000e-02
-2.4910652311518788337707519531250000000000000000000000000000000000e-02
-2.4895537877455353736877441406250000000000000000000000000000000000e-02
-2.5035204598680138587951660156250000000000000000000000000000000000e-02
-2.4679113877937197685241699218750000000000000000000000000000000000e-02
-2.4960922310128808021545410156250000000000000000000000000000000000e-02
-2.4679693393409252166748046875000000000000000000000000000000000000e-02
-2.4525425164029002189636230468750000000000000000000000000000000000e-02
-2.5202292948961257934570312500000000000000000000000000000000000000e-02
-2.3998534772545099258422851562500000000000000000000000000000000000e-02
-2.4651927640661597251892089843750000000000000000000000000000000000e-02
-2.5294161168858408927917480468750000000000000000000000000000000000e-02
-2.3342006374150514602661132812500000000000000000000000000000000000e-02
-2.5004380615428090095520019531250000000000000000000000000000000000e-02
-2.4711125763133168220520019531250000000000000000000000000000000000e-02
-2.3627082118764519691467285156250000000000000000000000000000000000e-02
-2.4930348852649331092834472656250000000000000000000000000000000000e-02
-2.3338110186159610748291015625000000000000000000000000000000000000e-02
-2.5564797222614288330078125000000000000000000000000000000000000000e-02
-2.3674610070884227752685546875000000000000000000000000000000000000e-02
-2.1764280973002314567565917968750000000000000000000000000000000000e-02
-2.8532562544569373130798339843750000000000000000000000000000000000e-02
-2.1759524010121822357177734375000000000000000000000000000000000000e-02
-2.0470531657338142395019531250000000000000000000000000000000000000e-02
-3.0399634502828121185302734375000000000000000000000000000000000000e-02
-2.1686294116079807281494140625000000000000000000000000000000000000e-02
-1.9638289697468280792236328125000000000000000000000000000000000000e-02
-2.7343296911567449569702148437500000000000000000000000000000000000e-02
-2.6693769730627536773681640625000000000000000000000000000000000000e-02
-2.2346122423186898231506347656250000000000000000000000000000000000e-02
-1.2505994876846671104431152343750000000000000000000000000000000000e-02
-3.7760649574920535087585449218750000000000000000000000000000000000e-02
-3.7414924474433064460754394531250000000000000000000000000000000000e-02
1.8636154243722558021545410156250000000000000000000000000000000000e-02
-4.5599716482684016227722167968750000000000000000000000000000000000e-02
-7.5874152826145291328430175781250000000000000000000000000000000000e-02
4.3847190914675593376159667968750000000000000000000000000000000000e-02
-1.8946846248582005500793457031250000000000000000000000000000000000e-02
-1.3358308211900293827056884765625000000000000000000000000000000000e-01
-1.1298841563984751701354980468750000000000000000000000000000000000e-02
3.7363967858254909515380859375000000000000000000000000000000000000e-02
-1.7549164989031851291656494140625000000000000000000000000000000000e-01
-2.1471782471053302288055419921875000000000000000000000000000000000e-01
1.4260954689234495162963867187500000000000000000000000000000000000e-02
1.2327902717515826225280761718750000000000000000000000000000000000e-02
1.2327902717515826225280761718750000000000000000000000000000000000e-02
