4.2244586560045711397942680420669603336136788129806518554687500000e-04
4.1405011633136181532430231122532404697267338633537292480468750000e-04
4.0566518284137901336622311632140736037399619817733764648437500000e-04
3.9737760522146102840079784357385506154969334602355957031250000000e-04
3.8925288595261111181458635321916972316103056073188781738281250000e-04
3.8119168351467234154630880915703983191633597016334533691406250000e-04
3.7326530777939513497734602687216920458013191819190979003906250000e-04
3.6543658699398945573222352578568461467511951923370361328125000000e-04
3.5771124221211487125005046294745625345967710018157958984375000000e-04
3.5009360845688963304392360420536078891018405556678771972656250000e-04
3.4257400391078998962840485020819869532715529203414916992187500000e-04
3.3515621442391457882742367146988726744893938302993774414062500000e-04
3.2783662865307336073406041521138831740245223045349121093750000000e-04
3.2061393646238569264672602088239727891050279140472412109375000000e-04
3.1348709082887522576338357183090010948944836854934692382812500000e-04
3.0645426922484413643013589911845429014647379517555236816406250000e-04
2.9951422497875846134157695743738258897792547941207885742187500000e-04
2.9266551421998267951130046071739343460649251937866210937500000000e-04
2.8590674619467451459189910600855455413693562150001525878906250000e-04
2.7923658178594790288049032334072308003669604659080505371093750000e-04
2.7265367261852661070337111581807221227791160345077514648437500000e-04
2.6615670789993943652629315721469538402743637561798095703125000000e-04
2.5974439299254650347775763563618056650739163160324096679687500000e-04
2.5341545307639600686025471709683642984600737690925598144531250000e-04
2.4716863584203465275743183404699720995267853140830993652343750000e-04
2.4100270791790339591255387663437659284682013094425201416015625000e-04
2.3491645638330213357800047013768107717623934149742126464843750000e-04
2.2890868829348679229680751934239424372208304703235626220703125000e-04
2.2297823020555701490838518274983925948617979884147644042968750000e-04
2.1712392826271886261610410961964134912705048918724060058593750000e-04
2.1134464788598463598143228914238989091245457530021667480468750000e-04
2.0563927356642575246768733787661176393157802522182464599609375000e-04
2.0000670868491635611373380410071831647655926644802093505859375000e-04
1.9444587527106990914975426232302879725466482341289520263671875000e-04
1.8895571377671905471430646716868295698077417910099029541015625000e-04
1.8353518283999672067348385429141899294336326420307159423828125000e-04
1.7818325903474590806221944383480604301439598202705383300781250000e-04
1.7289893661613794321324499847492006665561348199844360351562500000e-04
1.6768122725617927069007018214819026979967020452022552490234375000e-04
1.6252915977217299208293366241662170068593695759773254394531250000e-04
1.5744177985307024922149998769071999049629084765911102294921875000e-04
1.5241814976989031356000015016149973234860226511955261230468750000e-04
1.4745734809915045111089471063792188942898064851760864257812500000e-04
1.4255846942689388108169157298732443450717255473136901855468750000e-04
1.3772062403959994532180732829118596782791428267955780029296875000e-04
1.3294293767874794994637843714713199005927890539169311523437500000e-04
1.2822455117679173227512867683230979309882968664169311523437500000e-04
1.2356462017637387666886550352529638985288329422473907470703125000e-04
1.1896231496247388454649135391960612651018891483545303344726562500e-04
1.1441681986767293513831966755844860017532482743263244628906250000e-04
1.0992733326310116326405413866851290549675468355417251586914062500e-04
1.0549306738581552952624398322711840592091903090476989746093750000e-04
1.0111324717764736086204890863626815189491026103496551513671875000e-04
9.6787111356633136432896236112100041282246820628643035888671875000e-05
9.2513911466963292683403363714234046710771508514881134033203125000e-05
8.8292909947978892473523238049182282338733784854412078857421875000e-05
8.4123384144578201675190864960995895671658217906951904296875000000e-05
8.0004621765506202745420194499814670052728615701198577880859375000e-05
7.5935919499081026015976925158668109361315146088600158691406250000e-05
7.1916592934757588169956965540308146955794654786586761474609375000e-05
6.7945961070778502989726821414961932532605715095996856689453125000e-05
6.4023352293278649040135508396787145102280192077159881591796875000e-05
6.0148122016092563308156671020299199881264939904212951660156250000e-05
5.6319611507337280693376302398434063434251584112644195556640625000e-05
5.2537181623092557656434786750310195202473551034927368164062500000e-05
4.8800230585230244958420270373622429360693786293268203735351562500e-05
4.5108105540908643082617657249500098259886726737022399902343750000e-05
4.1460208985631120633726792723550147456990089267492294311523437500e-05
3.7855983372266201268229596221814858836296480149030685424804687500e-05
3.4294754646124345155624307812658457805810030549764633178710937500e-05
3.0775991865205598835113220967940605987678281962871551513671875000e-05
2.7299176601228809443955292124428524402901530265808105468750000000e-05
2.3863570244163715956906696158412728436815086752176284790039062500e-05
2.0468760469275904120226711180308143411821220070123672485351562500e-05
1.7114250672247681309221661871688979772443417459726333618164062500e-05
1.3799161606809150047584303089287516286276513710618019104003906250e-05
1.0523302265288838832800119571508901117340428754687309265136718750e-05
7.2861507682238216127815384759447425722100888378918170928955078125e-06
4.0864584052453926016389498809822100611199857667088508605957031250e-06
9.2420532835894464569433722628266636434091196861118078231811523438e-07
-2.2004330921151735155365160995222240103430522140115499496459960938e-06
-5.2874563419997179497923991964292156353621976450085639953613281250e-06
-8.3370938754840091241887431450230394602840533480048179626464843750e-06
-1.1350590592575917156135598129473862627492053434252738952636718750e-05
-1.4328573702313324283986149809688726008971570990979671478271484375e-05
-1.7271294887520178927683631164846644878707593306899070739746093750e-05
-2.0179502779923127531776921861350615472474601119756698608398437500e-05
-2.3053695852118260851276732026349236548412591218948364257812500000e-05
-2.5894205652668773111899427896709369179006898775696754455566406250e-05
-2.8701594588992440599877972728926067702559521421790122985839843750e-05
-3.1476315175594710474814286182976275085820816457271575927734375000e-05
-3.4218728484576484962995102101501743163680657744407653808593750000e-05
-3.6929303518180957635868438826420856457843910902738571166992187500e-05
-3.9608459870176238569201149219978219662152696400880813598632812500e-05
-4.2256563377121751710722985517776351116481237113475799560546875000e-05
-4.4874029708175289146276226714959989294584374874830245971679687500e-05
-4.7461252343521212774743456286330456350697204470634460449218750000e-05
-5.0018591352156161486744445632268707413459196686744689941406250000e-05
-5.2546428479946485012256479629755290261527989059686660766601562500e-05
-5.5045135159756941047818484813447525993979070335626602172851562500e-05
-5.7515061245109990655053483488146071067603770643472671508789062500e-05
-5.9956564428394369735235425178387913547339849174022674560546875000e-05
-6.2369996931610477810051240687982954113977029919624328613281250000e-05
-6.4755696576081794748995512644995642403955571353435516357421875000e-05
-6.7114002252157439645623149271358443002100102603435516357421875000e-05
-6.9445249127229110187170535439804552879650145769119262695312500000e-05
-7.1749762368113984630120516516882389623788185417652130126953125000e-05
-7.4027865019966884794870576325109823301318101584911346435546875000e-05
-7.6279876874153900996426702629804594835150055587291717529296875000e-05
-7.8506110408067749121749367979816724982811138033866882324218750000e-05
-8.0706874603064378769466669094612143453559838235378265380859375000e-05
-8.2882475196204986986510399038508012381498701870441436767578125000e-05
-8.5033212239512501683623424408864366341731511056423187255859375000e-05
-8.7159381815085363968964582426224296796135604381561279296875000000e-05
-8.9261276663171143942038243679348852310795336961746215820312500000e-05
-9.1339184822398177248520267923481696925591677427291870117187500000e-05
-9.3393390312635841108736267646150963628315366804599761962890625000e-05
-9.5424173739901100720246784891998004241031594574451446533203125000e-05
-9.7431811607599685520070265098979689355473965406417846679687500000e-05
-9.9416576533230429204082700955780182994203642010688781738281250000e-05
-1.0137873770923643489908633208429478145262692123651504516601562500e-04
-1.0331856060288400892595989111200083243602421134710311889648437500e-04
-1.0523630699048834840486632558054225228261202573776245117187500000e-04
-1.0713223526917786817495154005897006754821632057428359985351562500e-04
-1.0900660036568906761326319676541629632993135601282119750976562500e-04
-1.1085965371779394413216668358046490538981743156909942626953125000e-04
-1.1269164347221487915660931289352220119326375424861907958984375000e-04
-1.1450281449328669519834023038384884785045869648456573486328125000e-04
-1.1629340834522672483430927314884684165008366107940673828125000000e-04
-1.1806366341539386612125017705920981825329363346099853515625000000e-04
-1.1981381496124991878262505684560323970799800008535385131835937500e-04
-1.2154409511172009530476784133767864659603219479322433471679687500e-04
-1.2325473294431360895585803039153915960923768579959869384765625000e-04
-1.2494595454261617738234146912645883276127278804779052734375000000e-04
-1.2661798301505546157294523901271077193086966872215270996093750000e-04
-1.2827103854698022932304124488211982679786160588264465332031250000e-04
-1.2990533845802588520414178052675424623885191977024078369140625000e-04
-1.3152109722999329286148573192605226722662337124347686767578125000e-04
-1.3311852654973455457702857795965201148646883666515350341796875000e-04
-1.3469783535935197843133592776609930297126993536949157714843750000e-04
-1.3625922989042235644596701149566797539591789245605468750000000000e-04
-1.3780291370214675932166781269216926375520415604114532470703125000e-04
-1.3932908772533791961871496578595497339847497642040252685546875000e-04
-1.4083795029986846637434783069409149902639910578727722167968750000e-04
-1.4232969720945484130153468882440392917487770318984985351562500000e-04
-1.4380452172137175989238833118122329324251040816307067871093750000e-04
-1.4526261462428772305160995514938804262783378362655639648437500000e-04
-1.4670416426133125889844088796110099792713299393653869628906250000e-04
-1.4812935656708419904746543149798299054964445531368255615234375000e-04
-1.4953837510349403242849997131003192407661117613315582275390625000e-04
-1.5093140109205083025656346507048510829918086528778076171875000000e-04
-1.5230861344898912216813680053917323675705119967460632324218750000e-04
-1.5367018881823932101304830410981594468466937541961669921875000000e-04
-1.5501630160381311279715887962993292603641748428344726562500000000e-04
-1.5634712400258897143680292263212550096795894205570220947265625000e-04
-1.5766282603541835276826643674752403967431746423244476318359375000e-04
-1.5896357557873490415518979990139314395491965115070343017578125000e-04
-1.6024953839456211775182925549643186968751251697540283203125000000e-04
-1.6152087816138918576099048340921626731869764626026153564453125000e-04
-1.6277775650372196063718488456828481503180228173732757568359375000e-04
-1.6402033302135101983793008528778045729268342256546020507812500000e-04
-1.6524876531812809909993688961549196392297744750976562500000000000e-04
-1.6646320902962474038051798874704445552197284996509552001953125000e-04
-1.6766381785195279795208644912918316549621522426605224609375000000e-04
-1.6885074356890120562783852431465447807568125426769256591796875000e-04
-1.7002413607931473791233523140675742979510687291622161865234375000e-04
-1.7118414342251543386504153421157070624758489429950714111328125000e-04
-1.7233091180564284196873037213748602880514226853847503662109375000e-04
-1.7346458562967327307093035049234686084673739969730377197265625000e-04
-1.7458530751309362587068985117610964152845554053783416748046875000e-04
-1.7569321831851350871299410894010861738934181630611419677734375000e-04
-1.7678845717707765070048075983777380315586924552917480468750000000e-04
-1.7787116151167406234712142776288601453416049480438232421875000000e-04
-1.7894146706183788842967063992261955718277022242546081542968750000e-04
-1.7999950790665848569804818879447338986210525035858154296875000000e-04
-1.8104541648780367573551286497490764304529875516891479492187500000e-04
-1.8207932363292468830665016277237100439378991723060607910156250000e-04
-1.8310135857704779548116302834159796475432813167572021484375000000e-04
-1.8411164898545810610260009543281967125949449837207794189453125000e-04
-1.8511032097522667097359849730509040455217473208904266357421875000e-04
-1.8609749913610574212005643879308536270400509238243103027343750000e-04
-1.8707330655234934439941352213310210572672076523303985595703125000e-04
-1.8803786482257358247602296863476567523321136832237243652343750000e-04
-1.8899129408079775238257780323181123094400390982627868652343750000e-04
-1.8993371301679272920848173811236847541294991970062255859375000000e-04
-1.9086523889448426898572674925702585824183188378810882568359375000e-04
-1.9178598757275895679910715507787699607433751225471496582031250000e-04
-1.9269607352485613842307810017473457264713943004608154296875000000e-04
-1.9359560985570295780708316435436699975980445742607116699218750000e-04
-1.9448470832191249325210380405337673437315970659255981445312500000e-04
-1.9536347934979577073248691032603119310806505382061004638671875000e-04
-1.9623203205277857733013213703543442534282803535461425781250000000e-04
-1.9709047425016520613261228334067709511145949363708496093750000000e-04
-1.9793891248387477017380009503000337645062245428562164306640625000e-04
-1.9877745203569741842125617736769527255091816186904907226562500000e-04
-1.9960619694485336943039210932937521647545509040355682373046875000e-04
-2.0042525002439114394266195251503859253716655075550079345703125000e-04
-2.0123471287725861237315194696151365860714577138423919677734375000e-04
-2.0203468591285391017971229121741316703264601528644561767578125000e-04
-2.0282526836349698963306298349351664001005701720714569091796875000e-04
-2.0360655829926361973063186905363863843376748263835906982421875000e-04
-2.0437865264405274739675788531201305886497721076011657714843750000e-04
-2.0514164719028296635094932298670755699276924133300781250000000000e-04
-2.0589563661516937327286558279126893467037007212638854980468750000e-04
-2.0664071449391145066272479358104874336277134716510772705078125000e-04
-2.0737697331561490100490519061793293076334521174430847167968750000e-04
-2.0810450449692172148440094670007738386630080640316009521484375000e-04
-2.0882339839629429655877557170384761775494553148746490478515625000e-04
-2.0953374432823820600231556898762619312037713825702667236328125000e-04
-2.1023563057704952898238626168847531516803428530693054199218750000e-04
-2.1092914440916995123115329491270131256897002458572387695312500000e-04
-2.1161437208960603116592036343490690342150628566741943359375000000e-04
-2.1229139888994860967813549379457072063814848661422729492187500000e-04
-2.1296030910803123866424646504214024389511905610561370849609375000e-04
-2.1362118607300308167559754757292012072866782546043395996093750000e-04
-2.1427411216641472171441640259814676028327085077762603759765625000e-04
-2.1491916882490172424104157844482188011170364916324615478515625000e-04
-2.1555643656395888688691309109657368026091717183589935302734375000e-04
-2.1618599497526781662466721645188272304949350655078887939453125000e-04
-2.1680792275848964059323242814514287601923570036888122558593750000e-04
-2.1742229770588313172118011262767822699970565736293792724609375000e-04
-2.1802919674873927173563981085635532508604228496551513671875000000e-04
-2.1862869592548535139543697258801557836704887449741363525390625000e-04
-2.1922087044580921351595581558768799368408508598804473876953125000e-04
-2.1980579463622528370130015940020484777051024138927459716796875000e-04
-2.2038354203244959832706795221923812277964316308498382568359375000e-04
-2.2095418528915330936765459846071735228179022669792175292968750000e-04
-2.2151779631438564760817500065570584411034360527992248535156250000e-04
-2.2207444612835195471393923138947457118774764239788055419921875000e-04
-2.2262420505887018143918731905017693861736916005611419677734375000e-04
-2.2316714252638828776265089715025169425643980503082275390625000000e-04
-2.2370332732611736509080457846465606053243391215801239013671875000e-04
-2.2423282730975479149111706522745635083992965519428253173828125000e-04
-2.2475570978943557238528827557644262924441136419773101806640625000e-04
-2.2527204107528178743738433986720792745472863316535949707031250000e-04
-2.2578188704702254461544053132371345782303251326084136962890625000e-04
-2.2628531249681280222534052182226105287554673850536346435546875000e-04
-2.2678238192462099620007320854853105629445053637027740478515625000e-04
-2.2727315862409536249139074826075557211879640817642211914062500000e-04
-2.2775770577027916853965483490185306436615064740180969238281250000e-04
-2.2823608517272633584155316910369037941563874483108520507812500000e-04
-2.2870835873930369101965365263851026611519046127796173095703125000e-04
-2.2917458680702022344281842958224615358631126582622528076171875000e-04
-2.2963483007312627311863328927188376837875694036483764648437500000e-04
-2.3008914741285294643276249093588603500393219292163848876953125000e-04
-2.3053759836856886470714267378667727825813926756381988525390625000e-04
-2.3098024036503119740468270570943332131719216704368591308593750000e-04
-2.3141713184044449664288067847195407011895440518856048583984375000e-04
-2.3184832878671120183662612834751826085266657173633575439453125000e-04
-2.3227388857671371819903216593417027979739941656589508056640625000e-04
-2.3269386580093947679975796560825074266176670789718627929687500000e-04
-2.3310831678589541285720465602082640543812885880470275878906250000e-04
-2.3351729477600122316868769267728112026816233992576599121093750000e-04
-2.3392085503835477206663329141633766994345933198928833007812500000e-04
-2.3431904956474838711347197239831530168885365128517150878906250000e-04
-2.3471193250025433737690483404492169938748702406883239746093750000e-04
-2.3509955473542719708857084981445950688794255256652832031250000000e-04
-2.3548196916076580449683763873736097593791782855987548828125000000e-04
-2.3585922579839717089927875193211548321414738893508911132812500000e-04
-2.3623137605421686848437834438385607427335344254970550537109375000e-04
-2.3659846942589718844611457182480762639897875487804412841796875000e-04
-2.3696055547426777350590587634115991022554226219654083251953125000e-04
-2.3731768366487982629964292868862685281783342361450195312500000000e-04
-2.3766990118387977580852177261760971305193379521369934082031250000e-04
-2.3801725814614468684435322209935748105635866522789001464843750000e-04
-2.3835979861908107579893112415447831153869628906250000000000000000e-04
-2.3869757428548110320121189431574748596176505088806152343750000000e-04
-2.3903062508726663644952059595283344606286846101284027099609375000e-04
-2.3935900547998167214869269514565530698746442794799804687500000000e-04
-2.3968274995998076789920083751184165521408431231975555419921875000e-04
-2.4000191730014246898131102803120029420824721455574035644531250000e-04
-2.4031653486256094676490335793062058655777946114540100097656250000e-04
-2.4062666767354993482483371813884787115966901183128356933593750000e-04
-2.4093233385703987660918234947615701457834802567958831787109375000e-04
-2.4123360706556560813587641867172806087182834744453430175781250000e-04
-2.4153049362228936518606770000872074888320639729499816894531250000e-04
-2.4182307865379973300587468365563381667016074061393737792968750000e-04
-2.4211135362923764122525249753437037725234404206275939941406250000e-04
-2.4239541849669767677351306378596973445382900536060333251953125000e-04
-2.4267524631227933265727181311177673705969937145709991455078125000e-04
-2.4295095569788736108822468917622927619959227740764617919921875000e-04
-2.4322249723679324035462145925379218169837258756160736083984375000e-04
-2.4349001256514642100789447276554255950031802058219909667968750000e-04
-2.4375342526306576483065280402939833948039449751377105712890625000e-04
-2.4401290476474142001825362591205248463666066527366638183593750000e-04
-2.4426834270582597043522388169378700695233419537544250488281250000e-04
-2.4451994147100240308001506406299085938371717929840087890625000000e-04
-2.4476755549016760002065118406733290612464770674705505371093750000e-04
-2.4501142551287233587939407009059777919901534914970397949218750000e-04
-2.4525136330379800238266074785542514291591942310333251953125000000e-04
-2.4548765351500579897162102049890108901308849453926086425781250000e-04
-2.4572005974429766972377819911343976855278015136718750000000000000e-04
-2.4594891603740929447718954747870157007128000259399414062500000000e-04
-2.4617393246233854704405064062200381158618256449699401855468750000e-04
-2.4639549771116861292749589118500352924456819891929626464843750000e-04
-2.4661326330114354812503285607760972197866067290306091308593750000e-04
-2.4682767737151079748963988791388146637473255395889282226562500000e-04
-2.4703832842954065928883777836233548441668972373008728027343750000e-04
-2.4724572818921085673449233865994756342843174934387207031250000000e-04
-2.4744939847199363697899388014889154874254018068313598632812500000e-04
-2.4764991779995058213126313262364419642835855484008789062500000000e-04
-2.4784673863232248606711105587407928396714851260185241699218750000e-04
-2.4804050843168785455555847008213277149479836225509643554687500000e-04
-2.4823060881401059867001901437788546900264918804168701171875000000e-04
-2.4841775703070837410732507599675500387093052268028259277343750000e-04
-2.4860126373494847214912217836513264046516269445419311523437500000e-04
-2.4878191538513298427040543181476550671504810452461242675781250000e-04
-2.4895895303780559868964128433788118854863569140434265136718750000e-04
-2.4913323024777198110360498795046169107081368565559387207031250000e-04
-2.4930392139764333140142249511939098738366737961769104003906250000e-04
-2.4947194345615344946917590895907324011204764246940612792968750000e-04
-2.4963640862477092180818361022431872697779908776283264160156250000e-04
-2.4979829204979756311286176462260755215538665652275085449218750000e-04
-2.4995664976508685881789739724467835912946611642837524414062500000e-04
-2.5011250838509420163155438920910000888397917151451110839843750000e-04
-2.5026487519833328114146620002600229781819507479667663574218750000e-04
-2.5041482024730596801093129855075858358759433031082153320312500000e-04
-2.5056131073381303136712872081659497780492529273033142089843750000e-04
-2.5070545095806688823750207895102448674151673913002014160156250000e-04
-2.5084617770548112538134266635836411296622827649116516113281250000e-04
-2.5098461947993392414518742938867035263683646917343139648437500000e-04
-2.5111969306522067104173179252768477454083040356636047363281250000e-04
-2.5125254051633940906643194246328221197472885251045227050781250000e-04
-2.5138206947596748643686259683249772933777421712875366210937500000e-04
-2.5150942460739890383855654754086117463884875178337097167968750000e-04
-2.5163351540426540358524887253111046447884291410446166992187500000e-04
-2.5175547822131654146851631459469444962451234459877014160156250000e-04
-2.5187423521227860368637552213044727977830916643142700195312500000e-04
-2.5199090384274024003591341269725489837583154439926147460937500000e-04
-2.5210442924941369379973621356327839748701080679893493652343750000e-04
-2.5221590005539216549496073227487613621633499860763549804687500000e-04
-2.5232429394306601921904587015887955203652381896972656250000000000e-04
-2.5243066162309831575866203579039392934646457433700561523437500000e-04
-2.5253402188893142761572097043654139270074665546417236328125000000e-04
-2.5263537956628229078429037635089571267599239945411682128906250000e-04
-2.5273380193978583867220333303293955395929515361785888671875000000e-04
-2.5283024123678033822509858552507466811221092939376831054687500000e-04
-2.5292381929249219737337872615512424090411514043807983398437500000e-04
-2.5301543038971110967036426409038085694191977381706237792968750000e-04
-2.5310425557383285687443330580492784065427258610725402832031250000e-04
-2.5319112725414450034908120379384399711852893233299255371093750000e-04
-2.5327528892326613401547730219931509054731577634811401367187500000e-04
-2.5335750860205912991449106463903717667562887072563171386718750000e-04
-2.5343709407364169161613887126804911531507968902587890625000000000e-04
-2.5351474781639478546513277734675284591503441333770751953125000000e-04
-2.5358984242909997667766996976013160747243091464042663574218750000e-04
-2.5366301495830515704346663774515491240890696644783020019531250000e-04
-2.5373370214040958043125173482223999599227681756019592285156250000e-04
-2.5380247683422658402582761105747977126156911253929138183593750000e-04
-2.5386883817683905456216719720430319284787401556968688964843750000e-04
-2.5393329706184086108633479739182803314179182052612304687500000000e-04
-2.5399541239553300245312961180843558395281434059143066406250000000e-04
-2.5405563613611892564286831586173320829402655363082885742187500000e-04
-2.5411358360833693429553514775420808291528373956680297851562500000e-04
-2.5416965149417457920863472331518551072804257273674011230468750000e-04
-2.5422350764587155549922847797006397740915417671203613281250000000e-04
-2.5427549758050602786083049799970012827543541789054870605468750000e-04
-2.5432533741884429112634080638599698431789875030517578125000000000e-04
-2.5437332591099698700376485760443756589666008949279785156250000000e-04
-2.5441922297795920796664725926916617027018219232559204101562500000e-04
-2.5446328513539410260888007364599161519436165690422058105468750000e-04
-2.5450531157145627435267609683933187625370919704437255859375000000e-04
-2.5454552109973010813603888635725525091402232646942138671875000000e-04
-2.5458374770094733836184319741846593387890607118606567382812500000e-04
-2.5462017690693094281589869964932404400315135717391967773437500000e-04
-2.5465467317597507848972449018276620336109772324562072753906250000e-04
-2.5468739297647939720178889011492628924315795302391052246093750000e-04
-2.5471822716730219094902198939678328315494582056999206542968750000e-04
-2.5474730710224689073095660774015414062887430191040039062500000000e-04
-2.5477454625907300670914490403617946867598220705986022949218750000e-04
-2.5480005450892527323059066901578262331895530223846435546875000000e-04
-2.5482376449975353794805132956469151395140215754508972167968750000e-04
-2.5484576790702086592291242261865136242704465985298156738281250000e-04
-2.5486601345248535059953565173884726391406729817390441894531250000e-04
-2.5488457754647113199034103026008324377471581101417541503906250000e-04
-2.5490142224431994394731604280934789130697026848793029785156250000e-04
-2.5491661126797514422964718860953325929585844278335571289062500000e-04
-2.5493011761498600171310657813705802254844456911087036132812500000e-04
-2.5494199455363222329984385083889719680882990360260009765625000000e-04
-2.5495222396461505011758252869924490369157865643501281738281250000e-04
-2.5496085057596571104426841358758792921435087919235229492187500000e-04
-2.5496786340044249067823822763045882311416789889335632324218750000e-04
-2.5497330024510500958226377754556324362056329846382141113281250000e-04
-2.5497715578325801967507491241349271149374544620513916015625000000e-04
-2.5497946225489968126096118616885632945923134684562683105468750000e-04
-2.5498021877262721287399349634483769477810710668563842773437500000e-04
-2.5497945312816434372538143549036249169148504734039306640625000000e-04
-2.5497716787133855621816369563248372287489473819732666015625000000e-04
-2.5497338726032653518846493589933288603788241744041442871093750000e-04
-2.5496811646894278246058829218156915885629132390022277832031250000e-04
-2.5496137696202810776421876504116426076507195830345153808593750000e-04
-2.5495317588449434341793531366704428364755585789680480957031250000e-04
-2.5494353250059368374072499285887261066818609833717346191406250000e-04
-2.5493245540837196089906102614008887030649930238723754882812500000e-04
-2.5491996214107724878783489685929453116841614246368408203125000000e-04
-2.5490606234326374564952422119290531554725021123886108398437500000e-04
-2.5489077218575427030006208539703038695733994245529174804687500000e-04
-2.5487410204384894265444705396816971187945455312728881835937500000e-04
-2.5485606701296844439630362444404454436153173446655273437500000000e-04
-2.5483667795626944964013094185872887464938685297966003417968750000e-04
-2.5481594911508739136410395254017657862277701497077941894531250000e-04
-2.5479389165610649183035807396890959353186190128326416015625000000e-04
-2.5477051913572613516673071032414554792921990156173706054687500000e-04
-2.5474584288583861438337585525459871860221028327941894531250000000e-04
-2.5471987590609346339270979697744223813060671091079711914062500000e-04
-2.5469262959114185532888408047824668756220489740371704101562500000e-04
-2.5466411648072435772519050978246468730503693222999572753906250000e-04
-2.5463434795685408688209472316543724446091800928115844726562500000e-04
-2.5460333617196727242631970611341785115655511617660522460937500000e-04
-2.5457109244140174123677278217314778885338455438613891601562500000e-04
-2.5453762858453407970718562758349889918463304638862609863281250000e-04
-2.5450295581132704189966653451904221583390608429908752441406250000e-04
-2.5446708564846149628474458737059649138245731592178344726562500000e-04
-2.5443002917408262574319732784999814612092450261116027832031250000e-04
-2.5439179765213664049725017513026159576838836073875427246093750000e-04
-2.5435240201090623338858742741308560653124004602432250976562500000e-04
-2.5431185327405423550820029454655468725832179188728332519531250000e-04
-2.5427016220836600509519476176478747220244258642196655273437500000e-04
-2.5422733961431766974703450046035868581384420394897460937500000000e-04
-2.5418339608976618562014015978434144926723092794418334960937500000e-04
-2.5413834222503449639454786712633449496934190392494201660156250000e-04
-2.5409218844528480042710416597628864110447466373443603515625000000e-04
-2.5404494514047020999394921325631457875715568661689758300781250000e-04
-2.5399662256169559457208428909780195681378245353698730468750000000e-04
-2.5394723090650764578055098574793646548641845583915710449218750000e-04
-2.5389678025168426313620817502680893085198476910591125488281250000e-04
-2.5384528060906229231935560264332707447465509176254272460937500000e-04
-2.5379274188210053722625225702813622774556279182434082031250000000e-04
-2.5373917390246865594463643311939904378959909081459045410156250000e-04
-2.5368458640204801912004795028110493149142712354660034179687500000e-04
-2.5362898903695481117245846824914679018547758460044860839843750000e-04
-2.5357239136983213568382611313722918566782027482986450195312500000e-04
-2.5351480288543460847594523954739997861906886100769042968750000000e-04
-2.5345623297975928504138787289434731064829975366592407226562500000e-04
-2.5339669097002639206253626902309861179674044251441955566406250000e-04
-2.5333618608828757613402049564399476366816088557243347167968750000e-04
-2.5327472748784367589242050300413211516570299863815307617187500000e-04
-2.5321232423949115988501268326160698052262887358665466308593750000e-04
-2.5314898533604221963697056274611441040178760886192321777343750000e-04
-2.5308471969004138566600170534570679592434316873550415039062500000e-04
-2.5301953613684823951937574726400725921848788857460021972656250000e-04
-2.5295344343370483727526099038129814289277419447898864746093750000e-04
-2.5288645026164059854967280926985040423460304737091064453125000000e-04
-2.5281856522528707055530450276137344189919531345367431640625000000e-04
-2.5274979685448233047637134340845932456431910395622253417968750000e-04
-2.5268015360412895498401497640372781461337581276893615722656250000e-04
-2.5260964385557881746111053011816238722531124949455261230468750000e-04
-2.5253827591689101969910091760596060339594259858131408691406250000e-04
-2.5246605802383049630896461046347667434019967913627624511718750000e-04
-2.5239299834023995027648679112530771817546337842941284179687500000e-04
-2.5231910495905580460798689479418044356862083077430725097656250000e-04
-2.5224438590271103764750559861340661882422864437103271484375000000e-04
-2.5216884912390821922578698632833038573153316974639892578125000000e-04
-2.5209250250625924415215362017761435708962380886077880859375000000e-04
-2.5201535386495710388057855944055063446285203099250793457031250000e-04
-2.5193741094741757156547090623632811912102624773979187011718750000e-04
-2.5185868143385637708819846380947637953795492649078369140625000000e-04
-2.5177917293793587944286671564952939661452546715736389160156250000e-04
-2.5169889300748172437233174392190448998007923364639282226562500000e-04
-2.5161784912494878025182587499841702083358541131019592285156250000e-04
-2.5153604870819569212098132382493531622458249330520629882812500000e-04
-2.5145349911091384627337408375069571775384247303009033203125000000e-04
-2.5137020762331394128225037221113780105952173471450805664062500000e-04
-2.5128618147282226263569682167542396200587972998619079589843750000e-04
-2.5120142782442583849825123998300568928243592381477355957031250000e-04
-2.5111595378142259919404533086151332099689170718193054199218750000e-04
-2.5102976638601736314101997571412994147976860404014587402343750000e-04
-2.5094287261970916807704568007864054379751905798912048339843750000e-04
-2.5085527940406642140314108502252565813250839710235595703125000000e-04
-2.5076699360117716934570619713440464693121612071990966796875000000e-04
-2.5067802201410093821190572249690831085899844765663146972656250000e-04
-2.5058837138767483870491203923336342995753511786460876464843750000e-04
-2.5049804840874401309566699147524104773765429854393005371093750000e-04
-2.5040705970691737834721291022788136615417897701263427734375000000e-04
-2.5031541185508668790477004861827481363434344530105590820312500000e-04
-2.5022311136974230557847298506146671570604667067527770996093750000e-04
-2.5013016471173328547639158614401821978390216827392578125000000000e-04
-2.5003657828664586698294569622191829694202169775962829589843750000e-04
-2.4994235844532589757571727773211023304611444473266601562500000000e-04
-2.4984751148445367681730222564340238022850826382637023925781250000e-04
-2.4975204364692966127817208565886630822205916047096252441406250000e-04
-2.4965596112245185640363120960216747334925457835197448730468750000e-04
-2.4955927004793681221739287678929031244479119777679443359375000000e-04
-2.4946197650803006570438546951606895163422450423240661621093750000e-04
-2.4936408653560964429965474131734026741469278931617736816406250000e-04
-2.4926560611224164764124222593011381832184270024299621582031250000e-04
-2.4916654116864233453609855928334582131356000900268554687500000000e-04
-2.4906689758511283382114154250075443997047841548919677734375000000e-04
-2.4896668119200773654220437691719780559651553630828857421875000000e-04
-2.4886589777024033416641390914492149022407829761505126953125000000e-04
-2.4876455305169374804599713435493413271615281701087951660156250000e-04
-2.4866265271964951453706471617977058485848829150199890136718750000e-04
-2.4856020240919215504027395269304179237224161624908447265625000000e-04
-2.4845720770779621726712105278522813023300841450691223144531250000e-04
-2.4835367415559347686535018873144053941359743475914001464843750000e-04
-2.4824960724584505325496230909720907220616936683654785156250000000e-04
-2.4814501242542501800725229799127191654406487941741943359375000000e-04
-2.4803989509515937065403656802686782611999660730361938476562500000e-04
-2.4793426061028422252574543449554766993969678878784179687500000000e-04
-2.4782811428084966206067396576884220849024131894111633300781250000e-04
-2.4772146137213608843921641700092095561558380722999572753906250000e-04
-2.4761430710501796141273511686620167893124744296073913574218750000e-04
-2.4750665665638035177822939836289606319041922688484191894531250000e-04
-2.4739851515952969137138173216783343377755954861640930175781250000e-04
-2.4728988770457671327387960680255218903766945004463195800781250000e-04
-2.4718077933882470461138258777111786912428215146064758300781250000e-04
-2.4707119506710918709416202609929769096197560429573059082031250000e-04
-2.4696113985227106284517373246956140064867213368415832519531250000e-04
-2.4685061861541964184710296059677148150512948632240295410156250000e-04
-2.4673963623635998022864956880084719159640371799468994140625000000e-04
-2.4662819755398601197227126391453566611744463443756103515625000000e-04
-2.4651630736660580956592925261361415323335677385330200195312500000e-04
-2.4640397043232831891801382084850047249346971511840820312500000000e-04
-2.4629119146937680220540989317612456943606957793235778808593750000e-04
-2.4617797515647633172994335204464277921942993998527526855468750000e-04
-2.4606432613321472082160146221951890765922144055366516113281250000e-04
-2.4595024900034089627640088160376308223931118845939636230468750000e-04
-2.4583574832016220424249497433777378319064155220985412597656250000e-04
-2.4572082861687774817810447913757343485485762357711791992187500000e-04
-2.4560549437689313274219005123200076923239976167678833007812500000e-04
-2.4548975004909449589354797360840620967792347073554992675781250000e-04
-2.4537360004534843451254322310717270738678053021430969238281250000e-04
-2.4525704874066506840785129028859046229626983404159545898437500000e-04
-2.4514010047357154796487943571037249057553708553314208984375000000e-04
-2.4502275954644219370728852602780989400343969464302062988281250000e-04
-2.4490503022589938005026954925824611564166843891143798828125000000e-04
-2.4478691674292786441963221122364302573259919881820678710937500000e-04
-2.4466842329336885818180657992115811794064939022064208984375000000e-04
-2.4454955403816576106623692510311229852959513664245605468750000000e-04
-2.4443031310363391066589611178017094061942771077156066894531250000e-04
-2.4431070458182330227409062572974107752088457345962524414062500000e-04
-2.4419073253075955281729547685642955912044271826744079589843750000e-04
-2.4407040097483608388599651828343439774471335113048553466796875000e-04
-2.4394971390501269336258116648963323314092122018337249755859375000e-04
-2.4382867527910051085732190401245134125929325819015502929687500000e-04
-2.4370728902212937961452299262532505963463336229324340820312500000e-04
-2.4358555902659537986849891399998568886076100170612335205078125000e-04
-2.4346348915270949061183392014839910189039073884487152099609375000e-04
-2.4334108322874618769889043523590999029693193733692169189453125000e-04
-2.4321834505127370128219066458541419706307351589202880859375000000e-04
-2.4309527838544141070328818976520324213197454810142517089843750000e-04
-2.4297188696523975485856705613940675902995280921459197998046875000e-04
-2.4284817449377898057778779605797581098158843815326690673828125000e-04
-2.4272414464358924978543141648401615384500473737716674804687500000e-04
-2.4259980105682091874701178380036026283050887286663055419921875000e-04
-2.4247514734555413199942885960069816064788028597831726074218750000e-04
-2.4235018709204658965243595059035897065768949687480926513671875000e-04
-2.4222492384899646641546744341155772417550906538963317871093750000e-04
-2.4209936113976521514408457580458389202249236404895782470703125000e-04
-2.4197350245869632227868617491139957564882934093475341796875000000e-04
-2.4184735127130387770735819863432425336213782429695129394531250000e-04
-2.4172091101449993196144394591584614317980594933032989501953125000e-04
-2.4159418509695567106425329040320093554328195750713348388671875000e-04
-2.4146717689921921509710323050512670306488871574401855468750000000e-04
-2.4133988977400228125372305676421547104837372899055480957031250000e-04
-2.4121232704649590351288213074809618774452246725559234619140625000e-04
-2.4108449201442423617119947820697234419640153646469116210937500000e-04
-2.4095638794849471458515977051462186864227987825870513916015625000e-04
-2.4082801809245568051658092922906462263199500739574432373046875000e-04
-2.4069938566336737846562687792584256385453045368194580078125000000e-04
-2.4057049385199598184534308664694890467217192053794860839843750000e-04
-2.4044134582272867284649664476603447837987914681434631347656250000e-04
-2.4031194471411544536822157969169211355620063841342926025390625000e-04
-2.4018229363885769379015344693328870562254451215267181396484375000e-04
-2.4005239568410016151242536430743257369613274931907653808593750000e-04
-2.3992225391173842069178490099545797420432791113853454589843750000e-04
-2.3979187135850219317854958855917857363237999379634857177734375000e-04
-2.3966125103626250499207206434704175990191288292407989501953125000e-04
-2.3953039593218621223537356801358555458136834204196929931640625000e-04
-2.3939930900890115219106779598234879813389852643013000488281250000e-04
-2.3926799320488081825215875841905699417111463844776153564453125000e-04
-2.3913645143447628967602047733720382893807254731655120849609375000e-04
-2.3900468658815090714463147403279208447202108800411224365234375000e-04
-2.3887270153281014127555348380838040611706674098968505859375000000e-04
-2.3874049911178806719982969930526905955048277974128723144531250000e-04
-2.3860808214521000308362685959906457355828024446964263916015625000e-04
-2.3847545343019948432296273299613176277489401400089263916015625000e-04
-2.3834261574088563611847901846374497836222872138023376464843750000e-04
-2.3820957182881381504827023043446843075798824429512023925781250000e-04
-2.3807632442304448830601437681053766937111504375934600830078125000e-04
-2.3794287623026241285974224926036413307883776724338531494140625000e-04
-2.3780922993515569963639266770627500591217540204524993896484375000e-04
-2.3767538820043126340277039876269782325834967195987701416015625000e-04
-2.3754135366703049768270783470569540440919809043407440185546875000e-04
-2.3740712895440840260637138658950107128475792706012725830078125000e-04
-2.3727271666061433086705734218924135348061099648475646972656250000e-04
-2.3713811936248611412017539556984502269187942147254943847656250000e-04
-2.3700333961586996628888301952287065432756207883358001708984375000e-04
-2.3686837995574885310130774929149310992215760052204132080078125000e-04
-2.3673324289644694551522363656914649254758842289447784423828125000e-04
-2.3659793093183450682359669769994070520624518394470214843750000000e-04
-2.3646244653539023427950283018361687936703674495220184326171875000e-04
-2.3632679216050543201561862094450816584867425262928009033203125000e-04
-2.3619097024052499388634129839914521653554402291774749755859375000e-04
-2.3605498318901452377803484861118477056152187287807464599609375000e-04
-2.3591883339990288108965754698687078416696749627590179443359375000e-04
-2.3578252324756441746754498378635389599367044866085052490234375000e-04
-2.3564605508711458452773823690762355909100733697414398193359375000e-04
-2.3550943125446717973069110652062363442382775247097015380859375000e-04
-2.3537265406654703974245745889959380292566493153572082519531250000e-04
-2.3523572582141483210474430798342382331611588597297668457031250000e-04
-2.3509864879843063423768556585713440654217265546321868896484375000e-04
-2.3496142525844502407274261290837102933437563478946685791015625000e-04
-2.3482405744391617388733273230627673910930752754211425781250000000e-04
-2.3468654757904670372405109279867474469938315451145172119140625000e-04
-2.3454889786998550562507892536245890369173139333724975585937500000e-04
-2.3441111050496080234380180673525728707318194210529327392578125000e-04
-2.3427318765436495905975233799978241222561337053775787353515625000e-04
-2.3413513147102217289499681562858768302248790860176086425781250000e-04
-2.3399694409021395166518864083826656496967189013957977294921875000e-04
-2.3385862762990316425851244908074022532673552632331848144531250000e-04
-2.3372018419085858836024838236511413924745284020900726318359375000e-04
-2.3358161585675717782269178446341584276524372398853302001953125000e-04
-2.3344292469439068449417462591810590311069972813129425048828125000e-04
-2.3330411275373499294799595205063269531819969415664672851562500000e-04
-2.3316518206815939860676589745480669080279767513275146484375000000e-04
-2.3302613465449409932764290864781742129707708954811096191406250000e-04
-2.3288697251322293944354735462098915377282537519931793212890625000e-04
-2.3274769762858223479118358056894066976383328437805175781250000000e-04
-2.3260831196873223928461849041582354402635246515274047851562500000e-04
-2.3246881748581870049362441132956291767186485230922698974609375000e-04
-2.3232921611619162453703235637902935195597819983959197998046875000e-04
-2.3218950978046287432314531695709547420847229659557342529296875000e-04
-2.3204970038368140372586623243478243239223957061767578125000000000e-04
-2.3190978981544734275829777736532832932425662875175476074218750000e-04
-2.3176977995001201522315414926822541019646450877189636230468750000e-04
-2.3162967264643059437864702765352831193013116717338562011718750000e-04
-2.3148946974871196678377738287224474333925172686576843261718750000e-04
-2.3134917308587188530984157797121270050411112606525421142578125000e-04
-2.3120878447212799000620719880316755734384059906005859375000000000e-04
-2.3106830570696700152995284316403967750375159084796905517578125000e-04
-2.3092773857530523727750459972440921774250455200672149658203125000e-04
-2.3078708484755856952981567520311045882408507168292999267578125000e-04
-2.3064634627983015505853225945998019597027450799942016601562500000e-04
-2.3050552461391937979391653090743830034625716507434844970703125000e-04
-2.3036462157757225531658218375952174028498120605945587158203125000e-04
-2.3022363888452191380863676162249475964927114546298980712890625000e-04
-2.3008257823457301319280965401503635803237557411193847656250000000e-04
-2.2994144131378911437291190367204762878827750682830810546875000000e-04
-2.2980022979455271892913759135268492173054255545139312744140625000e-04
-2.2965894533566089574967705733143930046935565769672393798828125000e-04
-2.2951758958251932611453749455421302627655677497386932373046875000e-04
-2.2937616416716661692926093607525217521470040082931518554687500000e-04
-2.2923467070841291597267652679903449097764678299427032470703125000e-04
-2.2909311081196820011895987079242331674322485923767089843750000000e-04
-2.2895148607049437125202095977272165328031405806541442871093750000e-04
-2.2880979806375005146563961222483385427040047943592071533203125000e-04
-2.2866804835873264065311538661973145281081087887287139892578125000e-04
-2.2852623850966552292163225246213187347166240215301513671875000000e-04
-2.2838437005823735001172614111908387712901458144187927246093750000e-04
-2.2824244453363952758739863213577336864545941352844238281250000000e-04
-2.2810046345259096215070393487422961698030121624469757080078125000e-04
-2.2795842831960591318846143238374679640401154756546020507812500000e-04
-2.2781634062694601722612319782967915671179071068763732910156250000e-04
-2.2767420185478581839445821888290311107994057238101959228515625000e-04
-2.2753201347132609466163144507078186506987549364566802978515625000e-04
-2.2738977693282299576658933570882936692214570939540863037109375000e-04
-2.2724749368374248781853042000733466920792125165462493896484375000e-04
-2.2710516515688818073304133804413140751421451568603515625000000000e-04
-2.2696279277330865605140364227310101341572590172290802001953125000e-04
-2.2682037794269084259382585067044146853731945157051086425781250000e-04
-2.2667792206318933593243991619914368129684589803218841552734375000e-04
-2.2653542652161559167039994733272578741889446973800659179687500000e-04
-2.2639289269359754710672638644552989717340096831321716308593750000e-04
-2.2625032194352720006126633567333783503272570669651031494140625000e-04
-2.2610771562478257216445565180862331544631160795688629150390625000e-04
-2.2596507507976703829112585797389556319103576242923736572265625000e-04
-2.2582240163990962471610157713541866542072966694831848144531250000e-04
-2.2567969662593402677824849789089967089239507913589477539062500000e-04
-2.2553696134778303998905113481043827050598338246345520019531250000e-04
-2.2539419710479403815422960732917090354021638631820678710937500000e-04
-2.2525140518575632766866412293182975190575234591960906982421875000e-04
-2.2510858686896961311854625797934659203747287392616271972656250000e-04
-2.2496574342239415928226820007296282710740342736244201660156250000e-04
-2.2482287610366239209366834295167336676968261599540710449218750000e-04
-2.2467998616018000049461555978069782213424332439899444580078125000e-04
-2.2453707482929268672913747373343085200758650898933410644531250000e-04
-2.2439414333821222375525694658904285461176186800003051757812500000e-04
-2.2425119290421684291152171208949539504828862845897674560546875000e-04
-2.2410822473470240825954569174882635707035660743713378906250000000e-04
-2.2396524002720889822207195329895057511748746037483215332031250000e-04
-2.2382223996961445066679330384573631818057037889957427978515625000e-04
-2.2367922574007657204354926339107123567373491823673248291015625000e-04
-2.2353619850719484902536182691079602591344155371189117431640625000e-04
-2.2339315943007044410265060641052059509092941880226135253906250000e-04
-2.2325010965836477802581860885311471065506339073181152343750000000e-04
-2.2310705033243115194899197639699650608235970139503479003906250000e-04
-2.2296398258325042713613728384558498873957432806491851806640625000e-04
-2.2282090753272693083898714494495152393938042223453521728515625000e-04
-2.2267782629353430985316708579091482533840462565422058105468750000e-04
-2.2253473996928041056357627791584263832191936671733856201171875000e-04
-2.2239164965475843437764380539078956644516438245773315429687500000e-04
-2.2224855643555114972226283143186265078838914632797241210937500000e-04
-2.2210546138865441671318701200021905606263317167758941650390625000e-04
-2.2196236558228877992250682726904642549925483763217926025390625000e-04
-2.2181927007561332032027634486581746386946178972721099853515625000e-04
-2.2167617591978107187931923416357449241331778466701507568359375000e-04
-2.2153308415679082436951230494770470613730140030384063720703125000e-04
-2.2138999582027048653246059650712140864925459027290344238281250000e-04
-2.2124691193602937866816149359294740861514583230018615722656250000e-04
-2.2110383352028434235554688047642457604524679481983184814453125000e-04
-2.2096076158221791547846268866095442717778496444225311279296875000e-04
-2.2081769712227808637877712882868763699661940336227416992187500000e-04
-2.2067464113194302198495133637834442197345197200775146484375000000e-04
-2.2053159459662819330723337873934042363543994724750518798828125000e-04
-2.2038855849131622753091230837441116818808950483798980712890625000e-04
-2.2024553378433524416721289718168463878100737929344177246093750000e-04
-2.2010252143712919392810889451794764681835658848285675048828125000e-04
-2.1995952239979330391540790490267909262911416590213775634765625000e-04
-2.1981653761909080400938076849115532240830361843109130859375000000e-04
-2.1967356803136739462102566822210292230010963976383209228515625000e-04
-2.1953061456379233291891228674330704961903393268585205078125000000e-04
-2.1938767814204512807650659933500492115854285657405853271484375000e-04
-2.1924475967618245095779039299799251239164732396602630615234375000e-04
-2.1910186007403998427640889890000153172877617180347442626953125000e-04
-2.1895898023810767061940463218405739098670892417430877685546875000e-04
-2.1881612105281519225531694505804125583381392061710357666015625000e-04
-2.1867328341064584782023338949130675246124155819416046142578125000e-04
-2.1853046818553548938553199310064201199566014111042022705078125000e-04
-2.1838767624185977242121103891747679881518706679344177246093750000e-04
-2.1824490845699556274862873639364124755957163870334625244140625000e-04
-2.1810216567027135856418618153895749856019392609596252441406250000e-04
-2.1795944873813640299022031943110278007225133478641510009765625000e-04
-2.1781675851273758098315680431511509596020914614200592041015625000e-04
-2.1767409580062635986695551704173112739226780831813812255859375000e-04
-2.1753146146483905306288908487744038211531005799770355224609375000e-04
-2.1738885630539003931613328823857500537997111678123474121093750000e-04
-2.1724628112427277291246463519769349659327417612075805664062500000e-04
-2.1710373678411623251695294900542876348481513559818267822265625000e-04
-2.1696122400388946475403850744356759605580009520053863525390625000e-04
-2.1681874364632788983707489816055158371455036103725433349609375000e-04
-2.1667629650046085851983201919779276067856699228286743164062500000e-04
-2.1653388324235461588965212520463410328375175595283508300781250000e-04
-2.1639150483773622623585863866679801503778435289859771728515625000e-04
-2.1624916186524986423493632781145379340159706771373748779296875000e-04
-2.1610685515602119839174977133922084249206818640232086181640625000e-04
-2.1596458561594654478391075436150003952207043766975402832031250000e-04
-2.1582235361506068964387861086606790195219218730926513671875000000e-04
-2.1568016039356899976077441838384629591018892824649810791015625000e-04
-2.1553800631680638047460440986924368189647793769836425781250000000e-04
-2.1539589206409347232375195435594150694669224321842193603515625000e-04
-2.1525381903639412002442188320827654024469666182994842529296875000e-04
-2.1511178676207856250678085441307985092862509191036224365234375000e-04
-2.1496979715155339289017755177724211534950882196426391601562500000e-04
-2.1482785045957934191504512533299475762760266661643981933593750000e-04
-2.1468594650530018440315327410417012288235127925872802734375000000e-04
-2.1454408822773322245217042514298100286396220326423645019531250000e-04
-2.1440227343476659402181361269157378046656958758831024169921875000e-04
-2.1426050499637224583913963638082122997730039060115814208984375000e-04
-2.1411878363866205686114052575419464119477197527885437011718750000e-04
-2.1397710673690364577802236478731856550439260900020599365234375000e-04
-2.1383548107771073692844054914274920520256273448467254638671875000e-04
-2.1369390085460181400757451175564938239404000341892242431640625000e-04
-2.1355236965804429150050935959370690397918224334716796875000000000e-04
-2.1341089191368993612483995203632503034896217286586761474609375000e-04
-2.1326945777778110293135260810970521561102941632270812988281250000e-04
-2.1312808108051904481226868082188730113557539880275726318359375000e-04
-2.1298675302752726628575941081322753234417177736759185791015625000e-04
-2.1284547392165915858860958387310802208958193659782409667968750000e-04
-2.1270425729996687044635883534482445611502043902873992919921875000e-04
-2.1256308079528390617141120344513183226808905601501464843750000000e-04
-2.1242196878124887122335495703850938298273831605911254882812500000e-04
-2.1228091174867291909995892229545688678626902401447296142578125000e-04
-2.1213989499869136579231210237850291377981193363666534423828125000e-04
-2.1199895790005452290809262461124262699740938842296600341796875000e-04
-2.1185805864599056022937184629029161442304030060768127441406250000e-04
-2.1171721709746244965283379357856574642937630414962768554687500000e-04
-2.1157645197847105658119082338686212096945382654666900634765625000e-04
-2.1143571638889679660359977031447442641365341842174530029296875000e-04
-2.1129506522433094337087844394318381091579794883728027343750000000e-04
-2.1115446181074127760500525052833609152003191411495208740234375000e-04
-2.1101390524663055222806540278668308019405230879783630371093750000e-04
-2.1087345210153560963808883066405996942194178700447082519531250000e-04
-2.1073300369473064118895633267669609267613850533962249755859375000e-04
-2.1059264241430082479668295381003417787724174559116363525390625000e-04
-2.1045238659273964271050061380918805298279039561748504638671875000e-04
-2.1031210045686782859376828813680049279355444014072418212890625000e-04
-2.1017194138010374289404769143629891914315521717071533203125000000e-04
-2.1003187345692471703524628612314018027973361313343048095703125000e-04
-2.0989177918774313603457459809220608804025687277317047119140625000e-04
-2.0975181762609507521433194199289573589339852333068847656250000000e-04
-2.0961191070429047254158883006880387256387621164321899414062500000e-04
-2.0947206224473428567457722326849989258334971964359283447265625000e-04
-2.0933230171072645135407763739010533754481002688407897949218750000e-04
-2.0919248802183016723577058115779436775483191013336181640625000000e-04
-2.0905295421005793657549809427820264318143017590045928955078125000e-04
-2.0891343573923218238964916171340746586793102324008941650390625000e-04
-2.0877360535348729619377350363862433368922211229801177978515625000e-04
-2.0863442940664798388138156948201640261686407029628753662109375000e-04
-2.0849521291246839236992183241881093636038713157176971435546875000e-04
-2.0835534134164724207743946138293722469825297594070434570312500000e-04
-2.0821634864717956741285431743193612419418059289455413818359375000e-04
-2.0807748023189684481552841344154103353503160178661346435546875000e-04
-2.0793781709594971003271512977050861081806942820549011230468750000e-04
-2.0779836725186000430908028757670535924262367188930511474609375000e-04
-2.0765966628720911989897102145619101065676659345626831054687500000e-04
-2.0752034234247057988866080879830633421079255640506744384765625000e-04
-2.0737962508753817587013601464462908552377484738826751708984375000e-04
-2.0723971597255737698943522939742933886009268462657928466796875000e-04
-2.0710029832312246383767273538722974990378133952617645263671875000e-04
