-3.2415976479495248185891398406965890899300575256347656250000000000e-02
-3.2389857749242932649647030984851880930364131927490234375000000000e-02
-3.2364063309217754038638048541542957536876201629638671875000000000e-02
-3.2338365282966449743007331107946811243891716003417968750000000000e-02
-3.2313150261285325526294798237358918413519859313964843750000000000e-02
-3.2288093175869725381943453612620942294597625732421875000000000000e-02
-3.2263381206241316390137541247895569540560245513916015625000000000e-02
-3.2238933535071422065154678193721338175237178802490234375000000000e-02
-3.2214752861922171800479475223255576565861701965332031250000000000e-02
-3.2190856292449103459585302289269748143851757049560546875000000000e-02
-3.2167217993886693117033814814931247383356094360351562500000000000e-02
-3.2143847334167370555224607642230694182217121124267578125000000000e-02
-3.2120735990423587846720465677208267152309417724609375000000000000e-02
-3.2097880431245957855157513449739781208336353302001953125000000000e-02
-3.2075278268421464344939408874779473990201950073242187500000000000e-02
-3.2052925052876837797022346876474330201745033264160156250000000000e-02
-3.2030817739321926218565295130247250199317932128906250000000000000e-02
-3.2008952833543630189794271245773416012525558471679687500000000000e-02
-3.1987326942381252847802386440889677032828330993652343750000000000e-02
-3.1965936804810392291020804123036214150488376617431640625000000000e-02
-3.1944779132266190591060706083226250484585762023925781250000000000e-02
-3.1923850722610724872652099293190985918045043945312500000000000000e-02
-3.1903148410725799821729964378391741774976253509521484375000000000e-02
-3.1882669075300663907857057211003848351538181304931640625000000000e-02
-3.1862409646221376280372794553841231390833854675292968750000000000e-02
-3.1842367095885407146660384114511543884873390197753906250000000000e-02
-3.1822538442725430141155840146893751807510852813720703125000000000e-02
-3.1802920750287316797866310480458196252584457397460937500000000000e-02
-3.1783511126118692280417832307648495770990848541259765625000000000e-02
-3.1764306722069868271773884771391749382019042968750000000000000000e-02
-3.1745304733682214171075486319750780239701271057128906250000000000e-02
-3.1726502399800439457866474413094692863523960113525390625000000000e-02
-3.1707897002270404862578345728252315893769264221191406250000000000e-02
-3.1689485865496344607628032008506124839186668395996093750000000000e-02
-3.1671266356033463129637794963855412788689136505126953125000000000e-02
-3.1653235882162011893825592778739519417285919189453125000000000000e-02
-3.1635391893427032561358913653748459182679653167724609375000000000e-02
-3.1617731880167698754746652411995455622673034667968750000000000000e-02
-3.1600253373021781888585479691755608655512332916259765625000000000e-02
-3.1582953942410479930558153682795818895101547241210937500000000000e-02
-3.1565831198015259495548434642842039465904235839843750000000000000e-02
-3.1548882788213196415316730281119816936552524566650390625000000000e-02
-3.1532106399539086560857015228975797072052955627441406250000000000e-02
-3.1515499756097395400722405156557215377688407897949218750000000000e-02
-3.1499060618937119171434346753812860697507858276367187500000000000e-02
-3.1482786785577157595561459402233595028519630432128906250000000000e-02
-3.1466676089239725699897576305374968796968460083007812500000000000e-02
-3.1450726398279123252610389727124129422008991241455078125000000000e-02
-3.1434935615887033000248607095272745937108993530273437500000000000e-02
-3.1419301678747041384198723790177609771490097045898437500000000000e-02
-3.1403822557114879909789806333719752728939056396484375000000000000e-02
-3.1388496254510969696305267007119255140423774719238281250000000000e-02
-3.1373320804963890362504486120087676681578159332275390625000000000e-02
-3.1358294275739426182347813210071763023734092712402343750000000000e-02
-3.1343414765138362387819626064811018295586109161376953125000000000e-02
-3.1328680397794850254200582639896310865879058837890625000000000000e-02
-3.1314089334683353760269142185279633849859237670898437500000000000e-02
-3.1299639762091727157589104990620398893952369689941406250000000000e-02
-3.1285329888136058362757552231414592824876308441162109375000000000e-02
-3.1271157967565979540758291932434076443314552307128906250000000000e-02
-3.1257122263621706093061902720364741981029510498046875000000000000e-02
-3.1243221062500773493875172448497323784977197647094726562500000000e-02
-3.1229452717914538140142610700422665104269981384277343750000000000e-02
-3.1215815548804915630087819522486825007945299148559570312500000000e-02
-3.1202307922407374746187613823167339432984590530395507812500000000e-02
-3.1188928300646932140205436212454515043646097183227539062500000000e-02
-3.1175675018563803186921745691506657749414443969726562500000000000e-02
-3.1162546548713730004687150199060852173715829849243164062500000000e-02
-3.1149541467585861731492968829115852713584899902343750000000000000e-02
-3.1136658059882280774610663343082705978304147720336914062500000000e-02
-3.1123894968129402205381239809867111034691333770751953125000000000e-02
-3.1111250874944176153524821870632877107709646224975585937500000000e-02
-3.1098723907197044907801952717818494420498609542846679687500000000e-02
-3.1086313012087442991804309144754370208829641342163085937500000000e-02
-3.1074016941702798516589112409747031051665544509887695312500000000e-02
-3.1061833475219177008730397915314824786037206649780273437500000000e-02
-3.1049762129305043950600051516630628611892461776733398437500000000e-02
-3.1037801620354833753712142652148031629621982574462890625000000000e-02
-3.1025948806646098249162335491746489424258470535278320312500000000e-02
-3.1014203676946849874695999460527673363685607910156250000000000000e-02
-3.1002566703688866356358744269527960568666458129882812500000000000e-02
-3.0991037859076586702400391004630364477634429931640625000000000000e-02
-3.0979616625915085137421556282788515090942382812500000000000000000e-02
-3.0968299876251680069483285251408233307301998138427734375000000000e-02
-3.0957085979297034594726056866420549340546131134033203125000000000e-02
-3.0945974280335727946145141231681918725371360778808593750000000000e-02
-3.0934962814943702674730374724276771303266286849975585937500000000e-02
-3.0924050245930381763947991657914826646447181701660156250000000000e-02
-3.0913235687538082735459354921658814419060945510864257812500000000e-02
-3.0902517648388624915689604222279740497469902038574218750000000000e-02
-3.0891894914960898316236281857527501415461301803588867187500000000e-02
-3.0881366519708613321837376020084775518625974655151367187500000000e-02
-3.0870931212088673772919733551134413573890924453735351562500000000e-02
-3.0860587866897087189199666568129032384604215621948242187500000000e-02
-3.0850335502910421203726087924223975278437137603759765625000000000e-02
-3.0840173008434924872833704512231633998453617095947265625000000000e-02
-3.0830099328255498869477690959683968685567378997802734375000000000e-02
-3.0820113496288166488046300628411700017750263214111328125000000000e-02
-3.0810214489858201575289697871085081715136766433715820312500000000e-02
-3.0800401312673492820737308761636086273938417434692382812500000000e-02
-3.0790673025828271119896939467253105249255895614624023437500000000e-02
-3.0781028670097687616191706183599308133125305175781250000000000000e-02
-3.0771467300353967655457410046437871642410755157470703125000000000e-02
-3.0761988009678234434751686876552412286400794982910156250000000000e-02
-3.0752589888534777318174207039191969670355319976806640625000000000e-02
-3.0743272037057123302616901128203608095645904541015625000000000000e-02
-3.0734033581857327088737719122946145944297313690185546875000000000e-02
-3.0724873655239941933059455436705320607870817184448242187500000000e-02
-3.0715791397997103256978235208407568279653787612915039062500000000e-02
-3.0706785970236797483901014516050054226070642471313476562500000000e-02
-3.0697856541310110378706355049871490336954593658447265625000000000e-02
-3.0689002289037810994321020530151145067065954208374023437500000000e-02
-3.0680222406206297813824335207755211740732192993164062500000000000e-02
-3.0671516096042256843690054779472120571881532669067382812500000000e-02
-3.0662882570489661399060210555944649968296289443969726562500000000e-02
-3.0654321053824495207917877337422396522015333175659179687500000000e-02
-3.0645830780854192709750094536502729170024394989013671875000000000e-02
-3.0637410995279796416257411806327581871300935745239257812500000000e-02
-3.0629060951525382411331221987893513869494199752807617187500000000e-02
-3.0620779914168904517479674609603534918278455734252929687500000000e-02
-3.0612567156699299619759813140262849628925323486328125000000000000e-02
-3.0604421962312809007977776332154462579637765884399414062500000000e-02
-3.0596343623825964647133801577183476183563470840454101562500000000e-02
-3.0588331442836062812329345206308062188327312469482421875000000000e-02
-3.0580384729962592493812678640097146853804588317871093750000000000e-02
-3.0572502804899447104158838328658021055161952972412109375000000000e-02
-3.0564684995882992341043049577820056583732366561889648437500000000e-02
-3.0556930639668140881060054425688576884567737579345703125000000000e-02
-3.0549239081578326293620051501420675776898860931396484375000000000e-02
-3.0541609675175197813334904139992431737482547760009765625000000000e-02
-3.0534041782133446163438605935880332253873348236083984375000000000e-02
-3.0526534772240133952525553695522830821573734283447265625000000000e-02
-3.0519088023189110125965584074947400949895381927490234375000000000e-02
-3.0511700920428781041993104850007512141019105911254882812500000000e-02
-3.0504372857114860073668438644745037890970706939697265625000000000e-02
-3.0497103233973102409670730139623628929257392883300781250000000000e-02
-3.0489891459148401459122723622385819908231496810913085937500000000e-02
-3.0482736948132641702224887580996437463909387588500976562500000000e-02
-3.0475639123653818635117929147781978826969861984252929687500000000e-02
-3.0468597415543825085437745769922912586480379104614257812500000000e-02
-3.0461611260650493793189497182538616470992565155029296875000000000e-02
-3.0454680102739235120212768492820032406598329544067382812500000000e-02
-3.0447803392378215703306665318450541235506534576416015625000000000e-02
-3.0440980586841883542836839637857337947934865951538085937500000000e-02
-3.0434211150021969749523975679039722308516502380371093750000000000e-02
-3.0427494552324178822555467149868491105735301971435546875000000000e-02
-3.0420830270571339037921632098004920408129692077636718750000000000e-02
-3.0414217787918487734266648203629301860928535461425781250000000000e-02
-3.0407656593757860508109303054880001582205295562744140625000000000e-02
-3.0401146183626496372065517448390892241150140762329101562500000000e-02
-3.0394686059124452481849942842018208466470241546630859375000000000e-02
-3.0388275727824261979170827885354810860008001327514648437500000000e-02
-3.0381914703186654186373161223855277057737112045288085937500000000e-02
-3.0375602504478283610866995445576321799308061599731445312500000000e-02
-3.0369338656687776267784073525035637430846691131591796875000000000e-02
-3.0363122690446341794823226223343226592987775802612304687500000000e-02
-3.0356954141947448816418742012501752469688653945922851562500000000e-02
-3.0350832552870313230108934021700406447052955627441406250000000000e-02
-3.0344757470301228496900591835583327338099479675292968750000000000e-02
-3.0338728446658812937242188922937202733010053634643554687500000000e-02
-3.0332745039619031512945213080456596799194812774658203125000000000e-02
-3.0326806812042573363585873380543489474803209304809570312500000000e-02
-3.0320913331904467136190817200258607044816017150878906250000000000e-02
-3.0315064172220927696255188266150071285665035247802734375000000000e-02
-3.0309258910980529239109770855975511949509382247924804687500000000e-02
-3.0303497131074812881434965561311400961130857467651367187500000000e-02
-3.0297778420233789642423971599782817065715789794921875000000000000e-02
-3.0292102370956752732666927840909920632839202880859375000000000000e-02
-3.0286468580446212345291812084724369924515485763549804687500000000e-02
-3.0280876650548103207194472474839130882173776626586914062500000000e-02
-3.0275326187684439144254255893429217394441366195678710937500000000e-02
-3.0269816802791296717067837107606464996933937072753906250000000000e-02
-3.0264348111260230139718530040227051358669996261596679687500000000e-02
-3.0258919732875352859302608976577175781130790710449218750000000000e-02
-3.0253531291755220850037133573096070904284715652465820312500000000e-02
-3.0248182416294552843361032046232139691710472106933593750000000000e-02
-3.0242872739105308710350072942674160003662109375000000000000000000e-02
-3.0237601896962298941851088329713093116879463195800781250000000000e-02
-3.0232369530745442642860609794297488406300544738769531250000000000e-02
-3.0227175285385477626620698288206767756491899490356445312500000000e-02
-3.0222018809810759915057687408079800661653280258178710937500000000e-02
-3.0216899756892415251918748708703787997364997863769531250000000000e-02
-3.0211817783394091102566747508717526216059923171997070312500000000e-02
-3.0206772549918596559859196304387296549975872039794921875000000000e-02
-3.0201763720856578815388004954911593813449144363403320312500000000e-02
-3.0196790964339966650831215133621299173682928085327148437500000000e-02
-3.0191853952189373622161383536877110600471496582031250000000000000e-02
-3.0186952359864956813018110892699041869491338729858398437500000000e-02
-3.0182085866422733028135994004514941480010747909545898437500000000e-02
-3.0177254154463865887247919772562454454600811004638671875000000000e-02
-3.0172456910089212600567520894401241093873977661132812500000000000e-02
-3.0167693822855248114711557150258158799260854721069335937500000000e-02
-3.0162964585726509403329487213341053575277328491210937500000000000e-02
-3.0158268895033264744842682603120920248329639434814453125000000000e-02
-3.0153606450427909713152274662206764332950115203857421875000000000e-02
-3.0148976954840478459374253361602313816547393798828125000000000000e-02
-3.0144380114437121370718486446094175335019826889038085937500000000e-02
-3.0139815638579432743870967215116252191364765167236328125000000000e-02
-3.0135283239782578029730686353104829322546720504760742187500000000e-02
-3.0130782633673476589297735017680679447948932647705078125000000000e-02
-3.0126313538953189419267175708228023722767829895019531250000000000e-02
-3.0121875677356375194948512330483936239033937454223632812500000000e-02
-3.0117468773613948612721813447024032939225435256958007812500000000e-02
-3.0113092555411627437855770494934404268860816955566406250000000000e-02
-3.0108746753356875613949483749820501543581485748291015625000000000e-02
-3.0104431100938147669587863219931023195385932922363281250000000000e-02
-3.0100145334490662624160606242185167502611875534057617187500000000e-02
-3.0095889193159513358422074702502868603914976119995117187500000000e-02
-3.0091662418864816019858920981278060935437679290771484375000000000e-02
-3.0087464756264708370947502658054872881621122360229492187500000000e-02
-3.0083295952726997468662517576376558281481266021728515625000000000e-02
-3.0079155758283383781392927858178154565393924713134765625000000000e-02
-3.0075043925614355216913153867608343716710805892944335937500000000e-02
-3.0070960209992309009052746660017874091863632202148437500000000000e-02
-3.0066904369277860226139509336462651845067739486694335937500000000e-02
-3.0062876163853786970481252183162723667919635772705078125000000000e-02
-3.0058875356634814218770301863514760043472051620483398437500000000e-02
-3.0054901712985242212550218710020999424159526824951171875000000000e-02
-3.0050955000754164814225077861919999122619628906250000000000000000e-02
-3.0047034990157438921754007310482847969979047775268554687500000000e-02
-3.0043141453865315759763632286194479092955589294433593750000000000e-02
-3.0039274166821009620642612958363315556198358535766601562500000000e-02
-3.0035432906403765340730416255610180087387561798095703125000000000e-02
-3.0031617452159653502974379080114886164665222167968750000000000000e-02
-3.0027827586076461657826897067025129217654466629028320312500000000e-02
-3.0024063092173508549009852686140220612287521362304687500000000000e-02
-3.0020323756954910010552595167609979398548603057861328125000000000e-02
-3.0016609368782459082991564969233877491205930709838867187500000000e-02
-3.0012919718596708928970429042237810790538787841796875000000000000e-02
-3.0009254598961372650922641014403779990971088409423828125000000000e-02
-3.0005613805188489223718661946804786566644906997680664062500000000e-02
-3.0001997133892538416333195527840871363878250122070312500000000000e-02
-2.9998404384713565906661614235417800955474376678466796875000000000e-02
-2.9994835358146416243174670057669572997838258743286132812500000000e-02
-2.9991289858142478053082413680385798215866088867187500000000000000e-02
-2.9987767688883081029782573523334576748311519622802734375000000000e-02
-2.9984268658647832139774180859603802673518657684326171875000000000e-02
-2.9980792575076305184200720077569712884724140167236328125000000000e-02
-2.9977339250838279383071238726188312284648418426513671875000000000e-02
-2.9973908496757097758012022836737742181867361068725585937500000000e-02
-2.9970500130015263057225993748033943120390176773071289062500000000e-02
-2.9967113964282022370300140323706727940589189529418945312500000000e-02
-2.9963749821446939575197987437604751903563737869262695312500000000e-02
-2.9960407517615517819509207697592501062899827957153320312500000000e-02
-2.9957086879667908785318530817676219157874584197998046875000000000e-02
-2.9953787725637351369023519964684965088963508605957031250000000000e-02
-2.9950509887792041430198963780640042386949062347412109375000000000e-02
-2.9947253185465549235599880262270744424313306808471679687500000000e-02
-2.9944017456845505725793188389616261702030897140502929687500000000e-02
-2.9940802521798193930324671896414656657725572586059570312500000000e-02
-2.9937608225119486521359490893701149616390466690063476562500000000e-02
-2.9934434386274404171768281912591191940009593963623046875000000000e-02
-2.9931280857538704320841560502231004647910594940185546875000000000e-02
-2.9928147456850653224114111594644782599061727523803710937500000000e-02
-2.9925034045044075770025671090479590930044651031494140625000000000e-02
-2.9921940437195246320634112180414376780390739440917968750000000000e-02
-2.9918866503997713912621492227117414586246013641357421875000000000e-02
-2.9915812056099961441235635106750123668462038040161132812500000000e-02
-2.9912776975597157175235096815413271542638540267944335937500000000e-02
-2.9909761066904454185344519601130741648375988006591796875000000000e-02
-2.9906764225306824156458418428883305750787258148193359375000000000e-02
-2.9903786246940837478813790539788897149264812469482421875000000000e-02
-2.9900827042306891978551419697396340779960155487060546875000000000e-02
-2.9897886396989460655593262572438106872141361236572265625000000000e-02
-2.9894964238950095386515570794472296256572008132934570312500000000e-02
-2.9892060340750595953673851568055397365242242813110351562500000000e-02
-2.9889174650238534147739244417607551440596580505371093750000000000e-02
-2.9886306924330627299291052167973248288035392761230468750000000000e-02
-2.9883457133311811665388191272541007492691278457641601562500000000e-02
-2.9880625015743237510301710813109821174293756484985351562500000000e-02
-2.9877810566944044967652160949000972323119640350341796875000000000e-02
-2.9875013504418644616489331156117259524762630462646484375000000000e-02
-2.9872233851061871789944746069522807374596595764160156250000000000e-02
-2.9869471300731576662856880943763826508074998855590820312500000000e-02
-2.9866725906268890011752148438972653821110725402832031250000000000e-02
-2.9863997335536310306913776457804488018155097961425781250000000000e-02
-2.9861285673384242028705060079118993598967790603637695312500000000e-02
-2.9858590559715406792529179824668972287327051162719726562500000000e-02
-2.9855912112995947743643299077120900619775056838989257812500000000e-02
-2.9853249943738675853399655579778482206165790557861328125000000000e-02
-2.9850604205024326709416726544077391736209392547607421875000000000e-02
-2.9847974477231829781853633676291792653501033782958984375000000000e-02
-2.9845360948298035180803466914767341222614049911499023437500000000e-02
-2.9842763168554730518478024237083445768803358078002929687500000000e-02
-2.9840181360142669503288104237981315236538648605346679687500000000e-02
-2.9837615044389999979790317752303963061422109603881835937500000000e-02
-2.9835064475981987880404133761658158618956804275512695312500000000e-02
-2.9832529149340081958685644281104032415896654129028320312500000000e-02
-2.9830009348947281871966552557751128915697336196899414062500000000e-02
-2.9827504545531957624859842326259240508079528808593750000000000000e-02
-2.9825015049502613673215734024779521860182285308837890625000000000e-02
-2.9822540312232886927645836294686887413263320922851562500000000000e-02
-2.9820080665075274911623992579734476748853921890258789062500000000e-02
-2.9817635545474705655033531570552440825849771499633789062500000000e-02
-2.9815205299698856883372499737561156507581472396850585937500000000e-02
-2.9812789357683788099562249840346339624375104904174804687500000000e-02
-2.9810388073665337882456327633917680941522121429443359375000000000e-02
-2.9808000877326164268499297804737580008804798126220703125000000000e-02
-2.9805628123184373101661748250990058295428752899169921875000000000e-02
-2.9803269248556380627279693840137042570859193801879882812500000000e-02
-2.9800924600049849555460923511418513953685760498046875000000000000e-02
-2.9798593630880831906182493185042403638362884521484375000000000000e-02
-2.9796276671314406853108280870401358697563409805297851562500000000e-02
-2.9793973198826668308258902584384486544877290725708007812500000000e-02
-2.9791683518969009486498933370057784486562013626098632812500000000e-02
-2.9789407141623425179233208837104029953479766845703125000000000000e-02
-2.9787144339630422518183650026912800967693328857421875000000000000e-02
-2.9784894662895508576916370202525286003947257995605468750000000000e-02
-2.9782658344231004859947731233660306315869092941284179687500000000e-02
-2.9780434980359912766623153856926364824175834655761718750000000000e-02
-2.9778224757715614917641389070013246964663267135620117187500000000e-02
-2.9776027325537579582004354961100034415721893310546875000000000000e-02
-2.9773842818744618993198614020911918487399816513061523437500000000e-02
-2.9771670943472255260742187488176568876951932907104492187500000000e-02
-2.9769511779401687523449737682312843389809131622314453125000000000e-02
-2.9767365092456459646497179960533685516566038131713867187500000000e-02
-2.9765230904905813635874523015445447526872158050537109375000000000e-02
-2.9763109043766913103246096738985215779393911361694335937500000000e-02
-2.9760999473332546555459643400354252662509679794311523437500000000e-02
-2.9758902081404317585544561097776750102639198303222656250000000000e-02
-2.9756816775339107322695397783718362916260957717895507812500000000e-02
-2.9754743501841655201056724422414845321327447891235351562500000000e-02
-2.9752682113897793020340643010968051385134458541870117187500000000e-02
-2.9750632613776435003716258620443113613873720169067382812500000000e-02
-2.9748594804036358058008104876535071525722742080688476562500000000e-02
-2.9746568737887311290046810086096229497343301773071289062500000000e-02
-2.9744554172586697843305714172856824006885290145874023437500000000e-02
-2.9742551206595760349138402034441241994500160217285156250000000000e-02
-2.9740559557937820689410557406517909839749336242675781250000000000e-02
-2.9738579363831046248334288861769891809672117233276367187500000000e-02
-2.9736610309802145868385281346490955911576747894287109375000000000e-02
-2.9734652564799783636129149044791120104491710662841796875000000000e-02
-2.9732705788983480876819243121644831262528896331787109375000000000e-02
-2.9730770175757068735089561073436925653368234634399414062500000000e-02
-2.9728845367156257056828749796295596752315759658813476562500000000e-02
-2.9726931573782811035755457851337268948554992675781250000000000000e-02
-2.9725028426648585078151398874979349784553050994873046875000000000e-02
-2.9723136146561988935044240633942536078393459320068359375000000000e-02
-2.9721254360234119346051429033650492783635854721069335937500000000e-02
-2.9719383292167105004022431558041716925799846649169921875000000000e-02
-2.9717522570927669411933180754203931428492069244384765625000000000e-02
-2.9715672418846934832448170027419109828770160675048828125000000000e-02
-2.9713832471787209044133959423561464063823223114013671875000000000e-02
-2.9712002944818634297963200197045807726681232452392578125000000000e-02
-2.9710183485720440682564813528188096825033426284790039062500000000e-02
-2.9708374298064874063918239244230790063738822937011718750000000000e-02
-2.9706575045295606496420504072375479154288768768310546875000000000e-02
-2.9704785916135251905290104446066834498196840286254882812500000000e-02
-2.9703006592555085407791892748718964867293834686279296875000000000e-02
-2.9701237245954307392148407984677760396152734756469726562500000000e-02
-2.9699477578834385105288617978658294305205345153808593750000000000e-02
-2.9697727743633866442918289862973324488848447799682617187500000000e-02
-2.9695987464582986742334114182995108421891927719116210937500000000e-02
-2.9694256874289396558319609198406396899372339248657226562500000000e-02
-2.9692535719190081555662885648416704498231410980224609375000000000e-02
-2.9690824111862676448758691094553796574473381042480468750000000000e-02
-2.9689121820810435853355002677744778338819742202758789062500000000e-02
-2.9687428938950263107576788002006651367992162704467773437500000000e-02
-2.9685745256195161800860660150647163391113281250000000000000000000e-02
-2.9684070846633797691183076494780834764242172241210937500000000000e-02
-2.9682405520526825015714678102085599675774574279785156250000000000e-02
-2.9680749334316861715032942470315902028232812881469726562500000000e-02
-2.9679102117255020537589516038678993936628103256225585937500000000e-02
-2.9677463909565937605350427475059404969215393066406250000000000000e-02
-2.9675834557936823371315782083001977298408746719360351562500000000e-02
-2.9674214087954783186651397386413009371608495712280273437500000000e-02
-2.9672602362079050081211661904490028973668813705444335937500000000e-02
-2.9670999392911998060462508419732330366969108581542968750000000000e-02
-2.9669405056985610064090863602359604556113481521606445312500000000e-02
-2.9667819355572850464897172173550643492490053176879882812500000000e-02
-2.9666242177606959307123446478726691566407680511474609375000000000e-02
-2.9664673514634420925517588329967111349105834960937500000000000000e-02
-2.9663113266393360129002942926490504760295152664184570312500000000e-02
-2.9661561416213507585970532431929314043372869491577148437500000000e-02
-2.9660017873150139322557805598989943973720073699951171875000000000e-02
-2.9658482613707598529728670655458699911832809448242187500000000000e-02
-2.9656955554899385590905680487594509031623601913452148437500000000e-02
-2.9655436667658269245251290158194024115800857543945312500000000000e-02
-2.9653925875741699025311959303508047014474868774414062500000000000e-02
-2.9652423145617900351878049036713491659611463546752929687500000000e-02
-2.9650928406721791669165000371322093997150659561157226562500000000e-02
-2.9649441622019410275123973974586988333612680435180664062500000000e-02
-2.9647962725698796121465150577023450750857591629028320312500000000e-02
-2.9646491678047511009186365527057205326855182647705078125000000000e-02
-2.9645028417218471927796485942963045090436935424804687500000000000e-02
-2.9643572901513228629033491756672447081655263900756835937500000000e-02
-2.9642125072387687928499033773732662666589021682739257812500000000e-02
-2.9640684886730803843102322048252972308546304702758789062500000000e-02
-2.9639252288752675895677768380664929281920194625854492187500000000e-02
-2.9637827234397770559404250434454297646880149841308593750000000000e-02
-2.9636409670179490738473049304957385174930095672607421875000000000e-02
-2.9634999551476345902578657387493876740336418151855468750000000000e-02
-2.9633596826738519552923989408554916735738515853881835937500000000e-02
-2.9632201451077967019331893538947042543441057205200195312500000000e-02
-2.9630813374588678421606147139755194075405597686767578125000000000e-02
-2.9629432552349739549146789840960991568863391876220703125000000000e-02
-2.9628058935866462969555001905064273159950971603393554687500000000e-02
-2.9626692480364810039494827265116327907890081405639648437500000000e-02
-2.9625333138576712826983694526461476925760507583618164062500000000e-02
-2.9623980866012353252436639650113647803664207458496093750000000000e-02
-2.9622635616485672865882960991257277783006429672241210937500000000e-02
-2.9621297345892402819167443794867722317576408386230468750000000000e-02
-2.9619966009016025082489775854810432065278291702270507812500000000e-02
-2.9618641562211195372711358686501625925302505493164062500000000000e-02
-2.9617323961144335214834555358720535878092050552368164062500000000e-02
-2.9616013162680410869542768637074914295226335525512695312500000000e-02
-2.9614709123300265308786904938642692286521196365356445312500000000e-02
-2.9613411800415826574672806259513890836387872695922851562500000000e-02
-2.9612121151269262669947224253519379999488592147827148437500000000e-02
-2.9610837133841782370380357747308153193444013595581054687500000000e-02
-2.9609559706094933095865684435921139083802700042724609375000000000e-02
-2.9608288826593536641196280356780334841459989547729492187500000000e-02
-2.9607024453985737039163339545666531194001436233520507812500000000e-02
-2.9605766547425700629947442621414666064083576202392578125000000000e-02
-2.9604515066221668423418478255371155682951211929321289062500000000e-02
-2.9603269970119170523270568651241774205118417739868164062500000000e-02
-2.9602031219064486172731776036926021333783864974975585937500000000e-02
-2.9600798773392410223603832264416269026696681976318359375000000000e-02
-2.9599572593668414116629961085891409311443567276000976562500000000e-02
-2.9598352640812668201686364000124740414321422576904296875000000000e-02
-2.9597138875993880130499391611920145805925130844116210937500000000e-02
-2.9595931260710733184948750817966356407850980758666992187500000000e-02
-2.9594729756721779162509378124923387076705694198608398437500000000e-02
-2.9593534326096512104831148803896212484687566757202148437500000000e-02
-2.9592344931170300181832999442121945321559906005859375000000000000e-02
-2.9591161534575943781177898017631378024816513061523437500000000000e-02
-2.9589984099213713364395772487114300020039081573486328125000000000e-02
-2.9588812588270833880965682283203932456672191619873046875000000000e-02
-2.9587646965201590959493316290718212258070707321166992187500000000e-02
-2.9586487193738908452189662057207897305488586425781250000000000000e-02
-2.9585333237880657997198596831367467530071735382080078125000000000e-02
-2.9584185061896566687478227208885073196142911911010742187500000000e-02
-2.9583042630318290983071349842248309869319200515747070312500000000e-02
-2.9581905907942938199761684359145874623209238052368164062500000000e-02
-2.9580774859826592521061527918391220737248659133911132812500000000e-02
-2.9579649451284922151428347092405601870268583297729492187500000000e-02
-2.9578529647888898018726067107309063430875539779663085937500000000e-02
-2.9577415415464373971143885455603594891726970672607421875000000000e-02
-2.9576306720087854051914888486862764693796634674072265625000000000e-02
-2.9575203528086378007566636938463489059358835220336914062500000000e-02
-2.9574105806033788163000863846718857530504465103149414062500000000e-02
-2.9573013520749331234371837240360036958009004592895507812500000000e-02
-2.9571926639295489924741389131668256595730781555175781250000000000e-02
-2.9570845128975835336415656229291926138103008270263671875000000000e-02
-2.9569768957332608766419568269157025497406721115112304687500000000e-02
-2.9568698092145271477670931403736176434904336929321289062500000000e-02
-2.9567632501428055269432348950431332923471927642822265625000000000e-02
-2.9566572153428078567616310579069249797612428665161132812500000000e-02
-2.9565517016623219653803644746403733734041452407836914062500000000e-02
-2.9564467059720527658539523940817161928862333297729492187500000000e-02
-2.9563422251653717620634154172876151278614997863769531250000000000e-02
-2.9562382561581484335944125518835789989680051803588867187500000000e-02
-2.9561347958885961922925744715939799789339303970336914062500000000e-02
-2.9560318413170146023549733627078239805996417999267578125000000000e-02
-2.9559293894256457452263120444513333495706319808959960937500000000e-02
-2.9558274372184754202885770268949272576719522476196289062500000000e-02
-2.9557259817210395497211194992814853321760892868041992187500000000e-02
-2.9556250199802788086733684735918359365314245223999023437500000000e-02
-2.9555245490643033967614883295027539134025573730468750000000000000e-02
-2.9554245660622625868629853584934608079493045806884765625000000000e-02
-2.9553250680841261499587346861517289653420448303222656250000000000e-02
-2.9552260522605341280799606806795054581016302108764648437500000000e-02
-2.9551275157426483419786933382056304253637790679931640625000000000e-02
-2.9550294557019012031684468411185662262141704559326171875000000000e-02
-2.9549318693299062021928591548203257843852043151855468750000000000e-02
-2.9548347538382604970941258670791285112500190734863281250000000000e-02
-2.9547381064583377874299685572623275220394134521484375000000000000e-02
-2.9546419244412057414361783003187156282365322113037109375000000000e-02
-2.9545462050573942369702251653507119044661521911621093750000000000e-02
-2.9544509455967312566704308096632303204387426376342773437500000000e-02
-2.9543561433682488659435705358191626146435737609863281250000000000e-02
-2.9542617956999434741804932968989305663853883743286132812500000000e-02
-2.9541678999386724452369534787976590450853109359741210937500000000e-02
-2.9540744534499854823117459545755991712212562561035156250000000000e-02
-2.9539814536179310328067870727863919455558061599731445312500000000e-02
-2.9538888978449737154896581614593742415308952331542968750000000000e-02
-2.9537967835517858067317931158868304919451475143432617187500000000e-02
-2.9537051081771188709712561148990062065422534942626953125000000000e-02
-2.9536138691776587378301499597910151351243257522583007812500000000e-02
-2.9535230640278558461586655425890057813376188278198242187500000000e-02
-2.9534326902198031195023730788307148031890392303466796875000000000e-02
-2.9533427452630763715424322413127811159938573837280273437500000000e-02
-2.9532532266846010793326371413058950565755367279052734375000000000e-02
-2.9531641320285101359743862303730566054582595825195312500000000000e-02
-2.9530754588559908480061011459838482551276683807373046875000000000e-02
-2.9529872047451596883682611860422184690833091735839843750000000000e-02
-2.9528993672909033957330038333566335495561361312866210937500000000e-02
-2.9528119441047682991463574353474541567265987396240234375000000000e-02
-2.9527249328148194584819918873108690604567527770996093750000000000e-02
-2.9526383310654890496094182594788435380905866622924804687500000000e-02
-2.9525521365174525051378040529925783630460500717163085937500000000e-02
-2.9524663468474966754317989625633344985544681549072265625000000000e-02
-2.9523809597484098471431579469026473816484212875366210937500000000e-02
-2.9522959729288197200380849949397088494151830673217773437500000000e-02
-2.9522113841130692007963531864334072452038526535034179687500000000e-02
-2.9521271910411164829390884278836892917752265930175781250000000000e-02
-2.9520433914683879422780066192899539601057767868041992187500000000e-02
-2.9519599831656511551569721518717415165156126022338867187500000000e-02
-2.9518769639189076925411825413902988657355308532714843750000000000e-02
-2.9517943315292598932542134093637287151068449020385742187500000000e-02
-2.9517120838127811066620154178963275626301765441894531250000000000e-02
-2.9516302186004136909325268334214342758059501647949218750000000000e-02
-2.9515487337378350923833281171937414910644292831420898437500000000e-02
-2.9514676270853700684737574988503183703869581222534179687500000000e-02
-2.9513868965178248482406075936523848213255405426025390625000000000e-02
-2.9513065399243941511198130456250510178506374359130859375000000000e-02
-2.9512265552085845121688123526837443932890892028808593750000000000e-02
-2.9511469402880293605440087389979453291743993759155273437500000000e-02
-2.9510676930944251816768542084901127964258193969726562500000000000e-02
-2.9509888115734253521971197642415063455700874328613281250000000000e-02
-2.9509102936844864434329238633836212102323770523071289062500000000e-02
-2.9508321374008009141398645169829251244664192199707031250000000000e-02
-2.9507543407091618020698930990874941926449537277221679687500000000e-02
-2.9506769016098704366823923805895901750773191452026367187500000000e-02
-2.9505998181166365190719602651370223611593246459960937500000000000e-02
-2.9505230882564383032562460584813379682600498199462890625000000000e-02
-2.9504467100694604930755104987838421948254108428955078125000000000e-02
-2.9503706816089748932174785522875026799738407135009765625000000000e-02
-2.9502950009412092641225555667006119620054960250854492187500000000e-02
-2.9502196661452855658280824968642264138907194137573242187500000000e-02
-2.9501446753131099764999589751823805272579193115234375000000000000e-02
-2.9500700265492552781809720841010857839137315750122070312500000000e-02
-2.9499957179708744675616927111150289420038461685180664062500000000e-02
-2.9499217477076105503597247547986626159399747848510742187500000000e-02
-2.9498481139014917640217561256577027961611747741699218750000000000e-02
-2.9497748147068122287484115418010333087295293807983398437500000000e-02
-2.9497018482900733138407645128609146922826766967773437500000000000e-02
-2.9496292128298823298493402944586705416440963745117187500000000000e-02
-2.9495569065168245059815887998411199077963829040527343750000000000e-02
-2.9494849275534175403468140075347037054598331451416015625000000000e-02
-2.9494132741539932918151123431016458198428153991699218750000000000e-02
-2.9493419445446020232814987593883415684103965759277343750000000000e-02
-2.9492709369629367677223541477360413409769535064697265625000000000e-02
-2.9492002496582226528376580176882271189242601394653320312500000000e-02
-2.9491298808911652062914043881391989998519420623779296875000000000e-02
-2.9490598289338289250682834108374663628637790679931640625000000000e-02
-2.9489900920695470698529305764168384484946727752685546875000000000e-02
-2.9489206685928706641597329962678486481308937072753906250000000000e-02
-2.9488515568094512270258533703781722579151391983032226562500000000e-02
-2.9487827550359529960033455608936492353677749633789062500000000000e-02
-2.9487142615999946404503617713999119587242603302001953125000000000e-02
-2.9486460748400451781225939384967205114662647247314453125000000000e-02
-2.9485781931053518106766730966228351462632417678833007812500000000e-02
-2.9485106147558472894365522165571746882051229476928710937500000000e-02
-2.9484433381620708120030016630153113510459661483764648437500000000e-02
-2.9483763617051052252637788342326530255377292633056640625000000000e-02
-2.9483096837764722480956791628159407991915941238403320312500000000e-02
-2.9482433027780648171489730202665668912231922149658203125000000000e-02
-2.9481772171220686773462915652999072335660457611083984375000000000e-02
-2.9481114252308818907133414199961407575756311416625976562500000000e-02
-2.9480459255370360799330953227581630926579236984252929687500000000e-02
-2.9479807164831287741302290328349045012146234512329101562500000000e-02
-2.9479157965217411829783600296650547534227371215820312500000000000e-02
-2.9478511641153542360838102354136935900896787643432617187500000000e-02
-2.9477868177362968882260219061208772473037242889404296875000000000e-02
-2.9477227558666430767830846093602303881198167800903320312500000000e-02
-2.9476589769981624555850174829174648039042949676513671875000000000e-02
-2.9475954796322378220763127387726854067295789718627929687500000000e-02
-2.9475322622797884425382974882268172223120927810668945312500000000e-02
-2.9474693234612187042742448284116107970476150512695312500000000000e-02
-2.9474066617063164608136816013939096592366695404052734375000000000e-02
-2.9473442755542061943785370203841011971235275268554687500000000000e-02
-2.9472821635532730349948948855853814166039228439331054687500000000e-02
-2.9472203242610871265494409954044385813176631927490234375000000000e-02
-2.9471587562443564423109165772984852083027362823486328125000000000e-02
-2.9470974580788285995813780004937143530696630477905273437500000000e-02
-2.9470364283492436752176502068323316052556037902832031250000000000e-02
-2.9469756656492613472453356848745897877961397171020507812500000000e-02
-2.9469151685813949753667273512292013037949800491333007812500000000e-02
-2.9468549357569567836989676834491547197103500366210937500000000000e-02
-2.9467949657959742471025066379297641105949878692626953125000000000e-02
-2.9467352573271328453063944152745534665882587432861328125000000000e-02
-2.9466758089877281845403445004194509238004684448242187500000000000e-02
-2.9466166194235698938541645475197583436965942382812500000000000000e-02
-2.9465576872889472775929320391696819569915533065795898437500000000e-02
-2.9464990112465658245177735352626768872141838073730468750000000000e-02
-2.9464405899674542266275523161311866715550422668457031250000000000e-02
-2.9463824221309411338642902933315781410783529281616210937500000000e-02
-2.9463245064245868060082145234446215908974409103393554687500000000e-02
-2.9462668415440974173380439538050268311053514480590820312500000000e-02
-2.9462094261932962602212882075036759488284587860107421875000000000e-02
-2.9461522590840477642259997992368880659341812133789062500000000000e-02
-2.9460953389361967807991149470581149216741323471069335937500000000e-02
-2.9460386644775266029583349336462561041116714477539062500000000000e-02
-2.9459822344436857599614398850462748669087886810302734375000000000e-02
-2.9459260475781335469891430989264335948973894119262695312500000000e-02
-2.9458701026320869426067261542812047991901636123657226562500000000e-02
-2.9458143983644671792809788257727632299065589904785156250000000000e-02
-2.9457589335418390280585398954826814588159322738647460937500000000e-02
-2.9457037069383545935252755043620709329843521118164062500000000000e-02
-2.9456487173356988434891334804888174403458833694458007812500000000e-02
-2.9455939635230358325523880580476543400436639785766601562500000000e-02
-2.9455394442969604767990077220929379109293222427368164062500000000e-02
-2.9454851584614357568048248481318296398967504501342773437500000000e-02
-2.9454311048277462270483795236941659823060035705566406250000000000e-02
-2.9453772822144411169809075090597616508603096008300781250000000000e-02
-2.9453236894472857587690128866597660817205905914306640625000000000e-02
-2.9452703253592095455903887568638310767710208892822265625000000000e-02
-2.9452171887902479918697196126231574453413486480712890625000000000e-02
-2.9451642785875031815834290682687424123287200927734375000000000000e-02
-2.9451115936050830529380206712630752008408308029174804687500000000e-02
-2.9450591327040552547256169191314256750047206878662109375000000000e-02
-2.9450068947524034312923646439230651594698429107666015625000000000e-02
-2.9449548786249633847145190657101920805871486663818359375000000000e-02
-2.9449030832033880333842290610846248455345630645751953125000000000e-02
-2.9448515073760981458628194218363205436617136001586914062500000000e-02
-2.9448001500382198908356556898979761172086000442504882812500000000e-02
-2.9447490100915543059789669655401667114347219467163085937500000000e-02
-2.9446980864445231745873954309900000225752592086791992187500000000e-02
-2.9446473780121183716484978276639594696462154388427734375000000000e-02
-2.9445968837158636999262739664118271321058273315429687500000000000e-02
-2.9445466024837625013121922279424325097352266311645507812500000000e-02
-2.9444965332502459620656054539722390472888946533203125000000000000e-02
-2.9444466749561484797403920765646034851670265197753906250000000000e-02
-2.9443970265486420906375641948216070886701345443725585937500000000e-02
-2.9443475869811958772759297175980464089661836624145507812500000000e-02
-2.9442983552135412739225728273595450446009635925292968750000000000e-02
-2.9442493302116200248885746759697212837636470794677734375000000000e-02
-2.9442005109475453267231515042112732771784067153930664062500000000e-02
-2.9441518963995477048412041654046333860605955123901367187500000000e-02
-2.9441034855519441354454457382416876498609781265258789062500000000e-02
-2.9440552773950953713288924973312532529234886169433593750000000000e-02
-2.9440072709253556348940605857933405786752700805664062500000000000e-02
-2.9439594651450393114622272605629405006766319274902343750000000000e-02
-2.9439118590623664789562852206472598481923341751098632812500000000e-02
-2.9438644516914351523251269782122108153998851776123046875000000000e-02
-2.9438172420521831196271733688263338990509510040283203125000000000e-02
-2.9437702291703296553215807307424256578087806701660156250000000000e-02
-2.9437234120773488055267108620682847686111927032470703125000000000e-02
-2.9436767898104301832695739449263783171772956848144531250000000000e-02
-2.9436303614124279676156348273252660874277353286743164062500000000e-02
-2.9435841259318359236507589571374410297721624374389648437500000000e-02
-2.9435380824227412588367513990306179039180278778076171875000000000e-02
-2.9434922299447809079797622189289540983736515045166015625000000000e-02
-2.9434465675631144715440612458223768044263124465942382812500000000e-02
-2.9434010943483822353439194330348982475697994232177734375000000000e-02
-2.9433558093766604146779286566015798598527908325195312500000000000e-02
-2.9433107117294309701405197188250895123928785324096679687500000000e-02
-2.9432658004935448314842716399652999825775623321533203125000000000e-02
-2.9432210747611774886989266519776720087975263595581054687500000000e-02
-2.9431765336298064406062025000210269354283809661865234375000000000e-02
-2.9431321762021608878789891150518087670207023620605468750000000000e-02
-2.9430880015861901610740858359349658712744712829589843750000000000e-02
-2.9430440088950328425543290222776704467833042144775390625000000000e-02
-2.9430001972469751331251686110590526368468999862670898437500000000e-02
-2.9429565657654189331227101433796633500605821609497070312500000000e-02
-2.9429131135788495765570615958495181985199451446533203125000000000e-02
-2.9428698398207921160807387650493183173239231109619140625000000000e-02
-2.9428267436297877307493919829539663624018430709838867187500000000e-02
-2.9427838241493569498841154086221649777144193649291992187500000000e-02
-2.9427410805279542033163764358505432028323411941528320312500000000e-02
-2.9426985119189522088767319019098067656159400939941406250000000000e-02
-2.9426561174806006859760998395358910784125328063964843750000000000e-02
-2.9426138963759902733574591593423974700272083282470703125000000000e-02
-2.9425718477730230387967580440999881830066442489624023437500000000e-02
-2.9425299708443812540803463662086869589984416961669921875000000000e-02
-2.9424882647674902719225897840260586235672235488891601562500000000e-02
-2.9424467287244973623394628248206572607159614562988281250000000000e-02
-2.9424053619022234873359167295348015613853931427001953125000000000e-02
-2.9423641634921452597817292939907929394394159317016601562500000000e-02
-2.9423231326903651061677180678088916465640068054199218750000000000e-02
-2.9422822686975592249014610501944844145327806472778320312500000000e-02
-2.9422415707189786271413822760223411023616790771484375000000000000e-02
-2.9422010379643953603689965348166879266500473022460937500000000000e-02
-2.9421606696480740589239033511148591060191392898559570312500000000e-02
-2.9421204649887587601053695607333793304860591888427734375000000000e-02
-2.9420804232096177399657932483023614622652530670166015625000000000e-02
-2.9420405435382341458039334725071967113763093948364257812500000000e-02
-2.9420008252065754650317330742836929857730865478515625000000000000e-02
-2.9419612674509466876404673030265257693827152252197265625000000000e-02
-2.9419218695119844081409254954451171215623617172241210937500000000e-02
-2.9418826306346110288636452878563432022929191589355468750000000000e-02
-2.9418435500680118616090297223308880347758531570434570312500000000e-02
-2.9418046270656132701315499389238539151847362518310546875000000000e-02
-2.9417658608850424245551025137501710560172796249389648437500000000e-02
-2.9417272507881116888617256677207478787750005722045898437500000000e-02
-2.9416887960407811508645181675092317163944244384765625000000000000e-02
-2.9416504959131353769130612363369436934590339660644531250000000000e-02
-2.9416123496793608604882308554806513711810111999511718750000000000e-02
-2.9415743566177075113410310791550728026777505874633789062500000000e-02
-2.9415365160104744307600910246947023551911115646362304687500000000e-02
-2.9414988271439752171021453364119224715977907180786132812500000000e-02
-2.9414612893085119449398945334905874915421009063720703125000000000e-02
-2.9414239017983564300484644604694040026515722274780273437500000000e-02
-2.9413866639117124124336299928472726605832576751708984375000000000e-02
-2.9413495749507037602121783947950461879372596740722656250000000000e-02
-2.9413126342213328362484858757852634880691766738891601562500000000e-02
-2.9412758410334687020348809483039076440036296844482421875000000000e-02
-2.9412391947008179743372480174912197981029748916625976562500000000e-02
-2.9412026945408904776702030403612297959625720977783203125000000000e-02
-2.9411663398749978565183127443560806568711996078491210937500000000e-02
-2.9411301300281980641848633695190073922276496887207031250000000000e-02
-2.9410940643292880769532615659045404754579067230224609375000000000e-02
-2.9410581421107986899166064631572226062417030334472656250000000000e-02
-2.9410223627089122910849283698553335852921009063720703125000000000e-02
-2.9409867254635128214212969055552093777805566787719726562500000000e-02
-2.9409512297181136103452203656161145772784948348999023437500000000e-02
-2.9409158748198164362586126685528142843395471572875976562500000000e-02
-2.9408806601193857727105651633792149368673563003540039062500000000e-02
-2.9408455849710777446626153164288552943617105484008789062500000000e-02
-2.9408106487327386607821821939978690352290868759155273437500000000e-02
-2.9407758507657776048116460287928930483758449554443359375000000000e-02
-2.9407411904349919223866649531373695936053991317749023437500000000e-02
-2.9407066671087979392584799143151030875742435455322265625000000000e-02
-2.9406722801589835897262403818785969633609056472778320312500000000e-02
-2.9406380289607389477701815394539153203368186950683593750000000000e-02
-2.9406039128928349035696498958714073523879051208496093750000000000e-02
-2.9405699313371988501408793581504141911864280700683593750000000000e-02
-2.9405360836792984041698773012285528238862752914428710937500000000e-02
-2.9405023693079748725587307944806525483727455139160156250000000000e-02
-2.9404687876151341247021875346945307683199644088745117187500000000e-02
-2.9404353379963835829480345296360610518604516983032226562500000000e-02
-2.9404020198503074551288349880451278295367956161499023437500000000e-02
-2.9403688325787536578248548835290421266108751296997070312500000000e-02
-2.9403357755871991491281036701366247143596410751342773437500000000e-02
-2.9403028482837059720544914398487890139222145080566406250000000000e-02
-2.9402700500801067645673114725468622054904699325561523437500000000e-02
-2.9402373803912959515649561126338085159659385681152343750000000000e-02
-2.9402048386347617164870982264801568817347288131713867187500000000e-02
-2.9401724242322655605841319470528105739504098892211914062500000000e-02
-2.9401401366075587129333968050559633411467075347900390625000000000e-02
-2.9401079751878406859377790283360809553414583206176757812500000000e-02
-2.9400759394043431832477253351498802658170461654663085937500000000e-02
-2.9400440286893276403690222764453210402280092239379882812500000000e-02
-2.9400122424802412751665414702983980532735586166381835937500000000e-02
-2.9399805802165921569946149816132674459367990493774414062500000000e-02
-2.9399490413396994065164946619006514083594083786010742187500000000e-02
-2.9399176252973665407486336675901839043945074081420898437500000000e-02
-2.9398863315356293934854647886822931468486785888671875000000000000e-02
-2.9398551595070408076759704840696940664201974868774414062500000000e-02
-2.9398241086677580347075178224258706904947757720947265625000000000e-02
-2.9397931784700570556623233642312698066234588623046875000000000000e-02
-2.9397623683804448291301270046460558660328388214111328125000000000e-02
-2.9397316778580609430981951391004258766770362854003906250000000000e-02
-2.9397011063667495556206432638646219857037067413330078125000000000e-02
-2.9396706533844327996485290555028768721967935562133789062500000000e-02
-2.9396403183688760152314500828651944175362586975097656250000000000e-02
-2.9396101008070735921551275282581627834588289260864257812500000000e-02
-2.9395800001727818984154083636894938535988330841064453125000000000e-02
-2.9395500159328725314766828091705974657088518142700195312500000000e-02
-2.9395201476005512059019864068432070780545473098754882812500000000e-02
-2.9394903946242278980349738048971630632877349853515625000000000000e-02
-2.9394607565135327104099971506911970209330320358276367187500000000e-02
-2.9394312327749784474750782692353823222219944000244140625000000000e-02
-2.9394018228443896667556600732496008276939392089843750000000000000e-02
-2.9393725262974890882761158650282595772296190261840820312500000000e-02
-2.9393433425702442107763090461958199739456176757812500000000000000e-02
-2.9393142711704459829613611532295180950313806533813476562500000000e-02
-2.9392853116765409876576242709234065841883420944213867187500000000e-02
-2.9392564634480491947421398890583077445626258850097656250000000000e-02
-2.9392277261610519345502723354002228006720542907714843750000000000e-02
-2.9391990992354153494625634834847005549818277359008789062500000000e-02
-2.9391705821111970692305348507034068461507558822631835937500000000e-02
-2.9391421745617086341839652163798746187239885330200195312500000000e-02
-2.9391138757724078606203832464416336733847856521606445312500000000e-02
-2.9390856854945985460192403593282506335526704788208007812500000000e-02
-2.9390576032794737265652074142963101621717214584350585937500000000e-02
-2.9390296283407352923022770596617192495614290237426757812500000000e-02
-2.9390017607062727394984236184427572879940271377563476562500000000e-02
-2.9389739994211433460336024836578872054815292358398437500000000000e-02
-2.9389463442412385590918333377885574009269475936889648437500000000e-02
-2.9389187949762415191790054791454167570918798446655273437500000000e-02
-2.9388913503742345595393103963033354375511407852172851562500000000e-02
-2.9388640109341147843569075348568730987608432769775390625000000000e-02
-2.9388367756972844091478691552765667438507080078125000000000000000e-02
-2.9388096438187752412751763131382176652550697326660156250000000000e-02
-2.9387826159659981989369370580789109226316213607788085937500000000e-02
-2.9387556905238105403599391252100758720189332962036132812500000000e-02
-2.9387288676191190839315225957761867903172969818115234375000000000e-02
-2.9387021470273173850973336129754898138344287872314453125000000000e-02
-2.9386755273967783003152831611259898636490106582641601562500000000e-02
-2.9386490097032137019938957678277802187949419021606445312500000000e-02
-2.9386225920850803788875182931406015995889902114868164062500000000e-02
-2.9385962744713538946639275195593654643744230270385742187500000000e-02
-2.9385700580401671877517344455554848536849021911621093750000000000e-02
-2.9385439394350426622892769046302419155836105346679687500000000000e-02
-2.9385179200642388974706875615083845332264900207519531250000000000e-02
-2.9384920006944849346641746024033636786043643951416015625000000000e-02
-2.9384661776142021599733666903375706169754266738891601562500000000e-02
-2.9384404526973467719486166060960385948419570922851562500000000000e-02
-2.9384148259155220411775744082660821732133626937866210937500000000e-02
-2.9383892951880596910996246151626110076904296875000000000000000000e-02
-2.9383638611908617643830865517884376458823680877685546875000000000e-02
-2.9383385222845628814702934050728799775242805480957031250000000000e-02
-2.9383132805855891739321705813381413463503122329711914062500000000e-02
-2.9382881344872862489081555281700275372713804244995117187500000000e-02
-2.9382630789461357256886486766234156675636768341064453125000000000e-02
-2.9382381223021083321844670876998861785978078842163085937500000000e-02
-2.9382132610269850320205975435783329885452985763549804687500000000e-02
-2.9381884858222118844794934489073057193309068679809570312500000000e-02
-2.9381638091071748952742836991092190146446228027343750000000000000e-02
-2.9381392284848407980835105490768910385668277740478515625000000000e-02
-2.9381147329531627498955259625290636904537677764892578125000000000e-02
-2.9380903305313035150936329387150180991739034652709960937500000000e-02
-2.9380660248187560196209133778211253229528665542602539062500000000e-02
-2.9380418075539860983669271377038967330008745193481445312500000000e-02
-2.9380176771877476032956977292087685782462358474731445312500000000e-02
-2.9379936413225164748563855710017378441989421844482421875000000000e-02
-2.9379696978555677744360252745536854490637779235839843750000000000e-02
-2.9379458425528096054968330008705379441380500793457031250000000000e-02
