-2.5171658360688783278094615702968894765945151448249816894531250000e-04
-1.6497811518378645051670361443285628411103971302509307861328125000e-04
-1.1416004909778836680020464022788928559748455882072448730468750000e-04
-7.5603585741976082304667550193499891975079663097858428955078125000e-05
-4.5574042274001181653236142166107924822426866739988327026367187500e-05
-2.1710806801698028141184987349632251607545185834169387817382812500e-05
-2.4204218313071547290552757575321507488297356758266687393188476562e-06
1.3400171750858766317611968366119157280991203151643276214599609375e-05
2.6533340634474181267887446522557581829460104927420616149902343750e-05
3.7549862337128640907453480668465317648951895534992218017578125000e-05
4.6870968702420169008527467413571798715565819293260574340820312500e-05
5.4810975184381114657609229690038432636356446892023086547851562500e-05
6.1609728484988585963354201791020159362233243882656097412109375000e-05
6.7472200508383544759020977732433266282896511256694793701171875000e-05
7.2565436674158753974604729730657481923117302358150482177734375000e-05
7.7002067106800807776839645768518494151066988706588745117187500000e-05
8.0865898902268869286036334642631118185818195343017578125000000000e-05
8.4225715525465877559808947072639284670003689825534820556640625000e-05
8.6602783319523321992235154187511625423212535679340362548828125000e-05
8.3583939022552195788513806906649961092625744640827178955078125000e-05
8.0823660028366727447676765017092748166760429739952087402343750000e-05
7.8298934725848766554533175732188965412206016480922698974609375000e-05
7.5988999543921161147416731829196123726433143019676208496093750000e-05
7.3875404250741869525975769050774033530615270137786865234375000000e-05
7.1941615431039308836691503756810561753809452056884765625000000000e-05
7.0172744610733089757129143926306369394296780228614807128906250000e-05
6.8555361661816593813779940891350861420505680143833160400390625000e-05
6.7077340443291147333709778521892985736485570669174194335937500000e-05
6.5727715156306491654271406677167988164001144468784332275390625000e-05
6.4496550813634138292831932126603078359039500355720520019531250000e-05
6.3374830298526405253714544052456858480582013726234436035156250000e-05
6.2354355831294056033455019960598519901395775377750396728515625000e-05
6.1427662305784983226390749688761161451111547648906707763671875000e-05
6.0587940781225133914100755561094047152437269687652587890625000000e-05
5.9828970908865976871624653421477546544338110834360122680664062500e-05
5.9145061211107794027410505810493646094982977956533432006835937500e-05
5.8530996188189295917521370871128283397410996258258819580078125000e-05
5.7981989401828755491350581019460719289781991392374038696289062500e-05
5.7493641797704086277790574976975790377764496952295303344726562500e-05
5.7061904615709497102637309806638654663402121514081954956054687500e-05
5.6683046326742551207240189414804376610845793038606643676757812500e-05
5.6353623126295239822471094814915204551653005182743072509765625000e-05
5.6070452572816581178309636168677343448507599532604217529296875000e-05
5.5830589958404210667707728843467407386924605816602706909179687500e-05
5.5631307158760716444906302413642151805106550455093383789062500000e-05
5.5470073584568731911437211579141148831695318222045898437500000000e-05
5.5344539159037068232378786536429515763302333652973175048828125000e-05
5.5252518847737193353943790929960755420324858278036117553710937500e-05
5.5191978840081323397660090224192686036985833197832107543945312500e-05
5.5161024018689404097709472196697788604069501161575317382812500000e-05
5.5157886491687525918475865083223652618471533060073852539062500000e-05
5.5180915734665298842849534555199397800606675446033477783203125000e-05
5.5228568479482861906890850400841941336693707853555679321289062500e-05
5.5299401586093562335766371518275263952091336250305175781250000000e-05
5.5392062583059740999130021732455020355700980871915817260742187500e-05
5.5505284673892536502319561275697878954815678298473358154296875000e-05
5.5637878758713490512464311388285409520904067903757095336914062500e-05
5.5788727905677467028625060585511619137832894921302795410156250000e-05
5.5956784335225224125045379031107017908652778714895248413085937500e-05
5.6141058535151176171057452179979918582830578088760375976562500000e-05
5.6340625162724152375642860945959000673610717058181762695312500000e-05
5.6554605063089706724378802338293326101847924292087554931640625000e-05
5.6782176376704439791243822499566817896266002207994461059570312500e-05
5.7022560028000553557833013362809992941038217395544052124023437500e-05
5.7275017767152139238490127226555159722920507192611694335937500000e-05
5.7538863835284306607557175405887051056197378784418106079101562500e-05
5.7813428914040227227233437190534459659829735755920410156250000000e-05
5.8098107171114524095896503030900248631951399147510528564453125000e-05
5.8392298621859207280980486043375776716857217252254486083984375000e-05
5.8695450667603007576401258349463319063943345099687576293945312500e-05
5.9007045349870234285036274535229949833592399954795837402343750000e-05
5.9326557888391083766654182651834048556338530033826828002929687500e-05
5.9653550195891633383012131464084859544527716934680938720703125000e-05
5.9987533693919204054196409048316240841813851147890090942382812500e-05
6.0328106649460302263968808356153772365360055118799209594726562500e-05
6.0674863534122282747451659901116727269254624843597412109375000000e-05
6.1027382084551257677203922602515717699134256690740585327148437500e-05
6.1385362809139809798023024178803552786121144890785217285156250000e-05
6.1748374431289487058137355202092066974728368222713470458984375000e-05
6.2116150358917387205685833873047840825165621936321258544921875000e-05
6.2488355618989227914863993085248239367501810193061828613281250000e-05
6.2864637333920610575734022607008455452159978449344635009765625000e-05
6.3244826131147221636580324499732341791968792676925659179687500000e-05
6.3628494261832994373373484364719843142665922641754150390625000000e-05
6.4015513638009528579915496937502439322997815907001495361328125000e-05
6.4405582520749726392270129160522174061043187975883483886718750000e-05
6.4798394137727390951556061260419028258183971047401428222656250000e-05
6.5193905996721327670943846310791514042648486793041229248046875000e-05
6.5591659548883230281858536248051905204192735254764556884765625000e-05
6.5991645699411797826999803717740178399253636598587036132812500000e-05
6.6393616369096535804322778417940753570292145013809204101562500000e-05
6.6797221515783585053110948948074110376182943582534790039062500000e-05
6.7202633745192444218209681938702715342515148222446441650390625000e-05
6.7609240524860671661851185820779619461973197758197784423828125000e-05
6.8017237774359266410002800018474999887985177338123321533203125000e-05
6.8426337958178408632861633442701077001402154564857482910156250000e-05
6.8836218116445752036001992646419012089609168469905853271484375000e-05
6.9247137155973979448161936822714324080152437090873718261718750000e-05
6.9658518716622636448090877259176068037049844861030578613281250000e-05
7.0070441729563353217176413512135013661463744938373565673828125000e-05
7.0482998421668969861973719215342271127155981957912445068359375000e-05
7.0895372924633493589771648935027315019397065043449401855468750000e-05
7.1308447571566846868301725592687034804839640855789184570312500000e-05
7.1721141960287803892096225588659308414207771420478820800781250000e-05
7.2133919517687952738249634876410709694027900695800781250000000000e-05
7.2546731165074550534005437540940874896477907896041870117187500000e-05
7.2958843695438181111388720179178335456526838243007659912109375000e-05
7.3371052836030661772198646630727125739213079214096069335937500000e-05
7.3782602377493500299746043147308682819129899144172668457031250000e-05
7.4193440748316410180210334068817701336229220032691955566406250000e-05
7.4604187518770672445794778226968446688260883092880249023437500000e-05
7.5013622844843187232113934648225495038786903023719787597656250000e-05
7.5422622243329274409687212887831719854148104786872863769531250000e-05
7.5831041408812047762040553511297957811621017754077911376953125000e-05
7.6237569099058821188961976300646483650780282914638519287109375000e-05
7.6644622659353378569223325111892108907341025769710540771484375000e-05
7.7048993143542229616524408264410794799914583563804626464843750000e-05
7.7453568433595026293016216900610970697016455233097076416015625000e-05
7.7856250629229848130193059052572834843886084854602813720703125000e-05
7.8257913518971073383624637020972159007214941084384918212890625000e-05
7.8658208654948047152712098384341743440018035471439361572265625000e-05
7.9057693429798863988915147427150031944620423018932342529296875000e-05
7.9454428610762321697272292375657798402244225144386291503906250000e-05
7.9851978716553973056298254551421678115730173885822296142578125000e-05
8.0245366557578386829639727206853194729774259030818939208984375000e-05
8.0639625968342086678904145902180289340321905910968780517578125000e-05
8.1030947018698163113875621021975348412524908781051635742187500000e-05
8.1420692250861332597486330620029093552147969603538513183593750000e-05
8.1809899721833903248925656814805051908479072153568267822265625000e-05
8.2195908388517694397046309262577779009006917476654052734375000000e-05
8.2581310097434127716863050405748936100280843675136566162109375000e-05
8.2964818913122277731567177916360833478393033146858215332031250000e-05
8.3345820204610510865787798007175979364546947181224822998046875000e-05
8.3725936669161058964472310606197424931451678276062011718750000000e-05
8.4104068780912815891936951118168508401140570640563964843750000000e-05
8.4478991706144165624477182507945371980895288288593292236328125000e-05
8.4854896918200610131388650358985614730045199394226074218750000000e-05
8.5225253392147011749328811003323380646179430186748504638671875000e-05
8.5596800491727305154263105713141612795880064368247985839843750000e-05
8.5964923077892950388674553341417094998178072273731231689453125000e-05
8.6330381201202760271459779595204508950700983405113220214843750000e-05
8.6696168564879730984371053459369704796699807047843933105468750000e-05
8.7057180027836635841792523038407125568483024835586547851562500000e-05
8.7417956307814085638308032599752550595439970493316650390625000000e-05
8.7776577323817788281457019650133588584139943122863769531250000000e-05
8.8131759154684740005004928153908849708386696875095367431640625000e-05
8.8486494598219835386321285852773144142702221870422363281250000000e-05
8.8838658707636483191465159858779543355922214686870574951171875000e-05
8.9187051617464885148491016142457965543144382536411285400390625000e-05
8.9536874998055786473508121936504267068812623620033264160156250000e-05
8.9880409963404885032023372559706331230700016021728515625000000000e-05
9.0224640265431881708778349970856424988596700131893157958984375000e-05
9.0566570937960943934834368018726991067524068057537078857421875000e-05
9.0903509718990330125062970800797756965039297938346862792968750000e-05
9.1242827364585539148822412869321851758286356925964355468750000000e-05
9.1575665181744771896690804346974346117349341511726379394531250000e-05
9.1908429760886466066555078313626836461480706930160522460937500000e-05
9.2239706968260851789251364429844670667080208659172058105468750000e-05
9.2566011445906513444362162523759707255521789193153381347656250000e-05
9.2892934602526708353156803532613139395834878087043762207031250000e-05
9.3216660806123778745986563354364307087962515652179718017578125000e-05
9.3536344245933808472237558362394338473677635192871093750000000000e-05
9.3857598931819131169232428568705017823958769440650939941406250000e-05
9.4172863411723375872026953192772680267808027565479278564453125000e-05
9.4487250523560750367635385771336586913093924522399902343750000000e-05
9.4801622487617715298070797391716268975869752466678619384765625000e-05
9.5108481771704505344094959795597787888254970312118530273437500000e-05
9.5419125580122461606144557144659756886539980769157409667968750000e-05
9.5723449357474412217336445785065279778791591525077819824218750000e-05
9.6025722983068272932925812934712439528084360063076019287109375000e-05
9.6329317304030684984000876269760738068725913763046264648437500000e-05
9.6625244256600951965260892784215229767141863703727722167968750000e-05
9.6923264721320934265286206610312547127250581979751586914062500000e-05
9.7217922941171921232678121427284168021287769079208374023437500000e-05
9.7507807159633063439491129642533451260533183813095092773437500000e-05
9.7799820857490422508669081214094376264256425201892852783203125000e-05
9.8086151772092922368311007641494825293193571269512176513671875000e-05
9.8370287223324952979863766699963889550417661666870117187500000000e-05
9.8655973276254765912465782840001793374540284276008605957031250000e-05
9.8933444952878723892795986838422095388523302972316741943359375000e-05
9.9213644847633122901900404322361737285973504185676574707031250000e-05
9.9490412715697363102949901669802557080402038991451263427734375000e-05
9.9761342884905414600191231322412477311445400118827819824218750000e-05
1.0003685395342782986621149587946888459555339068174362182617187500e-04
1.0030332516902910487601591205120143968088086694478988647460937500e-04
1.0057099995618750862790002909008535425527952611446380615234375000e-04
1.0083792506332908982171620015932944625092204660177230834960937500e-04
1.0109720312937708615146081836400071551906876266002655029296875000e-04
1.0136053115682902884490262929162440741492900997400283813476562500e-04
1.0161791579468982388550352125022868676751386374235153198242187500e-04
1.0187232225877239117240585786205997465003747493028640747070312500e-04
1.0212906204247827583481839086587683596007991582155227661132812500e-04
1.0237814470747584822199471865644682111451402306556701660156250000e-04
1.0262785222761316463162967194122643377340864390134811401367187500e-04
1.0287725445109913179932148441508843461633659899234771728515625000e-04
1.0311834824590784354201439265708017956058029085397720336914062500e-04
1.0336461676725180851028201844954423904709983617067337036132812500e-04
1.0360389447654212811012613970618190251116175204515457153320312500e-04
1.0384063794495659437556317472584055394690949469804763793945312500e-04
1.0408061243476549170491884943601235136156901717185974121093750000e-04
1.0431075562372325567315339833740495123493019491434097290039062500e-04
1.0454462238551296695502484945805576899147126823663711547851562500e-04
1.0477530249166639830359776253132508827548008412122726440429687500e-04
1.0499951512963087523182953431089003970555495470762252807617187500e-04
1.0522887357512861953960647820593976575764827430248260498046875000e-04
1.0544971624476446616074792883566146883822511881589889526367187500e-04
1.0567062592805099067137797330673265605582855641841888427734375000e-04
1.0589219880781341445643434218126799351011868566274642944335937500e-04
1.0610594283114620553758883358952402886643540114164352416992187500e-04
1.0632240573548943903068458860516898312198463827371597290039062500e-04
1.0653617537655415135108144530917684278392698615789413452148437500e-04
1.0674315672167530107041638620657408864644821733236312866210937500e-04
1.0695605936160207036222935528257949044927954673767089843750000000e-04
1.0715942390970145800185853168784433364635333418846130371093750000e-04
1.0736388756716315289428675949778835274628363549709320068359375000e-04
1.0756884685567821781544683990006205931422300636768341064453125000e-04
1.0776502020417976911593332944860890165728051215410232543945312500e-04
1.0796618691416479910317322010726570624683517962694168090820312500e-04
1.0816189365177032418244285061348364251898601651191711425781250000e-04
1.0835334227007799995368131362738495226949453353881835937500000000e-04
1.0854952418496241093801013555264489696128293871879577636718750000e-04
1.0873583159783854583391171644279893371276557445526123046875000000e-04
1.0892508930103236689836132544684232925646938383579254150390625000e-04
1.0911245565354653200892259823362451243156101554632186889648437500e-04
1.0929330382874390082889592967774206044850870966911315917968750000e-04
1.0947783690066315931757601198626161931315436959266662597656250000e-04
1.0965740801976669289118093697510403217165730893611907958984375000e-04
1.0983287623698330935130551555545252995216287672519683837890625000e-04
1.1001307651061874163297277240403104769939091056585311889648437500e-04
1.1018311273545801170191393847375138648203574120998382568359375000e-04
1.1035684846343950628929503343655937896983232349157333374023437500e-04
1.1052820851887100288019755156554424502246547490358352661132812500e-04
1.1069288789132700689347293954156725703796837478876113891601562500e-04
1.1086267312691470499422252693477730645099654793739318847656250000e-04
1.1102520726456949554106223843064071843400597572326660156250000000e-04
1.1118636190935505300269453554662391070451121777296066284179687500e-04
1.1135025197752197376448862753406388037547003477811813354492187500e-04
1.1150474986946197031127681054130107440869323909282684326171875000e-04
1.1166385072087184500682494059375926553911995142698287963867187500e-04
1.1181865712266005703692112183134099723247345536947250366210937500e-04
1.1196912611481688417432861504252628037647809833288192749023437500e-04
1.1212301934479750292316529991509810315619688481092453002929687500e-04
1.1227045977298270092604309811079588143911678344011306762695312500e-04
1.1241676063710618683252201455147201158979441970586776733398437500e-04
1.1256527717969247806301807957041205554560292512178421020507812500e-04
1.1270484494463948023455085456490110118465963751077651977539062500e-04
1.1284920447053126222464181083182666043285280466079711914062500000e-04
1.1298885162909055434460325884060694079380482435226440429687500000e-04
1.1312451263359412625877226110659989899431820958852767944335937500e-04
1.1326414383287058647905437558378594076202716678380966186523437500e-04
1.1339585738461607083982229937646479811519384384155273437500000000e-04
1.1352878236097610812303793093036574646248482167720794677734375000e-04
1.1366166299029227244963419218848343916761223226785659790039062500e-04
1.1378714016367549302297113023030306067084893584251403808593750000e-04
1.1391739110773867085617261363239549609716050326824188232421875000e-04
1.1404166610597762812704530910323796888405922800302505493164062500e-04
1.1416415388328629467850489076496955931361299008131027221679687500e-04
1.1428859526438947102205956340981174435000866651535034179687500000e-04
1.1440644149959381694042076516026895660615991801023483276367187500e-04
1.1452538970451803723368811027683022985002025961875915527343750000e-04
1.1464369588964264264595305231608790563768707215785980224609375000e-04
1.1475552830937691295865726859304345452983397990465164184570312500e-04
1.1487168497074871898432080197238747132360003888607025146484375000e-04
1.1498186225012140297338514294267497461987659335136413574218750000e-04
1.1509067183935781206356729899908941661124117672443389892578125000e-04
1.1520140796762614980586203472512352163903415203094482421875000000e-04
1.1530489357083587465425261742169027456839103251695632934570312500e-04
1.1541117923118536406183742837328054520185105502605438232421875000e-04
1.1551470888179714009529053253544361723470501601696014404296875000e-04
1.1561376007280067064377643282213625752774532884359359741210937500e-04
1.1571625368384574135578735099016967069474048912525177001953125000e-04
1.1581238083932061868220469991186405422922689467668533325195312500e-04
1.1590882589594997983777069361366329758311621844768524169921875000e-04
1.1600512495029098385904836598925271573534701019525527954101562500e-04
1.1609601824636848110740977579879995573719497770071029663085937500e-04
1.1618891368845390922506094488753092264232691377401351928710937500e-04
1.1627893324082285027819272382743065463728271424770355224609375000e-04
1.1636534077556283958785471321917270870471838861703872680664062500e-04
1.1645441351557271549184424674905358187970705330371856689453125000e-04
1.1653755593162323149578757375266491180809680372476577758789062500e-04
1.1662120573031084600629236902591401303652673959732055664062500000e-04
1.1670447151070321588264139256452267545682843774557113647460937500e-04
1.1678227958103170052057973027359594198060221970081329345703125000e-04
1.1686305044290824176750342999753229378256946802139282226562500000e-04
1.1693930926066074035135633479853822791483253240585327148437500000e-04
1.1701399742135435756446720789725191025354433804750442504882812500e-04
1.1708985076323154110328889077052849643223453313112258911132812500e-04
1.1716031472958711489099070668373769876779988408088684082031250000e-04
1.1723212304091005305124728597121475104358978569507598876953125000e-04
1.1730185536602572449887960104319972742814570665359497070312500000e-04
1.1736820185313482517181632447389461049169767647981643676757812500e-04
1.1743598333897878262417624473101795956608839333057403564453125000e-04
1.1750001933671420603112756086972012781188823282718658447265625000e-04
1.1756264622524761334285137159838541265344247221946716308593750000e-04
1.1762596216426277290299090561020989298413041979074478149414062500e-04
1.1768436693189984266257747114181597680726554244756698608398437500e-04
1.1774414411592016899057305812092977248539682477712631225585937500e-04
1.1780157833891574475047858694409796953550539910793304443359375000e-04
1.1785593419024302801363657255961925329756923019886016845703125000e-04
1.1791205282026302075294721394271846293122507631778717041015625000e-04
1.1796338987890161943607875150163977195916231721639633178710937500e-04
1.1801512315609144563709892450376059969130437821149826049804687500e-04
1.1806566997545882107250453385560717833868693560361862182617187500e-04
1.1811278541271832563577109942443144063872750848531723022460937500e-04
1.1816087644715602810591148497110225434880703687667846679687500000e-04
1.1820601723341873890652659051525574795959983021020889282226562500e-04
1.1824956160179920291314337177368543052580207586288452148437500000e-04
1.1829326826610870931552610407777592627098783850669860839843750000e-04
1.1833355357575842787230813168974918880849145352840423583984375000e-04
1.1837356647891686151508744417881757726718205958604812622070312500e-04
1.1841264230601149611867006772314425688819028437137603759765625000e-04
1.1844829551807117004949554406323386501753702759742736816406250000e-04
1.1848519179752033147253603706516855709196534007787704467773437500e-04
1.1851862931734083938476592701150025277456734329462051391601562500e-04
1.1855122719415861140546120111594063928350806236267089843750000000e-04
1.1858355287116196434635956302727777256222907453775405883789062500e-04
1.1861233584932265869901074628600667892897035926580429077148437500e-04
1.1864188242900086016698435464888916612835600972175598144531250000e-04
1.1866886698740994744542820438226726764696650207042694091796875000e-04
1.1869436519716860666418672964894653887313324958086013793945312500e-04
1.1871956988236011926694801754678110228269360959529876708984375000e-04
1.1874221865446750684511961759781684122572187334299087524414062500e-04
1.1876402053670330916535641252451682703394908457994461059570312500e-04
1.1878504016528287868734170551476836408255621790885925292968750000e-04
1.1880332333896941683550746438058354215172585099935531616210937500e-04
1.1882177108593252451689686877145391008525621145963668823242187500e-04
1.1883807474974909096625957927173544703691732138395309448242187500e-04
1.1885269809015082365880738857200071834085974842309951782226562500e-04
1.1886742019966157742159179599994445197808090597391128540039062500e-04
1.1887891640666945749713057089991252723848447203636169433593750000e-04
1.1889071267998652645971058294804834076785482466220855712890625000e-04
1.1890045640587072826432207817148878348234575241804122924804687500e-04
1.1890864069579247486955347890003054089902434498071670532226562500e-04
1.1891642418750430663324652025281125133915338665246963500976562500e-04
1.1892196983960824879615614246830546107958070933818817138671875000e-04
1.1892667321205450904272882262091570737538859248161315917968750000e-04
1.1893032428337356573751215638168332588975317776203155517578125000e-04
1.1893198955472961120521241396019718195020686835050582885742187500e-04
1.1893305629680179591814437323193942575016990303993225097656250000e-04
1.1893267707400933196580650186291450154385529458522796630859375000e-04
1.1893045830535578500069399110472545544325839728116989135742187500e-04
1.1892814315595251625171796527880019311851356178522109985351562500e-04
1.1892322493679145561842197542645749308576341718435287475585937500e-04
1.1891805641843996329924670884992110586608760058879852294921875000e-04
1.1891129436537449699795576663063911837525665760040283203125000000e-04
1.1890293012831640285208167906461085294722579419612884521484375000e-04
1.1889409019884225485273049338630357851798180490732192993164062500e-04
1.1888323154642502536230269649664137432409916073083877563476562500e-04
1.1887157657975606103815252589939177596534136682748794555664062500e-04
1.1885869217503990645252304192425185647152829915285110473632812500e-04
1.1884427219693021349645328799127241836686152964830398559570312500e-04
1.1882892437183829111198296590856671173241920769214630126953125000e-04
1.1881235428043451134508257105437678546877577900886535644531250000e-04
1.1879413576948311408350289486435258368146605789661407470703125000e-04
1.1877546171078241365060695899913412176829297095537185668945312500e-04
1.1875475243835387402242115273409694964357186108827590942382812500e-04
1.1873341700642907879138798765694673420512117445468902587890625000e-04
1.1871073064147667590600282450097324726812075823545455932617187500e-04
1.1868654831140399309036270736328333441633731126785278320312500000e-04
1.1866172939324151906943793921556107306969352066516876220703125000e-04
1.1863514396599859207492855261989461723715066909790039062500000000e-04
1.1860773675177201493327605597016827232437208294868469238281250000e-04
1.1857905235575905535452823080788675724761560559272766113281250000e-04
1.1854907113898278589719098574661870770796667784452438354492187500e-04
1.1851804620057704796852460216172175933024846017360687255859375000e-04
1.1848585697950188982963126704817113932222127914428710937500000000e-04
1.1845224286694728025540884752686565661861095577478408813476562500e-04
1.1841789969714099463923145938437642143981065601110458374023437500e-04
1.1838190035084765938579870470093169387837406247854232788085937500e-04
1.1834509285463690880790821324808348435908555984497070312500000000e-04
1.1830701852443479789919050793045585123763885349035263061523437500e-04
1.1826761994165119402152436256514533852168824523687362670898437500e-04
1.1822741256565601393208747582619366767175961285829544067382812500e-04
1.1818566442958920920981713553743475131341256201267242431640625000e-04
1.1814306425831216918170135654619912202178966253995895385742187500e-04
1.1809916694934071334979058809366847526689525693655014038085937500e-04
1.1805415308359857760271000026719434572441969066858291625976562500e-04
1.1800800056403754458370092272900819807546213269233703613281250000e-04
1.1796077564930745331609612813750231907761190086603164672851562500e-04
1.1791221632041387114026714799663864141621161252260208129882812500e-04
1.1786284559656092960858858598172105303092394024133682250976562500e-04
1.1781196578585294385422416185704719282512087374925613403320312500e-04
1.1776029536329187311343574817712465119257103651762008666992187500e-04
1.1770728031396528005803059357958773034624755382537841796875000000e-04
1.1765321249231529482977970380019883123168256133794784545898437500e-04
1.1759807353247053946301847737743173638591542840003967285156250000e-04
1.1754171298577075659760188264257863011152949184179306030273437500e-04
1.1748432207579245680883345270828499451454263180494308471679687500e-04
1.1742579410902972188862625202432354853954166173934936523437500000e-04
1.1736611611954522738088257938215974718332290649414062500000000000e-04
1.1730539328225247008505305323922129900893196463584899902343750000e-04
1.1724352910029032983491026342903751356061547994613647460937500000e-04
1.1718052357966355194254792770891526743071153759956359863281250000e-04
1.1711653831746956122995123594776600839395541697740554809570312500e-04
1.1705126757790799290909894425638526627153623849153518676757812500e-04
1.1698510472832180490630749059022264191298745572566986083984375000e-04
1.1691766745898653744040185387120800442062318325042724609375000000e-04
1.1684926067629842366159265143465972869307734072208404541015625000e-04
1.1677969600030166407497039804397331863583531230688095092773437500e-04
1.1670907393161991032030921910944698538514785468578338623046875000e-04
1.1663733446606413981898320297858617777819745242595672607421875000e-04
1.1656456669601641105461775627105680541717447340488433837890625000e-04
1.1649062093655907857217557399565066589275375008583068847656250000e-04
1.1641571721947202079118499629117877702810801565647125244140625000e-04
1.1633960529799487152325526695406665567134041339159011840820312500e-04
1.1626252370775207037930515374668516415113117545843124389648437500e-04
1.1618429630247079727047715413945638829318340867757797241210937500e-04
1.1610502467292620535060237996205501076474320143461227416992187500e-04
1.1602467865220180375223496538339418293617200106382369995117187500e-04
1.1594325633693942478440880305967652930121403187513351440429687500e-04
1.1586075984973138574413153989439706492703408002853393554687500000e-04
1.1577722194902691948189404902436194788606371730566024780273437500e-04
1.1569257370403584594519691419733931070368271321058273315429687500e-04
1.1560691359374257241796057904537065041949972510337829589843750000e-04
1.1552014552258999587758259153247308859135955572128295898437500000e-04
1.1543234375275771973635291489657106467348057776689529418945312500e-04
1.1534347663764200366248030560356596652127336710691452026367187500e-04
1.1525354034967040626081385967793835334305185824632644653320312500e-04
1.1516256501684772768894643446557779498107265681028366088867187500e-04
1.1507052106011621825723545420316895615542307496070861816406250000e-04
1.1497742482190816820653012086950184311717748641967773437500000000e-04
1.1488328710639095274568394211556210393609944730997085571289062500e-04
1.1478807847849689378720572374703579043853096663951873779296875000e-04
1.1469184019610385632994414839558316998591180890798568725585937500e-04
1.1459453888406215054610731707285253833106253296136856079101562500e-04
1.1449619385032864821855058679034300439525395631790161132812500000e-04
1.1439680814908181438575851540662142724613659083843231201171875000e-04
1.1429636551427466801753030090083029790548607707023620605468750000e-04
1.1419489025031111684594514743551485480566043406724929809570312500e-04
1.1409236485101465299364653649405454416410066187381744384765625000e-04
1.1398879724005535156710483546405043853155802935361862182617187500e-04
1.1388419467934754903282873472747382948000449687242507934570312500e-04
1.1377854262454580817204297105149635171983391046524047851562500000e-04
1.1367185984542514274805991014716255449457094073295593261718750000e-04
1.1356413402086832243470526648820850823540240526199340820312500000e-04
1.1345537041910908602516949716942917802953161299228668212890625000e-04
1.1334557468033927898898305386410356732085347175598144531250000000e-04
1.1323473675950360541140465864273778606730047613382339477539062500e-04
1.1312286946782475617438723514140974657493643462657928466796875000e-04
1.1300996494237613998207897525460907672822941094636917114257812500e-04
1.1289602646613696487320338546211928587581496685743331909179687500e-04
1.1278105823036100663955133560634180867054965347051620483398437500e-04
1.1266505350633802492489599078595574610517360270023345947265625000e-04
1.1254802091945928738201537777641192406008485704660415649414062500e-04
1.1242995541494159609727243598342738550854846835136413574218750000e-04
1.1231085918144929414793503630320969932654406875371932983398437500e-04
1.1219073508252259702838715682560177810955792665481567382812500000e-04
1.1206957874569652242480871651153506718401331454515457153320312500e-04
1.1194739593586440734411524555724781748722307384014129638671875000e-04
1.1182418324447287788156457644106467341771349310874938964843750000e-04
1.1169994235006254132674258228163921558007132261991500854492187500e-04
1.1157467490351848766159947867748769567697308957576751708984375000e-04
1.1144837824846094849993993758374699609703384339809417724609375000e-04
1.1132105606545562306256696993855825894570443779230117797851562500e-04
1.1119270604352608214013264920083656761562451720237731933593750000e-04
1.1106332946015794356509065465843377751298248767852783203125000000e-04
1.1093292707067778119379292123269920011807698756456375122070312500e-04
1.1080149734015733685443816369797787046991288661956787109375000000e-04
1.1066904247483133074368699677592076113796792924404144287109375000e-04
1.1053556086734862915887250833790744763973634690046310424804687500e-04
1.1040105341619148911908032673068191797938197851181030273437500000e-04
1.1026552029044926251950126117051809160329867154359817504882812500e-04
1.1012896059096022283955301768187950983701739460229873657226562500e-04
1.0999137549388220114719716402618132633506320416927337646484375000e-04
1.0985276381570949785857621572304765322769526392221450805664062500e-04
1.0971312611728788926138133952292719186516478657722473144531250000e-04
1.0957246214031965186787992427852600485493894666433334350585937500e-04
1.0943077132564745098611963536328062218672130256891250610351562500e-04
1.0928805410298659129674642143115192993718665093183517456054687500e-04
1.0914430955278262827447960381377356497978325933218002319335937500e-04
1.0899953785592827050065362071151753298181574791669845581054687500e-04
1.0885373850680189105125106330262951814802363514900207519531250000e-04
1.0870691102937448367388856285131737422489095479249954223632812500e-04
1.0855905533601581435323990554309148137690499424934387207031250000e-04
1.0841017060314847076686606275330859716632403433322906494140625000e-04
1.0826025667914725343111970179421632565208710730075836181640625000e-04
1.0810931285855180045227946772357086047122720628976821899414062500e-04
1.0795733862080661641987683330157210548350121825933456420898437500e-04
1.0780433346965361028971241985630058479728177189826965332031250000e-04
1.0765029660643806060354304987569662444002460688352584838867187500e-04
1.0749522753486097479021232903306781736318953335285186767578125000e-04
1.0733912540785504993907928383833905172650702297687530517578125000e-04
1.0718198954042424016208645554115719278343021869659423828125000000e-04
1.0702381914625995939973485127083563384076114743947982788085937500e-04
1.0686461333529769630011629910626425044029019773006439208984375000e-04
1.0670437131009897384955470434064750406832899898290634155273437500e-04
1.0654309207727301117216156534084348095348104834556579589843750000e-04
1.0638077473551141565594191362720266624819487333297729492187500000e-04
1.0621741825645509454175557939592522416205611079931259155273437500e-04
1.0605302158457617677563694646991621084453072398900985717773437500e-04
1.0588758366194715374031254384590283734723925590515136718750000000e-04
1.0572110331815664206484700615717997607134748250246047973632812500e-04
1.0555357940668187786796561322688603468122892081737518310546875000e-04
1.0538501067633659988992400613483368942979723215103149414062500000e-04
1.0521539587017519716809904606336090182594489306211471557617187500e-04
1.0504473367514077450108472833179007466242182999849319458007812500e-04
1.0487302271117981684704634215421492626774124801158905029296875000e-04
1.0470026158013308011703740296738374127016868442296981811523437500e-04
1.0452644881276299091039938549130283718113787472248077392578125000e-04
1.0435158290543274811103258148392569637508131563663482666015625000e-04
1.0417566229284538740790938549096722454123664647340774536132812500e-04
1.0399868536882534840893460570399042808276135474443435668945312500e-04
1.0382065047480458638232830859138289270049426704645156860351562500e-04
1.0364155589027855737267042046667597787745762616395950317382812500e-04
1.0346139985670436511715208904860219263355247676372528076171875000e-04
1.0328018055485986852106566891151828713191207498311996459960937500e-04
1.0309789611204748681003162680269724660320207476615905761718750000e-04
1.0291454459988780745140907191270684961637016385793685913085937500e-04
1.0273012403636123371277605320628367735480424016714096069335937500e-04
1.0254463238671585490358745262895467931230086833238601684570312500e-04
1.0235806755058532207993543527990709662844892591238021850585937500e-04
1.0217042737377758155389168015503287278988864272832870483398437500e-04
1.0198170964793558737615519760311144636943936347961425781250000000e-04
1.0179191210210249303718538227414569519169162958860397338867187500e-04
1.0160103239860989604321367396622122214466799050569534301757812500e-04
1.0140906814280708874136810448973733400634955614805221557617187500e-04
1.0121601688427680132073560592687044845661148428916931152343750000e-04
1.0102187610130899302150059293481376698764506727457046508789062500e-04
1.0082664320686328645725743369254701065074186772108078002929687500e-04
1.0063031555473151855330943282851308140379842370748519897460937500e-04
1.0043289042998818267910660084751839349337387830018997192382812500e-04
1.0023436504764664137061280779761318626697175204753875732421875000e-04
1.0003473655797034817024199204738010848814155906438827514648437500e-04
9.9834002044283098051616343049374791007721796631813049316406250000e-05
9.9632158514670815041905371778341304889181628823280334472656250000e-05
9.9429202904981431212876052949667382563347928225994110107421875000e-05
9.9225132081820889649176331559488062339369207620620727539062500000e-05
9.9019942840860582884340845843951228744117543101310729980468750000e-05
9.8813631900101530063790233882059510506223887205123901367187500000e-05
9.8606195899024294678966717775381312094395980238914489746093750000e-05
9.8397631403684287544619824217306813807226717472076416015625000000e-05
9.8187934904176427781084812718148668864159844815731048583984375000e-05
9.7977102807130661294571227770688892633188515901565551757812500000e-05
9.7765131440666967993328995145674298328231088817119598388671875000e-05
9.7552017053695184024657283128334483990329317748546600341796875000e-05
9.7337755811297669325359016578858017965103499591350555419921875000e-05
9.7122343793024440363088889416331994652864523231983184814453125000e-05
9.6905776994159179460637532077527112051029689610004425048828125000e-05
9.6688051329383607745970863334150635637342929840087890625000000000e-05
9.6469162619464675096497829898112286173272877931594848632812500000e-05
9.6249106599838635972034295296140271602780558168888092041015625000e-05
9.6027878921495500889535246180628291767789050936698913574218750000e-05
9.5805475137187564660737337796092560893157497048377990722656250000e-05
9.5581890712624105531196316842823534898343496024608612060546875000e-05
9.5357121022292056855898523259895682713249698281288146972656250000e-05
9.5131161344809265665786734977871219598455354571342468261718750000e-05
9.4904006868127511130882323353574747670791111886501312255859375000e-05
9.4675652680996716381578437449206830933690071105957031250000000000e-05
9.4446093776753909840825096377869840580387972295284271240234375000e-05
9.4215325057917301537074861172982309653889387845993041992187500000e-05
9.3983341322153495043384419105336746724788099527359008789062500000e-05
9.3750137269718285672019664200860233904677443206310272216796875000e-05
9.3515707507835712391543181443154253429383970797061920166015625000e-05
9.3280046540022813501141785152981356077361851930618286132812500000e-05
9.3043148768060557102406449292431034336914308369159698486328125000e-05
9.2805008495244197897280913345241515344241634011268615722656250000e-05
9.2565619927340898756909504108136843569809570908546447753906250000e-05
9.2324977166175793957120232491320166445802897214889526367187500000e-05
9.2083074212631773301784843255290979868732392787933349609375000000e-05
9.1839904968562218042990585864515651337569579482078552246093750000e-05
9.1595463234220926736217638364223603275604546070098876953125000000e-05
9.1349742710292270255791058364280843306914903223514556884765625000e-05
9.1102736997275432723544796864700856531271710991859436035156250000e-05
9.0854439598516396436704567474151872374932281672954559326171875000e-05
9.0604843919878791640848403332597627013456076383590698242187500000e-05
9.0353943266542721853007424925863233511336147785186767578125000000e-05
9.0101730851178564040034058013617368487757630646228790283203125000e-05
8.9848199796394663443205308439587497559841722249984741210937500000e-05
8.9593343127033941617441692439882672260864637792110443115234375000e-05
8.9337153778445640723432363827782864973414689302444458007812500000e-05
8.9079624604222732331577916387033155842800624668598175048828125000e-05
8.8820748371143992314601101067950139622553251683712005615234375000e-05
8.8560517761627862072006112104105568505474366247653961181640625000e-05
8.8298925382039849521151331224189107160782441496849060058593750000e-05
8.8035963767181749507588495173848741615074686706066131591796875000e-05
8.7771625380579269088895943973227531387237831950187683105468750000e-05
8.7505902618774993799270756067443244319292716681957244873046875000e-05
8.7238787820471437465044695080962355859810486435890197753906250000e-05
8.6970273270639436601937843906995340148569084703922271728515625000e-05
8.6700351204569204069914911681138391941203735768795013427734375000e-05
8.6429013816033924198604931898870518125477246940135955810546875000e-05
8.6156253266100860555183615918650730236549861729145050048828125000e-05
8.5882061689661370103981985479890681745018810033798217773437500000e-05
8.5606431200553717813898912947223607261548750102519989013671875000e-05
8.5329353905189099169237287867417762754485011100769042968750000000e-05
8.5050821912814711486978958010496398856048472225666046142578125000e-05
8.4770827342697826589472398506330819145659916102886199951171875000e-05
8.4489362335070581342712225936253389591001905500888824462890625000e-05
8.4206419065437367022473880151522962478338740766048431396484375000e-05
8.3921989759358955928217338460228802432538941502571105957031250000e-05
8.3636066699042959813811815017459139198763296008110046386718750000e-05
8.3348642242940445342032351749850249689188785851001739501953125000e-05
8.3059708843387285788668894515041074555483646690845489501953125000e-05
8.2769259056091526362969323926677134295459836721420288085937500000e-05
8.2477285560781784189664234130390241261920891702175140380859375000e-05
8.2183781180499067427723536294337236540741287171840667724609375000e-05
8.1888738899998505063083931165834883358911611139774322509765625000e-05
8.1592151884564984433249879014482530692475847899913787841796875000e-05
8.1294013499528465071380933792966061446350067853927612304687500000e-05
8.0994317336949270594824434876812802031054161489009857177734375000e-05
8.0693057237963021141591291041095246328040957450866699218750000000e-05
8.0390227311347595574170243892808684904593974351882934570312500000e-05
8.0085821963932969538672856923966492104227654635906219482421875000e-05
7.9779835926925156321803944692305776698049157857894897460937500000e-05
7.9472264280840105655015492835957502393284812569618225097656250000e-05
7.9163102482775033982322077097393275835202075541019439697265625000e-05
7.8852346397903969022445680447930271839140914380550384521484375000e-05
7.8539992331030174287434530988605274615110829472541809082031250000e-05
7.8226037052897892665193069205997744575142860412597656250000000000e-05
7.7910477832950132703361545427611645209253765642642974853515625000e-05
7.7593312475905380862922777751577996241394430398941040039062500000e-05
7.7274539353377585384693992942573004256701096892356872558593750000e-05
7.6954157432793983081333044626859418713138438761234283447265625000e-05
7.6632166317542902496569301451501132760313339531421661376953125000e-05
7.6308566283070730250012725370822863624198362231254577636718750000e-05
7.5983358306286246449008647818601502876845188438892364501953125000e-05
7.5656544104055073744936887880641052106511779129505157470703125000e-05
7.5328126170251459873747346129846391704631969332695007324218750000e-05
7.4998107810781097803433381532300927574397064745426177978515625000e-05
7.4666493177337340246026153867120456197881139814853668212890625000e-05
7.4333287302496878191059026530496112172841094434261322021484375000e-05
7.3998496136703679495159879930810120640671811997890472412109375000e-05
7.3662126580800041386609677829255815595388412475585937500000000000e-05
7.3324186517773087172836210534399015159578993916511535644531250000e-05
7.2984684845947954564236714869451816412038169801235198974609375000e-05
7.2643631509638462140886205897771787931560538709163665771484375000e-05
7.2301037525993594999064451034342937418841756880283355712890625000e-05
7.1956915013045950478727530441602766586584039032459259033203125000e-05
7.1611277217293651696158884867315919109387323260307312011718750000e-05
7.1264138533661024535459382889257540227845311164855957031250000000e-05
7.0915514523851606106148726116344960246351547539234161376953125000e-05
7.0565421937411956787578048988507362082600593566894531250000000000e-05
7.0213878725033628262937324127079818936181254684925079345703125000e-05
6.9860904048470916444593670213691893877694383263587951660156250000e-05
6.9506518287633427483421244552630469115683808922767639160156250000e-05
6.9150743045199656168324497951260809713858179748058319091796875000e-05
6.8793601146847338230309876205836872031795792281627655029296875000e-05
6.8435116633832818308288969966213244333630427718162536621093750000e-05
6.8075314755485551989830361740985154028749093413352966308593750000e-05
6.7714221955706454842034702767961107383598573505878448486328125000e-05
6.7351865853122706503941508060506748734042048454284667968750000000e-05
6.6988275216923350821769667096106104509090073406696319580078125000e-05
6.6623479937842047717694304864721743797417730093002319335937500000e-05
6.6257510995494195253641134257804878870956599712371826171875000000e-05
6.5890400417047983072822703309867620191653259098529815673828125000e-05
6.5522181231660999388942412391401148852310143411159515380859375000e-05
6.5152887420766837319775766079743561931536532938480377197265625000e-05
6.4782553863686147114543667502317703110747970640659332275390625000e-05
6.4411216273632307654367634697223365947138518095016479492187500000e-05
6.4038911130771889856222456316459101799409836530685424804687500000e-05
6.3665675614728802389659378935249378628213889896869659423828125000e-05
6.3291547524124293203941216123808999327593483030796051025390625000e-05
6.2916565193985233401217926907378341638832353055477142333984375000e-05
6.2540767414638869393234132942893666040617972612380981445312500000e-05
6.2164193338781992227357053870662184635875746607780456542968750000e-05
6.1786882385926486732988238692598770285258069634437561035156250000e-05
6.1408874146343708213743872725842720683431252837181091308593750000e-05
6.1030208280342486870575363644420008313318248838186264038085937500e-05
6.0650924414955041999702317623288649883761536329984664916992187500e-05
6.0271062036662014275122112305638211182667873799800872802734375000e-05
5.9890660384205182881819234941289664675423409789800643920898437500e-05
5.9509758341036744528230323370010523831297177821397781372070312500e-05
5.9128394323371109104689469226912024168996140360832214355468750000e-05
5.8746606168893857383671297522909071631147526204586029052734375000e-05
5.8364431029826785879855571836927197182376403361558914184570312500e-05
5.7981905262960323037269017021344552631489932537078857421875000000e-05
5.7599064320407990181984597688469307286140974611043930053710937500e-05
5.7215942641807676063894078088978289997612591832876205444335937500e-05
5.6832573553193390725798289642156646550574805587530136108398437500e-05
5.6448989166625750829066332503458625069470144808292388916015625000e-05
5.6065220277192298929062191925609681675268802791833877563476562500e-05
5.5681296272659405006359017997752403061895165592432022094726562500e-05
5.5297245044289759872274681029580278845969587564468383789062500000e-05
5.4913092897208020542760414928196155415207613259553909301757812500e-05
5.4528864470920591716283920558083764262846671044826507568359375000e-05
5.4144582665654360969023639604813524783821776509284973144531250000e-05
5.3760268569762729344921337037987996154697611927986145019531250000e-05
5.3375941395158654702475520270610331863281317055225372314453125000e-05
5.2991618418820379192261948997355602841707877814769744873046875000e-05
5.2607314929193481508034463400846902914054226130247116088867187500e-05
5.2223044179576194015642010004540907175396569073200225830078125000e-05
5.1838817346234924553910472511120133276563137769699096679687500000e-05
5.1454643493983107506526547547665018100815359503030776977539062500e-05
5.1070529546641146606978517441532972043205518275499343872070312500e-05
5.0686480263021878919088569759310303197707980871200561523437500000e-05
5.0302498219623679174324765162040762334072496742010116577148437500e-05
4.9918583798797646667883692872536016693629790097475051879882812500e-05
4.9534735181486615218128533033592475476325489580631256103515625000e-05
4.9150948345325183726998302669031204459315631538629531860351562500e-05
4.8767217066588969384601653933586362654750701040029525756835937500e-05
4.8383532928498085203677936405597392877098172903060913085937500000e-05
4.7999885333433760692574410189337186238844878971576690673828125000e-05
4.7616261515564723186787199349367938339128158986568450927734375000e-05
4.7232646560855647498676501694347962256870232522487640380859375000e-05
4.6849023430480711896461976095906720729544758796691894531250000000e-05
4.6465372982268263266775187858570461685303598642349243164062500000e-05
4.6081673998084951842258566445664769162249285727739334106445312500e-05
4.5697903214066763993676800748033883792231790721416473388671875000e-05
4.5314035349945254427771190730567241189419291913509368896484375000e-05
4.4930043140146198215375411555427831444831099361181259155273437500e-05
4.4545897366102840632048898150685545260785147547721862792968750000e-05
4.4161566890011400162395494017886221627122722566127777099609375000e-05
4.3777018688383947670871715329710127662110608071088790893554687500e-05
4.3392217883483093340737241083715503009443636983633041381835937500e-05
4.3007127777621637196216880516530522982066031545400619506835937500e-05
4.2621709886193635320218719986229416463174857199192047119140625000e-05
4.2235923967697062541420960357640979054849594831466674804687500000e-05
4.1849728054891580585842453254841188936552498489618301391601562500e-05
4.1463078485718642335940836707308676523098256438970565795898437500e-05
4.1075929931079266485723089363801818763022311031818389892578125000e-05
4.0688235421042266920857444212344944389769807457923889160156250000e-05
4.0299946371307432239645268667871391699009109288454055786132812500e-05
3.9911012608789268234308483807026846079679671674966812133789062500e-05
3.9521382393567673759968150726251678861444815993309020996093750000e-05
3.9131002440116890322453768735755375018925406038761138916015625000e-05
3.8739817939321440141801911050123408131184987723827362060546875000e-05
3.8347772577380661478737428060625802572758402675390243530273437500e-05
3.7954808553686714567981796975004726846236735582351684570312500000e-05
3.7560866599643695366069623409188693585747387260198593139648437500e-05
3.7165885995726926542895296456947562546702101826667785644531250000e-05
3.6769804589040249636136548083698016853304579854011535644531250000e-05
3.6372558810515787986773761364389656591811217367649078369140625000e-05
3.5974083693715394767758536387347589879937004297971725463867187500e-05
3.5574312894357378055966434349244309487403370440006256103515625000e-05
3.5173178711437280924510112578573739483545068651437759399414062500e-05
3.4770612111111059592746808100116595596773549914360046386718750000e-05
3.4366542754430763932042142139167140157951507717370986938476562500e-05
3.3960899028214246652638413914715442842862103134393692016601562500e-05
3.3553608080982738376581153705302540402044542133808135986328125000e-05
3.3144595866365011364428755369360146687540691345930099487304687500e-05
3.2733787192755648277463914608276240869599860161542892456054687500e-05
3.2321105782022001285096884926062443810224067419767379760742187500e-05
3.1906474338938118717832331805439594063500408083200454711914062500e-05
3.1489814632601463865926166851849643535388167947530746459960937500e-05
3.1071047592088806498736991423825770652911160141229629516601562500e-05
3.0650093417537079020819545949194662171066738665103912353515625000e-05
3.0226871710517881337940832020549919434415642172098159790039062500e-05
2.9801301625298036045066257804236897754890378564596176147460937500e-05
2.9373302043099158280823127165071184663247549906373023986816406250e-05
2.8942791773175654109146251458106746667908737435936927795410156250e-05
2.8509689784275692463113432983945472187770064920186996459960937500e-05
2.8073915468131803029223914069945067240041680634021759033203125000e-05
2.7635388938732429424524270067387021754257148131728172302246093750e-05
2.7194031371960568810482172796838540307362563908100128173828125000e-05
2.6749765387959311405867771083144646127038868144154548645019531250e-05
2.6302515478682647338381367374537944670009892433881759643554687500e-05
2.5852208484887044526428362400949367838620673865079879760742187500e-05
2.5398774124931498624106046557713511901965830475091934204101562500e-05
2.4942145576916369126415848334055169743805890902876853942871093750e-05
2.4482260115358103134660175403958248807612108066678047180175781250e-05
2.4019059803090595374246152271524579191463999450206756591796875000e-05
2.3552492238307783215022286893436387344991089776158332824707031250e-05
2.3082511352095409117501575990694107076706131920218467712402343750e-05
2.2609078253709162954071532070088323962409049272537231445312500000e-05
2.2132162116937571289974548416346067369886441156268119812011718750e-05
2.1651741097192236717777422128072828400036087259650230407714843750e-05
2.1167803268211531661328883568984338126028887927532196044921875000e-05
2.0680347562296497496798705628684444945974973961710929870605468750e-05
2.0189384693419676493862657817857098052627407014369964599609375000e-05
1.9694938041632588268496639738458497959072701632976531982421875000e-05
1.9197044468633276683659089068001435407495591789484024047851562500e-05
1.8695755032838012193747295741630409793287981301546096801757812500e-05
1.8191135566126740525857985453228593542007729411125183105468750000e-05
1.7683267070446517587678850191856838591775158420205116271972656250e-05
1.7172245888228883663097906753236543409002479165792465209960937500e-05
1.6658183596694022606411050846375587752845603972673416137695312500e-05
1.6141206574601473075405294599349304007773753255605697631835937500e-05
1.5621455187272770471400631930869451480248244479298591613769531250e-05
1.5099082538198280211208524015376042370917275547981262207031250000e-05
1.4574252736523081832361453669122397514001931995153427124023437500e-05
1.4047138637424863273845190847488595409231493249535560607910156250e-05
1.3517919018765920172436140189731190730526577681303024291992187500e-05
1.2986775172037384694086019354397620872987317852675914764404296875e-05
1.2453886902030074349434669855885005063100834377110004425048828125e-05
1.1919427948932213883652744823571367760450812056660652160644531250e-05
1.1383560875703465313903486877400439425400691106915473937988281250e-05
1.0846431492879689799250023107823892587475711479783058166503906250e-05
1.0308162929164646617668718575622222033416619524359703063964843750e-05
9.7688494996809268792548400228703542325092712417244911193847656250e-06
9.2285505688223312204324089158546939870575442910194396972656250000e-06
8.6872846572375211259215213588369408626022050157189369201660156250e-06
8.1450240983886618178393471123577285197825403884053230285644531250e-06
7.6016906089747581233800714783921392836418817751109600067138671875e-06
7.0571521986191332128268878520760409855938632972538471221923828125e-06
6.5112219017640416663067308433721080973555217497050762176513671875e-06
5.9636588665379868776138597152858267236297251656651496887207031250e-06
5.4141723676071455977239221812880032302928157150745391845703125000e-06
4.8624293104802380780589572684124988199982908554375171661376953125e-06
4.3080657342681247782721284944607020861440105363726615905761718750e-06
3.7507026700895687440972733894817281452560564503073692321777343750e-06
3.1899664122524862054392381233158815234673966187983751296997070312e-06
2.6255127528558647348499218571182822756782115902751684188842773438e-06
2.0570539450031893739020277811491155262046959251165390014648437500e-06
1.4843860247342187954976795369321784789917728630825877189636230469e-06
9.0741253206425689573208157034933662998810177668929100036621093750e-07
3.2615739527300208427349230075331654177261953009292483329772949219e-07
-2.5926260005756670343264494275892229069313543732278048992156982422e-07
-8.4895963670685741482373719291043556722797802649438381195068359375e-07
-1.4390709193232756099426784823780423039352172054350376129150390625e-06
-2.0229696391315556808741804584172996328561566770076751708984375000e-06
