-7.8752772184745828409901946542959194630384445190429687500000000000e-02
-6.6419282137294990975284747491969028487801551818847656250000000000e-02
-5.9550664171232545185397100340196629986166954040527343750000000000e-02
-5.4607064930269726132916474625744740478694438934326171875000000000e-02
-5.0904856660196853845867792642820859327912330627441406250000000000e-02
-4.8042410523236891983778207304567331448197364807128906250000000000e-02
-4.5770708935868056888018884365010308101773262023925781250000000000e-02
-4.3928506307960205057305813625134760513901710510253906250000000000e-02
-4.2407498199465154531395683079608716070652008056640625000000000000e-02
-4.1132617834111533106078439914199407212436199188232421875000000000e-02
-4.0050429459032477197411026281770318746566772460937500000000000000e-02
-3.9122030970852518516611695531537407077848911285400390625000000000e-02
-3.8318523266666355830967205520209972746670246124267578125000000000e-02
-3.7616934174560794079678061052618431858718395233154296875000000000e-02
-3.6999399067224367221307090858317678794264793395996093750000000000e-02
-3.6453261148272547709225932521803770214319229125976562500000000000e-02
-3.5968932197421046859098225922934943810105323791503906250000000000e-02
-3.5538761379794038541835021760562085546553134918212890625000000000e-02
-3.5182149780478545741946305724923149682581424713134765625000000000e-02
-3.5102249609837550547997153671531123109161853790283203125000000000e-02
-3.5024857597631124661585744206604431383311748504638671875000000000e-02
-3.4949792134072864280280867887995555065572261810302734375000000000e-02
-3.4876895224983224530479475333777372725307941436767578125000000000e-02
-3.4806016663550487511002984319929964840412139892578125000000000000e-02
-3.4737023349156917473301575682853581383824348449707031250000000000e-02
-3.4669798974090317023044605093673453666269779205322265625000000000e-02
-3.4604240689758876403647747110881027765572071075439453125000000000e-02
-3.4540256386951170841648206533136544749140739440917968750000000000e-02
-3.4477763071152293938848032439636881463229656219482421875000000000e-02
-3.4416685674737955424884461308465688489377498626708984375000000000e-02
-3.4356956012016173773737648389214882627129554748535156250000000000e-02
-3.4298511876786799690286500208458164706826210021972656250000000000e-02
-3.4241296289873282554516720210813218727707862854003906250000000000e-02
-3.4185256871701333314383930428448366001248359680175781250000000000e-02
-3.4130345311386589557400839112233370542526245117187500000000000000e-02
-3.4076516912691180716254990556990378536283969879150390625000000000e-02
-3.4023730203968760577026841929182410240173339843750000000000000000e-02
-3.3971946601643786267654689936534850858151912689208984375000000000e-02
-3.3921130118466667757726185072897351346909999847412109375000000000e-02
-3.3871247109171900846469327461818465963006019592285156250000000000e-02
-3.3822266047698862356796212225162889808416366577148437500000000000e-02
-3.3774157331378409918620775442832382395863533020019531250000000000e-02
-3.3726893107744113087242965320911025628447532653808593750000000000e-02
-3.3680447121874970695110107499203877523541450500488281250000000000e-02
-3.3634794578999406555741558122463175095617771148681640625000000000e-02
-3.3589912025126504591110432329514878802001476287841796875000000000e-02
-3.3545777235180408715198296931703225709497928619384765625000000000e-02
-3.3502369120086736287156270464038243517279624938964843750000000000e-02
-3.3459667634191003759980276299756951630115509033203125000000000000e-02
-3.3417653700530375315835840410727541893720626831054687500000000000e-02
-3.3376309139656633317994050003107986412942409515380859375000000000e-02
-3.3335616596484055063065454760362626984715461730957031250000000000e-02
-3.3295559505483039719475613082977361045777797698974609375000000000e-02
-3.3256121993618631416111952603387180715799331665039062500000000000e-02
-3.3217288899547649239085700401119538582861423492431640625000000000e-02
-3.3179045642837808050007453175567206926643848419189453125000000000e-02
-3.3141378275249544493874509498709812760353088378906250000000000000e-02
-3.3104273376106260751150500709627522155642509460449218750000000000e-02
-3.3067718022988662474048737749399151653051376342773437500000000000e-02
-3.3031699864210013750653871511531178839504718780517578125000000000e-02
-3.2996206845979578203831295013515045866370201110839843750000000000e-02
-3.2961227573490556319590893963322741910815238952636718750000000000e-02
-3.2926750806984358965756598536245292052626609802246093750000000000e-02
-3.2892765898268366830947684320562984794378280639648437500000000000e-02
-3.2859262499602685803079538118254276923835277557373046875000000000e-02
-3.2826230443001133685321235589071875438094139099121093750000000000e-02
-3.2793660330937418612151645902486052364110946655273437500000000000e-02
-3.2761542397120695102596954484397429041564464569091796875000000000e-02
-3.2729867943835783128392336038814391940832138061523437500000000000e-02
-3.2698627934714272202931795163749484345316886901855468750000000000e-02
-3.2667813786652427632262174483912531286478042602539062500000000000e-02
-3.2637417649429421862006250876220292411744594573974609375000000000e-02
-3.2607430728642979034237470159496297128498554229736328125000000000e-02
-3.2577846151365968951907348127861041575670242309570312500000000000e-02
-3.2548655565540172973637567110927193425595760345458984375000000000e-02
-3.2519851898501574150035509092049323953688144683837890625000000000e-02
-3.2491428454273510451066897530836286023259162902832031250000000000e-02
-3.2463377043502439356359445810085162520408630371093750000000000000e-02
-3.2435692608850624774063930999545846134424209594726562500000000000e-02
-3.2408366937137091101650554492152878083288669586181640625000000000e-02
-3.2381394449213847519519759998729568906128406524658203125000000000e-02
-3.2354769393594197401942125225104973651468753814697265625000000000e-02
-3.2328483720501080544984517928241984918713569641113281250000000000e-02
-3.2302534453751897969286943634870112873613834381103515625000000000e-02
-3.2276912847738377376760610104611259885132312774658203125000000000e-02
-3.2251615002509503860039785649860277771949768066406250000000000000e-02
-3.2226635828489079427239261121940216980874538421630859375000000000e-02
-3.2201967208636668449361906141348299570381641387939453125000000000e-02
-3.2177608122976555926619823821965837851166725158691406250000000000e-02
-3.2153549480542303884433863458980340510606765747070312500000000000e-02
-3.2129787998426605211133022521607927046716213226318359375000000000e-02
-3.2106320778333134746684862648180569522082805633544921875000000000e-02
-3.2083137251477315821102109794082934968173503875732421875000000000e-02
-3.2060240877077643417703001205154578201472759246826171875000000000e-02
-3.2037619342943995937034173948632087558507919311523437500000000000e-02
-3.2015272782293144326892786466487450525164604187011718750000000000e-02
-3.1993197017453831043631851116515463218092918395996093750000000000e-02
-3.1971383458773969254984592680557398125529289245605468750000000000e-02
-3.1949833484013520634725580293888924643397331237792968750000000000e-02
-3.1928540540161268190821886037156218662858009338378906250000000000e-02
-3.1907496208613606025750186745426617562770843505859375000000000000e-02
-3.1886709437176884163189782839253894053399562835693359375000000000e-02
-3.1866156963809087743211279075694619677960872650146484375000000000e-02
-3.1845856302844741114732585174351697787642478942871093750000000000e-02
-3.1825786493381025277216167523874901235103607177734375000000000000e-02
-3.1805953153192470517218737313669407740235328674316406250000000000e-02
-3.1786351901023017496594746944538201205432415008544921875000000000e-02
-3.1766975987773511669320924966086749918758869171142578125000000000e-02
-3.1747822476011960945996293048665393143892288208007812500000000000e-02
-3.1728897113032561438927814378985203802585601806640625000000000000e-02
-3.1710175352344091570522266465559368953108787536621093750000000000e-02
-3.1691684406811977681162062481234897859394550323486328125000000000e-02
-3.1673390041968438324282431040046503767371177673339843750000000000e-02
-3.1655310806133978018817032307197223417460918426513671875000000000e-02
-3.1637439021216975931771742125420132651925086975097656250000000000e-02
-3.1619758631058481057607423281297087669372558593750000000000000000e-02
-3.1602291117150536903235291674718610011041164398193359375000000000e-02
-3.1585009132692333511105431398391374386847019195556640625000000000e-02
-3.1567924267096321433445638149350997991859912872314453125000000000e-02
-3.1551033573569420287441289474372752010822296142578125000000000000e-02
-3.1534325393081298616326790806851931847631931304931640625000000000e-02
-3.1517803129388344274275368661619722843170166015625000000000000000e-02
-3.1501474692271949629152061334025347605347633361816406250000000000e-02
-3.1485302655943181449060830345842987298965454101562500000000000000e-02
-3.1469341052610441678005770427262177690863609313964843750000000000e-02
-3.1453522636544224699850502702247467823326587677001953125000000000e-02
-3.1437899616880204956004263294744305312633514404296875000000000000e-02
-3.1422440263660547654644972226378740742802619934082031250000000000e-02
-3.1407142151453584788534101335244486108422279357910156250000000000e-02
-3.1392023663518231479940823192009702324867248535156250000000000000e-02
-3.1377059110273095021703682050429051741957664489746093750000000000e-02
-3.1362255089569364419066488380849477834999561309814453125000000000e-02
-3.1347622903634131397154760634293779730796813964843750000000000000e-02
-3.1333131724623118630201901169129996560513973236083984375000000000e-02
-3.1318804547650493097510349116419092752039432525634765625000000000e-02
-3.1304639043505409767842451174146845005452632904052734375000000000e-02
-3.1290596699611677999897096924541983753442764282226562500000000000e-02
-3.1276743883370622389961113185563590377569198608398437500000000000e-02
-3.1262999486101922252956342163088265806436538696289062500000000000e-02
-3.1249423577679666386153201074193930253386497497558593750000000000e-02
-3.1235990835177623176077688071927696000784635543823242187500000000e-02
-3.1222680267030358813862278566375607624650001525878906250000000000e-02
-3.1209536069700685723127264736831421032547950744628906250000000000e-02
-3.1196510980193381534775198815623298287391662597656250000000000000e-02
-3.1183623259339612876495095861173467710614204406738281250000000000e-02
-3.1170885414744543134846210818977851886302232742309570312500000000e-02
-3.1158259591912193520180096584226703271269798278808593750000000000e-02
-3.1145774737757900979540082175844872836023569107055664062500000000e-02
-3.1133431607386057721198469039336487185209989547729492187500000000e-02
-3.1121181238164853655181474323399015702307224273681640625000000000e-02
-3.1109102262645682568376059862202964723110198974609375000000000000e-02
-3.1097111459453229131977280985665856860578060150146484375000000000e-02
-3.1085254496200150076123946973893907852470874786376953125000000000e-02
-3.1073538699607775731559300425033143255859613418579101562500000000e-02
-3.1061901922397973374589952300084405578672885894775390625000000000e-02
-3.1050426186320714827537869950901949778199195861816406250000000000e-02
-3.1039042707642260088274355211979127489030361175537109375000000000e-02
-3.1027772125914176992722559589310549199581146240234375000000000000e-02
-3.1016639981467253317504173537599854171276092529296875000000000000e-02
-3.1005592198325351155352436194334586616605520248413085937500000000e-02
-3.0994668203038765880164007171515549998730421066284179687500000000e-02
-3.0983868543026347325275438038261199835687875747680664062500000000e-02
-3.0973141062119090294313394906566827557981014251708984375000000000e-02
-3.0962561000742329364587845930145704187452793121337890625000000000e-02
-3.0952065874830334002432152828987454995512962341308593750000000000e-02
-3.0941663151146624188836398161583929322659969329833984375000000000e-02
-3.0931407544995060537873499129091214854270219802856445312500000000e-02
-3.0921197765834188692091188954691460821777582168579101562500000000e-02
-3.0911132596437268515998653128917794674634933471679687500000000000e-02
-3.0901156052762848713832966041081817820668220520019531250000000000e-02
-3.0891253878690568684950434885649883653968572616577148437500000000e-02
-3.0881493905465937782617302787002699915319681167602539062500000000e-02
-3.0871790135775699359665935617158538661897182464599609375000000000e-02
-3.0862195505782046706100274491291202139109373092651367187500000000e-02
-3.0852713431761512319351226096841855905950069427490234375000000000e-02
-3.0843285829502860295736610396488686092197895050048828125000000000e-02
-3.0833984325402314513597801237665407825261354446411132812500000000e-02
-3.0824766192967877759256722924874338787049055099487304687500000000e-02
-3.0815610595995489295884084413046366535127162933349609375000000000e-02
-3.0806593769626505058267795789106457959860563278198242187500000000e-02
-3.0797617375918455440153564950378495268523693084716796875000000000e-02
-3.0788746262132567904634683486619906034320592880249023437500000000e-02
-3.0779982715981517998882210918054624926298856735229492187500000000e-02
-3.0771250432897134796661475775181315839290618896484375000000000000e-02
-3.0762661415314938861964577654362074099481105804443359375000000000e-02
-3.0754118024921197477317136304009181912988424301147460937500000000e-02
-3.0745654745863583434672960947864339686930179595947265625000000000e-02
-3.0737308610776177542067699732797336764633655548095703125000000000e-02
-3.0728994169459081242656850463390583172440528869628906250000000000e-02
-3.0720790937389785141276021818157460074871778488159179687500000000e-02
-3.0712668186533134684346180165448458865284919738769531250000000000e-02
-3.0704587719786916033548607174452627077698707580566406250000000000e-02
-3.0696630741999221536620012784624123014509677886962890625000000000e-02
-3.0688718329768320536299341938502038829028606414794921875000000000e-02
-3.0680876014145475744188118483180005569010972976684570312500000000e-02
-3.0673147815217311623614548921068490017205476760864257812500000000e-02
-3.0665437151520869019094561735983006656169891357421875000000000000e-02
-3.0657840060546167476607237745156453456729650497436523437500000000e-02
-3.0650310275811741556051259749438031576573848724365234375000000000e-02
-3.0642814660835324819254665840162488166242837905883789062500000000e-02
-3.0635448327133583262815719194804842118173837661743164062500000000e-02
-3.0628098617228004252321937883607461117208003997802734375000000000e-02
-3.0620837426690188098898914859091746620833873748779296875000000000e-02
-3.0613663868287996350225910191511502489447593688964843750000000000e-02
-3.0606511036532158681611193173921492416411638259887695312500000000e-02
-3.0599469201987188060609668127654003910720348358154296875000000000e-02
-3.0592475118264003675072615351382410153746604919433593750000000000e-02
-3.0585526694010638920628863957063003908842802047729492187500000000e-02
-3.0578686663290638447776359498675446957349777221679687500000000000e-02
-3.0571866571956457514502858430205378681421279907226562500000000000e-02
-3.0565125697645363633814241666186717338860034942626953125000000000e-02
-3.0558468350666237456358942381484666839241981506347656250000000000e-02
-3.0551822869436095347905890662332240026444196701049804687500000000e-02
-3.0545289624686212254234263241414737422019243240356445312500000000e-02
-3.0538790426205802974735092902847100049257278442382812500000000000e-02
-3.0532336935803431471336821800832694862037897109985351562500000000e-02
-3.0525988690215877935374422236236569005995988845825195312500000000e-02
-3.0519643597139149704400296059247921220958232879638671875000000000e-02
-3.0513391389068361680969587723666336387395858764648437500000000000e-02
-3.0507197441900054529773100853162759449332952499389648437500000000e-02
-3.0501025031461528880250000383966835215687751770019531250000000000e-02
-3.0494955629880037689671823386561300139874219894409179687500000000e-02
-3.0488908647560295644973749062955903355032205581665039062500000000e-02
-3.0482916666038955416651035079667053651064634323120117187500000000e-02
-3.0477009742882223836124566673788649495691061019897460937500000000e-02
-3.0471112643952261156421457144460873678326606750488281250000000000e-02
-3.0465298800560969977313519052586343605071306228637695312500000000e-02
-3.0459538716693372595312183648275095038115978240966796875000000000e-02
-3.0453796683828436575591780410832143388688564300537109375000000000e-02
-3.0448154645710327065311062710861733648926019668579101562500000000e-02
-3.0442525663472191910230435496487189084291458129882812500000000000e-02
-3.0436953518579255156817353622500377241522073745727539062500000000e-02
-3.0431459077342716545988565712832496501505374908447265625000000000e-02
-3.0425966262726551053718893058430694509297609329223632812500000000e-02
-3.0420564443582508162844391108592390082776546478271484375000000000e-02
-3.0415195278845331278150254661341023165732622146606445312500000000e-02
-3.0409856327147755800099915290957142133265733718872070312500000000e-02
-3.0404603744599044412577626417260034941136837005615234375000000000e-02
-3.0399359841599981474358216360087681096047163009643554687500000000e-02
-3.0394178359109663006831780762695416342467069625854492187500000000e-02
-3.0389056511959160189473294622075627557933330535888671875000000000e-02
-3.0383945474356469779175782264246663544327020645141601562500000000e-02
-3.0378914064991269228244163969065994024276733398437500000000000000e-02
-3.0373912775216005410783282059128396213054656982421875000000000000e-02
-3.0368940639330904707193781177920754998922348022460937500000000000e-02
-3.0364048782300260415079051767861528787761926651000976562500000000e-02
-3.0359161122141750666081350118474802002310752868652343750000000000e-02
-3.0354336682821992515757258956909936387091875076293945312500000000e-02
-3.0349563291607782600234344272394082508981227874755859375000000000e-02
-3.0344798768290638657507685138625674881041049957275390625000000000e-02
-3.0340115444391742988150539872549416031688451766967773437500000000e-02
-3.0335447349171693054437071168649708852171897888183593750000000000e-02
-3.0330819438402874949067822285542206373065710067749023437500000000e-02
-3.0326256659071931798266064106428530067205429077148437500000000000e-02
-3.0321699290443031304942422821113723330199718475341796875000000000e-02
-3.0317206420316534370984484780819911975413560867309570312500000000e-02
-3.0312750009364380215926004780158109497278928756713867187500000000e-02
-3.0308312653248972723396548190066823735833168029785156250000000000e-02
-3.0303943176900070832768818718250258825719356536865234375000000000e-02
-3.0299589913265246449158851760330435354262590408325195312500000000e-02
-3.0295275342473643176433029111649375408887863159179687500000000000e-02
-3.0291018862602617223167555948748486116528511047363281250000000000e-02
-3.0286767407352869346803814210034033749252557754516601562500000000e-02
-3.0282578523457566455068246114024077542126178741455078125000000000e-02
-3.0278419222401774940633956134661275427788496017456054687500000000e-02
-3.0274279816451414582001433473124052397906780242919921875000000000e-02
-3.0270205662668754620359123919115518219769001007080078125000000000e-02
-3.0266138714906735962539841011675889603793621063232421875000000000e-02
-3.0262118745970841698911257822146581020206212997436523437500000000e-02
-3.0258142019282591173023888586612883955240249633789062500000000000e-02
-3.0254175871737679776041218815407773945480585098266601562500000000e-02
-3.0250268553065447901806450659023539628833532333374023437500000000e-02
-3.0246381669762959637504096122029295656830072402954101562500000000e-02
-3.0242523161157247590935526204702910035848617553710937500000000000e-02
-3.0238716184419891369605792874608596321195363998413085937500000000e-02
-3.0234920931234764845951801248702395241707563400268554687500000000e-02
-3.0231168632855548450422134010295849293470382690429687500000000000e-02
-3.0227454295320001914637586537537572439759969711303710937500000000e-02
-3.0223751838614656972659133771230699494481086730957031250000000000e-02
-3.0220104032818412287397791260445956140756607055664062500000000000e-02
-3.0216472722240334675136708142417774070054292678833007812500000000e-02
-3.0212870733411865270534590877105074469000101089477539062500000000e-02
-3.0209315772149414325298266703612171113491058349609375000000000000e-02
-3.0205768186160178445653912149282405152916908264160156250000000000e-02
-3.0202268309149900987753412096026295330375432968139648437500000000e-02
-3.0198793665943936964657368093867262359708547592163085937500000000e-02
-3.0195338702009230646972071099298773333430290222167968750000000000e-02
-3.0191930329921567999207354660029523074626922607421875000000000000e-02
-3.0188535585488018159194822942481550853699445724487304687500000000e-02
-3.0185174519318316160854109853062254842370748519897460937500000000e-02
-3.0181848769598774301359256355681282002478837966918945312500000000e-02
-3.0178536967347981828657665914761309977620840072631835937500000000e-02
-3.0175265644345108245749642605915141757577657699584960937500000000e-02
-3.0172018338122490177521939358484814874827861785888671875000000000e-02
-3.0168790355066043423759580832665960770100355148315429687500000000e-02
-3.0165605206858476378117828176073089707642793655395507812500000000e-02
-3.0162431288930549588833684993005590513348579406738281250000000000e-02
-3.0159291688756514893121618570148712024092674255371093750000000000e-02
-3.0156182163843605475994635867209581192582845687866210937500000000e-02
-3.0153085823840443391308241416481905616819858551025390625000000000e-02
-3.0150030891477733185901399792783195152878761291503906250000000000e-02
-3.0146990870485359387265233976904710289090871810913085937500000000e-02
-3.0143977850501841447838913268242322374135255813598632812500000000e-02
-3.0140996953487698278850714928012166637927293777465820312500000000e-02
-3.0138030521029049446646297383267665281891822814941406250000000000e-02
-3.0135096576596052259100488868170941714197397232055664062500000000e-02
-3.0132186467038163391052307815698441118001937866210937500000000000e-02
-3.0129294211988302820692808836611220613121986389160156250000000000e-02
-3.0126435718140148062316185928466438781470060348510742187500000000e-02
-3.0123593889017332564383977455690910574048757553100585937500000000e-02
-3.0120776163113514162228412374133768025785684585571289062500000000e-02
-3.0117988992382372509526433645987708587199449539184570312500000000e-02
-3.0115213555513130339047478400971158407628536224365234375000000000e-02
-3.0112471873136269912007989546509634237736463546752929687500000000e-02
-3.0109747801215211437941832173237344250082969665527343750000000000e-02
-3.0107044350231197682443706753474543802440166473388671875000000000e-02
-3.0104370880502433205361256796095403842628002166748046875000000000e-02
-3.0101710797046411782762476150310249067842960357666015625000000000e-02
-3.0099078663604391520314251806667016353458166122436523437500000000e-02
-3.0096467762128618905759225299334502778947353363037109375000000000e-02
-3.0093874650401079839934226356490398757159709930419921875000000000e-02
-3.0091308334754110487274658680689753964543342590332031250000000000e-02
-3.0088760265259941600879400880330649670213460922241210937500000000e-02
-3.0086231876809820667828532236853789072483777999877929687500000000e-02
-3.0083730063312105057482526149215118493884801864624023437500000000e-02
-3.0081241760848823063589918547222623601555824279785156250000000000e-02
-3.0078779423488858496549269716524577233940362930297851562500000000e-02
-3.0076336519930906010511506565308081917464733123779296875000000000e-02
-3.0073909976324194465169270529258938040584325790405273437500000000e-02
-3.0071510371077365963987659824852016754448413848876953125000000000e-02
-3.0069123780992888100849214083609695080667734146118164062500000000e-02
-3.0066761048690257562832073290337575599551200866699218750000000000e-02
-3.0064417550700574949251731027288769837468862533569335937500000000e-02
-3.0062090768543291152692376044797128997743129730224609375000000000e-02
-3.0059786635142506094897640878116362728178501129150390625000000000e-02
-3.0057499647011182153377717440889682620763778686523437500000000000e-02
-3.0055230719899631713909471386614313814789056777954101562500000000e-02
-3.0052983658051729554117059706186410039663314819335937500000000000e-02
-3.0050751469723708392267624844862439204007387161254882812500000000e-02
-3.0048539876153485678189625218692526686936616897583007812500000000e-02
-3.0046347232381285380364843717870826367288827896118164062500000000e-02
-3.0044169178137673792416961759954574517905712127685546875000000000e-02
-3.0042014082037635930300112363511289004236459732055664062500000000e-02
-3.0039872248005448224228430831317382398992776870727539062500000000e-02
-3.0037750566839046401090840276992821600288152694702148437500000000e-02
-3.0035646474168207348265369205364549998193979263305664062500000000e-02
-3.0033557764337033557655587401313823647797107696533203125000000000e-02
-3.0031488729906748169629082667597685940563678741455078125000000000e-02
-3.0029435248076791903359961111164011526852846145629882812500000000e-02
-3.0027398587885938130437324389276909641921520233154296875000000000e-02
-3.0025380188745311865750053925694373901933431625366210937500000000e-02
-3.0023376659105521085946222115126147400587797164916992187500000000e-02
-3.0021390546556152995050226195417053531855344772338867187500000000e-02
-3.0019421552693898586072762668663926888257265090942382812500000000e-02
-3.0017466490238897680598029182874597609043121337890625000000000000e-02
-3.0015530629831053965883569389916374348104000091552734375000000000e-02
-3.0013608017462549415466099844707059673964977264404296875000000000e-02
-3.0011702717924214345313060903208679519593715667724609375000000000e-02
-3.0009813243588503300918191030177695211023092269897460937500000000e-02
-3.0007938078626464339926371849287534132599830627441406250000000000e-02
-3.0006080010353132492273431353169144131243228912353515625000000000e-02
-3.0004236127544475082329356041555001866072416305541992187500000000e-02
-3.0002407689420911018896021005275542847812175750732421875000000000e-02
-3.0000594920451730679422652769972046371549367904663085937500000000e-02
-2.9998796280096880900734035435561963822692632675170898437500000000e-02
-2.9997012909484310760888092772802338004112243652343750000000000000e-02
-2.9995244711220971772780430342209001537412405014038085937500000000e-02
-2.9993489782237248847396315909463737625628709793090820312500000000e-02
-2.9991751175724248174025987623281253036111593246459960937500000000e-02
-2.9990025221353643763988472414894204121083021163940429687500000000e-02
-2.9988314604728949497314260952407494187355041503906250000000000000e-02
-2.9986617911203369835071441684704041108489036560058593750000000000e-02
-2.9984934758114922814797864702995866537094116210937500000000000000e-02
-2.9983266304825392095656511060042248573154211044311523437500000000e-02
-2.9981611039196554013841478081303648650646209716796875000000000000e-02
-2.9979969634667060635058177808787149842828512191772460937500000000e-02
-2.9978342107997855287004895785685221198946237564086914062500000000e-02
-2.9976727558587608346574171491738525219261646270751953125000000000e-02
-2.9975126735254920690154634144164447207003831863403320312500000000e-02
-2.9973539250009804957297632199697545729577541351318359375000000000e-02
-2.9971964342268262587731797452761384192854166030883789062500000000e-02
-2.9970403436363774601902676408826664555817842483520507812500000000e-02
-2.9968854461176402254052320017763122450560331344604492187500000000e-02
-2.9967319139126258331629060194245539605617523193359375000000000000e-02
-2.9965796152684198022653205839560541789978742599487304687500000000e-02
-2.9964285848667938233491625510396261233836412429809570312500000000e-02
-2.9962788273418743123510665782305295579135417938232421875000000000e-02
-2.9961302981920640703394909110102162230759859085083007812500000000e-02
-2.9959830017900632159744134241918800398707389831542968750000000000e-02
-2.9958369583275697156654615582738188095390796661376953125000000000e-02
-2.9956920866648365647799678868068440351635217666625976562500000000e-02
-2.9955484663685281315759212361626850906759500503540039062500000000e-02
-2.9954060142776198216729710566141875460743904113769531250000000000e-02
-2.9952647537815915712577918839087942615151405334472656250000000000e-02
-2.9951246917797741398103994470147881656885147094726562500000000000e-02
-2.9949857660668453840369096496942802332341670989990234375000000000e-02
-2.9948480329363185575841654895157262217253446578979492187500000000e-02
-2.9947114312537399111180391741982020903378725051879882812500000000e-02
-2.9945759754467234092789595933936652727425098419189453125000000000e-02
-2.9944416625955101729505969387901131995022296905517578125000000000e-02
-2.9943084616983226681208307695669645909219980239868164062500000000e-02
-2.9941763839035625410778251875854039099067449569702148437500000000e-02
-2.9940454189781078031540317851977306418120861053466796875000000000e-02
-2.9939155358171987142412717730621807277202606201171875000000000000e-02
-2.9937867676658153071045376236725132912397384643554687500000000000e-02
-2.9936590583963234440956213688878051470965147018432617187500000000e-02
-2.9935324391423226431108162159944185987114906311035156250000000000e-02
-2.9934068803374788009241669328730495180934667587280273437500000000e-02
-2.9932823756710816298642896526871481910347938537597656250000000000e-02
-2.9931589284717063925711499905446544289588928222656250000000000000e-02
-2.9930365166707037505311461700330255553126335144042968750000000000e-02
-2.9929151392916672480559725499915657564997673034667968750000000000e-02
-2.9927947938655531656682029506555409170687198638916015625000000000e-02
-2.9926754558958896385023606967479281593114137649536132812500000000e-02
-2.9925571398334741696212191186532436404377222061157226562500000000e-02
-2.9924398181627967496787334766850108280777931213378906250000000000e-02
-2.9923234947930164862039958961759111844003200531005859375000000000e-02
-2.9922081613132169713997754456613620277494192123413085937500000000e-02
-2.9920938027570075784522529716014105360954999923706054687500000000e-02
-2.9919804226517219408743031294761749450117349624633789062500000000e-02
-2.9918680049879679827551370863147894851863384246826171875000000000e-02
-2.9917565452042629153828201538090070243924856185913085937500000000e-02
-2.9916460402524922002065466131170978769659996032714843750000000000e-02
-2.9915364741629126010824535342180752195417881011962890625000000000e-02
-2.9914278497035338977294571805032319389283657073974609375000000000e-02
-2.9913201527549577313225270813745737541466951370239257812500000000e-02
-2.9912133786483097869224323517300945241004228591918945312500000000e-02
-2.9911075231215965286590829919077805243432521820068359375000000000e-02
-2.9910025737065509127132756361788779031485319137573242187500000000e-02
-2.9908985296389255931215345185592013876885175704956054687500000000e-02
-2.9907953803154099792216413788992213085293769836425781250000000000e-02
-2.9906931196753923363207405827779439277946949005126953125000000000e-02
-2.9905917436739471587658911744256329257041215896606445312500000000e-02
-2.9904912415147782978053214719693642109632492065429687500000000000e-02
-2.9903916109080237034634208725947246421128511428833007812500000000e-02
-2.9902928428869962607095089879294391721487045288085937500000000000e-02
-2.9901949313308948813494581031591224018484354019165039062500000000e-02
-2.9900978717577391535753505991124256979674100875854492187500000000e-02
-2.9900016550202527382262829291903472039848566055297851562500000000e-02
-2.9899062776861915630144395095157960895448923110961914062500000000e-02
-2.9898117319613212727880124930379679426550865173339843750000000000e-02
-2.9897180118857617087124722843327617738395929336547851562500000000e-02
-2.9896251126147653509601553878383128903806209564208984375000000000e-02
-2.9895330262900761397748539138774503953754901885986328125000000000e-02
-2.9894417487528347071590317796108138281852006912231445312500000000e-02
-2.9893512730514701369877172965061618015170097351074218750000000000e-02
-2.9892615934499686819458830200346710626035928726196289062500000000e-02
-2.9891727049079386269170299783581867814064025878906250000000000000e-02
-2.9890846004993261442184149245804292149841785430908203125000000000e-02
-2.9889972756876513615420520864063291810452938079833984375000000000e-02
-2.9889107241047652152587943419348448514938354492187500000000000000e-02
-2.9888249402907809959550888834201032295823097229003906250000000000e-02
-2.9887399191031192857703757681520073674619197845458984375000000000e-02
-2.9886556543348256897996151337792980484664440155029296875000000000e-02
-2.9885721412560371790245739020974724553525447845458984375000000000e-02
-2.9884893739635758069805859804546344093978404998779296875000000000e-02
-2.9884073472440920299364464085556392092257738113403320312500000000e-02
-2.9883260559619553853316631375491851940751075744628906250000000000e-02
-2.9882454944552570841320715544497943483293056488037109375000000000e-02
-2.9881656579261717948670096234309312421828508377075195312500000000e-02
-2.9880865408632526630805514855637738946825265884399414062500000000e-02
-2.9880081382608530971012328336655627936124801635742187500000000000e-02
-2.9879304450794310493710881360129860695451498031616210937500000000e-02
-2.9878534560617939219717698051681509241461753845214843750000000000e-02
-2.9877771664414142643861893589019018691033124923706054687500000000e-02
-2.9877015710327737424423233392190013546496629714965820312500000000e-02
-2.9876266650199621854877563009722507558763027191162109375000000000e-02
-2.9875524435031705627885401099774753674864768981933593750000000000e-02
-2.9874789015487797361192434664189931936562061309814453125000000000e-02
-2.9874060344709661013462564937981369439512491226196289062500000000e-02
-2.9873338373732322148512707826739642769098281860351562500000000000e-02
-2.9872623056053503043383301474023028276860713958740234375000000000e-02
-2.9871914344457094203644231811267673037946224212646484375000000000e-02
-2.9871212192116469719138649452361278235912322998046875000000000000e-02
-2.9870516553449601854230976982762513216584920883178710937500000000e-02
-2.9869827381937025245761674341338220983743667602539062500000000000e-02
-2.9869144632735104144538595960511884186416864395141601562500000000e-02
-2.9868468260436462774487509364007564727216958999633789062500000000e-02
-2.9867798220393329544641858319664606824517250061035156250000000000e-02
-2.9867134468445615674836446373774379026144742965698242187500000000e-02
-2.9866476960308557808687623946752864867448806762695312500000000000e-02
-2.9865825652670013878875465707096736878156661987304687500000000000e-02
-2.9865180502022747877077790690236724913120269775390625000000000000e-02
-2.9864541465559019811637497809897467959672212600708007812500000000e-02
-2.9863908500708382515176353422248212154954671859741210937500000000e-02
-2.9863281565138819623195232111356745008379220962524414062500000000e-02
-2.9862660617087605913200221152692392934113740921020507812500000000e-02
-2.9862045614874543897343528442434035241603851318359375000000000000e-02
-2.9861436517355215841673654608712240587919950485229492187500000000e-02
-2.9860833283597124770958330941539315972477197647094726562500000000e-02
-2.9860235873020311153647199375882337335497140884399414062500000000e-02
-2.9859644245424747655004438229298102669417858123779296875000000000e-02
-2.9859058360826251643516116018872708082199096679687500000000000000e-02
-2.9858478179666705920602964852150762453675270080566406250000000000e-02
-2.9857903662621108897834432127638137899339199066162109375000000000e-02
-2.9857334770726811495888952663335658144205808639526367187500000000e-02
-2.9856771465309579760560865224761073477566242218017578125000000000e-02
-2.9856213707989600475434244231109914835542440414428710937500000000e-02
-2.9855661460729491368804033868400438223034143447875976562500000000e-02
-2.9855114685745982872067116886682924814522266387939453125000000000e-02
-2.9854573345587841898263192774720664601773023605346679687500000000e-02
-2.9854037403083604623743596562235325109213590621948242187500000000e-02
-2.9853506821356890627017222072936419863253831863403320312500000000e-02
-2.9852981563822225674620369773037964478135108947753906250000000000e-02
-2.9852461594176166875813649426163465250283479690551757812500000000e-02
-2.9851946876412592535299239671076065860688686370849609375000000000e-02
-2.9851437374791303658305707813269691541790962219238281250000000000e-02
-2.9850933053860287391678696167218731716275215148925781250000000000e-02
-2.9850433878442821089560510472438181750476360321044921875000000000e-02
-2.9849939813637441088367552310955943539738655090332031250000000000e-02
-2.9849450824812089749782373360176279675215482711791992187500000000e-02
-2.9848966877600087432842457246806588955223560333251953125000000000e-02
-2.9848487937913441292447913610885734669864177703857421875000000000e-02
-2.9848013971920040604546286999720905441790819168090820312500000000e-02
-2.9847544946046491304292302970679884310811758041381835937500000000e-02
-2.9847080826982116258383470608350762631744146347045898437500000000e-02
-2.9846621581680519985635413604541099630296230316162109375000000000e-02
-2.9846167177341557941172567325338604860007762908935546875000000000e-02
-2.9845717581416832120400073335986235179007053375244140625000000000e-02
-2.9845272761614090317738856583673623390495777130126953125000000000e-02
-2.9844832685885998996289103502022044267505407333374023437500000000e-02
-2.9844397322428543872785411394943366758525371551513671875000000000e-02
-2.9843966639684405689481039303245779592543840408325195312500000000e-02
-2.9843540606339289539272741080822015646845102310180664062500000000e-02
-2.9843119191313549620758749369997531175613403320312500000000000000e-02
-2.9842702363762681899705953014745318796485662460327148437500000000e-02
-2.9842290093080887231069553422457829583436250686645507812500000000e-02
-2.9841882348896359850032311555878550279885530471801757812500000000e-02
-2.9841479101065073592513599010089819785207509994506835937500000000e-02
-2.9841080319668693288104321936771157197654247283935546875000000000e-02
-2.9840685975017700731770631250583392102271318435668945312500000000e-02
-2.9840296037649028521032690264291886705905199050903320312500000000e-02
-2.9839910478316893777117613240079663228243589401245117187500000000e-02
-2.9839529267997270262080533598236797843128442764282226562500000000e-02
-2.9839152377886177941457290785365330521017313003540039062500000000e-02
-2.9838779779393878599513811877841362729668617248535156250000000000e-02
-2.9838411444142860090567026531971350777894258499145507812500000000e-02
-2.9838047343967721847235452514723874628543853759765625000000000000e-02
-2.9837687450918078807537980878805683460086584091186523437500000000e-02
-2.9837331737244565665889695083023980259895324707031250000000000000e-02
-2.9836980175406816601091364304920716676861047744750976562500000000e-02
-2.9836632738072750570257340996249695308506488800048828125000000000e-02
-2.9836289398104568620917476096110476646572351455688476562500000000e-02
-2.9835950128568863859435111862694611772894859313964843750000000000e-02
-2.9835614902731531772328565921270637772977352142333984375000000000e-02
-2.9835283694052101149951639058599539566785097122192382812500000000e-02
-2.9834956476188397023197040880404529161751270294189453125000000000e-02
-2.9834633222986683964705889593460597097873687744140625000000000000e-02
-2.9834313908484302868551196752378018572926521301269531250000000000e-02
-2.9833998506914222864638830401418090332299470901489257812500000000e-02
-2.9833686992688467770618032659513119142502546310424804687500000000e-02
-2.9833379340405453972184801614275784231722354888916015625000000000e-02
-2.9833075524853005372483139012729225214570760726928710937500000000e-02
-2.9832775520996078488789038374306983314454555511474609375000000000e-02
-2.9832479303977737367103983956440060865134000778198242187500000000e-02
-2.9832186849120690547154666205642570275813341140747070312500000000e-02
-2.9831898131926916362122170767179341055452823638916015625000000000e-02
-2.9831613128069367490979857393540441989898681640625000000000000000e-02
-2.9831331813393750784779712148520047776401042938232421875000000000e-02
-2.9831054163918110933018112973513780161738395690917968750000000000e-02
-2.9830780155828105076887268864993529859930276870727539062500000000e-02
-2.9830509765477374040099078911225660704076290130615234375000000000e-02
-2.9830242969384211659811256822649738751351833343505859375000000000e-02
-2.9829979744232248267676865793873730581253767013549804687500000000e-02
-2.9829720066867185940262530152722320053726434707641601562500000000e-02
-2.9829463914291209220008838087778713088482618331909179687500000000e-02
-2.9829211263667543968525208697428752202540636062622070312500000000e-02
-2.9828962092319562249276287957400199957191944122314453125000000000e-02
-2.9828716377719940305857093676422664429992437362670898437500000000e-02
-2.9828474097494346584102942188110318966209888458251953125000000000e-02
-2.9828235229425455882212858682578371372073888778686523437500000000e-02
-2.9827999751443307757670098112612322438508272171020507812500000000e-02
-2.9827767641622850158800162034822278656065464019775390625000000000e-02
-2.9827538878187027232558037326271005440503358840942382812500000000e-02
-2.9827313439505905023896303873698343522846698760986328125000000000e-02
-2.9827091304090756068712053661329264286905527114868164062500000000e-02
-2.9826872450591943031206199066218687221407890319824218750000000000e-02
-2.9826656857801718547573699424901860766112804412841796875000000000e-02
-2.9826444504650481692742403083684621378779411315917968750000000000e-02
-2.9826235370203027508217985541705274954438209533691406250000000000e-02
-2.9826029433658887007885240905125101562589406967163085937500000000e-02
-2.9825826674351903905479943546197318937629461288452148437500000000e-02
-2.9825627071747348034724822696261981036514043807983398437500000000e-02
-2.9825430605437342618246887582245108205825090408325195312500000000e-02
-2.9825237255143043080263254296369268558919429779052734375000000000e-02
-2.9825047000714415001976220764845493249595165252685546875000000000e-02
-2.9824859822125106278978279306102194823324680328369140625000000000e-02
-2.9824675699470521578193782374910369981080293655395507812500000000e-02
-2.9824494612968811130260249342427414376288652420043945312500000000e-02
-2.9824316542961405024358967352782201487571001052856445312500000000e-02
-2.9824141469904748985575437814077304210513830184936523437500000000e-02
-2.9823969374374030560925774580027791671454906463623046875000000000e-02
-2.9823800237063810558701959507743595167994499206542968750000000000e-02
-2.9823634038780556798631238279995159246027469635009765625000000000e-02
-2.9823470760444635574426541779757826589047908782958984375000000000e-02
-2.9823310383090217978718783342628739774227142333984375000000000000e-02
-2.9823152887863940696533404661749955266714096069335937500000000000e-02
-2.9822998256022002078191590612732397858053445816040039062500000000e-02
-2.9822846468927761282019517352637194562703371047973632812500000000e-02
-2.9822697508056224269257228343121823854744434356689453125000000000e-02
-2.9822551354991542332806275794609973672777414321899414062500000000e-02
-2.9822407991420881584465618630019889678806066513061523437500000000e-02
-2.9822267399139349569603396616912505123764276504516601562500000000e-02
-2.9822129560049575464075743980174593161791563034057617187500000000e-02
-2.9821994456158844311044475716698798350989818572998046875000000000e-02
-2.9821862069577913939566471412945247720927000045776367187500000000e-02
-2.9821732382523103571658751320683222729712724685668945312500000000e-02
-2.9821605377318177731993387169495690613985061645507812500000000000e-02
-2.9821481036389076157977484626826480962336063385009765625000000000e-02
-2.9821359342265353620238244047868647612631320953369140625000000000e-02
-2.9821240277584627753615365008954540826380252838134765625000000000e-02
-2.9821123825091010867138763273942458909004926681518554687500000000e-02
-2.9821009967630957016027082318032626062631607055664062500000000000e-02
-2.9820898688159486189519498111621942371129989624023437500000000000e-02
-2.9820789969742238223471275659903767518699169158935546875000000000e-02
-2.9820683795550396999463060865309671498835086822509765625000000000e-02
-2.9820580148865044600725582313316408544778823852539062500000000000e-02
-2.9820479013080020136428061050537507981061935424804687500000000000e-02
-2.9820380371702273625267309853370534256100654602050781250000000000e-02
-2.9820284208352212940162928589415969327092170715332031250000000000e-02
-2.9820190506765518329013175957697967533022165298461914062500000000e-02
-2.9820099250796941459107358696201117709279060363769531250000000000e-02
-2.9820010424421838912678595079341903328895568847656250000000000000e-02
-2.9819924011736689134499656006482837256044149398803710937500000000e-02
-2.9819839996962617389986149873948306776583194732666015625000000000e-02
-2.9819758364448584186945367946464102715253829956054687500000000000e-02
-2.9819679098671260375486014027046621777117252349853515625000000000e-02
-2.9819602184238850478559257339838950429111719131469726562500000000e-02
-2.9819527605896376659666557884520443622022867202758789062500000000e-02
-2.9819455348525321369823615214045275934040546417236328125000000000e-02
-2.9819385397144924920720399086349061690270900726318359375000000000e-02
-2.9819317736918343753060867129534017294645309448242187500000000000e-02
-2.9819252353154395568379797509805939625948667526245117187500000000e-02
-2.9819189231309262827496198156040918547660112380981445312500000000e-02
-2.9819128356988831157758923495748604182153940200805664062500000000e-02
-2.9819069715952082472165685089748876634985208511352539062500000000e-02
-2.9819013294114470741247302498777571599930524826049804687500000000e-02
-2.9818959077547103203587042230537917930632829666137695312500000000e-02
-2.9818907052480827374330019097214972134679555892944335937500000000e-02
-2.9818857205308618024686140302037529181689023971557617187500000000e-02
-2.9818809522586062904503378945264557842165231704711914062500000000e-02
-2.9818763991032285615156993685559427831321954727172851562500000000e-02
-2.9818720597531170324323568365798564627766609191894531250000000000e-02
-2.9818679329133766092718715867704304400831460952758789062500000000e-02
-2.9818640173057117670474269743863260373473167419433593750000000000e-02
-2.9818603116683412013188103628635872155427932739257812500000000000e-02
-2.9818568147560488290626068419442162849009037017822265625000000000e-02
-2.9818535253403062601496031902570393867790699005126953125000000000e-02
-2.9818504422088144834024348028833628632128238677978515625000000000e-02
-2.9818475641653137409026186332994257099926471710205078125000000000e-02
-2.9818448900298107767659061551057675387710332870483398437500000000e-02
-2.9818424186378918866457965464178414549678564071655273437500000000e-02
-2.9818401488403221966105860474272049032151699066162109375000000000e-02
-2.9818380795031539098882689131642109714448451995849609375000000000e-02
-2.9818362095070605199964575149351730942726135253906250000000000000e-02
-2.9818345377467195961296297923581732902675867080688476562500000000e-02
-2.9818330631304852673668648321836371906101703643798828125000000000e-02
-2.9818317845798664178502690447203349322080612182617187500000000000e-02
-2.9818307010289257785728977978578768670558929443359375000000000000e-02
-2.9818298114235572415786634792311815544962882995605468750000000000e-02
-2.9818291147208835639714763487972959410399198532104492187500000000e-02
-2.9818286098887033380711031327336968388408422470092773437500000000e-02
-2.9818282959045747104731560739310225471854209899902343750000000000e-02
-2.9818281717549612042095219521797844208776950836181640625000000000e-02
-2.9818282364348001195475390545652771834284067153930664062500000000e-02
-2.9818284889466376008648751394503051415085792541503906250000000000e-02
-2.9818289282997356010040945761829789262264966964721679687500000000e-02
-2.9818295535091472736599627069153939373791217803955078125000000000e-02
-2.9818303635951594332542669008034863509237766265869140625000000000e-02
-2.9818313575826468908580579864064930006861686706542968750000000000e-02
-2.9818325344997963916027217123883019667118787765502929687500000000e-02
-2.9818338933777121385615416215841833036392927169799804687500000000e-02
-2.9818354332498121089800591221319336909800767898559570312500000000e-02
-2.9818371531507268518135234103283437434583902359008789062500000000e-02
-2.9818390521157527028872635810330393724143505096435546875000000000e-02
-2.9818411291804607782252034553494013380259275436401367187500000000e-02
-2.9818433833798653476154782993035041727125644683837890625000000000e-02
-2.9818458137478898867245291626204561907798051834106445312500000000e-02
-2.9818484193169538659651252032745105680078268051147460937500000000e-02
-2.9818511991174547620664370128906739410012960433959960937500000000e-02
-2.9818541521774488689544568842393346130847930908203125000000000000e-02
-2.9818572775222783322046637977109639905393123626708984375000000000e-02
-2.9818605741743428594325848735024919733405113220214843750000000000e-02
-2.9818640411529009209834484295242873486131429672241210937500000000e-02
-2.9818676774738876039672064166552445385605096817016601562500000000e-02
-2.9818714821498618766648647238071134779602289199829101562500000000e-02
-2.9818754541900836102508165481594915036112070083618164062500000000e-02
-2.9818795926005631918842553318427235353738069534301757812500000000e-02
-2.9818838963841833022971883337959297932684421539306640625000000000e-02
-2.9818883645408359589490387975274643395096063613891601562500000000e-02
-2.9818929960678183799238638584938598796725273132324218750000000000e-02
-2.9818977899602552156244072989466076251119375228881835937500000000e-02
-2.9819027452112366327607873017768724821507930755615234375000000000e-02
-2.9819078608124514884192279851049534045159816741943359375000000000e-02
-2.9819131357548794847289741483109537512063980102539062500000000000e-02
-2.9819185690291058477008334648417076095938682556152343750000000000e-02
-2.9819241596259888488207323575807095039635896682739257812500000000e-02
-2.9819299065375459018012449519119400065392255783081054687500000000e-02
-2.9819358087575898591525813685620960313826799392700195312500000000e-02
-2.9819418652824111054533418041501136031001806259155273437500000000e-02
-2.9819480751116355515817346599760639946907758712768554687500000000e-02
-2.9819544372490958128452120945439673960208892822265625000000000000e-02
-2.9819609507037034279441911621688632294535636901855468750000000000e-02
-2.9819676144901517689245196152114658616483211517333984375000000000e-02
-2.9819744276299076091163442470133304595947265625000000000000000000e-02
-2.9819813891521527310368711027876997832208871841430664062500000000e-02
-2.9819884980944198760166585771003155969083309173583984375000000000e-02
-2.9819957535035142293100562937979702837765216827392578125000000000e-02
-2.9820031544363901493399637843140226323157548904418945312500000000e-02
-2.9820106999608676084934089089983899611979722976684570312500000000e-02
-2.9820183891562355299464925906249845866113901138305664062500000000e-02
-2.9820262211139345748245332856640743557363748550415039062500000000e-02
-2.9820341949382718482741694288051803596317768096923828125000000000e-02
-2.9820423097467761708312394830500124953687191009521484375000000000e-02
-2.9820505646705526558992715990825672633945941925048828125000000000e-02
-2.9820589588547417175812270784263091627508401870727539062500000000e-02
-2.9820674914586443177144658989163872320204973220825195312500000000e-02
-2.9820761616557337619903833569878770504146814346313476562500000000e-02
-2.9820849686337184969442404280925984494388103485107421875000000000e-02
-2.9820939115943613517689669833998777903616428375244140625000000000e-02
-2.9821029897531697167023523320494859945029020309448242187500000000e-02
-2.9821122023389726174436020755820209160447120666503906250000000000e-02
-2.9821215485933805222629189302097074687480926513671875000000000000e-02
-2.9821310277701136570716045071094413287937641143798828125000000000e-02
-2.9821406391341759301027991568844299763441085815429687500000000000e-02
-2.9821503819609143648428073447576025500893592834472656250000000000e-02
-2.9821602555350445323822938803459692280739545822143554687500000000e-02
-2.9821702591494799600146947682333120610564947128295898437500000000e-02
-2.9821803921040300477951490165651193819940090179443359375000000000e-02
-2.9821906537041861090520100674439163412898778915405273437500000000e-02
-2.9822010432597134688137430202914401888847351074218750000000000000e-02
-2.9822115600831911735868473556365643162280321121215820312500000000e-02
-2.9822222034885832731010424367923405952751636505126953125000000000e-02
-2.9822329727897757545296286707525723613798618316650390625000000000e-02
-2.9822438672991075786500303479442663956433534622192382812500000000e-02
-2.9822548863259103896217183660155569668859243392944335937500000000e-02
-2.9822660291751127564774392908475419972091913223266601562500000000e-02
-2.9822772951459460694101366584618517663329839706420898437500000000e-02
-2.9822886835306459257788347372297721449285745620727539062500000000e-02
-2.9823001936132569056336905077841947786509990692138671875000000000e-02
-2.9823118246686708410209121211664751172065734863281250000000000000e-02
-2.9823235759616668200111533337803848553448915481567382812500000000e-02
-2.9823354467460799072098254214324697386473417282104492187500000000e-02
-2.9823474362642293788994152237137313932180404663085937500000000000e-02
-2.9823595437464947566219564123457530513405799865722656250000000000e-02
-2.9823717684109685155391389344003982841968536376953125000000000000e-02
-2.9823841094633807974334516188719135243445634841918945312500000000e-02
-2.9823965660972263924666236789562390185892581939697265625000000000e-02
-2.9824091374940967652529266729288792703300714492797851562500000000e-02
-2.9824218228241924921739780529605923220515251159667968750000000000e-02
-2.9824346212470535799621274009041371755301952362060546875000000000e-02
-2.9824475319126457495411131048967945389449596405029296875000000000e-02
-2.9824605539625775180168076872178062330931425094604492187500000000e-02
-2.9824736865315948364241194212809205055236816406250000000000000000e-02
-2.9824869287493827735291418434826482553035020828247070312500000000e-02
-2.9825002797426336531572133026202209293842315673828125000000000000e-02
-2.9825137386374028086732934639258019160479307174682617187500000000e-02
-2.9825273045617561179509991120539780240505933761596679687500000000e-02
-2.9825409766486746243607797168806428089737892150878906250000000000e-02
-2.9825547540392995105040796488538035191595554351806640625000000000e-02
-2.9825686358864091779485860911336203571408987045288085937500000000e-02
-2.9825826213581357188031617511114745866507291793823242187500000000e-02
-2.9825967096419037788423977985985402483493089675903320312500000000e-02
-2.9826108999484797490442389289455604739487171173095703125000000000e-02
-2.9826251915161344080429373093465983401983976364135742187500000000e-02
-2.9826395836147323592513203038834035396575927734375000000000000000e-02
-2.9826540755497163437404140040598576888442039489746093750000000000e-02
-2.9826686666657935276258939438775996677577495574951171875000000000e-02
-2.9826833563501367607706526996480533853173255920410156250000000000e-02
-2.9826981440349942947820593985852610785514116287231445312500000000e-02
-2.9827130291994664867960551646319800056517124176025390625000000000e-02
-2.9827280113701677699555858680469100363552570343017578125000000000e-02
-2.9827430901206607866127384909304964821785688400268554687500000000e-02
-2.9827582650694274557512386536473059095442295074462890625000000000e-02
-2.9827735358761309908404157908989873249083757400512695312500000000e-02
-2.9827889022360953158452545608270156662911176681518554687500000000e-02
-2.9828043638729130615505624746219837106764316558837890625000000000e-02
-2.9828199205291869994249864816993067506700754165649414062500000000e-02
-2.9828355719554899144752013739889662247151136398315429687500000000e-02
-2.9828513178978909026195509568424313329160213470458984375000000000e-02
-2.9828671580843943433869469572528032585978507995605468750000000000e-02
-2.9828830922109517836959824421683151740580797195434570312500000000e-02
-2.9828991199278061946520423930451215710490942001342773437500000000e-02
-2.9829152408271594754118893888517050072550773620605468750000000000e-02
-2.9829314544333487141392069474932213779538869857788085937500000000e-02
-2.9829477601966754296558548276152578182518482208251953125000000000e-02
-2.9829641574922193675289960879126738291233777999877929687500000000e-02
-2.9829806456246662355047405412733496632426977157592773437500000000e-02
-2.9829972238399640044326233123683778103440999984741210937500000000e-02
-2.9830138913439208786515521865112532395869493484497070312500000000e-02
-2.9830306473271082923215402615824132226407527923583984375000000000e-02
-2.9830474909941957772918641467185807414352893829345703125000000000e-02
-2.9830644215945747305118729286732559558004140853881835937500000000e-02
-2.9830814384497663510620313331855868455022573471069335937500000000e-02
-2.9830985409722468593152200355689274147152900695800781250000000000e-02
-2.9831157286784381471589355783180508296936750411987304687500000000e-02
-2.9831330012890271835557243207404098939150571823120117187500000000e-02
-2.9831503579206043036409212731996376533061265945434570312500000000e-02
-2.9831677946502072051870868563128169625997543334960937500000000000e-02
-2.9831853240981420771760213028755970299243927001953125000000000000e-02
