1.2765398986355444566065386879927245900034904479980468750000000000e-01
1.2729706195067308494017765951866749674081802368164062500000000000e-01
1.2657852068041150483956869265966815873980522155761718750000000000e-01
1.2590961675233799943462997816823190078139305114746093750000000000e-01
1.2530144625879166553339416623202851042151451110839843750000000000e-01
1.2473376917762182825022421184257837012410163879394531250000000000e-01
1.2420113444131186675178923906059935688972473144531250000000000000e-01
1.2370059089458208811951323014000081457197666168212890625000000000e-01
1.2322895740325987001817509280954254791140556335449218750000000000e-01
1.2278490033209756016052693894380354322493076324462890625000000000e-01
1.2236736891143529248893173644319176673889160156250000000000000000e-01
1.2197263590512597009052342400536872446537017822265625000000000000e-01
1.2159653784222236583278942134711542166769504547119140625000000000e-01
1.2123489338866866305011171789374202489852905273437500000000000000e-01
1.2088329658872903893396255625702906399965286254882812500000000000e-01
1.2053703438788873625320263727189740166068077087402343750000000000e-01
1.2019106230474950469666595154194510541856288909912109375000000000e-01
1.1983996918007321086374616925240843556821346282958984375000000000e-01
1.1944391121291636492784959955315571278333663940429687500000000000e-01
1.1869635225076907714125695747497957199811935424804687500000000000e-01
1.1796707031939522580810120189198642037808895111083984375000000000e-01
1.1725472896456452798208403009994071908295154571533203125000000000e-01
1.1655817126365426716905204784779925830662250518798828125000000000e-01
1.1587627642182642129231595617966377176344394683837890625000000000e-01
1.1520805229950085990520136647319304756820201873779296875000000000e-01
1.1455263799374024169530628114443970844149589538574218750000000000e-01
1.1390927674123181578824670623362180776894092559814453125000000000e-01
1.1327729352401971762986931935301981866359710693359375000000000000e-01
1.1265608241903796171712315299373585730791091918945312500000000000e-01
1.1204509764447628805683621067146304994821548461914062500000000000e-01
1.1144384556544084663443072713562287390232086181640625000000000000e-01
1.1085187772620817836521922572501352988183498382568359375000000000e-01
1.1026878505210450931439680744006182067096233367919921875000000000e-01
1.0969419303653918373875342240353347733616828918457031250000000000e-01
1.0912775767800172999066887769004097208380699157714843750000000000e-01
1.0856916200863249433172796898361411876976490020751953125000000000e-01
1.0801811311597003806284078564203809946775436401367187500000000000e-01
1.0747433957752457189815942228960921056568622589111328125000000000e-01
1.0693758924023920309220869739874615333974361419677734375000000000e-01
1.0640762728713618057163614594173850491642951965332031250000000000e-01
1.0588423454583997806999207114131422713398933410644531250000000000e-01
1.0536720600363183586445359196659410372376441955566406250000000000e-01
1.0485634949432229290344764649489661678671836853027343750000000000e-01
1.0435148454436204978890145866898819804191589355468750000000000000e-01
1.0385244132992914323221356198700959794223308563232421875000000000e-01
1.0335905978145690231606579345680074766278266906738281250000000000e-01
1.0287118872829943694302556878028553910553455352783203125000000000e-01
1.0238868521263165545231998976305476389825344085693359375000000000e-01
1.0191141377484981556111875988790416158735752105712890625000000000e-01
1.0143924590494347859337409545332775451242923736572265625000000000e-01
1.0097205950783627592670654848916456103324890136718750000000000000e-01
1.0050973832236020921726549204322509467601776123046875000000000000e-01
1.0005217174720906769813666414847830310463905334472656250000000000e-01
9.9599253950195212881091322287829825654625892639160156250000000000e-02
9.9150884267615049805222326995135517790913581848144531250000000000e-02
9.8706965895190734716635461154510267078876495361328125000000000000e-02
9.8267406627136733021643522079102694988250732421875000000000000000e-02
9.7832117812086477615096669069316703826189041137695312500000000000e-02
9.7401014147991168967699593395082047209143638610839843750000000000e-02
9.6974014655108589644250116634793812409043312072753906250000000000e-02
9.6551039624698409280512123586959205567836761474609375000000000000e-02
9.6132014945075477951874631799000781029462814331054687500000000000e-02
9.5716866308214590408631750051426934078335762023925781250000000000e-02
9.5305524434861968452459279887989396229386329650878906250000000000e-02
9.4897921749523300727346963867603335529565811157226562500000000000e-02
9.4493991002587929273204281344078481197357177734375000000000000000e-02
9.4093672442043113646192864507611375302076339721679687500000000000e-02
9.3696900199928725982978505726350704208016395568847656250000000000e-02
9.3303619696428752305905618413817137479782104492187500000000000000e-02
9.2913770698240569223536056142620509490370750427246093750000000000e-02
9.2527296955369625619525209003768395632505416870117187500000000000e-02
9.2144149778693965058273818158340873196721076965332031250000000000e-02
9.1764267402987972910288760886032832786440849304199218750000000000e-02
9.1387610475189159919828796319052344188094139099121093750000000000e-02
9.1014119951642852290873975107388105243444442749023437500000000000e-02
9.0643751415292947437585269199189497157931327819824218750000000000e-02
9.0276464010944967863991905687726102769374847412109375000000000000e-02
8.9912196761153667656785160033905413001775741577148437500000000000e-02
8.9550927217191503282300857335940236225724220275878906250000000000e-02
8.9192591657852413056239981870021438226103782653808593750000000000e-02
8.8837158811512578759916891613102052360773086547851562500000000000e-02
8.8484594268483471313224697496480075642466545104980468750000000000e-02
8.8134832757144010439986914207111112773418426513671875000000000000e-02
8.7787873819123674046238647861173376441001892089843750000000000000e-02
8.7443640921846380043014335115003632381558418273925781250000000000e-02
8.7102119756624601931704887647356372326612472534179687500000000000e-02
8.6763279701005446842287938125082291662693023681640625000000000000e-02
8.6427049000490585584088876203168183565139770507812500000000000000e-02
8.6093449203662908431056166591588407754898071289062500000000000000e-02
8.5762393598269481831408711514086462557315826416015625000000000000e-02
8.5433871986005924248352982885990059003233909606933593750000000000e-02
8.5107878935367337058792713833099696785211563110351562500000000000e-02
8.4784304294887688491222377251688158139586448669433593750000000000e-02
8.4463227416210678866193006797402631491422653198242187500000000000e-02
8.4144512332805246335176718730508582666516304016113281250000000000e-02
8.3828192009529470252182647982408525422215461730957031250000000000e-02
8.3514240068731329658113793357188114896416664123535156250000000000e-02
8.3202568088034681292874950031546177342534065246582031250000000000e-02
8.2893225077127027922152535666100447997450828552246093750000000000e-02
8.2586149441169071083734820604149717837572097778320312500000000000e-02
8.2281252020864864560323326259094756096601486206054687500000000000e-02
8.1978687571165581582377512859238777309656143188476562500000000000e-02
8.1678155712994152115591361962287919595837593078613281250000000000e-02
8.1379932457729467487617114329623291268944740295410156250000000000e-02
8.1083747089076091407733315463701728731393814086914062500000000000e-02
8.0789706484597684221782287750102113932371139526367187500000000000e-02
8.0497774676618630285140909563779132440686225891113281250000000000e-02
8.0207880537177825286399013293703319504857063293457031250000000000e-02
7.9920007086165895104912237911776173859834671020507812500000000000e-02
7.9634263942012950554527606072952039539813995361328125000000000000e-02
7.9350317300811323839582200889708474278450012207031250000000000000e-02
7.9068591207484467675570272149343509227037429809570312500000000000e-02
7.8788606312617109894702593919646460562944412231445312500000000000e-02
7.8510660282876162940901565434614894911646842956542968750000000000e-02
7.8234663825528516500895648277946747839450836181640625000000000000e-02
7.7960400338117394336556742473476333543658256530761718750000000000e-02
7.7688214793952894976492018486169399693608283996582031250000000000e-02
7.7417719335177992423524528931011445820331573486328125000000000000e-02
7.7149110742804907769887279300746740773320198059082031250000000000e-02
7.6882367271645893347375988469138974323868751525878906250000000000e-02
7.6617333308014651249706616908952128142118453979492187500000000000e-02
7.6354082049140487020721934641187544912099838256835937500000000000e-02
7.6092757267358437922588620949682081118226051330566406250000000000e-02
7.5832802547417213490099641148844966664910316467285156250000000000e-02
7.5575074954620610756528265028464375063776969909667968750000000000e-02
7.5318551225982452446139348012366099283099174499511718750000000000e-02
7.5064064482132833444616437645890982821583747863769531250000000000e-02
7.4811139726381217784911825674498686566948890686035156250000000000e-02
7.4559757356275485618013476596388500183820724487304687500000000000e-02
7.4310227505970050110306601709453389048576354980468750000000000000e-02
7.4062163048670803799922168764169327914714813232421875000000000000e-02
7.3815686935686478098439522455009864643216133117675781250000000000e-02
7.3570999477162862811852050981542561203241348266601562500000000000e-02
7.3327624956970302583236787086207186803221702575683593750000000000e-02
7.3085950966267784756347225538775091990828514099121093750000000000e-02
7.2845959695146567103307688739732839167118072509765625000000000000e-02
7.2607042868105542421375275807804428040981292724609375000000000000e-02
7.2370299561253986775355429017508868128061294555664062500000000000e-02
7.2134422227191963283843278986751101911067962646484375000000000000e-02
7.1900411971831584834191630761779379099607467651367187500000000000e-02
7.1667871133146571205330133125244174152612686157226562500000000000e-02
7.1436467777096862574737201612151693552732467651367187500000000000e-02
7.1206952642704643419158117012557340785861015319824218750000000000e-02
7.0978555761883582730931152582343202084302902221679687500000000000e-02
7.0751597091339366030204871549358358606696128845214843750000000000e-02
7.0526304285713145580949401391990249976515769958496093750000000000e-02
7.0302055016546044496905665255326312035322189331054687500000000000e-02
7.0079353559087814717898368144233245402574539184570312500000000000e-02
6.9858230456995684676257951650768518447875976562500000000000000000e-02
6.9637864591319237339561709632107522338628768920898437500000000000e-02
6.9419617159516985860356896864686859771609306335449218750000000000e-02
6.9202075242981928027141691472934326156973838806152343750000000000e-02
6.8986038263184945584782781224930658936500549316406250000000000000e-02
6.8771650633037986755091708346299128606915473937988281250000000000e-02
6.8557845793084826180319168997812084853649139404296875000000000000e-02
6.8346067721048675558392915263539180159568786621093750000000000000e-02
6.8135129187005358253337305995955830439925193786621093750000000000e-02
6.7925403958740832033313949978037271648645401000976562500000000000e-02
6.7717358136723360129138882257393561303615570068359375000000000000e-02
6.7510048611964357245796009010518901050090789794921875000000000000e-02
6.7304187349915001181699381049838848412036895751953125000000000000e-02
6.7099800180343643907221462541201617568731307983398437500000000000e-02
6.6895965507699356455972861112968530505895614624023437500000000000e-02
6.6694047320256785726932946545275626704096794128417968750000000000e-02
6.6492934886715024389580719343939563259482383728027343750000000000e-02
6.6292772779769026936236286928760819137096405029296875000000000000e-02
6.6094569672000641480380522807536181062459945678710937500000000000e-02
6.5896492221812777434486463334906147792935371398925781250000000000e-02
6.5700357128205086332251028125028824433684349060058593750000000000e-02
6.5505152972746713557761211177421500906348228454589843750000000000e-02
6.5310625974729988318934204016841249540448188781738281250000000000e-02
6.5118043481304177522162035529618151485919952392578125000000000000e-02
6.4925823296752782631813261104980483651161193847656250000000000000e-02
6.4734959694871238577995598006964428350329399108886718750000000000e-02
6.4545531397329852785205162035708781331777572631835937500000000000e-02
6.4356459363393278549914100494788726791739463806152343750000000000e-02
6.4169101788873361691400987183442339301109313964843750000000000000e-02
6.3982666204504629048344099828682374209165573120117187500000000000e-02
6.3796765650810105530155169617501087486743927001953125000000000000e-02
6.3612862674025646980702219934755703434348106384277343750000000000e-02
6.3429092615574292346458662450459087267518043518066406250000000000e-02
6.3246704837379499886118594531581038609147071838378906250000000000e-02
6.3065758120575965417486941078095696866512298583984375000000000000e-02
6.2884788922103945774111366517900023609399795532226562500000000000e-02
6.2705975113060460901515114073845325037837028503417968750000000000e-02
6.2527433942813376299696415117068681865930557250976562500000000000e-02
6.2349843547225010376156006941528175957500934600830078125000000000e-02
6.2173941570474372531052154045028146356344223022460937500000000000e-02
6.1998060697325545198577145811213995330035686492919921875000000000e-02
6.1823774464262848393758531528874300420284271240234375000000000000e-02
6.1650489347921867688828712061877013184130191802978515625000000000e-02
6.1477454741753562172945635211362969130277633666992187500000000000e-02
6.1306296602876911294721651302097598090767860412597656250000000000e-02
6.1135451148444826252603689908937667496502399444580078125000000000e-02
6.0965435485233629431256474617839558050036430358886718750000000000e-02
6.0797147205752299914394143343088217079639434814453125000000000000e-02
6.0628646781473269355977606664964696392416954040527343750000000000e-02
6.0461884880941799136344627640937687829136848449707031250000000000e-02
6.0295935292577977626660157284277374856173992156982421875000000000e-02
6.0130127935034388686474926544178742915391921997070312500000000000e-02
5.9966417954242540178100284720130730420351028442382812500000000000e-02
5.9802504753368512790956401659059338271617889404296875000000000000e-02
5.9639873040897413425387441066050087101757526397705078125000000000e-02
5.9478517381723418344652287714779959060251712799072265625000000000e-02
5.9317057785740832931420385421006358228623867034912109375000000000e-02
5.9157378793507325864808876758615951985120773315429687500000000000e-02
5.8998172806976049986626975396575289778411388397216796875000000000e-02
5.8839400603553998481132225606415886431932449340820312500000000000e-02
5.8682390058538487498385194385264185257256031036376953125000000000e-02
5.8525286446860169675687757262494415044784545898437500000000000000e-02
5.8369347744562039004279085929738357663154602050781250000000000000e-02
5.8214677405710138491379268543823854997754096984863281250000000000e-02
5.8059756060451543635547722033152240328490734100341796875000000000e-02
5.7906734008703261706862974733667215332388877868652343750000000000e-02
5.7753947499412802701890257139893947169184684753417968750000000000e-02
5.7601650636007376005132130103447707369923591613769531250000000000e-02
5.7451137817621955594660221322556026279926300048828125000000000000e-02
5.7300208073155167731727033242350444197654724121093750000000000000e-02
5.7150813616842578712695654985509463585913181304931640625000000000e-02
5.7002212198112661711846271828108001500368118286132812500000000000e-02
5.6853605718121244527729629680834477767348289489746093750000000000e-02
5.6706787727913487984210405556950718164443969726562500000000000000e-02
5.6559995767032439362154150330752599984407424926757812500000000000e-02
5.6413952013758150716427053339430131018161773681640625000000000000e-02
5.6269331890234766668790200583316618576645851135253906250000000000e-02
5.6124471455937213759668225065979640930891036987304687500000000000e-02
5.5981011197033275772483307264337781816720962524414062500000000000e-02
5.5838302646162414621944236614581313915550708770751953125000000000e-02
5.5695549055104605351562696569089894182980060577392578125000000000e-02
5.5554600910966915605637694852703134529292583465576171875000000000e-02
5.5413505563446596724475057271774858236312866210937500000000000000e-02
5.5273256832012132577780505471309879794716835021972656250000000000e-02
5.5134338670593634190719711796191404573619365692138671875000000000e-02
5.4995023426460440396645878990966593846678733825683593750000000000e-02
5.4857358234274664066099091996875358745455741882324218750000000000e-02
5.4720015715152663104969832374990801326930522918701171875000000000e-02
5.4582942559867772547299580310209421440958976745605468750000000000e-02
5.4447442290264123909704352399785420857369899749755859375000000000e-02
5.4311724329660589216661747968828422017395496368408203125000000000e-02
5.4177039461992967939174548064329428598284721374511718750000000000e-02
5.4043332318464691599313454162256675772368907928466796875000000000e-02
5.3909466710163930769361684269824763759970664978027343750000000000e-02
5.3777060610282291508443819338936009444296360015869140625000000000e-02
5.3644959044268518411069379681066493503749370574951171875000000000e-02
5.3513142006974261100094025778162176720798015594482421875000000000e-02
5.3382826513101035159625240567038417793810367584228515625000000000e-02
5.3252213849757465413681245536281494423747062683105468750000000000e-02
5.3122711915779427527262157582299550995230674743652343750000000000e-02
5.2994039236032068618253987324351328425109386444091796875000000000e-02
5.2865189168523715745884317129821283742785453796386718750000000000e-02
5.2737904857849633721844639921982889063656330108642578125000000000e-02
5.2610604565476760952069668064723373390734195709228515625000000000e-02
5.2483893837764417078517453774111345410346984863281250000000000000e-02
5.2358385448945062023984320376257528550922870635986328125000000000e-02
5.2232632146159974073640341885038651525974273681640625000000000000e-02
5.2108078965883118660595840765381581149995326995849609375000000000e-02
5.1984048052908092552026886323801591061055660247802734375000000000e-02
5.1860115289414268624490489401068771257996559143066406250000000000e-02
5.1737488455910675411164589831969351507723331451416015625000000000e-02
5.1614898485065244249092586414917604997754096984863281250000000000e-02
5.1492904765658764620894771724124439060688018798828125000000000000e-02
5.1371996589647375697218478762806626036763191223144531250000000000e-02
5.1250856167753600090009058476425707340240478515625000000000000000e-02
5.1130925494535447994870480670215329155325889587402343750000000000e-02
5.1011385221914402887666284414081019349396228790283203125000000000e-02
5.0891994306849062945641293254084303043782711029052734375000000000e-02
5.0773902610733043228030680893425596877932548522949218750000000000e-02
5.0655647640684919874587421873002313077449798583984375000000000000e-02
5.0538241070050060610441278186044655740261077880859375000000000000e-02
5.0421595061652675628938169438697514124214649200439453125000000000e-02
5.0304879441351847690899745657588937319815158843994140625000000000e-02
5.0189333685666470685760032210964709520339965820312500000000000000e-02
5.0073978557128445698864993573806714266538619995117187500000000000e-02
4.9959021024846353431492218533094273880124092102050781250000000000e-02
4.9845065133630628295691167295444756746292114257812500000000000000e-02
4.9731084475781867082488929554529022425413131713867187500000000000e-02
4.9617893489243065918703479155738023109734058380126953125000000000e-02
4.9505368536834952475356175227716448716819286346435546875000000000e-02
4.9392831223122518613521947372646536678075790405273437500000000000e-02
4.9281406963404973675668685473283403553068637847900390625000000000e-02
4.9170098556754027185888844542205333709716796875000000000000000000e-02
4.9059246545878801293305571107339346781373023986816406250000000000e-02
4.8949325004021722318459097778031718917191028594970703125000000000e-02
4.8839286364478186330817521820790716446936130523681640625000000000e-02
4.8730206626515837342594750225543975830078125000000000000000000000e-02
4.8621492300798069274847534870787058025598526000976562500000000000e-02
4.8512997400989153751194038477478898130357265472412109375000000000e-02
4.8405448777598954201994985169221763499081134796142578125000000000e-02
4.8297964178330335394129235737636918202042579650878906250000000000e-02
4.8191087387973327582635363341978518292307853698730468750000000000e-02
4.8084868209912978720410592359257861971855163574218750000000000000e-02
4.7978730064583571812697471159481210634112358093261718750000000000e-02
4.7873398717552223535776079188508447259664535522460937500000000000e-02
4.7768429978642140687483674810209777206182479858398437500000000000e-02
4.7663697978959043699553888018272118642926216125488281250000000000e-02
4.7559852846717536045684227019592071883380413055419921875000000000e-02
4.7456028581137954525104305503191426396369934082031250000000000000e-02
4.7352865398285842735148776228015776723623275756835937500000000000e-02
4.7250251037537140119670908688931376673281192779541015625000000000e-02
4.7147719296879733730243344780319603160023689270019531250000000000e-02
4.7046059996419926918509446522875805385410785675048828125000000000e-02
4.6944537661115198767802780821511987596750259399414062500000000000e-02
4.6843493413213768694625116495444672182202339172363281250000000000e-02
4.6743075769451608580951074145559687167406082153320312500000000000e-02
4.6642790712809766018320800640140078030526638031005859375000000000e-02
4.6543150495200635852199866349110379815101623535156250000000000000e-02
4.6443914513263247212382367479222011752426624298095703125000000000e-02
4.6344915644162210099921139772050082683563232421875000000000000000e-02
4.6246610817869793219614393819938413798809051513671875000000000000e-02
4.6148515587564720163982201484031975269317626953125000000000000000e-02
4.6050845657000481769838273748973733745515346527099609375000000000e-02
4.5953790695547530598119578826299402862787246704101562500000000000e-02
4.5856811545256198625608590191404800862073898315429687500000000000e-02
4.5760547493902618831906892182814772240817546844482421875000000000e-02
4.5664535029998967741171611578465672209858894348144531250000000000e-02
4.5568864063210451353924668183026369661092758178710937500000000000e-02
4.5473811202984423807116343141387915238738059997558593750000000000e-02
4.5378894944213932216570128730381838977336883544921875000000000000e-02
4.5284544722222812296319460756421904079616069793701171875000000000e-02
4.5190567147077621845685513335411087609827518463134765625000000000e-02
4.5096863533087935826948466910835122689604759216308593750000000000e-02
4.5003703226345712073985794177133357152342796325683593750000000000e-02
4.4910836510055521242357201572303893044590950012207031250000000000e-02
4.4818308604685733187444895975204417482018470764160156250000000000e-02
4.4726328439405285686270019596122438088059425354003906250000000000e-02
4.4634508875420517148846499821956967934966087341308593750000000000e-02
4.4543225653249772510999804353559738956391811370849609375000000000e-02
4.4452286307413546584399455241509713232517242431640625000000000000e-02
4.4361600754400570822966187733982224017381668090820312500000000000e-02
4.4271491727134605620452845187173807062208652496337890625000000000e-02
4.4181540783962615359659054092844598926603794097900390625000000000e-02
4.4092079670955353076777782916906289756298065185546875000000000000e-02
4.4002971111863159459076655366516206413507461547851562500000000000e-02
4.3914140819155678130414344195742160081863403320312500000000000000e-02
4.3825773364077627580748242053232388570904731750488281250000000000e-02
4.3737702965873141713881722125734086148440837860107421875000000000e-02
4.3649960337070713156659707010476267896592617034912109375000000000e-02
4.3562665989648578779291909768289769999682903289794921875000000000e-02
4.3475606403608896277646067574096377938985824584960937500000000000e-02
4.3388961668420988893046796874841675162315368652343750000000000000e-02
4.3302683780586846695737079926402657292783260345458984375000000000e-02
4.3216639182488823800465382873881026171147823333740234375000000000e-02
4.3131092504510561147501590539832250215113162994384765625000000000e-02
4.3045742532475665675928411246786708943545818328857421875000000000e-02
4.2960808360782865022997611958999186754226684570312500000000000000e-02
4.2876212179454468997885641101674991659820079803466796875000000000e-02
4.2791886714298066340944615149055607616901397705078125000000000000e-02
4.2707970725777144593848788645118474960327148437500000000000000000e-02
4.2624335968280108177808074287895578891038894653320312500000000000e-02
4.2541025291182019141267289796815020963549613952636718750000000000e-02
4.2458087457191026614644613346172263845801353454589843750000000000e-02
4.2375416378883846990621719896807917393743991851806640625000000000e-02
4.2293096332071435095034672713154577650129795074462890625000000000e-02
4.2211120469576757230356633954215794801712036132812500000000000000e-02
4.2129388216220073348772245935833780094981193542480468750000000000e-02
4.2048072812422551680633375781326321884989738464355468750000000000e-02
4.1966983547378225449797639612370403483510017395019531250000000000e-02
4.1886255024411150893470789924322161823511123657226562500000000000e-02
4.1805841370165568171568537536586518399417400360107421875000000000e-02
4.1725695289471419202609325793673633597791194915771484375000000000e-02
4.1645910688575288327584189573826733976602554321289062500000000000e-02
4.1566394299819273139284803164628101512789726257324218750000000000e-02
4.1487189924469626556291501628948026336729526519775390625000000000e-02
4.1408307470847165177030291260962258093059062957763671875000000000e-02
4.1329698205875849137402866517732036300003528594970703125000000000e-02
4.1251402350185775724789039031747961416840553283691406250000000000e-02
4.1173419105971553744183211165363900363445281982421875000000000000e-02
4.1095687096409969085719637860165676102042198181152343750000000000e-02
4.1018310956422020241429748921291320584714412689208984375000000000e-02
4.0941169728624389467785960050605353899300098419189453125000000000e-02
4.0864356025075349032604776766675058752298355102539062500000000000e-02
4.0787824459833518786489037211140384897589683532714843750000000000e-02
4.0711564229917111823464637154756928794085979461669921875000000000e-02
4.0635616940737008528916618388393544591963291168212890625000000000e-02
4.0559933381146162645336517016403377056121826171875000000000000000e-02
4.0484538658064027349947622269610292278230190277099609375000000000e-02
4.0409435587244801890705048208474181592464447021484375000000000000e-02
4.0334595431333275517005176880047656595706939697265625000000000000e-02
4.0260046063199703136881169029948068782687187194824218750000000000e-02
4.0185776307924019057349340755536104552447795867919921875000000000e-02
4.0111761944265272861187554553907830268144607543945312500000000000e-02
4.0038054468896709658931598596609546802937984466552734375000000000e-02
3.9964584042642303796100122781354002654552459716796875000000000000e-02
3.9891412688746893944191640457574976608157157897949218750000000000e-02
3.9818496539406209033806760544393910095095634460449218750000000000e-02
3.9745849736352811820694341804482974112033843994140625000000000000e-02
3.9673475976506521190056986370109370909631252288818359375000000000e-02
3.9601361637892580624953353662931476719677448272705078125000000000e-02
3.9529510252379745915973785486130509525537490844726562500000000000e-02
3.9457930994403304925111086731703835539519786834716796875000000000e-02
3.9386597072568925448354804075279389508068561553955078125000000000e-02
3.9315538737414813807991009753095568157732486724853515625000000000e-02
3.9244728349476981632548699963081162422895431518554687500000000000e-02
3.9174176179245248641258569932688260450959205627441406250000000000e-02
3.9103886668381264424265708612438174895942211151123046875000000000e-02
3.9033839397090833167602852427080506458878517150878906250000000000e-02
3.8964056535138118231298420823804917745292186737060546875000000000e-02
3.8894517946602799596256261338567128404974937438964843750000000000e-02
3.8825230716536457409304716748010832816362380981445312500000000000e-02
3.8756195681079512460609493018637294881045818328857421875000000000e-02
3.8687403432268577252450825199048267677426338195800781250000000000e-02
3.8618859878195972712422445738411624915897846221923828125000000000e-02
3.8550563139009577651172833157033892348408699035644531250000000000e-02
3.8482503636594472817833434419299010187387466430664062500000000000e-02
3.8414695405283555418307628315233159810304641723632812500000000000e-02
3.8347119594914935714058401572401635348796844482421875000000000000e-02
3.8279789478777637157236313214525580406188964843750000000000000000e-02
3.8212695919141267952845453237387118861079216003417968750000000000e-02
3.8145838336912624155772277845244389027357101440429687500000000000e-02
3.8079219737684910640496127598453313112258911132812500000000000000e-02
3.8012833650133109886226634444028604775667190551757812500000000000e-02
3.7946681442080298918284597675665281713008880615234375000000000000e-02
3.7880763927827507120404959550796775147318840026855468750000000000e-02
3.7815073622101257055927447936483076773583889007568359375000000000e-02
3.7749617673043224519435767660979763604700565338134765625000000000e-02
3.7684387400497412756728010663209715858101844787597656250000000000e-02
3.7619385962619163177311776280475896783173084259033203125000000000e-02
3.7554611854049770036656497040894464589655399322509765625000000000e-02
3.7490061047407693961552865857811411842703819274902343750000000000e-02
3.7425736543187704263857540354365482926368713378906250000000000000e-02
3.7361633875118011038907184229174163192510604858398437500000000000e-02
3.7297752926967228659371755838947137817740440368652343750000000000e-02
3.7234094158818793751652975743127171881496906280517578125000000000e-02
3.7170653038886822261410713963414309546351432800292968750000000000e-02
3.7107432240257476330214103654725477099418640136718750000000000000e-02
3.7044427901995753693586976851293002255260944366455078125000000000e-02
3.6981639796650908613706576488766586408019065856933593750000000000e-02
3.6919067848085435068483661780192051082849502563476562500000000000e-02
3.6856708765444785858012011203754809685051441192626953125000000000e-02
3.6794563807084117168511028239663573913276195526123046875000000000e-02
3.6732630373090192910101592360661015845835208892822265625000000000e-02
3.6670907621847527446679038121146732009947299957275390625000000000e-02
3.6609395493815539979198803166582365520298480987548828125000000000e-02
3.6548091251963003844860367053115624003112316131591796875000000000e-02
3.6486995502197312746250901227540452964603900909423828125000000000e-02
3.6426106195661001052599203831050544977188110351562500000000000000e-02
3.6365422392905841220134277591569116339087486267089843750000000000e-02
3.6304943795469168943412796579650603234767913818359375000000000000e-02
3.6244668227984284947229554063596879132091999053955078125000000000e-02
3.6184595783862752438331256144010694697499275207519531250000000000e-02
3.6124724796628468470593986694439081475138664245605468750000000000e-02
3.6065054319041223163111453686724416911602020263671875000000000000e-02
3.6005583840857981192673520354219363071024417877197265625000000000e-02
3.5946311619986071050902864953968673944473266601562500000000000000e-02
3.5887237396388639576461088154246681369841098785400390625000000000e-02
3.5828359765245003376588073251696187071502208709716796875000000000e-02
3.5769677799598546819037636623761500231921672821044921875000000000e-02
3.5711190843496797009404275513588800095021724700927734375000000000e-02
3.5652897456486323801705395908356877043843269348144531250000000000e-02
3.5594797162589827954626287009887164458632469177246093750000000000e-02
3.5536888721346894526309512230000109411776065826416015625000000000e-02
3.5479171251028576716812779068277450278401374816894531250000000000e-02
3.5421643988664666680143966459581861272454261779785156250000000000e-02
3.5364305717424715513885757900425232946872711181640625000000000000e-02
3.5307155819017790876479523376474389806389808654785156250000000000e-02
3.5250193175483682250792583090515108779072761535644531250000000000e-02
3.5193416942319068196898257383509189821779727935791015625000000000e-02
3.5136826295075057613459534877620171755552291870117187500000000000e-02
3.5080420175793623760451822590766823850572109222412109375000000000e-02
3.5024197876441363896926617371718748472630977630615234375000000000e-02
3.4968158376610859738864434120841906405985355377197265625000000000e-02
3.4912300855700940938053378204131149686872959136962890625000000000e-02
3.4856624467022138957883470311571727506816387176513671875000000000e-02
3.4801128259219070437691101460586651228368282318115234375000000000e-02
3.4745811476721427668579167402640450745820999145507812500000000000e-02
3.4690673173517198868420763346875901333987712860107421875000000000e-02
3.4635712549118721770291529082896886393427848815917968750000000000e-02
3.4580928755386521056269799601068370975553989410400390625000000000e-02
3.4526320917327886494962996266622212715446949005126953125000000000e-02
3.4471888254815112595519366323060239665210247039794921875000000000e-02
3.4417629885319447891056654498243005946278572082519531250000000000e-02
3.4363545020621319436848750683566322550177574157714843750000000000e-02
3.4309632830195252450877774208493065088987350463867187500000000000e-02
3.4255892488681813357054295465786708518862724304199218750000000000e-02
3.4202323213626317777169560940819792449474334716796875000000000000e-02
3.4148924170412223166870546720019774511456489562988281250000000000e-02
3.4095694585925769015677389006668818183243274688720703125000000000e-02
3.4042633651589909726808969026023987680673599243164062500000000000e-02
3.3989740580783980861134807582857320085167884826660156250000000000e-02
3.3937014597221544509597634942110744304955005645751953125000000000e-02
3.3884454908483796486962091876193881034851074218750000000000000000e-02
3.3832060753963347221606738912669243291020393371582031250000000000e-02
3.3779831353671165017349409254165948368608951568603515625000000000e-02
3.3727765947866999995952141944144386798143386840820312500000000000e-02
3.3675863776681046191097124165025888942182064056396484375000000000e-02
3.3624124080560743865753181580657837912440299987792968750000000000e-02
3.3572546114584468635033687178292893804609775543212890625000000000e-02
3.3521129126987674051729726443227264098823070526123046875000000000e-02
3.3469872380067329509234497209035907872021198272705078125000000000e-02
3.3418775135193784509013426031742710620164871215820312500000000000e-02
3.3367836659279288824553333370204200036823749542236328125000000000e-02
3.3317056226282386333092944141753832809627056121826171875000000000e-02
3.3266433110009464846346105559860006906092166900634765625000000000e-02
3.3215966593656290339886538731661858037114143371582031250000000000e-02
3.3165655960761639131639810784690780565142631530761718750000000000e-02
3.3115500501623137963314036369411041960120201110839843750000000000e-02
3.3065499510202198130137674070283537730574607849121093750000000000e-02
3.3015652284007178385305536494342959485948085784912109375000000000e-02
3.2965958126369786229670211241682409308850765228271484375000000000e-02
3.2916416343082816053922101673379074782133102416992187500000000000e-02
3.2867026245631265901625539527231012471020221710205078125000000000e-02
3.2817787148717428302724385957844788208603858947753906250000000000e-02
3.2768698371532657687144052260919124819338321685791015625000000000e-02
3.2719759237526270523321869632127345539629459381103515625000000000e-02
3.2670969073771080615209427833178779110312461853027343750000000000e-02
3.2622327211947049763196559979405719786882400512695312500000000000e-02
3.2573832987257446414108841281631612218916416168212890625000000000e-02
3.2525485739244332228370382154025719501078128814697265625000000000e-02
3.2477284811248154083873629360823542810976505279541015625000000000e-02
3.2429229550534968695707505048630991950631141662597656250000000000e-02
3.2381319308417179370085392520195455290377140045166015625000000000e-02
3.2333553439871244583603271394167677499353885650634765625000000000e-02
3.2285931303940786085693304130472824908792972564697265625000000000e-02
3.2238452263314835988250450782288680784404277801513671875000000000e-02
3.2191115684583819500641510558125446550548076629638671875000000000e-02
3.2143920938048561875000075360730988904833793640136718750000000000e-02
3.2096867397779463293439050630695419386029243469238281250000000000e-02
3.2049954441526536108586498130534891970455646514892578125000000000e-02
3.2003181450744058733626218327117385342717170715332031250000000000e-02
3.1956547810530998299238802928812219761312007904052734375000000000e-02
3.1910052909602928949972522332245716825127601623535156250000000000e-02
3.1863696140292580016861734293343033641576766967773437500000000000e-02
3.1817476898497690229739021106070140376687049865722656250000000000e-02
3.1771394583649748000198087538592517375946044921875000000000000000e-02
3.1725448598714227343986493679039995186030864715576171875000000000e-02
3.1679638350126146373320068505563540384173393249511718750000000000e-02
3.1633963247812306451844932553285616450011730194091796875000000000e-02
3.1588422705098311016325141054039704613387584686279296875000000000e-02
3.1543016138739859988149305536353494971990585327148437500000000000e-02
3.1497742968879596792142194772168295457959175109863281250000000000e-02
3.1452602618992075989012846548575907945632934570312500000000000000e-02
3.1407594515892790776323550971937947906553745269775390625000000000e-02
3.1362718089684646360915110108180670067667961120605468750000000000e-02
3.1317972773749411241617224277433706447482109069824218750000000000e-02
3.1273358004709886359684389844915131106972694396972656250000000000e-02
3.1228873222398579462266710038420569617301225662231445312500000000e-02
3.1184517869844594062378462240303633734583854675292968750000000000e-02
3.1140291393229588279289998808962991461157798767089843750000000000e-02
3.1096193241860276001986562732781749218702316284179687500000000000e-02
3.1052222868151749257670246606721775606274604797363281250000000000e-02
3.1008379727599816311212066466396208852529525756835937500000000000e-02
3.0964663278731343470928649708184821065515279769897460937500000000e-02
3.0921072983095956171473162044094351585954427719116210937500000000e-02
3.0877608305228832624722556943197560030966997146606445312500000000e-02
3.0834268712622951713608898671736824326217174530029296875000000000e-02
3.0791053675689183943831039869110099971294403076171875000000000000e-02
3.0747962667747812115504046914793434552848339080810546875000000000e-02
3.0704995164976118388056036678790405858308076858520507812500000000e-02
3.0662150646381926277772578259828151203691959381103515625000000000e-02
3.0619428593796418902606149003986502066254615783691406250000000000e-02
3.0576828491800624870711189373650995548814535140991210937500000000e-02
3.0534349827724922149529973580683872569352388381958007812500000000e-02
3.0491992091609843723576389606932934839278459548950195312500000000e-02
3.0449754776166248343427511713343847077339887619018554687500000000e-02
3.0407637376748865992714954131770355161279439926147460937500000000e-02
3.0365639391316492923245107249385910108685493469238281250000000000e-02
3.0323760320402497886460579934464476536959409713745117187500000000e-02
3.0281999667071405474283452008421591017395257949829101562500000000e-02
3.0240356936904799756149486711365170776844024658203125000000000000e-02
3.0198831637943731459605700706561037804931402206420898437500000000e-02
3.0157423280655241276670963657124957535415887832641601562500000000e-02
3.0116131377904951232915564673930930439382791519165039062500000000e-02
3.0074955444911125740370394510136975441128015518188476562500000000e-02
3.0033894999210837550851493915615719743072986602783203125000000000e-02
2.9992949560610732834264879898000799585133790969848632812500000000e-02
2.9952118651171182744930021613072312902659177780151367187500000000e-02
2.9911401795141442927494779269181890413165092468261718750000000000e-02
2.9870798518925243542065928181727940682321786880493164062500000000e-02
2.9830308351055941085139266988335293717682361602783203125000000000e-02
2.9789930822126980264341611359668604563921689987182617187500000000e-02
2.9749665464769353001583951368047564756125211715698242187500000000e-02
2.9709511813605048863307089845875452738255262374877929687500000000e-02
2.9669469405198028305603585863536864053457975387573242187500000000e-02
2.9629537778011801746336217888710962142795324325561523437500000000e-02
2.9589716472371772187921479257965984288603067398071289062500000000e-02
2.9550005030408353634552298672133474610745906829833984375000000000e-02
2.9510402996013554433041292668349342420697212219238281250000000000e-02
2.9470909914811459218153544270535348914563655853271484375000000000e-02
2.9431525334091268586433898235554806888103485107421875000000000000e-02
2.9392248802761665460447915165786980651319026947021484375000000000e-02
2.9353079871321158256236572015041019767522811889648437500000000000e-02
2.9314018091796498199919085436704335734248161315917968750000000000e-02
2.9275063017699304301899587699153926223516464233398437500000000000e-02
2.9236214203988992316185502318148792255669832229614257812500000000e-02
2.9197471207003011101077660782721068244427442550659179687500000000e-02
2.9158833584434273866747844294877722859382629394531250000000000000e-02
2.9120300895279008918103968994728347752243280410766601562500000000e-02
2.9081872699785987768095196770445909351110458374023437500000000000e-02
2.9043548559416619558870564787866896949708461761474609375000000000e-02
2.9005328036799064156392446989229938481003046035766601562500000000e-02
2.8967210695697902245182575597937102429568767547607421875000000000e-02
2.8929196100963318338816776531530194915831089019775390625000000000e-02
2.8891283818486660633917395557546115014702081680297851562500000000e-02
2.8853473415180692918102778321554069407284259796142578125000000000e-02
2.8815764458938179781721800054583582095801830291748046875000000000e-02
2.8778156518591148371744026235319324769079685211181640625000000000e-02
2.8740649163907155266839410501233942341059446334838867187500000000e-02
2.8703241965531325896598957569949561730027198791503906250000000000e-02
2.8665934494978374813545229926603497005999088287353515625000000000e-02
2.8628726324636345756946553819943801499903202056884765625000000000e-02
2.8591617027721678845342268004969810135662555694580078125000000000e-02
2.8554606178275029892965619637834606692194938659667968750000000000e-02
2.8517693351171369969820901246748690027743577957153320312500000000e-02
2.8480878122114357958727381969765701796859502792358398437500000000e-02
2.8444160067643792927372103918060020077973604202270507812500000000e-02
2.8407538765142396897100951491665909998118877410888671875000000000e-02
2.8371013792860989150002026804031629581004381179809570312500000000e-02
2.8334584729958707527419647931310464628040790557861328125000000000e-02
2.8298251156511897153045254071912495419383049011230468750000000000e-02
2.8262012653573628795378169797913869842886924743652343750000000000e-02
2.8225868803224380548799743451127142179757356643676757812500000000e-02
2.8189819188623645856983657154160027857869863510131835937500000000e-02
2.8153863394086570126617630194232333451509475708007812500000000000e-02
2.8118001005157072791362793395819608122110366821289062500000000000e-02
2.8082231608698625391351555435903719626367092132568359375000000000e-02
2.8046554792980311204830812243926629889756441116333007812500000000e-02
2.8010970147800007962191060073564585763961076736450195312500000000e-02
2.7975477264600898813506901774417201522737741470336914062500000000e-02
2.7940075736580402554487534416693961247801780700683593750000000000e-02
2.7904765158850059619810579647491977084428071975708007812500000000e-02
2.7869545128575552023209027652228542137891054153442382812500000000e-02
2.7834415245122728910232012822234537452459335327148437500000000000e-02
2.7799375110250993531346708209639473352581262588500976562500000000e-02
2.7764424328274386194470579880544391926378011703491210937500000000e-02
2.7729562506242547148538335477496730163693428039550781250000000000e-02
2.7694789254157400892886187193653313443064689636230468750000000000e-02
2.7660104185153747829994941298537014517933130264282226562500000000e-02
2.7625506915722762568687898010466597042977809906005859375000000000e-02
2.7590997065926204517838371543803077656775712966918945312500000000e-02
2.7556574259612269528485484215707401745021343231201171875000000000e-02
2.7522238124650683088745495297189336270093917846679687500000000000e-02
2.7487988293156954966445226773430476896464824676513671875000000000e-02
2.7453824401717594888561180255237559322267770767211914062500000000e-02
2.7419746091626822498410476214303344022482633590698242187500000000e-02
2.7385753009113764089299536408361745998263359069824218750000000000e-02
2.7351844805565957846615887660846055950969457626342773437500000000e-02
2.7318021137750947424649439199129119515419006347656250000000000000e-02
2.7284281668024577133246921789577754680067300796508789062500000000e-02
2.7250626064538378129364915025689697358757257461547851562500000000e-02
2.7217054001436292998139521159828291274607181549072265625000000000e-02
2.7183565159032457153598372201486199628561735153198242187500000000e-02
2.7150159223968736016407987676757329609245061874389648437500000000e-02
2.7116835889371953410842408516145951580256223678588867187500000000e-02
2.7083594854977761229308796941950276959687471389770507812500000000e-02
2.7050435827249599829436021991568850353360176086425781250000000000e-02
2.7017358519441841968600215295737143605947494506835937500000000000e-02
2.6984362651667325588844548178713012021034955978393554687500000000e-02
2.6951447950949947163223896495765075087547302246093750000000000000e-02
2.6918614151202523154804424621033831499516963958740234375000000000e-02
2.6885860993214983488686087298447091598063707351684570312500000000e-02
2.6853188224602298622700757846359920222312211990356445312500000000e-02
2.6820595599708636075364509565588377881795167922973632812500000000e-02
2.6788082879492362137208161243506765458732843399047851562500000000e-02
2.6755649831372803337803389922555652447044849395751953125000000000e-02
2.6723296229046067384871321337413974106311798095703125000000000000e-02
2.6691021852264188579662018696581071708351373672485351562500000000e-02
2.6658826486588682591616361605701968073844909667968750000000000000e-02
2.6626709923108241029332532434636959806084632873535156250000000000e-02
2.6594671958109012549487104593026742804795503616333007812500000000e-02
2.6562712392747728912256732769492373336106538772583007812500000000e-02
2.6530831032677823499987823652190854772925376892089843750000000000e-02
2.6499027687647207923715697575062222313135862350463867187500000000e-02
2.6467302171076786260206503698100277688354253768920898437500000000e-02
2.6435654299615325008021571306926489342004060745239257812500000000e-02
2.6404083892684390016958317914941289927810430526733398437500000000e-02
2.6372590771993147801266488272631249856203794479370117187500000000e-02
2.6341174761052053160392816266721638385206460952758789062500000000e-02
2.6309835684676978473373054612238775007426738739013671875000000000e-02
2.6278573368467596227393556773677119053900241851806640625000000000e-02
2.6247387638315380214981686890496348496526479721069335937500000000e-02
2.6216278319899311011198506093933247029781341552734375000000000000e-02
2.6185245238170166970359531433132360689342021942138671875000000000e-02
2.6154288216866817401440314938554365653544664382934570312500000000e-02
2.6123407078035960904305312624273938126862049102783203125000000000e-02
2.6092601641563857584049657134528388269245624542236328125000000000e-02
2.6061871724741340200504069457565492484718561172485351562500000000e-02
2.6031217141836753004024984647912788204848766326904296875000000000e-02
2.6000637703698863123502604821624117903411388397216796875000000000e-02
2.5970133217403410658130624710793199483305215835571289062500000000e-02
2.5939703485907503188734324339748127385973930358886718750000000000e-02
2.5909348307761859847575536264230322558432817459106445312500000000e-02
2.5879067476856903312620872270599647890776395797729492187500000000e-02
2.5848860782191743212798940021457383409142494201660156250000000000e-02
2.5818728007707240218460142955336777959018945693969726562500000000e-02
2.5788668932157778751479426659898308571428060531616210937500000000e-02
2.5758683329011433649213813623646274209022521972656250000000000000e-02
2.5728770966422766230952134947074227966368198394775390625000000000e-02
2.5698931607241425056908923352239071391522884368896484375000000000e-02
2.5669165009060253279660201997103285975754261016845703125000000000e-02
2.5639470924325925837994333278402336873114109039306640625000000000e-02
2.5609849100494824769569390809920150786638259887695312500000000000e-02
2.5580299280238427001021861428853299003094434738159179687500000000e-02
2.5550821201685357253463592996922670863568782806396484375000000000e-02
2.5521414598724888322944792662383406423032283782958984375000000000e-02
2.5492079201352692285897916235626325942575931549072265625000000000e-02
2.5462814736055858905183768570168467704206705093383789062500000000e-02
2.5433620926235949583071871415995701681822538375854492187500000000e-02
2.5404497492691323345948006817707209847867488861083984375000000000e-02
2.5375444154118850098589277308747114147990942001342773437500000000e-02
2.5346460627641679425048337748194171581417322158813476562500000000e-02
2.5317546629400687618893783792373142205178737640380859375000000000e-02
2.5288701875133504093362546427670167759060859680175781250000000000e-02
2.5259926080793401736990233530377736315131187438964843750000000000e-02
2.5231218963186953507804588525686995126307010650634765625000000000e-02
2.5202580240621514501286881682062812615185976028442382812500000000e-02
2.5174009633552856673999187364643148612231016159057617187500000000e-02
2.5145506865221604192450755022036901209503412246704101562500000000e-02
2.5117071662311054452976222250981663819402456283569335937500000000e-02
2.5088703755559913638473190644617716316133737564086914062500000000e-02
2.5060402880370296480050384957394271623343229293823242187500000000e-02
2.5032168777386201025114687013228831347078084945678710937500000000e-02
2.5004001193019761289937363812896364834159612655639648437500000000e-02
2.4975899879946406728636887351058248896151781082153320312500000000e-02
2.4947864597539615161281290056649595499038696289062500000000000000e-02
2.4919895112250886604066124618839239701628684997558593750000000000e-02
2.4891991197914065808705075255602423567324876785278320312500000000e-02
2.4864152635979845651359454450357588939368724822998046875000000000e-02
2.4836379215659652036629623239605280105024576187133789062500000000e-02
2.4808670733998471058523449528365745209157466888427734375000000000e-02
2.4781026995842517224311052359553286805748939514160156250000000000e-02
2.4753447813709809205429124290276376996189355850219726562500000000e-02
2.4725933007571851418582298265391727909445762634277343750000000000e-02
2.4698482404519141175658347719945595599710941314697265625000000000e-02
2.4671095838340022926571393213635019492357969284057617187500000000e-02
2.4643773148995271743411095144438149873167276382446289062500000000e-02
2.4616514181990938742172758679771504830569028854370117187500000000e-02
2.4589318787664238286083673301618546247482299804687500000000000000e-02
2.4562186820383285351665492157735570799559354782104492187500000000e-02
2.4535118137657629944214932038448750972747802734375000000000000000e-02
2.4508112599186931274131140412464446853846311569213867187500000000e-02
2.4481170065849128247847943384840618818998336791992187500000000000e-02
2.4454290398633310443798904998402576893568038940429687500000000000e-02
2.4427473457539958939799262793712841812521219253540039062500000000e-02
2.4400719100459575955364144306258822325617074966430664062500000000e-02
2.4374027182032097227359912494648597203195095062255859375000000000e-02
2.4347397552521177904738536312834185082465410232543945312500000000e-02
2.4320830056702984200978079343258286826312541961669921875000000000e-02
2.4294324532789336040794481164084572810679674148559570312500000000e-02
2.4267880811396375789756874041813716758042573928833007812500000000e-02
2.4241498714579926693213351995837001595646142959594726562500000000e-02
2.4215178054949101221771101677404658403247594833374023437500000000e-02
2.4188918634858259937292501717820414341986179351806640625000000000e-02
2.4162720245705735649943690646068716887384653091430664062500000000e-02
2.4136582667350459791011374477420758921653032302856445312500000000e-02
2.4110505667648902267119481734880537260323762893676757812500000000e-02
2.4084489002118576739253086316239205189049243927001953125000000000e-02
2.4058532413758784707091820109781110659241676330566406250000000000e-02
2.4032635633018006177108460974523040931671857833862304687500000000e-02
2.4006798377929260135399402997791185043752193450927734375000000000e-02
2.3981020354420973933473604233768128324300050735473632812500000000e-02
2.3955301256808350651716921220213407650589942932128906250000000000e-02
2.3929640768487272367570639630685036536306142807006835937500000000e-02
2.3904038562831610159609141419423394836485385894775390625000000000e-02
2.3878494304313081786350636548377224244177341461181640625000000000e-02
2.3853007649839337578345777046706643886864185333251953125000000000e-02
2.3827578250343969812341526903765043243765830993652343750000000000e-02
2.3802205752624670809236562263322412036359310150146484375000000000e-02
2.3776889801429806903243502347322646528482437133789062500000000000e-02
2.3751630041805599918847136109434359241276979446411132812500000000e-02
2.3726426121703829419384845778040471486747264862060546875000000000e-02
2.3701277694835393844430271315104619134217500686645507812500000000e-02
2.3676184423747605872767607593232241924852132797241210937500000000e-02
2.3651145983102705300238355334840889554470777511596679687500000000e-02
2.3626162063116729755707368099137966055423021316528320312500000000e-02
2.3601232373094093580645491670111368875950574874877929687500000000e-02
2.3576356644978056775752150997504941187798976898193359375000000000e-02
2.3551534636827738816711175218188145663589239120483398437500000000e-02
2.3526766136106602722577463282505050301551818847656250000000000000e-02
2.3502050962625854052534535298946138937026262283325195312500000000e-02
2.3477388971018618019082069281466829124838113784790039062500000000e-02
2.3452780052539663052657559205727011431008577346801757812500000000e-02
2.3428224136012060219158570362196769565343856811523437500000000000e-02
2.3403721187742917292373689974738226737827062606811523437500000000e-02
2.3379271210210550435704135452397167682647705078125000000000000000e-02
2.3354874239350117276492468931792245712131261825561523437500000000e-02
2.3330530340304342362678369227069197222590446472167968750000000000e-02
2.3306239601566774988228303300275001674890518188476562500000000000e-02
2.3282002127483283904219035775895463302731513977050781250000000000e-02
2.3257818029209367111098671898616885300725698471069335937500000000e-02
2.3233687414317007180475371797001571394503116607666015625000000000e-02
2.3209610375378102176124883726515690796077251434326171875000000000e-02
2.3185586978052299955699311340140411630272865295410156250000000000e-02
2.3161617249318412065095529328573320526629686355590820312500000000e-02
2.3137701166669112640139616132728406228125095367431640625000000000e-02
2.3113838649289900756267357451179123017936944961547851562500000000e-02
2.3090029552269138168885120876439032144844532012939453125000000000e-02
2.3066273664925373426681787236702803056687116622924804687500000000e-02
2.3042570714272112009091131312743527814745903015136718750000000000e-02
2.3018920374319885857605783030521706677973270416259765625000000000e-02
2.2995322281458660529374071757047204300761222839355468750000000000e-02
2.2971776055393446080987729374101036228239536285400390625000000000e-02
2.2948281324147244697453373873941018246114253997802734375000000000e-02
2.2924837750487640775087783140406827442348003387451171875000000000e-02
2.2901445055889740193277859248155436944216489791870117187500000000e-02
2.2878103037379790563043968631973257288336753845214843750000000000e-02
2.2854811579539936056137960918022145051509141921997070312500000000e-02
2.2831570742309726523844304324484255630522966384887695312500000000e-02
2.2808380061093994073395663235714891925454139709472656250000000000e-02
2.2785240128751663851724984510838112328201532363891601562500000000e-02
2.2762147373967568653174708970254869200289249420166015625000000000e-02
