2.2678456308240066196862602665440533655782928690314292907714843750e-06
2.2388628766390324416183689459902694807169609703123569488525390625e-06
2.2100645982169928293594937662724930760305142030119895935058593750e-06
2.1814501273309758210862396854423650438548065721988677978515625000e-06
2.1530195151297541510191767971660325997618201654404401779174804688e-06
2.1247728127666575906351033309338305343771935440599918365478515625e-06
2.0967100713994988332841609007806127351614122744649648666381835938e-06
2.0688313421910554559368222021786820619126956444233655929565429688e-06
2.0411366763088221620468191291886128624355478677898645401000976562e-06
2.0136261249246088644176706089483630535141855943948030471801757812e-06
1.9862997392152831095809509959204675055843836162239313125610351562e-06
1.9591575703622372940724671169787640678805473726242780685424804688e-06
1.9321996695515254602532398409131531025195727124810218811035156250e-06
1.9054260879738408499364018394706121739545778837054967880249023438e-06
1.8788368768245387742767734534643508936824218835681676864624023438e-06
1.8524320873039462043130841395477403921177028678357601165771484375e-06
1.8262117706166434870287008235267833811121818143874406814575195312e-06
1.8001759779720945378643850998123809858952881768345832824707031250e-06
1.7825692800393038528965856601149475579859426943585276603698730469e-06
1.8455564891325517485790681446178318481088354019448161125183105469e-06
1.9110622465648806170312231506036582118213118519634008407592773438e-06
1.9788702149737791123476973731420969215832883492112159729003906250e-06
2.0487904827960171776372790691800318541027081664651632308959960938e-06
2.1206498685140784022534234110057838051943690516054630279541015625e-06
2.1942927926124480263192235290903298050579905975610017776489257812e-06
2.2695795608264731449161145243609283284058619756251573562622070312e-06
2.3463837440434701542713719080168743857939261943101882934570312500e-06
2.4245899133210134000575818047362730567328981123864650726318359375e-06
2.5040920015076636689194643226041847583474009297788143157958984375e-06
2.5847920247622166625537949019575378883928351569920778274536132812e-06
2.6665990060049911512948198760719620281633979175239801406860351562e-06
2.7494280736952996684659827897334594126732554286718368530273437500e-06
2.8331997205684972553053034560743839165297686122357845306396484375e-06
2.9178391941125456070661291912982093776918190997093915939331054688e-06
3.0032759901407273730870092082190225823978835251182317733764648438e-06
3.0894434277708873315805657849830723193917947355657815933227539062e-06
3.1762782904063367412706483244866362269931414630264043807983398438e-06
3.2637205206136686852773799022431333582972001750022172927856445312e-06
3.3517129591623771963282332059241852562081476207822561264038085938e-06
3.4402011202390046867253137891085046362604771275073289871215820312e-06
3.5291329965295061953794997222644269641023129224777221679687500000e-06
3.6184588891811473233448784997401403984440548811107873916625976562e-06
3.7081312581077915163023199507374982886176439933478832244873046875e-06
3.7981045903658505006879157750443454233391094021499156951904296875e-06
3.8883352812710014981419613666613344094002968631684780120849609375e-06
3.9787815311211425977418361388249223864477244205772876739501953125e-06
4.0694032465656694333672009633584565335695515386760234832763671875e-06
4.1601619592844024984141723666475343179627088829874992370605468750e-06
4.2510207414520904942493127742775271826758398674428462982177734375e-06
4.3419441383042158103281946135432178834889782592654228210449218750e-06
4.4328981016062910856345528898270202944331686012446880340576171875e-06
4.5238499167583181174230773369249192228380707092583179473876953125e-06
4.6147681761298433981456634800366600757115520536899566650390625000e-06
4.7056226664510257233909988616726849386395770125091075897216796875e-06
4.7963844112036655044492214350349001961149042472243309020996093750e-06
4.8870255012171640395901399400724329780132393352687358856201171875e-06
4.9775191816201020265550934718046249827239080332219600677490234375e-06
5.0678397113156855265168714008705563855983200483024120330810546875e-06
5.1579623248252164669229620497237220888564479537308216094970703125e-06
5.2478633651545802967950879458491897366911871358752250671386718750e-06
5.3375198422533076534268400847871305359149118885397911071777343750e-06
5.4269100536164346015519099886148524092277511954307556152343750000e-06
5.5160127239749178653239851388700998313652235083281993865966796875e-06
5.6048077809154223409213169126985576440347358584403991699218750000e-06
5.6932758469601067927959477110722019688182626850903034210205078125e-06
5.7813980019152649277936265037602936445182422176003456115722656250e-06
5.8691569433611840030367429177360349967784713953733444213867187500e-06
5.9565347363559142075738021826492030186273041181266307830810546875e-06
6.0435157244639687573327553604674022835752111859619617462158203125e-06
6.1300836323178091940384534797026105934492079541087150573730468750e-06
6.2162232346322974805359791450332096474085119552910327911376953125e-06
6.3019209794296173778298947310005928557075094431638717651367187500e-06
6.3871612725068913383541860384617905310733476653695106506347656250e-06
6.4719329626544292577558156742689732254802947863936424255371093750e-06
6.5562215055179026124121920149345754680325626395642757415771484375e-06
6.6400154310052004899772928880885558555746683850884437561035156250e-06
6.7233042630852627306501344273126363759729429148137569427490234375e-06
6.8060737736067394268620056596574841023539192974567413330078125000e-06
6.8883178039932427657232247297791616347240051254630088806152343750e-06
6.9700219250557610140006659094069618731737136840820312500000000000e-06
7.0511787786028014003410560595064282551902579143643379211425781250e-06
7.1317804946680098064615803410415395546806394122540950775146484375e-06
7.2118128562034676637642997831800784069855581037700176239013671875e-06
7.2912759628392544475924789970644468439786578528583049774169921875e-06
7.3701532760446594833513532518676214522201917134225368499755859375e-06
7.4484424422768130431143918102065981656778603792190551757812500000e-06
7.5261375925012730651224648892316793080681236460804939270019531250e-06
7.6032234548468542839855070780696877363880048505961894989013671875e-06
7.6797069281820545556122015184996598691213876008987426757812500000e-06
7.7555692366015006655515992561866767118772258982062339782714843750e-06
7.8308101536868136339792495492773127807595301419496536254882812500e-06
7.9054311105062429317286501473382998028682777658104896545410156250e-06
7.9794070403338024664646396799660976739687612280249595642089843750e-06
8.0527615785878861479150231383883351554686669260263442993164062500e-06
8.1254626656350103841358264999961136254569282755255699157714843750e-06
8.1975226865652718800285894684698462242522509768605232238769531250e-06
8.2689384358376727244708745412360428872489137575030326843261718750e-06
8.3396899758114310046526115871579065697005717083811759948730468750e-06
8.4097951344414420890701830635372004962846403941512107849121093750e-06
8.4792411261988837186624051733829787735885474830865859985351562500e-06
8.5480076130214330308934589375269297306658700108528137207031250000e-06
8.6161435145782512421341534092356084784114500507712364196777343750e-06
8.6835671158863899076483031103101950520795071497559547424316406250e-06
8.7503642990280718262250878036745405097462935373187065124511718750e-06
8.8164603786131767293021005427178238278429489582777023315429687500e-06
8.8818926604516605069527049320932121645455481484532356262207031250e-06
8.9466562713881212057535560755461290227685822173953056335449218750e-06
9.0107347947931199156398202054774060343333985656499862670898437500e-06
9.0741291868485862644232511908803928690758766606450080871582031250e-06
9.1368800105916108420054527750053807721997145563364028930664062500e-06
9.1988869879468926739687906213305268465774133801460266113281250000e-06
9.2602935116370712183503713377241695070551941171288490295410156250e-06
9.3209494103337354998194130839550552991568110883235931396484375000e-06
9.3809597008586402414401228533336052350932732224464416503906250000e-06
9.4403013346058267928626386855661678509932244196534156799316406250e-06
9.4989078402938724443854007217780122118711005896329879760742187500e-06
9.5569041924511652103674252956011514470446854829788208007812500000e-06
9.6141633474472472890978366755199147064558928832411766052246093750e-06
9.6707612364377570088672109172023283463204279541969299316406250000e-06
9.7266973938369419771729496027035111183067783713340759277343750000e-06
9.7819237249061511638723379058468765379075193777680397033691406250e-06
9.8364738383417091191441780639870273716951487585902214050292968750e-06
9.8904079462727505586304085904991723054990870878100395202636718750e-06
9.9435284416937385173129379523082604919181903824210166931152343750e-06
9.9961619802314287175143067698535048748453846201300621032714843750e-06
1.0047931877755991606025048890060702433402184396982192993164062500e-05
1.0099161730034491706595525806200441820692503824830055236816406250e-05
1.0149678001829735396032566852042577920656185597181320190429687500e-05
1.0199480253127857689991221656899966774290078319609165191650390625e-05
1.0248698406326211190553801544389500577381113544106483459472656250e-05
1.0297187217748495874055161825033621880720602348446846008300781250e-05
1.0345004074968481601326519836447914713062345981597900390625000000e-05
1.0392237512546029541216432989791940144641557708382606506347656250e-05
1.0438702798977623285967171462562674832952325232326984405517578125e-05
1.0484566715630589794211457999040248978417366743087768554687500000e-05
1.0529830495528342458816731253001819368364522233605384826660156250e-05
1.0574248483220108417272864453906322523835115134716033935546875000e-05
1.0618291640412897013545819036028916571012814529240131378173828125e-05
1.0661413510336517073708549607768958367159939371049404144287109375e-05
1.0704050663491606912801866469120426472727558575570583343505859375e-05
1.0746040592729020905402546881557412916663452051579952239990234375e-05
1.0787246436531522622201927086305062175597413443028926849365234375e-05
1.0828006971348034306054999853508036267157876864075660705566406250e-05
1.0867989700220934435877066792652811955122160725295543670654296875e-05
1.0907345602019686515104200663639488766420981846749782562255859375e-05
1.0946186462536976251270701143702979152294574305415153503417968750e-05
1.0984237957669567000372999598933887455132207833230495452880859375e-05
1.1021739189050372661787986772186087591762770898640155792236328125e-05
1.1058714061207416948424443747800438586637028492987155914306640625e-05
1.1094787640285117336145896682619849116235855035483837127685546875e-05
1.1130608254955876972860581708424376756738638505339622497558593750e-05
1.1165516282971026348663952376671915089900721795856952667236328125e-05
1.1199900602853866360907562904625223154653212986886501312255859375e-05
1.1233840673401765904485492819642189488149597309529781341552734375e-05
1.1266827657649596466449617992999776561191538348793983459472656250e-05
1.1299575118601046046749869500303020686260424554347991943359375000e-05
1.1331508650038330451317002134370426347231841646134853363037109375e-05
1.1362821108439094034922058062964111968540237285196781158447265625e-05
1.1393754555182427682887870423744658410214469768106937408447265625e-05
1.1423843572128571853497788768372345202806172892451286315917968750e-05
1.1453456689983476849792158602792113697432796470820903778076171875e-05
1.1482616649562148359751609372203517978050513193011283874511718750e-05
1.1510858519750658560338099634101638457650551572442054748535156250e-05
1.1538895562424525675091283027917654635530197992920875549316406250e-05
1.1566160188580784559100531061481831329729175195097923278808593750e-05
1.1592733832720547102325230059971516993755358271300792694091796875e-05
1.1619160692381427189010315026429509543959284201264381408691406250e-05
1.1644472908636566057388739281464040686842054128646850585937500000e-05
1.1669651768986374741426080559048017448731116019189357757568359375e-05
1.1694161806095898034781564722717206450397497974336147308349609375e-05
1.1717872941797285923025938314534499795627198182046413421630859375e-05
1.1741485657063347163714395193778727843891829252243041992187500000e-05
1.1764140980161887211903441741167597456296789459884166717529296875e-05
1.1786393607643710023345773318936835494241677224636077880859375000e-05
1.1808300675859730074069957328486424330549198202788829803466796875e-05
1.1829261709969904697533661652730785363019094802439212799072265625e-05
1.1850054178523412851380819388324994179129134863615036010742187500e-05
1.1870235007060339147279097449239060324543970637023448944091796875e-05
1.1889593370322309523945056297655753496655961498618125915527343750e-05
1.1908975042498958862944441472464518483320716768503189086914062500e-05
1.1927315877223506609483907880964181913441279903054237365722656250e-05
1.1945343006188146502415288463527787143902969546616077423095703125e-05
1.1963108663230628912060860002952722425106912851333618164062500000e-05
1.1979750145566459156617859782567592219493235461413860321044921875e-05
1.1996573786688853816419057796149871819579857401549816131591796875e-05
1.2012459341965242719707691876340760472885449416935443878173828125e-05
1.2027828146220583991829466974365914211375638842582702636718750000e-05
1.2043124810863368767720540941645879229326965287327766418457031250e-05
1.2057357905583748891174995787611834430208546109497547149658203125e-05
1.2071480768237524206550753680389220789948012679815292358398437500e-05
1.2085153855420894839574515178259872527632978744804859161376953125e-05
1.2097906001271494275833319476110006007729680277407169342041015625e-05
1.2110768747938164771214483717010068630770547315478324890136718750e-05
1.2122761291690095191960277465348383429954992607235908508300781250e-05
1.2134229529529168246319154045309574030397925525903701782226562500e-05
1.2145731758809481256418047467882104228920070454478263854980468750e-05
1.2156065774500197628209437195057063263448071666061878204345703125e-05
1.2166459526564290209845950463396491159073775634169578552246093750e-05
1.2176353155346873131177794224999644256968167610466480255126953125e-05
1.2185297122916881375491622574447347915338468737900257110595703125e-05
1.2194589207695805821310766625664712137222522869706153869628906250e-05
1.2202718211134198989854283967648740372169413603842258453369140625e-05
1.2210683776766768373310545481302824555314145982265472412109375000e-05
1.2218468420242620936771310580226668207615148276090621948242187500e-05
1.2225192585442590768743734153112256990425521507859230041503906250e-05
1.2232087349461677756976181463688391204414074309170246124267578125e-05
1.2238318174486378453816315392543856432894244790077209472656250000e-05
1.2243835827915151371128588131398373661795631051063537597656250000e-05
1.2249571199462318019340716090948006922189961187541484832763671875e-05
1.2254250542680328482842734560964714773945161141455173492431640625e-05
1.2258760285888175968027451190334176089891116134822368621826171875e-05
1.2263156095171535438876839196886692207044688984751701354980468750e-05
1.2266425939466452742069614567643753844095044769346714019775390625e-05
1.2270034544975655954623418308901960926959873177111148834228515625e-05
1.2272863976113613832148729887450144815375097095966339111328125000e-05
1.2275071095500099556657030985817868895537685602903366088867187500e-05
1.2277593172630149516997080660907215587940299883484840393066406250e-05
1.2278870808365549205571666535607988635092624463140964508056640625e-05
1.2280305031251587539716310648607588973391102626919746398925781250e-05
1.2281363557243315823785077822716260698143742047250270843505859375e-05
1.2281498027252873853423786876248868793481960892677307128906250000e-05
1.2281984626269150886091093000107576926893671043217182159423828125e-05
1.2281578913503840103115839765823835705305100418627262115478515625e-05
1.2280795421772926483573035172369714018714148551225662231445312500e-05
1.2280140782569290297814197654435730555633199401199817657470703125e-05
1.2278406054554123218690298013910933150327764451503753662109375000e-05
1.2276796947320922962464118111114430575980804860591888427734375000e-05
1.2274848195695188109665373088486006736275157891213893890380859375e-05
1.2271974585439560139410106187618509920866927132010459899902343750e-05
1.2269556760001284180191562234174540435560629703104496002197265625e-05
1.2266146872635873515781923526191121709416620433330535888671875000e-05
1.2262497801786685110289262801153142845578258857131004333496093750e-05
1.2258970983080713082133406111040585528826341032981872558593750000e-05
1.2254286617325012238638101691456938624469330534338951110839843750e-05
1.2249979064669808982972892819063304159499239176511764526367187500e-05
1.2245070540043447016292227358391642155766021460294723510742187500e-05
1.2239503979871428781221742720930478753871284425258636474609375000e-05
1.2234304165055592976732966314923345407805754803121089935302734375e-05
1.2228083430253469635778408586279653036399395205080509185791015625e-05
1.2221831866414164171762320176828353623932343907654285430908203125e-05
1.2215490750978473706578331103855816763825714588165283203125000000e-05
1.2208211100556142658267108624947638872981769964098930358886718750e-05
1.2201229232041560851724538994123037127792485989630222320556640625e-05
1.2193681364269339095361861791122493059447151608765125274658203125e-05
1.2185525385276516150811348948579393436375539749860763549804687500e-05
1.2177756613579991153140102966290214681066572666168212890625000000e-05
1.2168931776710319858777684109973904469370609149336814880371093750e-05
1.2160200245904649815902216769547550256902468390762805938720703125e-05
1.2151317035361282513036308705611787672751233913004398345947265625e-05
1.2141513906724303771219632130939913849942968226969242095947265625e-05
1.2132161547893272502286060587906035834748763591051101684570312500e-05
1.2122028159678863363287598664541633297631051391363143920898437500e-05
1.2111574887181488950150046179921048405958572402596473693847656250e-05
1.2101334716517550486977912449493288704616134054958820343017578125e-05
1.2090110746557172657867848530877097346092341467738151550292968750e-05
1.2079110971745507776479826300697340002443525008857250213623046875e-05
1.2067763855753451648954513442113523069565417245030403137207031250e-05
1.2055751312137221283515495229288205791817745193839073181152343750e-05
1.2044047514910329597145194346907715043926145881414413452148437500e-05
1.2031637414213744224564250906439610844245180487632751464843750000e-05
1.2018963622699091868561462048692334292354644276201725006103515625e-05
1.2006462564686994849206570779021063799518742598593235015869140625e-05
1.1993021043356549609672917489078258768131490796804428100585937500e-05
1.1979867501946161231080045794783472956623882055282592773437500000e-05
1.1966305344241428111964897773589200369315221905708312988281250000e-05
1.1952152336116387827506801766475064141559414565563201904296875000e-05
1.1938368220256132001301507816748426193953491747379302978515625000e-05
1.1923738194546759056415864697076045786161557771265506744384765625e-05
1.1909108928152058745966734853993784781778231263160705566406250000e-05
1.1894427308737078280258259166402012851904146373271942138671875000e-05
1.1878976552032945946594903741111437511790427379310131072998046875e-05
1.1863833779841213462448966386997284416793263517320156097412109375e-05
1.1848155409478487899580315123593265980161959305405616760253906250e-05
1.1832132297419743286186373520951775617504608817398548126220703125e-05
1.1816283624707136717751042309654252449035993777215480804443359375e-05
1.1799734747441460676114707850636875718919327482581138610839843750e-05
1.1783188560894810803449279934529414504140731878578662872314453125e-05
1.1766551826124690532373792684062152602564310654997825622558593750e-05
1.1749229897202739474992676249609502292514662258327007293701171875e-05
1.1732218443492770069296916857215506979628116823732852935791015625e-05
1.1714644095129194556340404553829159794986480847001075744628906250e-05
1.1696813793070934698659947559296057306710281409323215484619140625e-05
1.1679148660919914657946479252803584358844091184437274932861328125e-05
1.1660730315926831892280567115616207729544839821755886077880859375e-05
1.1642513621642092570135362805672230024356395006179809570312500000e-05
1.1623980919376539956851777934954128568278974853456020355224609375e-05
1.1605002414872924552274348342084664409412653185427188873291015625e-05
1.1586235838737352248149596600779176469586673192679882049560546875e-05
1.1566894198233764658330889607551483777569956146180629730224609375e-05
1.1547470859354861319055925161780606913453084416687488555908203125e-05
1.1528015846975655413621068834384431056605535559356212615966796875e-05
1.1508013804404875258017258710108166042118682526051998138427734375e-05
1.1488124768602598954462569447176889525508158840239048004150390625e-05
1.1467953081740577518264287415483693166606826707720756530761718750e-05
1.1447386264119331712230988318257374203312792815268039703369140625e-05
1.1427023637187900823985325926557266029703896492719650268554687500e-05
1.1406077925328789618745692346912790071655763313174247741699218750e-05
1.1385139526442146195033162936471882176192593760788440704345703125e-05
1.1364111195073907246001591875295133604595321230590343475341796875e-05
1.1342567648034364126224081414928690492160967551171779632568359375e-05
1.1321241791151459443894554401932595055768615566194057464599609375e-05
1.1299459444030746273017994096843352735959342680871486663818359375e-05
1.1277539423411150201824286465335234197482350282371044158935546875e-05
1.1255625630087466609212734636180641700775595381855964660644531250e-05
1.1233262101375743116106996344338853077715612016618251800537109375e-05
1.1210930656484340982477487802526638915878720581531524658203125000e-05
1.1188411827765076705693166048138920132259954698383808135986328125e-05
1.1165552410704311531186062877996079123477102257311344146728515625e-05
1.1142786063039386410975992158789438235544366762042045593261718750e-05
1.1119661869089842332492673593336007797915954142808914184570312500e-05
1.1096386312817767613855476915851738795026903972029685974121093750e-05
1.1073144034375264585816009410557114733819616958498954772949218750e-05
1.1049428230726416041225686204274580859419074840843677520751953125e-05
1.1025849311955969223085841091069880803843261674046516418457031250e-05
1.1001971819694331776299557612563972952557378448545932769775390625e-05
1.0977884395477087705402137463028822139676776714622974395751953125e-05
1.0953855914602668406867234940360589234842336736619472503662109375e-05
1.0929430039129442024962643453811494964611483737826347351074218750e-05
1.0905021582654803404856258541855140720144845545291900634765625000e-05
1.0880449991142300493387334858752524269220884889364242553710937500e-05
1.0855623544523467787653071836562190810582251287996768951416015625e-05
1.0830806027048754870039173892060091475286753848195075988769531250e-05
1.0805760770275407410827457621582681213112664408981800079345703125e-05
1.0780534637947576312444475377105845836922526359558105468750000000e-05
1.0755334775218703703952155548151381481147836893796920776367187500e-05
1.0729788974893694490273486630282917531076236627995967864990234375e-05
1.0704266205746959671912289790984829096487374044954776763916015625e-05
1.0678583592228866935695298645558892758344882167875766754150390625e-05
1.0652656206061989518679884725305129222761024720966815948486328125e-05
1.0626803895365968095042263907856749938218854367733001708984375000e-05
1.0600620680682006620010153497002391986825386993587017059326171875e-05
1.0574435239657344536923569422448565546801546588540077209472656250e-05
1.0548117170473272978222303852824381920072482898831367492675781250e-05
1.0521596439482770328531849313158375025523127987980842590332031250e-05
1.0495058956533716607679648791240367700083879753947257995605468750e-05
1.0468344864846210805577920999187568895649746991693973541259765625e-05
1.0441487733763733368897580477963060729962307959794998168945312500e-05
1.0414611027439681748842613406846879797740257345139980316162109375e-05
1.0387506278424244262779604919266773777053458616137504577636718750e-05
1.0360355900725373240684260012223205649206647649407386779785156250e-05
1.0333116057401953895647506165289541968377307057380676269531250000e-05
1.0305656729654855057278818597499281395357684232294559478759765625e-05
1.0278245839965967448623521129924540673528099432587623596191406250e-05
1.0250585822003074919824688882030727654637303203344345092773437500e-05
1.0222899125980723641980534022177806718900683335959911346435546875e-05
1.0195111689082464971741956438755494218639796599745750427246093750e-05
1.0167158971507320397659537847268040877679595723748207092285156250e-05
1.0139184047607638242214506130167706032807473093271255493164062500e-05
1.0111061340606515828594025308007076091598719358444213867187500000e-05
1.0082837014303464863961001807268758057034574449062347412109375000e-05
1.0054564087787721271831549441078124118575942702591419219970703125e-05
1.0026138325944281253897932826291139463137369602918624877929687500e-05
9.9976483770730593925689377865495544028817676007747650146484375000e-06
9.9690908033689579914203224286772808682144386693835258483886718750e-06
9.9403664072952735165358481572717153085250174626708030700683593750e-06
9.9116548376128646278713715811470308381103677675127983093261718750e-06
9.8827650592817714879151011486690947549504926428198814392089843750e-06
9.8538373765454676732030228625269785425189184024930000305175781250e-06
9.8248283780037292382434840898319805546634597703814506530761718750e-06
9.7956926408777722601207288422031638219777960330247879028320312500e-06
9.7665295410238125458192784411615150474972324445843696594238281250e-06
9.7372466322516800532561528913610970903391717001795768737792968750e-06
9.7078918423956208158141431563414869287953479215502738952636718750e-06
9.6784785538189150330776883146555178427661303430795669555664062500e-06
9.6489596437665729706601239201724240501789608970284461975097656250e-06
9.6193795338765867154566524543923833334702067077159881591796875000e-06
9.5897405221789290292316865205179965414572507143020629882812500000e-06
9.5599821736800441867188543598743422080588061362504959106445312500e-06
9.5302155940979198283031018079647367358120391145348548889160156250e-06
9.5003187469838079528151181252226820106443483382463455200195312500e-06
9.4703902540467202231288038061229883624037029221653938293457031250e-06
9.4403862704966313252816223489105595945147797465324401855468750000e-06
9.4102982529186490962599259679777219389507081359624862670898437500e-06
9.3801724533767419540730703175768212531693279743194580078125000000e-06
9.3499605633467723625603870707401199524611001834273338317871093750e-06
9.3196914655194011949806975891874571971129626035690307617187500000e-06
9.2893711035302860854010603697261672095919493585824966430664062500e-06
9.2589721476100471755140558505203784989134874194860458374023437500e-06
9.2285266344647513917518258375061179776821518316864967346191406250e-06
9.1980255938218521911996575224357286515441955998539924621582031250e-06
9.1674464883057413754595399435487479422590695321559906005859375000e-06
9.1368459704076888358613775520389310713653685525059700012207031250e-06
9.1061536073346179362029625958818712661013705655932426452636718750e-06
9.0754371282299452715867926766435402896604500710964202880859375000e-06
9.0446532325474744056035408812377340836974326521158218383789062500e-06
9.0138194140978690542488280246224974234792171046137809753417968750e-06
8.9829422457687406716308337051302146392117720097303390502929687500e-06
8.9520100536293191706383939876268129864911315962672233581542968750e-06
8.9210291461357339232911625725996884739288361743092536926269531250e-06
8.8900118620884053052691800567153279644116992130875587463378906250e-06
8.8589324984006473715078197606054288826271658763289451599121093750e-06
8.8278255778989826691805289926584521253971615806221961975097656250e-06
8.7966645041066676827040335395757608694111695513129234313964843750e-06
8.7654626091371002993097791278209740539750782772898674011230468750e-06
8.7342272241533432726879465635150268099096138030290603637695312500e-06
8.7029391503677326462091318193259326108091045171022415161132812500e-06
8.6716244551671344209737082864286605854431400075554847717285156250e-06
8.6402642339968216731544911612949988466425566002726554870605468750e-06
8.6088684808459172716731122587674462920404039323329925537109375000e-06
8.5774405641674783231298215269156060003297170624136924743652343750e-06
8.5459728830874121018393307913640910555841401219367980957031250000e-06
8.5144742018059470597566781857601370120391948148608207702636718750e-06
8.4829448665422404628113500768549215536040719598531723022460937500e-06
8.4513771438586024416271882953033411922660889104008674621582031250e-06
8.4197882930625110706104180513520418571715708822011947631835937500e-06
8.3881606585546158023859383834341940655576763674616813659667968750e-06
8.3565106800627000731545440670444691022566985338926315307617187500e-06
8.3248309991892100183526193024619033167255111038684844970703125000e-06
8.2931232787129453105576248894692525936989113688468933105468750000e-06
8.2613930557116975299247751962639085832051932811737060546875000000e-06
8.2296357088787504009122150683275265237170970067381858825683593750e-06
8.1978549554970771273947754975708335223316680639982223510742187500e-06
8.1660539703871526525606056035044844065851066261529922485351562500e-06
8.1342269416199359838466620420405206459690816700458526611328125000e-06
8.1023838124889623291081594547158317709545372053980827331542968750e-06
8.0705174556449346581332021655086350619967561215162277221679687500e-06
8.0386335053800207892018420130497702302818652242422103881835937500e-06
8.0067325122619196570367475218610309184441575780510902404785156250e-06
7.9748123520372603322079602117256058591010514646768569946289062500e-06
7.9428784106849015635501420895536739408271387219429016113281250000e-06
7.9109280339301957842837106915645506433065747842192649841308593750e-06
7.8789632616703587111818204991031677764112828299403190612792968750e-06
7.8469866812177838913313493440782053767179604619741439819335937500e-06
7.8149955748171377316888333575128910979401553049683570861816406250e-06
7.7829948752228645346678409522311881119094323366880416870117187500e-06
7.7509825578624346836776812241787126822600839659571647644042968750e-06
7.7189604152560853747317565209939971282437909394502639770507812500e-06
7.6869304588777982348941561485666795761062530800700187683105468750e-06
7.6548911688597099723437716667362451516964938491582870483398437500e-06
7.6228459555244896175417619599290475207453710027039051055908203125e-06
7.5907940290326129551966467812196270870117587037384510040283203125e-06
7.5587364993801616140059636272940934986763750202953815460205078125e-06
7.5266753013213265579759402024162540101315244100987911224365234375e-06
7.4946094634038902090509247366778566856737597845494747161865234375e-06
7.4625416250616096071465385697329963932133978232741355895996093750e-06
7.4304715212468548107154799053919447260341257788240909576416015625e-06
7.3984001072051605243798735878080208294704789295792579650878906250e-06
7.3663289782310824180483824208387488852167734876275062561035156250e-06
7.3342577305144403802426508742762223391764564439654350280761718750e-06
7.3021883625759977264253232365209811405293294228613376617431640625e-06
7.2701209890381680205420633633650595584185793995857238769531250000e-06
7.2380564682078291178168004404991364708621404133737087249755859375e-06
7.2059961332877925404465438430356982735247584059834480285644531250e-06
7.1739399647341028722655024985055405295497621409595012664794921875e-06
7.1418895407411817099520290330616489882231689989566802978515625000e-06
7.1098451829780264746728307700962545823131222277879714965820312500e-06
7.0778077268043057372615134426041549886576831340789794921875000000e-06
7.0457782796224455843414787026279810788764734752476215362548828125e-06
7.0137570988378897504146071428809960934813716448843479156494140625e-06
6.9817454653602139624888472946295792098680976778268814086914062500e-06
6.9497438278890758363770183136942648616241058334708213806152343750e-06
6.9177530095173501203378516044573132148798322305083274841308593750e-06
6.8857739503004349084164595340418202340515563264489173889160156250e-06
6.8538070913248472161745372677188470333931036293506622314453125000e-06
6.8218535061390560983256813043507094107553712092339992523193359375e-06
6.7899137215744993572533877435049021187296602874994277954101562500e-06
6.7579885454064171903198164625958810347583494149148464202880859375e-06
6.7260788002284117864529658370464915151387685909867286682128906250e-06
6.6941850422617288978127496335002177829665015451610088348388671875e-06
6.6623081989655252602654765536893677335683605633676052093505859375e-06
6.6304488463930567716743576245352898013152298517525196075439453125e-06
6.5986077697287197406459530180100614416005555540323257446289062500e-06
6.5667857125724632050473884847807681808262714184820652008056640625e-06
6.5349832980342737942720289512354980843156226910650730133056640625e-06
6.5032013487570272978555499521213789648754755035042762756347656250e-06
6.4714404728899527978296102315169946450623683631420135498046875000e-06
6.4397014253346185929977214812414132438789238221943378448486328125e-06
6.4079849000183477505596107981489240046357735991477966308593750000e-06
6.3762915516832834768854755547184964825646602548658847808837890625e-06
6.3446221288938154319421089399888558091333834454417228698730468750e-06
6.3129772581489683593936393379841831574594834819436073303222656250e-06
6.2813576611256947707789821677692998491693288087844848632812500000e-06
6.2497640006972907889752459620336111356664332561194896697998046875e-06
6.2181969401496558379942650174321272515953751280903816223144531250e-06
6.1866571754360404590479712017003777191348490305244922637939453125e-06
6.1551453410407132638463255369654092419295920990407466888427734375e-06
6.1236621251977975017590470618866760332821286283433437347412109375e-06
6.0922081714134943588841511474818446458812104538083076477050781250e-06
6.0607841360795987635111566060874821459947270341217517852783203125e-06
6.0293906787407537030561675839290813883053488098084926605224609375e-06
5.9980284323065977754481370443073728893068619072437286376953125000e-06
5.9666980550337638100470184776558113526334636844694614410400390625e-06
5.9354001759269228282725125445118408151756739243865013122558593750e-06
5.9041354365370080306703835792969670137608773075044155120849609375e-06
5.8729044702525263978339087334035184539970941841602325439453125000e-06
5.8417079016089507056508182969434272990838508121669292449951171875e-06
5.8105463629834602418459087169733123801051988266408443450927734375e-06
5.7794204703678037519172690228419497771028545685112476348876953125e-06
5.7483308470098106189626399609160500858706654980778694152832031250e-06
5.7172781063655898740622635090247172229283023625612258911132812500e-06
5.6862628599941195161118767664731876720907166600227355957031250000e-06
5.6552857184819633917685459401081260466526146046817302703857421875e-06
5.6243472843629465062744929304550112192373489961028099060058593750e-06
5.5934481620014108379525773206975003404295421205461025238037109375e-06
5.5625889481930337708689635056735767193458741530776023864746093750e-06
5.5317702389779985924452877787960147770718322135508060455322265625e-06
5.5009926264308548198456866318295510609459597617387771606445312500e-06
5.4702566985714611559024796172412408168383990414440631866455078125e-06
5.4395630418728933448409106066190332740006851963698863983154296875e-06
5.4089122376911731945479597238879421183810336515307426452636718750e-06
5.3783048658190706927100660506013696249283384531736373901367187500e-06
5.3477415018473244785399134393344411364523693919181823730468750000e-06
5.3172227186151942352788923873418980292626656591892242431640625000e-06
5.2867490859791198986759527822520965401054127141833305358886718750e-06
5.2563211702282350420642464960963025077944621443748474121093750000e-06
5.2259395351665073706530148522908518771146191284060478210449218750e-06
5.1956047409768023177226332898204219645776902325451374053955078125e-06
5.1653173452243985526205656555465139945226837880909442901611328125e-06
5.1350779022236749986264799094914934585176524706184864044189453125e-06
5.1048869633368330954274749711174763433518819510936737060546875000e-06
5.0747450770361316978846431824390350584508269093930721282958984375e-06
5.0446527886690302507478704530097246561126667074859142303466796875e-06
5.0146106408073976029192084236107973538310034200549125671386718750e-06
4.9846191729744099505332484423281158569807303138077259063720703125e-06
4.9546789218569240196904032713653975861234357580542564392089843750e-06
4.9247904212336173323106940091786754010172444395720958709716796875e-06
4.8949542020075845750429373304246638554104720242321491241455078125e-06
4.8651707922476109736856057785825413475322420708835124969482421875e-06
4.8354407171650034009805808887794142947313957847654819488525390625e-06
4.8057644991795742432042631842037394562794361263513565063476562500e-06
4.7761426578829292981676762908094246995460707694292068481445312500e-06
4.7465757101064853679139345088433543651262880302965641021728515625e-06
4.7170641698979481537729908924294619509964832104742527008056640625e-06
4.6876085485607992382967382227754171708511421456933021545410156250e-06
4.6582093546621108112303771831008702974941115826368331909179687500e-06
4.6288670940404061352629362657840061956449062563478946685791015625e-06
4.5995822698427096141731221234927318164409371092915534973144531250e-06
4.5703553825068022996172892313815339093707734718918800354003906250e-06
4.5411869298067456768796222588147060150731704197824001312255859375e-06
4.5120774068533822613439633608667378439349704422056674957275390625e-06
4.4830273060966259755831878064391560201329411938786506652832031250e-06
4.4540371173675757804637405368186620080450666137039661407470703125e-06
4.4251073278607864285266564052800930539888213388621807098388671875e-06
4.3962384221686114148339857843339473220112267881631851196289062500e-06
4.3674308822856541351066159140081879286299226805567741394042968750e-06
4.3386851876149478381074382771220854237981257028877735137939453125e-06
4.3100018149935800663616856931437126831951900385320186614990234375e-06
4.2813812386936243923989120485629200629773549735546112060546875000e-06
4.2528239304313840893063784764915880032276618294417858123779296875e-06
4.2243303593845868995583156535467139747197506949305534362792968750e-06
4.1959009922040647723256133472258255778797320090234279632568359375e-06
4.1675362930133455935952438431435496113408589735627174377441406250e-06
4.1392367234286406226266216701326072779920650646090507507324218750e-06
4.1110027425558637830102157173506327580980723723769187927246093750e-06
4.0828348070122394731520064359298061162917292676866054534912109375e-06
4.0547333709227628155869101178598867818436701782047748565673828125e-06
4.0266988859360112210051749204176019247825024649500846862792968750e-06
3.9987318012273258440022680182401870752073591575026512145996093750e-06
3.9708325635032373302282793225970181083539500832557678222656250000e-06
3.9430016170138629906039354211522152127145091071724891662597656250e-06
3.9152394035468420454182587875369137009329278953373432159423828125e-06
3.8875463624491526519509967951826467924547614529728889465332031250e-06
3.8599229306134577333628823958555642548162722960114479064941406250e-06
3.8323695424966668587017648572867756229243241250514984130859375000e-06
3.8048866301171812682416651513195304801229212898761034011840820312e-06
3.7774746230519140115743353253163760996358178090304136276245117188e-06
3.7501339484534063658908997762608805714990012347698211669921875000e-06
3.7228650310330531954944310868427237437572330236434936523437500000e-06
3.6956682930799041186136801029338272428503842093050479888916015625e-06
3.6685441544510539186164758962416243548432248644530773162841796875e-06
3.6414930325714134215974934760673420441889902576804161071777343750e-06
3.6145153424430128827544213970801578739155957009643316268920898438e-06
3.5876114966289469003892301235403294867865042760968208312988281250e-06
3.5607819052677472944736566246026754356535093393176794052124023438e-06
3.5340269760559122050791371755229519635577162262052297592163085938e-06
3.5073471142550279453973215149087394593152566812932491302490234375e-06
3.4807427226939890750948263659081405307915701996535062789916992188e-06
3.4542142017482990326647084716737978737910452764481306076049804688e-06
3.4277619493519438432810753775159540168715466279536485671997070312e-06
3.4013863609861270041170768635430121662466262932866811752319335938e-06
3.3750878296705289513621878194626901859010104089975357055664062500e-06
3.3488667459683231893358482111899832034396240487694740295410156250e-06
3.3227234979741077650549838096161181510979076847434043884277343750e-06
3.2966584713029264506881695767637197036492580082267522811889648438e-06
3.2706720490942053291779940266126303072269365657120943069458007812e-06
3.2447646120029178170847232454132580414807307533919811248779296875e-06
3.2189365381857920035896854921153575901371368672698736190795898438e-06
3.1931882033013237795059536400232857999981206376105546951293945312e-06
3.1675199805022090214111016304165957535587949678301811218261718750e-06
3.1419322404277042014959179377919795683737902436405420303344726562e-06
3.1164253511988783443785715893126209152796946000307798385620117188e-06
3.0909996784088090442566172655336487196109374053776264190673828125e-06
3.0656555851195725333289271441472578771936241537332534790039062500e-06
3.0403934318540067099001164563354393521876772865653038024902343750e-06
3.0152135765946227010433217108342773826734628528356552124023437500e-06
2.9901163747807346914584294972350164698582375422120094299316406250e-06
2.9651021792976251015272731031968689308087050449103116989135742188e-06
2.9401713404796176228462711160771547724834817927330732345581054688e-06
2.9153242061130464922230273727699056962592294439673423767089843750e-06
2.8905611214267705697000300502086389542455435730516910552978515625e-06
2.8658824291020450840384269086680291138691245578229427337646484375e-06
2.8412884692755404581420396181723475592661998234689235687255859375e-06
2.8167795795387447273130758496062497897582943551242351531982421875e-06
2.7923560949524024863874997054447035793600662145763635635375976562e-06
2.7680183480552965038156906785182798103051027283072471618652343750e-06
2.7437666688724825759756499599095747043975279666483402252197265625e-06
2.7196013849363510014064786168841436619914020411670207977294921875e-06
2.6955228213044998230283905843451819350775622297078371047973632812e-06
2.6715313005777524894802325144960164493568299803882837295532226562e-06
2.6476271429332831961042313273502202264353400096297264099121093750e-06
2.6238106661478247406678147857217453520206618122756481170654296875e-06
2.6000821856306155639129620155136635162307356949895620346069335938e-06
2.5764420144682476030144769457708164850373577792197465896606445312e-06
2.5528904634622601548779759206286854578138445504009723663330078125e-06
2.5294278411797890582539058423883204795856727287173271179199218750e-06
2.5060544540044356809013748055292580829700455069541931152343750000e-06
2.4827706061935428639650142584871517215105996001511812210083007812e-06
2.4595765999525834729852197951815995224933431018143892288208007812e-06
2.4364727354910129034071524650739704043189703952521085739135742188e-06
2.4134593111064891430097602287307978485841886140406131744384765625e-06
2.3905366232687247985192174198898484860364987980574369430541992188e-06
2.3677049667026678486116651745074790369471884332597255706787109375e-06
2.3449646344921145256696200925849993268457183148711919784545898438e-06
2.3223159181746312159830801513660247792358859442174434661865234375e-06
2.2997591078556561504917833682615224688561283983290195465087890625e-06
2.2772944923214364252249918008086382315013906918466091156005859375e-06
2.2549223591613996982242675709562362840188143309205770492553710938e-06
2.2326429949034681263838209713812332779525604564696550369262695312e-06
2.2104566851381766443105248570732968005358998198062181472778320312e-06
2.1883637146694723575059658704500265002934611402451992034912109375e-06
2.1663643676602309910564705952573660852067405357956886291503906250e-06
2.1444589277820267142677691796226469023167737759649753570556640625e-06
2.1226476783791880229880499886263578446232713758945465087890625000e-06
2.1009309026257203339657121665684513800442800857126712799072265625e-06
2.0793088836958700448226487061953449142492900136858224868774414062e-06
2.0577819049349266102857079763222003521150327287614345550537109375e-06
2.0363502500279930098941658100919482876633992418646812438964843750e-06
2.0150142031793165989770905827116465047765814233571290969848632812e-06
1.9937740492866804869987948367615615552495000883936882019042968750e-06
1.9726300741160896833699314040222461130724695976823568344116210938e-06
1.9515825644766804364401910354409608316927915439009666442871093750e-06
1.9306318083921025272986331244862157063835184089839458465576171875e-06
1.9097780952719401035731165011677390452859981451183557510375976562e-06
1.8890217160740252149808519888107838369251112453639507293701171875e-06
1.8683629634606243360549909793277834069158416241407394409179687500e-06
1.8478021319551483552326171660995512979752675164490938186645507812e-06
1.8273395180778002426763128446252082426326524000614881515502929688e-06
1.8069754204787642049663196064379633298813132569193840026855468750e-06
1.7867101400646668570926581254276754862075904384255409240722656250e-06
1.7665439800988157367079125006914530615631520049646496772766113281e-06
1.7464772462982008819720822906385038209009508136659860610961914062e-06
1.7265102469103579893182267429585508011768979486078023910522460938e-06
1.7066432927762468455007037124171453967846900923177599906921386719e-06
1.6868766973713847298214961803464184697531891288235783576965332031e-06
1.6672107768303044904821801769356781619535468053072690963745117188e-06
1.6476458499523899663157964698423363358870119554921984672546386719e-06
1.6281822381826180574563136052579359613901033299043774604797363281e-06
1.6088202655752502345380986967238179374817264033481478691101074219e-06
1.5895602587307436189602858137015495287869271123781800270080566406e-06
1.5704025467159503148600538380286195661028614267706871032714843750e-06
1.5513474609554972920885240056376730422016407828778028488159179688e-06
1.5323953351037728145845598012875221627382416045293211936950683594e-06
1.5135465048958422889109056916345785737121332203969359397888183594e-06
1.4948013079727758827284838857862858674252493074163794517517089844e-06
1.4761600836881233074471785060577389003810822032392024993896484375e-06
1.4576231728899785936444085179819474262785661267116665840148925781e-06
1.4391909176903813004057752431008587734595494111999869346618652344e-06
1.4208636612109664973082256630987352252759592374786734580993652344e-06
1.4026417473114481414194496325387184754163172328844666481018066406e-06
1.3845255203066094877524571174487455493817833485081791877746582031e-06
1.3665153246687380855545375368809146721105207689106464385986328125e-06
1.3486115047170586070976287806910676181360031478106975555419921875e-06
1.3308144042987631096319235679548143025385797955095767974853515625e-06
1.3131243664645870404338685519252116762345394818112254142761230469e-06
1.2955417331371793208136342784309036346712673548609018325805664062e-06
1.2780668447792049794694895989422001036928122630342841148376464844e-06
1.2607000400619562173687654774156818859864870319142937660217285156e-06
1.2434416555339234503220610314477845292913116281852126121520996094e-06
1.2262920252966747635845964903289484482229454442858695983886718750e-06
1.2092514806878210088195851890091603308974299579858779907226562500e-06
1.1923203499723076584495889615467056898978626122698187828063964844e-06
1.1754989580473443139751413971660909396632632706314325332641601562e-06
1.1587876261610658889177841862627715840972086880356073379516601562e-06
1.1421866716439765777283549263998452261148486286401748657226562500e-06
1.1256964076620018469379689435294622512628848198801279067993164062e-06
1.1093171429883907210336719401100324944309249985963106155395507812e-06
1.0930491817921053528941607857483120369579410180449485778808593750e-06
1.0768928234516749457188103389349009830766590312123298645019531250e-06
1.0608483623916334791546312379950656179516954580321907997131347656e-06
1.0449160879388491571565476812022410513236536644399166107177734375e-06
1.0290962842062759122403227396436165008708485402166843414306640625e-06
1.0133892299988084462523214510087932183068915037438273429870605469e-06
9.9779519874269897487480997233522117539905593730509281158447265625e-07
9.8231445844050058054618395492196825102837465237826108932495117188e-07
9.6694727164715060192053293353087184414107468910515308380126953125e-07
9.5169389547029007116787360440191001487164612626656889915466308594e-07
9.3655458159238440290816950575814026080934127094224095344543457031e-07
9.2152957631346986480658494550466386385778605472296476364135742188e-07
9.0661912061276982465119660473118479160348215373232960700988769531e-07
8.9182345023134547248898958832219463488399924244731664657592773438e-07
8.7714279577020129415921862597871339062294282484799623489379882812e-07
8.6257738280391125891490185229049103554643807001411914825439453125e-07
8.4812743201190278525836976561413926845034438883885741233825683594e-07
8.3379315931811627443838311549151320889450289541855454444885253906e-07
8.1957477604600938694059128822311244277898367727175354957580566406e-07
8.0547248908182708999377178230028029304321535164490342140197753906e-07
7.9148650104428681498121853424287941436432447517290711402893066406e-07
7.7761701046587971881165731249940797908948297845199704170227050781e-07
7.6386421197475893912260834148209021066122659249231219291687011719e-07
7.5022829648270446384735127623444306266264902660623192787170410156e-07
7.3670945137711881881963657883738427756270539248362183570861816406e-07
7.2330786071108082646769800450048393258839496411383152008056640625e-07
7.1002370539599859098603331503118951673059200402349233627319335938e-07
6.9685716339202684592202567334662255404964525951072573661804199219e-07
6.8380840989757056497071446149460527408336929511278867721557617188e-07
6.7087761753581464009175625018421840195514960214495658874511718750e-07
6.5806495653606071826412487330015821385131857823580503463745117188e-07
6.4537059491188078254591143495533245300066482741385698318481445312e-07
6.3279469863462592208873695384663271568115305854007601737976074219e-07
6.2033743180025042401155247612232201959159283433109521865844726562e-07
6.0799895678923847598494742058838902210027299588546156883239746094e-07
5.9577943442256347236963718791424859944072522921487689018249511719e-07
5.8367902410853906919400687150489837051736685680225491523742675781e-07
5.7169788398262906599936678322948502284361893543973565101623535156e-07
5.5983617104196386116046063596840554055233951658010482788085937500e-07
5.4809404127023344825486239964562606985509773949161171913146972656e-07
5.3647164975581283094204811112692965480164275504648685455322265625e-07
5.2496915080247780537812387832707905488405231153592467308044433594e-07
5.1358669803305754664163708736457358838833897607401013374328613281e-07
5.0232444448450516321692544546850811570948280859738588333129882812e-07
4.9118254269616657691101399216271339298600651090964674949645996094e-07
4.8016114479150575561561741996796648379586258670315146446228027344e-07
4.6926040255117665747999246284027918818537727929651737213134765625e-07
4.5848046748064997084280681148571456873241913854144513607025146484e-07
4.4782149087024022162168324263931129536331354756839573383331298828e-07
4.3728362384889183606825565665821020644443706260062754154205322266e-07
4.2686701743206307794675715035215279868907600757665932178497314453e-07
4.1657182256305188605805087283251442187292923335917294025421142578e-07
4.0639819014950955877163159095377675811278095352463424205780029297e-07
3.9634627109479643142532219284024375127728490042500197887420654297e-07
3.8641621632333838993648240586753495051652862457558512687683105469e-07
3.7660817680300405190036891998894841293576973839662969112396240234e-07
3.6692230356352683322040996241608645789256115676835179328918457031e-07
3.5735874771035870135614141360202999919692956609651446342468261719e-07
3.4791766043768097196994728420582632111290877219289541244506835938e-07
3.3859919303793787650664367898378781518431424046866595745086669922e-07
3.2940349691019545389389865629181652906254385015927255153656005859e-07
3.2033072356902200277992392302151003491417213808745145797729492188e-07
3.1138102465158034134039429473295168548929723328910768032073974609e-07
3.0255455192690482975413201333081403276992205064743757247924804688e-07
2.9385145730691793365465538066805262218395000672899186611175537109e-07
2.8527189285942688591461192937348556597498827613890171051025390625e-07
2.7681601082519515924165601564177485727213934296742081642150878906e-07
2.6848396363883892780589001877955546149223664542660117149353027344e-07
2.6027590395494352822343777677238652046298739151097834110260009766e-07
2.5219198468012942702197302403954726202073288732208311557769775391e-07
2.4423235901129226419834362775407310408581906813196837902069091797e-07
2.3639718048119543392593876977164635277972593030426651239395141602e-07
2.2868660301118679468361603174253460224463196936994791030883789062e-07
2.2110078097103614714417896790210615876048905192874372005462646484e-07
2.1363986924647216214405746285281972873804079426918178796768188477e-07
2.0630402331356182608936553936340718706787811242975294589996337891e-07
1.9909339931889950005871920031552679830610941280610859394073486328e-07
1.9200815416464841890263734371785409038579928164836019277572631836e-07
1.8504844559745887485406839849388926921847087214700877666473388672e-07
1.7821443229775382814956811473872111406535623245872557163238525391e-07
1.7150627396711237281851981407998497530797976651228964328765869141e-07
1.6492413141181789022674637149729059970582056848797947168350219727e-07
1.5846816661699810179585027648807571409861338906921446323394775391e-07
1.5213854280787007742201143774968263855384975613560527563095092773e-07
1.4593542449355849391709341947298561592560872668400406837463378906e-07
1.3985897748789606427568968458757803219327797705773264169692993164e-07
1.3390936890183661062700762323096626005280995741486549377441406250e-07
1.2808676710209500128581270282646098479517604573629796504974365234e-07
1.2239134163095547114143005814484999049795987957622855901718139648e-07
1.1682326308169578618753516735528918957243149634450674057006835938e-07
1.1138270292598424289593167339773582824591358075849711894989013672e-07
1.0606983328962543226481942413089165633266475197160616517066955566e-07
1.0088482667527446217955284461093024006572704820428043603897094727e-07
9.5827855632135136141846435027524808702992231701500713825225830078e-08
9.0899092374622795505242770549431119420091818028595298528671264648e-08
8.6098708355144353104770513739063542146823237999342381954193115234e-08
8.1426873797982719532472764729924552540296645020134747028350830078e-08
7.6883757204965370799812590749816587631926267931703478097915649414e-08
7.2469524845938587529324700041433171548987957066856324672698974609e-08
6.8184340249644127440441514383107080021773072076030075550079345703e-08
6.4028363713587064727030299330495788368011744751129299402236938477e-08
6.0001751852372980693244030898220175984647539735306054353713989258e-08
5.6104657205488067125662040831104993010569614853011444211006164551e-08
5.2337227925557206412601025328351633802981268672738224267959594727e-08
4.8699607566576397515785461700063563306173364253481850028038024902e-08
4.5191934989864212912309883061687254546257008769316598773002624512e-08
4.1814344401822156806321163693279663320367944834288209676742553711e-08
3.8566965532900822100476317510348023276378626178484410047531127930e-08
3.5449923961271792882675479071513668927195794822182506322860717773e-08
3.2463341578115375793490483304071236858590054907836019992828369141e-08
2.9607337183420286254724213166611423986296358634717762470245361328e-08
2.6882027192667345796956535975211211031421498773852363228797912598e-08
2.4287526425183748745492606150968295519732009779545478522777557373e-08
2.1823948934714278178078049894375589623507494252407923340797424316e-08
1.9491408832113543829985305953778063070558346225880086421966552734e-08
1.7290021038942585970349185382419210377236140629975125193595886230e-08
1.5219901901558884859200698269968143883090760937193408608436584473e-08
1.3281169591253968987318660451100310604388710089551750570535659790e-08
1.1473944235579011257647221160450162757982184302818495780229568481e-08
9.7983479222744613274311031077962175217521689774002879858016967773e-09
8.2545062916938112067315319055581246399100336930132471024990081787e-09
6.8425167292665693243645462886300817606510804580466356128454208374e-09
5.5624877397384981743129638205071219037023411146947182714939117432e-09
4.4146114307099011669750123604792635401139477835386060178279876709e-09
