-2.7626163271938923848836111574200913310050964355468750000000000000e+00
-2.7616149695218257242856907396344467997550964355468750000000000000e+00
-2.7606567386119493789919943083077669143676757812500000000000000000e+00
-2.7597386420564276043876361654838547110557556152343750000000000000e+00
-2.7588566950239532538091680180514231324195861816406250000000000000e+00
-2.7580087590696407140455903572728857398033142089843750000000000000e+00
-2.7571931437320049695927082211710512638092041015625000000000000000e+00
-2.7564083615149854722403688356280326843261718750000000000000000000e+00
-2.7556530682835558287990807002643123269081115722656250000000000000e+00
-2.7549261275335852339196662796894088387489318847656250000000000000e+00
-2.7542263318032680352587249217322096228599548339843750000000000000e+00
-2.7535526418948355065197119984077289700508117675781250000000000000e+00
-2.7529042436449024933153850724920630455017089843750000000000000000e+00
-2.7522805438621351648009749624179676175117492675781250000000000000e+00
-2.7516811849538043155405375728150829672813415527343750000000000000e+00
-2.7511060707617729370610959449550136923789978027343750000000000000e+00
-2.7505553892507070834483329235808923840522766113281250000000000000e+00
-2.7500296399253314483246413146844133734703063964843750000000000000e+00
-2.7495297184208511431791066570440307259559631347656250000000000000e+00
-2.7490569307729670889273165812483057379722595214843750000000000000e+00
-2.7486082434555596520908693491946905851364135742187500000000000000e+00
-2.7481814531399919587784097529947757720947265625000000000000000000e+00
-2.7477745764547720774828576395520940423011779785156250000000000000e+00
-2.7473858379312114941228628595126792788505554199218750000000000000e+00
-2.7470136483101206259505033813184127211570739746093750000000000000e+00
-2.7466565819999142483709420048398897051811218261718750000000000000e+00
-2.7463133574619322807564003596780821681022644042968750000000000000e+00
-2.7459828207193983651279722835170105099678039550781250000000000000e+00
-2.7456639310489379113278118893504142761230468750000000000000000000e+00
-2.7453557483593247212638743803836405277252197265625000000000000000e+00
-2.7450574220886614362768796127056702971458435058593750000000000000e+00
-2.7447681814636615271751907130237668752670288085937500000000000000e+00
-2.7444873269447453978386874950956553220748901367187500000000000000e+00
-2.7442142226954850947606701083714142441749572753906250000000000000e+00
-2.7439482899408291771692347538191825151443481445312500000000000000e+00
-2.7436890011001655587108416511910036206245422363281250000000000000e+00
-2.7434358745966784809411365131381899118423461914062500000000000000e+00
-2.7431884702573365863997878477675840258598327636718750000000000000e+00
-2.7429463852295845605056001659249886870384216308593750000000000000e+00
-2.7427092503505958731579994491767138242721557617187500000000000000e+00
-2.7424767269139596059801533556310459971427917480468750000000000000e+00
-2.7422485037856021428126496175536885857582092285156250000000000000e+00
-2.7420242948272917082874755578814074397087097167968750000000000000e+00
-2.7418038365917825061046642076689749956130981445312500000000000000e+00
-2.7415868862566385999457452271599322557449340820312500000000000000e+00
-2.7413732197726026207362792774802073836326599121093750000000000000e+00
-2.7411626301949469919350121926981955766677856445312500000000000000e+00
-2.7409549261906347439321507408749312162399291992187500000000000000e+00
-2.7407499306793972060347641672706231474876403808593750000000000000e+00
-2.7405474796273838755666929500875994563102722167968750000000000000e+00
-2.7403474209329869992757267027627676725387573242187500000000000000e+00
-2.7401496134432932194613385945558547973632812500000000000000000000e+00
-2.7399539260495320291965981596149504184722900390625000000000000000e+00
-2.7397602368529336835933918337104842066764831542968750000000000000e+00
-2.7395684324731428560539825411979109048843383789062500000000000000e+00
-2.7393784072751001801293568860273808240890502929687500000000000000e+00
-2.7391900629113736798103673208970576524734497070312500000000000000e+00
-2.7390033075533688489144878985825926065444946289062500000000000000e+00
-2.7388180556198240545029420900391414761543273925781250000000000000e+00
-2.7386342270972536816486808675108477473258972167968750000000000000e+00
-2.7384517472251412861794506170554086565971374511718750000000000000e+00
-2.7382705461938288138412644912023097276687622070312500000000000000e+00
-2.7380905584216965742427873919950798153877258300781250000000000000e+00
-2.7379117229068050676232815021649003028869628906250000000000000000e+00
-2.7377339819951513888440786104183644056320190429687500000000000000e+00
-2.7375572821161071601636649575084447860717773437500000000000000000e+00
-2.7373815727268011599448982451576739549636840820312500000000000000e+00
-2.7372068063292380735163078497862443327903747558593750000000000000e+00
-2.7370329388568475081910946755670011043548583984375000000000000000e+00
-2.7368599279082190811607233627000823616981506347656250000000000000e+00
-2.7366877349125595664247612148756161332130432128906250000000000000e+00
-2.7365163223812483117569627211196348071098327636718750000000000000e+00
-2.7363456557304566274524404434487223625183105468750000000000000000e+00
-2.7361757026629307532061829988379031419754028320312500000000000000e+00
-2.7360064313684566705831002764170989394187927246093750000000000000e+00
-2.7358378142298684920774576312396675348281860351562500000000000000e+00
-2.7356698225257534140553161705611273646354675292968750000000000000e+00
-2.7355024312758384752441997989080846309661865234375000000000000000e+00
-2.7353356163761959329860928846755996346473693847656250000000000000e+00
-2.7351693534629637483135411457624286413192749023437500000000000000e+00
-2.7350036232018291038059487618738785386085510253906250000000000000e+00
-2.7348384026317180683918195427395403385162353515625000000000000000e+00
-2.7346736741107093848768272437155246734619140625000000000000000000e+00
-2.7345094194483987593002893845550715923309326171875000000000000000e+00
-2.7343456191772945729212551668751984834671020507812500000000000000e+00
-2.7341822609550847644754867360461503267288208007812500000000000000e+00
-2.7340193248418396265719820803496986627578735351562500000000000000e+00
-2.7338567996459630649042082950472831726074218750000000000000000000e+00
-2.7336946707345828322388570086332038044929504394531250000000000000e+00
-2.7335329227643629934618729748763144016265869140625000000000000000e+00
-2.7333715478827094180758194852387532591819763183593750000000000000e+00
-2.7332105298186415431871409964514896273612976074218750000000000000e+00
-2.7330498592308489769209245423553511500358581542968750000000000000e+00
-2.7328895290575192511539626138983294367790222167968750000000000000e+00
-2.7327295198752636906647239811718463897705078125000000000000000000e+00
-2.7325698364322521527469689317513257265090942382812500000000000000e+00
-2.7324104539674896052758867881493642926216125488281250000000000000e+00
-2.7322513778927857153178138105431571602821350097656250000000000000e+00
-2.7320925904706747644468123326078057289123535156250000000000000000e+00
-2.7319340901342483718394760217051953077316284179687500000000000000e+00
-2.7317758634317379495826116908574476838111877441406250000000000000e+00
-2.7316179159436502210667185863712802529335021972656250000000000000e+00
-2.7314602164477386203600417502457275986671447753906250000000000000e+00
-2.7313027992514147257452350459061563014984130859375000000000000000e+00
-2.7311456030232643676924908504588529467582702636718750000000000000e+00
-2.7309886877613736011483069887617602944374084472656250000000000000e+00
-2.7308319793853335077926658414071425795555114746093750000000000000e+00
-2.7306755395751003412385671254014596343040466308593750000000000000e+00
-2.7305192997271614530063743586651980876922607421875000000000000000e+00
-2.7303633214004414675457610428566113114356994628906250000000000000e+00
-2.7302075227701627646581528097158297896385192871093750000000000000e+00
-2.7300519980660022945073706068797037005424499511718750000000000000e+00
-2.7298966197675875733352768293116241693496704101562500000000000000e+00
-2.7297415298547855755373348074499517679214477539062500000000000000e+00
-2.7295865682644988581273537420202046632766723632812500000000000000e+00
-2.7294318842844007555470398074248805642127990722656250000000000000e+00
-2.7292773387508368898579647066071629524230957031250000000000000000e+00
-2.7291230431729256444839393225265666842460632324218750000000000000e+00
-2.7289688970814967028388764447299763560295104980468750000000000000e+00
-2.7288149897840225932554858445655554533004760742187500000000000000e+00
-2.7286612212573548852390104002552106976509094238281250000000000000e+00
-2.7285076954465998788634806260233744978904724121093750000000000000e+00
-2.7283543030748687030495602812152355909347534179687500000000000000e+00
-2.7282011309814691024655530782183632254600524902343750000000000000e+00
-2.7280481272920713564644756843335926532745361328125000000000000000e+00
-2.7278952862838323767391557339578866958618164062500000000000000000e+00
-2.7277426629583967354619744583033025264739990234375000000000000000e+00
-2.7275901616671425209403878398006781935691833496093750000000000000e+00
-2.7274378859863745994118744420120492577552795410156250000000000000e+00
-2.7272857411765278889959063235437497496604919433593750000000000000e+00
-2.7271337957858987621762025810312479734420776367187500000000000000e+00
-2.7269819950401115171700894279638305306434631347656250000000000000e+00
-2.7268303928907391409097726864274591207504272460937500000000000000e+00
-2.7266789112127272076691042457241564989089965820312500000000000000e+00
-2.7265276538798719485612309654243290424346923828125000000000000000e+00
-2.7263764994847798917021464149001985788345336914062500000000000000e+00
-2.7262255518663001119250566262053325772285461425781250000000000000e+00
-2.7260747548584576271935020486125722527503967285156250000000000000e+00
-2.7259240905382795538969276094576343894004821777343750000000000000e+00
-2.7257736442862428027922305773245170712471008300781250000000000000e+00
-2.7256232873545438444295996305299922823905944824218750000000000000e+00
-2.7254731467269599498592924646800383925437927246093750000000000000e+00
-2.7253231294511786053647028893465176224708557128906250000000000000e+00
-2.7251732777948030062020734476391226053237915039062500000000000000e+00
-2.7250235825860000815623607195448130369186401367187500000000000000e+00
-2.7248740496340180250456342037068679928779602050781250000000000000e+00
-2.7247246424656630381377908634021878242492675781250000000000000000e+00
-2.7245754352872499914894888206617906689643859863281250000000000000e+00
-2.7244263340595380462616503791650757193565368652343750000000000000e+00
-2.7242774074041675724799915769835934042930603027343750000000000000e+00
-2.7241286534401014662876150396186858415603637695312500000000000000e+00
-2.7239799849392087871535750309703871607780456542968750000000000000e+00
-2.7238315588702048941627253952901810407638549804687500000000000000e+00
-2.7236831965227894514214312948752194643020629882812500000000000000e+00
-2.7235350359439007839057467208476737141609191894531250000000000000e+00
-2.7233870201890422180213136016391217708587646484375000000000000000e+00
-2.7232391198736136672664542857091873884201049804687500000000000000e+00
-2.7230914131142722744982620497466996312141418457031250000000000000e+00
-2.7229438269882821899159353051800280809402465820312500000000000000e+00
-2.7227963834615178662090784200699999928474426269531250000000000000e+00
-2.7226491183458882971990533405914902687072753906250000000000000000e+00
-2.7225019697768302329166090203216299414634704589843750000000000000e+00
-2.7223549683309204993975072284229099750518798828125000000000000000e+00
-2.7222081600711169890871587995206937193870544433593750000000000000e+00
-2.7220614134352700830277171917259693145751953125000000000000000000e+00
-2.7219149038250605165956130804261192679405212402343750000000000000e+00
-2.7217684828889412429475669341627508401870727539062500000000000000e+00
-2.7216222031349395216182074364041909575462341308593750000000000000e+00
-2.7214761349981348992344010184751823544502258300781250000000000000e+00
-2.7213301122243338525663602922577410936355590820312500000000000000e+00
-2.7211843246070430701877285173395648598670959472656250000000000000e+00
-2.7210386368351415775634905003244057297706604003906250000000000000e+00
-2.7208930831437148079032795067178085446357727050781250000000000000e+00
-2.7207477191908591152014196268282830715179443359375000000000000000e+00
-2.7206024581551555563407873705727979540824890136718750000000000000e+00
-2.7204573430773613118560660950606688857078552246093750000000000000e+00
-2.7203124200936077414780811523087322711944580078125000000000000000e+00
-2.7201675632316693054235656745731830596923828125000000000000000000e+00
-2.7200229149423065244661756878485903143882751464843750000000000000e+00
-2.7198783973938831515226866031298413872718811035156250000000000000e+00
-2.7197339689603206025481085816863924264907836914062500000000000000e+00
-2.7195897834418638616682528663659468293190002441406250000000000000e+00
-2.7194456433267903960881994862575083971023559570312500000000000000e+00
-2.7193016909863345631492848042398691177368164062500000000000000000e+00
-2.7191579158575338581727010023314505815505981445312500000000000000e+00
-2.7190141809502881287130549026187509298324584960937500000000000000e+00
-2.7188707150049356009446910320548340678215026855468750000000000000e+00
-2.7187272938272251110447541577741503715515136718750000000000000000e+00
-2.7185840499285465199363898136653006076812744140625000000000000000e+00
-2.7184409723656970392369203182170167565345764160156250000000000000e+00
-2.7182979913414371253566059749573469161987304687500000000000000000e+00
-2.7181551684126352697035144956316798925399780273437500000000000000e+00
-2.7180125345371575207309433608315885066986083984375000000000000000e+00
-2.7178699344297143625226453877985477447509765625000000000000000000e+00
-2.7177276051388505884176538529573008418083190917968750000000000000e+00
-2.7175853217729639688116094475844874978065490722656250000000000000e+00
-2.7174432018446994518967585463542491197586059570312500000000000000e+00
-2.7173012759437820129448937223060056567192077636718750000000000000e+00
-2.7171594035713244608132299617864191532135009765625000000000000000e+00
-2.7170177334498899490711210091831162571907043457031250000000000000e+00
-2.7168762200304392706584621919319033622741699218750000000000000000e+00
-2.7167347419223006887989413371542468667030334472656250000000000000e+00
-2.7165935681165036541528934321831911802291870117187500000000000000e+00
-2.7164523723226503548744403815362602472305297851562500000000000000e+00
-2.7163114244217005932569009019061923027038574218750000000000000000e+00
-2.7161705849643871246712478750851005315780639648437500000000000000e+00
-2.7160298665229918313457346812356263399124145507812500000000000000e+00
-2.7158893045408811772745139023754745721817016601562500000000000000e+00
-2.7157489222968753672660113807069137692451477050781250000000000000e+00
-2.7156085633097850617900803626980632543563842773437500000000000000e+00
-2.7154685140148036026630506967194378376007080078125000000000000000e+00
-2.7153284377647928238275198964402079582214355468750000000000000000e+00
-2.7151886066643751149740637629292905330657958984375000000000000000e+00
-2.7150488973466559983194201777223497629165649414062500000000000000e+00
-2.7149092775928802545593043760163709521293640136718750000000000000e+00
-2.7147698564296991463606900651939213275909423828125000000000000000e+00
-2.7146305702434836426562014821683987975120544433593750000000000000e+00
-2.7144913347178980522755864512873813509941101074218750000000000000e+00
-2.7143524084029420073704841342987492680549621582031250000000000000e+00
-2.7142134202142744747732194809941574931144714355468750000000000000e+00
-2.7140747364382593609377636312274262309074401855468750000000000000e+00
-2.7139361026175423674544617824722081422805786132812500000000000000e+00
-2.7137976204876128605292251450009644031524658203125000000000000000e+00
-2.7136592933703225227759503468405455350875854492187500000000000000e+00
-2.7135211183680891799951950815739110112190246582031250000000000000e+00
-2.7133829936033424523600388056365773081779479980468750000000000000e+00
-2.7132451669721100451226902805501595139503479003906250000000000000e+00
-2.7131072888994576253196555626345798373222351074218750000000000000e+00
-2.7129697023933663224681822612183168530464172363281250000000000000e+00
-2.7128321810982831685521432518726214766502380371093750000000000000e+00
-2.7126947825717158124803063401486724615097045898437500000000000000e+00
-2.7125575796048564392037860670825466513633728027343750000000000000e+00
-2.7124204768107800234133719641249626874923706054687500000000000000e+00
-2.7122834701678706359473380871349945664405822753906250000000000000e+00
-2.7121467318990104544695896038319915533065795898437500000000000000e+00
-2.7120099399776522730576289177406579256057739257812500000000000000e+00
-2.7118734695072466145404632698046043515205383300781250000000000000e+00
-2.7117370116498040744090758380480110645294189453125000000000000000e+00
-2.7116007293605224326427105552284047007560729980468750000000000000e+00
-2.7114646012762140259155785315670073032379150390625000000000000000e+00
-2.7113285878345760870899994188221171498298645019531250000000000000e+00
-2.7111926772104029126353452738840132951736450195312500000000000000e+00
-2.7110570100005051408231793175218626856803894042968750000000000000e+00
-2.7109213157167340035869074199581518769264221191406250000000000000e+00
-2.7107859161181346863145336101297289133071899414062500000000000000e+00
-2.7106505501829656346046704129548743367195129394531250000000000000e+00
-2.7105153326580233574816247710259631276130676269531250000000000000e+00
-2.7103803033581344017477476882049813866615295410156250000000000000e+00
-2.7102453398872241585593201307347044348716735839843750000000000000e+00
-2.7101105303588135519987645238870754837989807128906250000000000000e+00
-2.7099759174520938742602993443142622709274291992187500000000000000e+00
-2.7098412997465746165914879384217783808708190917968750000000000000e+00
-2.7097069803486810712911392329260706901550292968750000000000000000e+00
-2.7095726613646404778990017803153023123741149902343750000000000000e+00
-2.7094385340888171853634958097245544195175170898437500000000000000e+00
-2.7093045529329362608450537663884460926055908203125000000000000000e+00
-2.7091706565467394973723003204213455319404602050781250000000000000e+00
-2.7090369178832069962936657248064875602722167968750000000000000000e+00
-2.7089033465260667910001757263671606779098510742187500000000000000e+00
-2.7087698071096300012072788376826792955398559570312500000000000000e+00
-2.7086365263553480176028642745222896337509155273437500000000000000e+00
-2.7085032753674163075174874393269419670104980468750000000000000000e+00
-2.7083701880137907025414278905373066663742065429687500000000000000e+00
-2.7082372733289479249663145310478284955024719238281250000000000000e+00
-2.7081044044166033835097096016397699713706970214843750000000000000e+00
-2.7079717376968037712003933847881853580474853515625000000000000000e+00
-2.7078391885099213354237690509762614965438842773437500000000000000e+00
-2.7077067055441434995088911819038912653923034667968750000000000000e+00
-2.7075744670237229527742783830035477876663208007812500000000000000e+00
-2.7074422398709199200084185576997697353363037109375000000000000000e+00
-2.7073102134634945414859430456999689340591430664062500000000000000e+00
-2.7071783109398781519416843366343528032302856445312500000000000000e+00
-2.7070464889795489149548757268348708748817443847656250000000000000e+00
-2.7069148531619022790550843637902289628982543945312500000000000000e+00
-2.7067833210067830940204203216126188635826110839843750000000000000e+00
-2.7066518837370812100573402858572080731391906738281250000000000000e+00
-2.7065206512832693519499116519000381231307983398437500000000000000e+00
-2.7063894617372961093337835336569696664810180664062500000000000000e+00
-2.7062584450506803612768180755665525794029235839843750000000000000e+00
-2.7061275714663830527229038125369697809219360351562500000000000000e+00
-2.7059967518555749776965058117639273405075073242187500000000000000e+00
-2.7058661490332269750069826841354370117187500000000000000000000000e+00
-2.7057356079359857758959151396993547677993774414062500000000000000e+00
-2.7056051969086323261137749796034768223762512207031250000000000000e+00
-2.7054749664831598821024272183421999216079711914062500000000000000e+00
-2.7053447727635937525292320060543715953826904296875000000000000000e+00
-2.7052147815376352824046080058906227350234985351562500000000000000e+00
-2.7050848795604269803050101472763344645500183105468750000000000000e+00
-2.7049550847949213050469552399590611457824707031250000000000000000e+00
-2.7048254614255591299354364309692755341529846191406250000000000000e+00
-2.7046959174817479798491604014998301863670349121093750000000000000e+00
-2.7045665051828331471028832311276346445083618164062500000000000000e+00
-2.7044372506614995366192033543484285473823547363281250000000000000e+00
-2.7043080565475374754669246613048017024993896484375000000000000000e+00
-2.7041790389251123549740896123694255948066711425781250000000000000e+00
-2.7040501276076911452150852710474282503128051757812500000000000000e+00
-2.7039213010909288747996015445096418261528015136718750000000000000e+00
-2.7037926705786108350082486140308901667594909667968750000000000000e+00
-2.7036640797145055081784903450170531868934631347656250000000000000e+00
-2.7035356615424750437171041994588449597358703613281250000000000000e+00
-2.7034073596393453087216585117857903242111206054687500000000000000e+00
-2.7032791368907727047599109937436878681182861328125000000000000000e+00
-2.7031510940423162381307520263362675905227661132812500000000000000e+00
-2.7030231207804704673947071569273248314857482910156250000000000000e+00
-2.7028952837570048295390279236016795039176940917968750000000000000e+00
-2.7027675806655522272592406807234510779380798339843750000000000000e+00
-2.7026399652655146432778110465733334422111511230468750000000000000e+00
-2.7025124869142169714564261084888130426406860351562500000000000000e+00
-2.7023851368782256798795060603879392147064208984375000000000000000e+00
-2.7022578614557395404460748977726325392723083496093750000000000000e+00
-2.7021307597349357720872831123415380716323852539062500000000000000e+00
-2.7020037297198169490286545624257996678352355957031250000000000000e+00
-2.7018768258244865165806913864798843860626220703125000000000000000e+00
-2.7017500690548668096369056002004072070121765136718750000000000000e+00
-2.7016233668276288248932814894942566752433776855468750000000000000e+00
-2.7014968455905732369615179777611047029495239257812500000000000000e+00
-2.7013703924187750793350915046175941824913024902343750000000000000e+00
-2.7012440679803657594959531706990674138069152832031250000000000000e+00
-2.7011178716774644215092848753556609153747558593750000000000000000e+00
-2.7009917630213440276065739453770220279693603515625000000000000000e+00
-2.7008657857873172858376165095251053571701049804687500000000000000e+00
-2.7007399230954876045984747179318219423294067382812500000000000000e+00
-2.7006141535371748219063192664179950952529907226562500000000000000e+00
-2.7004885193461944936643703840672969818115234375000000000000000000e+00
-2.7003629883338851058738327992614358663558959960937500000000000000e+00
-2.7002375507530462783734037657268345355987548828125000000000000000e+00
-2.7001122686722225374467143410583958029747009277343750000000000000e+00
-2.6999870398225667145197803620249032974243164062500000000000000000e+00
-2.6998619725194479279650749958818778395652770996093750000000000000e+00
-2.6997369870875091990569671906996518373489379882812500000000000000e+00
-2.6996121102632413268906930170487612485885620117187500000000000000e+00
-2.6994873667955867624357324530137702822685241699218750000000000000e+00
-2.6993626996540736051599651545984670519828796386718750000000000000e+00
-2.6992381671977607737744619953446090221405029296875000000000000000e+00
-2.6991137313141448927922283473890274763107299804687500000000000000e+00
-2.6989894023455232030528350151143968105316162109375000000000000000e+00
-2.6988651841273214593286411400185897946357727050781250000000000000e+00
-2.6987410789577719327780869207344949245452880859375000000000000000e+00
-2.6986170583301629655181841371813789010047912597656250000000000000e+00
-2.6984931800549207814299279561964794993400573730468750000000000000e+00
-2.6983693678914364433296668721595779061317443847656250000000000000e+00
-2.6982456913451562385830584389623254537582397460937500000000000000e+00
-2.6981221096895406930116223520599305629730224609375000000000000000e+00
-2.6979986207827435507056179631035774946212768554687500000000000000e+00
-2.6978752643708037162184609769610688090324401855468750000000000000e+00
-2.6977519788477191120534826040966436266899108886718750000000000000e+00
-2.6976288241224199992984722484834492206573486328125000000000000000e+00
-2.6975057568401727969842340826289728283882141113281250000000000000e+00
-2.6973827980876290411060836049728095531463623046875000000000000000e+00
-2.6972599392982545829511309420922771096229553222656250000000000000e+00
-2.6971371894363747045986201555933803319931030273437500000000000000e+00
-2.6970145254652679867035658389795571565628051757812500000000000000e+00
-2.6968919857858306698972228332422673702239990234375000000000000000e+00
-2.6967695231200097261137216264614835381507873535156250000000000000e+00
-2.6966471769917226275481425545876845717430114746093750000000000000e+00
-2.6965249287019950052979311294620856642723083496093750000000000000e+00
-2.6964027672112282907335156778572127223014831542968750000000000000e+00
-2.6962807284627365866924719739472493529319763183593750000000000000e+00
-2.6961587619432281215381408401299268007278442382812500000000000000e+00
-2.6960369161992652209391962969675660133361816406250000000000000000e+00
-2.6959151543707196019283856003312394022941589355468750000000000000e+00
-2.6957934965895575807337536389240995049476623535156250000000000000e+00
-2.6956719331772749370657038525678217411041259765625000000000000000e+00
-2.6955504708054394136240716761676594614982604980468750000000000000e+00
-2.6954290961338118748358283482957631349563598632812500000000000000e+00
-2.6953078301411199646508976002223789691925048828125000000000000000e+00
-2.6951866467959133544241012714337557554244995117187500000000000000e+00
-2.6950655666382097308542142855003476142883300781250000000000000000e+00
-2.6949445822165896125000017491402104496955871582031250000000000000e+00
-2.6948236810350740810804381908383220434188842773437500000000000000e+00
-2.6947028927987166646573768957750871777534484863281250000000000000e+00
-2.6945821756260111001779478101525455713272094726562500000000000000e+00
-2.6944615728076763971898799354676157236099243164062500000000000000e+00
-2.6943410455700660399713797232834622263908386230468750000000000000e+00
-2.6942206233286682959260360803455114364624023437500000000000000000e+00
-2.6941002825737396797478595544816926121711730957031250000000000000e+00
-2.6939800442163210902890568831935524940490722656250000000000000000e+00
-2.6938598831995395066485343704698607325553894042968750000000000000e+00
-2.6937398294012897537186290719546377658843994140625000000000000000e+00
-2.6936198480931330401233481097733601927757263183593750000000000000e+00
-2.6934999722834818136618650896707549691200256347656250000000000000e+00
-2.6933801748814079068949922657338902354240417480468750000000000000e+00
-2.6932604711040757372586540441261604428291320800781250000000000000e+00
-2.6931408568638661726879490743158385157585144042968750000000000000e+00
-2.6930213259389281788003245310392230749130249023437500000000000000e+00
-2.6929018885852178399886724946554750204086303710937500000000000000e+00
-2.6927825333249510997291054081870242953300476074218750000000000000e+00
-2.6926632685921565446562908618943765759468078613281250000000000000e+00
-2.6925440871253032426579920866061002016067504882812500000000000000e+00
-2.6924249956781483028578350058523938059806823730468750000000000000e+00
-2.6923059832089855092362995492294430732727050781250000000000000000e+00
-2.6921870654720030380246953427558764815330505371093750000000000000e+00
-2.6920682201885277606834279140457510948181152343750000000000000000e+00
-2.6919494724418271403010294307023286819458007812500000000000000000e+00
-2.6918307958423479675502676400355994701385498046875000000000000000e+00
-2.6917122132936044387463425664464011788368225097656250000000000000e+00
-2.6915937053926843880446995171951130032539367675781250000000000000e+00
-2.6914752864171136437221321102697402238845825195312500000000000000e+00
-2.6913569438670923439360649354057386517524719238281250000000000000e+00
-2.6912386889365307318655595736345276236534118652343750000000000000e+00
-2.6911205082849933845068335358519107103347778320312500000000000000e+00
-2.6910024161621626248575012141373008489608764648437500000000000000e+00
-2.6908843965018900412644597963662818074226379394531250000000000000e+00
-2.6907664637673249785621010232716798782348632812500000000000000000e+00
-2.6906486050645574970019424654310569167137145996093750000000000000e+00
-2.6905308289777600805336987832561135292053222656250000000000000000e+00
-2.6904131293861501816877535020466893911361694335937500000000000000e+00
-2.6902955092566851469371158600552007555961608886718750000000000000e+00
-2.6901779655123654322324000531807541847229003906250000000000000000e+00
-2.6900605008917524152423084160545840859413146972656250000000000000e+00
-2.6899431106194420237898157211020588874816894531250000000000000000e+00
-2.6898257995207628390232912352075800299644470214843750000000000000e+00
-2.6897085618024147990468009083997458219528198242187500000000000000e+00
-2.6895914014417621196173513453686609864234924316406250000000000000e+00
-2.6894743152263185237416109885089099407196044921875000000000000000e+00
-2.6893573037007607595683111867401748895645141601562500000000000000e+00
-2.6892403667453210758253590029198676347732543945312500000000000000e+00
-2.6891235031071287764348198834341019392013549804687500000000000000e+00
-2.6890067128015959774245402513770386576652526855468750000000000000e+00
-2.6888899957799501372335271298652514815330505371093750000000000000e+00
-2.6887733503019233260999953927239403128623962402343750000000000000e+00
-2.6886567777264818168703186529455706477165222167968750000000000000e+00
-2.6885402758758316643650232435902580618858337402343750000000000000e+00
-2.6884238454260063200251806847518309950828552246093750000000000000e+00
-2.6883074856646764771994639886543154716491699218750000000000000000e+00
-2.6881911956305977184911171207204461097717285156250000000000000000e+00
-2.6880749757975692659783817362040281295776367187500000000000000000e+00
-2.6879588248377923598297911667032167315483093261718750000000000000e+00
-2.6878427427535580562789618852548301219940185546875000000000000000e+00
-2.6877267292137965171150426613166928291320800781250000000000000000e+00
-2.6876107831607636278192785539431497454643249511718750000000000000e+00
-2.6874949049546548174305371503578498959541320800781250000000000000e+00
-2.6873790934370602734304611658444628119468688964843750000000000000e+00
-2.6872633485036607758900117914890870451927185058593750000000000000e+00
-2.6871476697777723074977984651923179626464843750000000000000000000e+00
-2.6870320563819838355357205728068947792053222656250000000000000000e+00
-2.6869165084148503019889631104888394474983215332031250000000000000e+00
-2.6868010249503875286336551653221249580383300781250000000000000000e+00
-2.6866856057459158613198724196990951895713806152343750000000000000e+00
-2.6865702504207682466130790999159216880798339843750000000000000000e+00
-2.6864549582063181887292557803448289632797241210937500000000000000e+00
-2.6863397290338184575375635176897048950195312500000000000000000000e+00
-2.6862245621141180862423425423912703990936279296875000000000000000e+00
-2.6861094571361827654243370488984510302543640136718750000000000000e+00
-2.6859944136856443996919097116915509104728698730468750000000000000e+00
-2.6858794310910001357228793494869023561477661132812500000000000000e+00
-2.6857645091529263048357734078308567404747009277343750000000000000e+00
-2.6856496471779847112770767125766724348068237304687500000000000000e+00
-2.6855348448112685844080260721966624259948730468750000000000000000e+00
-2.6854201016049041861322166369063779711723327636718750000000000000e+00
-2.6853054169608556733805926342029124498367309570312500000000000000e+00
-2.6851907905824505817804492835421115159988403320312500000000000000e+00
-2.6850762218427175476165302825393155217170715332031250000000000000e+00
-2.6849617103548100160992362361866980791091918945312500000000000000e+00
-2.6848472556444269443431949184741824865341186523437500000000000000e+00
-2.6847328571639499372736281657125800848007202148437500000000000000e+00
-2.6846185145459871002060481259832158684730529785156250000000000000e+00
-2.6845042272088548429564980324357748031616210937500000000000000000e+00
-2.6843899947401506089761369366897270083427429199218750000000000000e+00
-2.6842758166463926983169585582800209522247314453125000000000000000e+00
-2.6841616924121098897160209162393584847450256347656250000000000000e+00
-2.6840476216180539914546443469589576125144958496093750000000000000e+00
-2.6839336037138257218259695946471765637397766113281250000000000000e+00
-2.6838196382635359782398154493421316146850585937500000000000000000e+00
-2.6837057247618725241977699624840170145034790039062500000000000000e+00
-2.6835918627101267297518916166154667735099792480468750000000000000e+00
-2.6834780516518601523046072543365880846977233886718750000000000000e+00
-2.6833642910568409334359785134438425302505493164062500000000000000e+00
-2.6832505804672246441100469382945448160171508789062500000000000000e+00
-2.6831369193708605180859194661024957895278930664062500000000000000e+00
-2.6830233072742002420341123070102185010910034179687500000000000000e+00
-2.6829097436943456500557658728212118148803710937500000000000000000e+00
-2.6827962281122390564291890768799930810928344726562500000000000000e+00
-2.6826827600496341297287017368944361805915832519531250000000000000e+00
-2.6825693389901688057364026462892070412635803222656250000000000000e+00
-2.6824559644370311595196199050405994057655334472656250000000000000e+00
-2.6823426358885305020862688252236694097518920898437500000000000000e+00
-2.6822293528291121234019556140992790460586547851562500000000000000e+00
-2.6821161147621048748135308414930477738380432128906250000000000000e+00
-2.6820029211672093971685626456746831536293029785156250000000000000e+00
-2.6818897715388088087706819351296871900558471679687500000000000000e+00
-2.6817766653612857830069060582900419831275939941406250000000000000e+00
-2.6816636021162127967443211673526093363761901855468750000000000000e+00
-2.6815505812905415794489272229839116334915161132812500000000000000e+00
-2.6814376023585260178094813454663380980491638183593750000000000000e+00
-2.6813246648024859908332473423797637224197387695312500000000000000e+00
-2.6812117680952463061316848325077444314956665039062500000000000000e+00
-2.6810989117105186174683240096783265471458435058593750000000000000e+00
-2.6809860951204860235463911521947011351585388183593750000000000000e+00
-2.6808733177913683931592458975501358509063720703125000000000000000e+00
-2.6807605791917370474664039647905156016349792480468750000000000000e+00
-2.6806478787831644616801440861308947205543518066406250000000000000e+00
-2.6805352160278430595496956811985000967979431152343750000000000000e+00
-2.6804225903839347111556890013162046670913696289062500000000000000e+00
-2.6803100013066742945966325351037085056304931640625000000000000000e+00
-2.6801974482499577590033368323929607868194580078125000000000000000e+00
-2.6800849306629292989612167730228975415229797363281250000000000000e+00
-2.6799724479937174770327601436292752623558044433593750000000000000e+00
-2.6798599996861143246462688694009557366371154785156250000000000000e+00
-2.6797475851815941716438373987330123782157897949218750000000000000e+00
-2.6796352039184760940315754851326346397399902343750000000000000000e+00
-2.6795228553314824893050172249786555767059326171875000000000000000e+00
-2.6794105388527551525612580007873475551605224609375000000000000000e+00
-2.6792982539104146511022008780855685472488403320312500000000000000e+00
-2.6791859999297362726622395712183788418769836425781250000000000000e+00
-2.6790737763321534892213549028383567929267883300781250000000000000e+00
-2.6789615825356589695616094104479998350143432617187500000000000000e+00
-2.6788494179546442630623914737952873110771179199218750000000000000e+00
-2.6787372819995800554693232697900384664535522460937500000000000000e+00
-2.6786251740773265872519459662726148962974548339843750000000000000e+00
-2.6785130935906167337634542491286993026733398437500000000000000000e+00
-2.6784010399383189060529275593580678105354309082031250000000000000e+00
-2.6782890125151119775637198472395539283752441406250000000000000000e+00
-2.6781770107114901691147679230198264122009277343750000000000000000e+00
-2.6780650339136706783449426438892260193824768066406250000000000000e+00
-2.6779530815034306989730339410016313195228576660156250000000000000e+00
-2.6778411528580838840696287661558017134666442871093750000000000000e+00
-2.6777292473503062630868498672498390078544616699218750000000000000e+00
-2.6776173643480953856510495825204998254776000976562500000000000000e+00
-2.6775055032146122258041032182518392801284790039062500000000000000e+00
-2.6773936633081070191053640883183106780052185058593750000000000000e+00
-2.6772818439817993585450039972783997654914855957031250000000000000e+00
-2.6771700445837565141005143232177942991256713867187500000000000000e+00
-2.6770582644568028385378966049756854772567749023437500000000000000e+00
-2.6769465029383803233997696224832907319068908691406250000000000000e+00
-2.6768347593604562284497205837396904826164245605468750000000000000e+00
-2.6767230330493916312661895062774419784545898437500000000000000000e+00
-2.6766113233258188586205505998805165290832519531250000000000000000e+00
-2.6764996295045451191185748029965907335281372070312500000000000000e+00
-2.6763879508944010687798709113849326968193054199218750000000000000e+00
-2.6762762867981422232332988642156124114990234375000000000000000000e+00
-2.6761646365123170632216442754724994301795959472656250000000000000e+00
-2.6760529993271382487307619157945737242698669433593750000000000000e+00
-2.6759413745263751494007919973228126764297485351562500000000000000e+00
-2.6758297613872041864624407025985419750213623046875000000000000000e+00
-2.6757181591801098008431836206000298261642456054687500000000000000e+00
-2.6756065671687410123524841765174642205238342285156250000000000000e+00
-2.6754949846097950683088129153475165367126464843750000000000000000e+00
-2.6753834107528842167766924831084907054901123046875000000000000000e+00
-2.6752718448404273487994942115619778633117675781250000000000000000e+00
-2.6751602861075074457630762481130659580230712890625000000000000000e+00
-2.6750487337817618893609505903441458940505981445312500000000000000e+00
-2.6749371870832581166155250684823840856552124023437500000000000000e+00
-2.6748256452243706071669748780550435185432434082031250000000000000e+00
-2.6747141074096765223089278151746839284896850585937500000000000000e+00
-2.6746025728358215900470895576290786266326904296875000000000000000e+00
-2.6744910406914321754356933524832129478454589843750000000000000000e+00
-2.6743795101569824979037548473570495843887329101562500000000000000e+00
-2.6742679804047191360893975797807797789573669433593750000000000000e+00
-2.6741564505985300215229472087230533361434936523437500000000000000e+00
-2.6740449198938791575130835553864017128944396972656250000000000000e+00
-2.6739333874377031463609455386176705360412597656250000000000000000e+00
-2.6738218523683272564994695130735635757446289062500000000000000000e+00
-2.6737103138154036940932201105169951915740966796875000000000000000e+00
-2.6735987708998285583561482781078666448593139648437500000000000000e+00
-2.6734872227336987648982358223292976617813110351562500000000000000e+00
-2.6733756684202529818605853506596758961677551269531250000000000000e+00
-2.6732641070538361027786322665633633732795715332031250000000000000e+00
-2.6731525377198819271029606170486658811569213867187500000000000000e+00
-2.6730409594948798535085643379716202616691589355468750000000000000e+00
-2.6729293714463993048013890074798837304115295410156250000000000000e+00
-2.6728177726330812902233446948230266571044921875000000000000000000e+00
-2.6727061621046845907301303668646141886711120605468750000000000000e+00
-2.6725945389021297238230090442812070250511169433593750000000000000e+00
-2.6724829020575597837705572601407766342163085937500000000000000000e+00
-2.6723712505944465789298192248679697513580322265625000000000000000e+00
-2.6722595835276763409638078883290290832519531250000000000000000000e+00
-2.6721478998636980506375948607455939054489135742187500000000000000e+00
-2.6720361986006815335770170349860563874244689941406250000000000000e+00
-2.6719244787286946518634067615494132041931152343750000000000000000e+00
-2.6718127392299257927277267299359664320945739746093750000000000000e+00
-2.6717009790789285617051973531488329172134399414062500000000000000e+00
-2.6715891972428944534101447061402723193168640136718750000000000000e+00
-2.6714773926819748162131418212084099650382995605468750000000000000e+00
-2.6713655643496299063599508372135460376739501953125000000000000000e+00
-2.6712537111930170219409319543046876788139343261718750000000000000e+00
-2.6711418321534288189411654457217082381248474121093750000000000000e+00
-2.6710299261667711512302503251703456044197082519531250000000000000e+00
-2.6709179921640884280975569708971306681632995605468750000000000000e+00
-2.6708060290721431506710814574034884572029113769531250000000000000e+00
-2.6706940358140416336141242936719208955764770507812500000000000000e+00
-2.6705820113099196788652989198453724384307861328125000000000000000e+00
-2.6704699544776921982247586129233241081237792968750000000000000000e+00
-2.6703578642338521298427167494082823395729064941406250000000000000e+00
-2.6702457394943537316578385798493400216102600097656250000000000000e+00
-2.6701335791755358428645195090211927890777587890625000000000000000e+00
-2.6700213821951410686494909896282479166984558105468750000000000000e+00
-2.6699091474733998019530645251506939530372619628906250000000000000e+00
-2.6697968739341901844852600333979353308677673339843750000000000000e+00
-2.6696845605062748951752382708946242928504943847656250000000000000e+00
-2.6695722061246391909605790715431794524192810058593750000000000000e+00
-2.6694598097318835705493711429880931973457336425781250000000000000e+00
-2.6693473702797385627150106301996856927871704101562500000000000000e+00
-2.6692348867306532333998347894521430134773254394531250000000000000e+00
-2.6691223580594813924449226760771125555038452148437500000000000000e+00
-2.6690097832552619472323840454919263720512390136718750000000000000e+00
-2.6688971613231160517898388206958770751953125000000000000000000000e+00
-2.6687844912862148660792627197224646806716918945312500000000000000e+00
-2.6686717721878836506732568523148074746131896972656250000000000000e+00
-2.6685590030937857974890903278719633817672729492187500000000000000e+00
-2.6684461830942223237173038796754553914070129394531250000000000000e+00
-2.6683333113065419439635661547072231769561767578125000000000000000e+00
-2.6682203868776572797116841684328392148017883300781250000000000000e+00
-2.6681074089866512188962133222958073019981384277343750000000000000e+00
-2.6679943768475191667732815403724089264869689941406250000000000000e+00
-2.6678812897119796865297303156694397330284118652343750000000000000e+00
-2.6677681468724263602609880763338878750801086425781250000000000000e+00
-2.6676549476649453751520013611298054456710815429687500000000000000e+00
-2.6675416914724405792469497100682929158210754394531250000000000000e+00
-2.6674283777278677831645836704410612583160400390625000000000000000e+00
-2.6673150059175227966079546604305505752563476562500000000000000000e+00
-2.6672015755844400430873974983114749193191528320312500000000000000e+00
-2.6670880863318422449026456888532266020774841308593750000000000000e+00
-2.6669745378266642710229916701791808009147644042968750000000000000e+00
-2.6668609298031356047431472688913345336914062500000000000000000000e+00
-2.6667472620663947857622133597033098340034484863281250000000000000e+00
-2.6666335344961580311462512327125295996665954589843750000000000000e+00
-2.6665197470503816390419160597957670688629150390625000000000000000e+00
-2.6664058997689465968505828641355037689208984375000000000000000000e+00
-2.6662919927773476302945709903724491596221923828125000000000000000e+00
-2.6661780262903156391018910653656348586082458496093750000000000000e+00
-2.6660640006154463499399298598291352391242980957031250000000000000e+00
-2.6659499161567246083848203852539882063865661621093750000000000000e+00
-2.6658357734179922715611610328778624534606933593750000000000000000e+00
-2.6657215730063050784792721970006823539733886718750000000000000000e+00
-2.6656073156351580699663372797658666968345642089843750000000000000e+00
-2.6654930021275653473367128754034638404846191406250000000000000000e+00
-2.6653786334189750739653845812426880002021789550781250000000000000e+00
-2.6652642105599637645241273276042193174362182617187500000000000000e+00
-2.6651497347187307340732331795152276754379272460937500000000000000e+00
-2.6650352071833176559323419496649876236915588378906250000000000000e+00
-2.6649206293635758768800769757945090532302856445312500000000000000e+00
-2.6648060027928055504276017018128186464309692382812500000000000000e+00
-2.6646913291290776903963433142052963376045227050781250000000000000e+00
-2.6645766101561916272544294770341366529464721679687500000000000000e+00
-2.6644618477842598736060608644038438796997070312500000000000000000e+00
-2.6643470440498537854523419809993356466293334960937500000000000000e+00
-2.6642322011157628658395424281479790806770324707031250000000000000e+00
-2.6641173212702518036110177490627393126487731933593750000000000000e+00
-2.6640024069258587680053551594028249382972717285156250000000000000e+00
-2.6638874606176980996963266079546883702278137207031250000000000000e+00
-2.6637724850012398647436384635511785745620727539062500000000000000e+00
-2.6636574828495587219379103771643713116645812988281250000000000000e+00
-2.6635424570500325636146499164169654250144958496093750000000000000e+00
-2.6634274106005006998998396738898009061813354492187500000000000000e+00
-2.6633123466048398420014109433395788073539733886718750000000000000e+00
-2.6631972682679947439510215190239250659942626953125000000000000000e+00
-2.6630821788904288638377693132497370243072509765625000000000000000e+00
-2.6629670818620154726374948950251564383506774902343750000000000000e+00
-2.6628519806553896387413260526955127716064453125000000000000000000e+00
-2.6627368788187282255819354759296402335166931152343750000000000000e+00
-2.6626217799680418352181732188910245895385742187500000000000000000e+00
-2.6625066877789218544592131365789100527763366699218750000000000000e+00
-2.6623916059778345299946522573009133338928222656250000000000000000e+00
-2.6622765383329367594456016377080231904983520507812500000000000000e+00
-2.6621614886444895375916530610993504524230957031250000000000000000e+00
-2.6620464607348748309334496298106387257575988769531250000000000000e+00
-2.6619314584382594013334255578229203820228576660156250000000000000e+00
-2.6618164855899606457967365713557228446006774902343750000000000000e+00
-2.6617015460155606376702053239569067955017089843750000000000000000e+00
-2.6615866435197901296305644791573286056518554687500000000000000000e+00
-2.6614717818752655631442394223995506763458251953125000000000000000e+00
-2.6613569648111181642491374077508226037025451660156250000000000000e+00
-2.6612421960015653077391561964759603142738342285156250000000000000e+00
-2.6611274790544858781515813461737707257270812988281250000000000000e+00
-2.6610128175000538064409738581161946058273315429687500000000000000e+00
-2.6608982147794817407771006401162594556808471679687500000000000000e+00
-2.6607836742339299185289291926892474293708801269531250000000000000e+00
-2.6606691990936464087269541778368875384330749511718750000000000000e+00
-2.6605547924673715876053847750881686806678771972656250000000000000e+00
-2.6604404573320694638027816836256533861160278320312500000000000000e+00
-2.6603261965230369234802765276981517672538757324218750000000000000e+00
-2.6602120127244188729775942192645743489265441894531250000000000000e+00
-2.6600979084601896751394178863847628235816955566406250000000000000e+00
-2.6599838860856364064488843723665922880172729492187500000000000000e+00
-2.6598699477793568135552959574852138757705688476562500000000000000e+00
-2.6597560955358225953659712104126811027526855468750000000000000000e+00
-2.6596423311585368765008752234280109405517578125000000000000000000e+00
-2.6595286562537805430395110306562855839729309082031250000000000000e+00
-2.6594150722249807472508109640330076217651367187500000000000000000e+00
-2.6593015802677264503017795505002140998840332031250000000000000000e+00
-2.6591881813653843735778536938596516847610473632812500000000000000e+00
-2.6590748762853899656022349518025293946266174316406250000000000000e+00
-2.6589616655761392216561489476589486002922058105468750000000000000e+00
-2.6588485495645208800397085724398493766784667968750000000000000000e+00
-2.6587355283540503592121240217238664627075195312500000000000000000e+00
-2.6586226018236058799004695174517109990119934082031250000000000000e+00
-2.6585097696267223632560217083664610981941223144531250000000000000e+00
-2.6583970311914457695934288494754582643508911132812500000000000000e+00
-2.6582843857207105742190833552740514278411865234375000000000000000e+00
-2.6581718321931888660003551194677129387855529785156250000000000000e+00
-2.6580593693646217268167220026953145861625671386718750000000000000e+00
-2.6579469957695618376192214782349765300750732421875000000000000000e+00
-2.6578347097234922280506452807458117604255676269531250000000000000e+00
-2.6577225093253273868754149589221924543380737304687500000000000000e+00
-2.6576103924601759409540591150289401412010192871093750000000000000e+00
-2.6574983568024288516085107403341680765151977539062500000000000000e+00
-2.6573863998190492274886764789698645472526550292968750000000000000e+00
-2.6572745187730522076208217185921967029571533203125000000000000000e+00
-2.6571627107271722501025124074658378958702087402343750000000000000e+00
-2.6570509725476147977474283834453672170639038085937500000000000000e+00
-2.6569393009079056433563437167322263121604919433593750000000000000e+00
-2.6568276922927918093364496598951518535614013671875000000000000000e+00
-2.6567161430021459800343563983915373682975769042968750000000000000e+00
-2.6566046491548740426935637515271082520484924316406250000000000000e+00
-2.6564932066927378073728505114559084177017211914062500000000000000e+00
-2.6563818113841444201739250274840742349624633789062500000000000000e+00
-2.6562704588278118755795276229036971926689147949218750000000000000e+00
-2.6561591444563319441840576473623514175415039062500000000000000000e+00
-2.6560478635395647906136673555010929703712463378906250000000000000e+00
-2.6559366111879110228244371683103963732719421386718750000000000000e+00
-2.6558253823554007766460927086882293224334716796875000000000000000e+00
-2.6557141718425874010733878094470128417015075683593750000000000000e+00
-2.6556029742992901532261385000310838222503662109375000000000000000e+00
-2.6554917842271299477374668640550225973129272460937500000000000000e+00
-2.6553805959818674864436616189777851104736328125000000000000000000e+00
-2.6552694037756010558837260759901255369186401367187500000000000000e+00
-2.6551582016787573792271359707228839397430419921875000000000000000e+00
-2.6550469836219710018099249282386153936386108398437500000000000000e+00
-2.6549357433977873732544594531645998358726501464843750000000000000e+00
-2.6548244746623277379171668144408613443374633789062500000000000000e+00
-2.6547131709368287921790852124104276299476623535156250000000000000e+00
-2.6546018256092032139292768988525494933128356933593750000000000000e+00
-2.6544904319356112942784875485813245177268981933593750000000000000e+00
-2.6543789830421209430255657935049384832382202148437500000000000000e+00
-2.6542674719265320071315272798528894782066345214843750000000000000e+00
-2.6541558914604346242072097084019333124160766601562500000000000000e+00
-2.6540442343915944256593775207875296473503112792968750000000000000e+00
-2.6539324933467876022064046992454677820205688476562500000000000000e+00
-2.6538206608351662119105185411171987652778625488281250000000000000e+00
-2.6537087292523184878234587813494727015495300292968750000000000000e+00
-2.6535966908851835732718882354674860835075378417968750000000000000e+00
-2.6534845379179401447800046298652887344360351562500000000000000000e+00
-2.6533722624390980726616362517233937978744506835937500000000000000e+00
-2.6532598564499951798723031970439478754997253417968750000000000000e+00
-2.6531473118748687411994069407228380441665649414062500000000000000e+00
-2.6530346205728432273929229268105700612068176269531250000000000000e+00
-2.6529217743519937222629323514411225914955139160156250000000000000e+00
-2.6528087649858282937032072368310764431953430175781250000000000000e+00
-2.6526955842325086187827309913700446486473083496093750000000000000e+00
-2.6525822238570593292195098911179229617118835449218750000000000000e+00
-2.6524686756569617607226518884999677538871765136718750000000000000e+00
-2.6523549314914420804711880919057875871658325195312500000000000000e+00
-2.6522409833148015145809495152207091450691223144531250000000000000e+00
-2.6521268232141479437302677979459986090660095214843750000000000000e+00
-2.6520124434518370648561358393635600805282592773437500000000000000e+00
-2.6518978365129464158655991923296824097633361816406250000000000000e+00
-2.6517829951580460523530291538918390870094299316406250000000000000e+00
-2.6516679124814550583266736794030293822288513183593750000000000000e+00
-2.6515525819751615266284261451801285147666931152343750000000000000e+00
-2.6514369975984295457749340130249038338661193847656250000000000000e+00
-2.6513211538529954935938803828321397304534912109375000000000000000e+00
-2.6512050458636231553555262507870793342590332031250000000000000000e+00
-2.6510886694636157656645991664845496416091918945312500000000000000e+00
-2.6509720212846046294430379930417984724044799804687500000000000000e+00
-2.6508550988496573097563668852671980857849121093750000000000000000e+00
-2.6507379006685964917267028795322403311729431152343750000000000000e+00
-2.6506204263338837279206927632912993431091308593750000000000000000e+00
-2.6505026766150860950688183947931975126266479492187500000000000000e+00
-2.6503846535496697889300321548944339156150817871093750000000000000e+00
-2.6502663605271794544648855662671849131584167480468750000000000000e+00
-2.6501478023635969272220336279133334755897521972656250000000000000e+00
-2.6500289853620420110758004739182069897651672363281250000000000000e+00
-2.6499099173556746045221643726108595728874206542968750000000000000e+00
-2.6497906077280477532553959463257342576980590820312500000000000000e+00
-2.6496710674059231749311038583982735872268676757812500000000000000e+00
-2.6495513088192761408379283238900825381278991699218750000000000000e+00
-2.6494313458229794555620628671022132039070129394531250000000000000e+00
-2.6493111935749023011510416836244985461235046386718750000000000000e+00
-2.6491908683651597122832299646688625216484069824218750000000000000e+00
-2.6490703873920495858840240543941035866737365722656250000000000000e+00
-2.6489497684809228950086890108650550246238708496093750000000000000e+00
-2.6488290297435215236987460230011492967605590820312500000000000000e+00
-2.6487081891770731800761495833285152912139892578125000000000000000e+00
-2.6485872642043966074254512932384386658668518066406250000000000000e+00
-2.6484662711591080430650890775723382830619812011718750000000000000e+00
-2.6483452247231018539253000199096277356147766113281250000000000000e+00
-2.6482241373270798412420390377519652247428894042968750000000000000e+00
-2.6481030185294400780549040064215660095214843750000000000000000000e+00
-2.6479818743933116742539368715370073914527893066406250000000000000e+00
-2.6478607068870263496762618160573765635490417480468750000000000000e+00
-2.6477395133390220216540456021903082728385925292968750000000000000e+00
-2.6476182859841856931382153561571612954139709472656250000000000000e+00
-2.6474970116448872659020707942545413970947265625000000000000000000e+00
-2.6473756715959142482574861787725239992141723632812500000000000000e+00
-2.6472542416677682375336644327035173773765563964843750000000000000e+00
-2.6471326926459148864978487836197018623352050781250000000000000000e+00
-2.6470109910237265005150675278855487704277038574218750000000000000e+00
-2.6468891001603651602636091411113739013671875000000000000000000000e+00
-2.6467669818795882541451192082604393362998962402343750000000000000e+00
-2.6466445985146549446653807535767555236816406250000000000000000000e+00
-2.6465219153530608053870309959165751934051513671875000000000000000e+00
-2.6463989033553003693555183417629450559616088867187500000000000000e+00
-2.6462755419071677387421459570759907364845275878906250000000000000e+00
-2.6461518212056978072155288828071206808090209960937500000000000000e+00
-2.6460277435580676907989072788041085004806518554687500000000000000e+00
-2.6459033207156155143024989229161292314529418945312500000000000000e+00
-2.6457785410421754690446505264844745397567749023437500000000000000e+00
-2.6456537952579339822989368258276954293251037597656250000000000000e+00
-2.6455297250502303185726304946001619100570678710937500000000000000e+00
