-2.7625919054035890098930394742637872695922851562500000000000000000e+00
-2.7615992112399450064685879624448716640472412109375000000000000000e+00
-2.7606461938296225078204315650509670376777648925781250000000000000e+00
-2.7597318327515512059733282512752339243888854980468750000000000000e+00
-2.7588529365688421179925171600189059972763061523437500000000000000e+00
-2.7580073946884620106345664680702611804008483886718750000000000000e+00
-2.7571937126140437790411397145362570881843566894531250000000000000e+00
-2.7564105166606007735197181318653747439384460449218750000000000000e+00
-2.7556565395447618627144947822671383619308471679687500000000000000e+00
-2.7549307035026453505111021513585001230239868164062500000000000000e+00
-2.7542318422871598926349179237149655818939208984375000000000000000e+00
-2.7535589481983691051425466866930946707725524902343750000000000000e+00
-2.7529112314774764058711298275738954544067382812500000000000000000e+00
-2.7522881194507937685500564839458093047142028808593750000000000000e+00
-2.7516892712279985566681261843768879771232604980468750000000000000e+00
-2.7511146020140251344798798527335748076438903808593750000000000000e+00
-2.7505643082741149108016998070525005459785461425781250000000000000e+00
-2.7500388955822634429182471649255603551864624023437500000000000000e+00
-2.7495392116804864279799858195474371314048767089843750000000000000e+00
-2.7490661203326296480042856273939833045005798339843750000000000000e+00
-2.7486171545460962306606234051287174224853515625000000000000000000e+00
-2.7481901086826696634091149462619796395301818847656250000000000000e+00
-2.7477829982539785369510809687199071049690246582031250000000000000e+00
-2.7473940457727947794808187609305605292320251464843750000000000000e+00
-2.7470216602725527899053759028902277350425720214843750000000000000e+00
-2.7466644146803256276712090766523033380508422851562500000000000000e+00
-2.7463210261337724915620128740556538105010986328125000000000000000e+00
-2.7459903394600204684650179842719808220863342285156250000000000000e+00
-2.7456713128433101189784792950376868247985839843750000000000000000e+00
-2.7453630052002822026224748697131872177124023437500000000000000000e+00
-2.7450645650679779130598490155534818768501281738281250000000000000e+00
-2.7447752208522828709647001232951879501342773437500000000000000000e+00
-2.7444942722643497212686725106323137879371643066406250000000000000e+00
-2.7442210827827433483605545916361734271049499511718750000000000000e+00
-2.7439550730053023919197130453540012240409851074218750000000000000e+00
-2.7436957147765079767509632802102714776992797851562500000000000000e+00
-2.7434425259917696315881130431080237030982971191406250000000000000e+00
-2.7431950659929316138629928900627419352531433105468750000000000000e+00
-2.7429529314809397710916982759954407811164855957031250000000000000e+00
-2.7427157528815526710275207733502611517906188964843750000000000000e+00
-2.7424831911087790281555953697534278035163879394531250000000000000e+00
-2.7422549346779865331313885690178722143173217773437500000000000000e+00
-2.7420306971267183193674554786412045359611511230468750000000000000e+00
-2.7418102147076459651486857183044776320457458496093750000000000000e+00
-2.7415932443201667112475661269854754209518432617187500000000000000e+00
-2.7413795616568772395282849174691364169120788574218750000000000000e+00
-2.7411689595335926306063356605591252446174621582031250000000000000e+00
-2.7409612463937946813530288636684417724609375000000000000000000000e+00
-2.7407562449508500179717884748242795467376708984375000000000000000e+00
-2.7405537909757766712459670088719576597213745117187500000000000000e+00
-2.7403537321892335043571620190050452947616577148437500000000000000e+00
-2.7401559272667621591779152367962524294853210449218750000000000000e+00
-2.7399602449453817065716521028662100434303283691406250000000000000e+00
-2.7397665631772727401482825371203944087028503417968750000000000000e+00
-2.7395747684428601864681240840582177042961120605468750000000000000e+00
-2.7393847549848575617659207637188956141471862792968750000000000000e+00
-2.7391964243198581030469540564808994531631469726562500000000000000e+00
-2.7390096845290901050873344502178952097892761230468750000000000000e+00
-2.7388244498933098647341921605402603745460510253906250000000000000e+00
-2.7386406403318073188302150811068713665008544921875000000000000000e+00
-2.7384581809629113813286949152825400233268737792968750000000000000e+00
-2.7382770018950028934057172591565176844596862792968750000000000000e+00
-2.7380970374869217920377195696346461772918701171875000000000000000e+00
-2.7379182265931043538387257285648956894874572753906250000000000000e+00
-2.7377405115863271412024460005341097712516784667968750000000000000e+00
-2.7375638387031568932172831409843638539314270019531250000000000000e+00
-2.7373881574436333963262768520507961511611938476562500000000000000e+00
-2.7372134201913564943708934151800349354743957519531250000000000000e+00
-2.7370395827798796872798448021057993173599243164062500000000000000e+00
-2.7368666029069244061133758805226534605026245117187500000000000000e+00
-2.7366944416909357862266460870159789919853210449218750000000000000e+00
-2.7365230618909208715194836258888244628906250000000000000000000000e+00
-2.7363524286310059174809339310741052031517028808593750000000000000e+00
-2.7361825096478984420400593080557882785797119140625000000000000000e+00
-2.7360132732514084175079460692359134554862976074218750000000000000e+00
-2.7358446913672573863607340172166004776954650878906250000000000000e+00
-2.7356767358114253418932548811426386237144470214843750000000000000e+00
-2.7355093810110284735515051579568535089492797851562500000000000000e+00
-2.7353426031335503765262728848028928041458129882812500000000000000e+00
-2.7351763779073166027444585779448971152305603027343750000000000000e+00
-2.7350106853533771023023746238322928547859191894531250000000000000e+00
-2.7348455034380365624713249417254701256752014160156250000000000000e+00
-2.7346808135101761116914076410466805100440979003906250000000000000e+00
-2.7345165979376440112957880046451464295387268066406250000000000000e+00
-2.7343528373797338915096588607411831617355346679687500000000000000e+00
-2.7341895184673012941800607222830876708030700683593750000000000000e+00
-2.7340266228523377733949928369838744401931762695312500000000000000e+00
-2.7338641376331440646652026771334931254386901855468750000000000000e+00
-2.7337020492381585157204426650423556566238403320312500000000000000e+00
-2.7335403423414401657964845071546733379364013671875000000000000000e+00
-2.7333790078248267896299239509971812367439270019531250000000000000e+00
-2.7332180313631253554262912075500935316085815429687500000000000000e+00
-2.7330574018710875883186872670194134116172790527343750000000000000e+00
-2.7328971126635823729600360820768401026725769042968750000000000000e+00
-2.7327371459940827946866193087771534919738769531250000000000000000e+00
-2.7325775027836201047648501116782426834106445312500000000000000000e+00
-2.7324181633734010432590366690419614315032958984375000000000000000e+00
-2.7322591281087422743212300701998174190521240234375000000000000000e+00
-2.7321003828971899274336010421393439173698425292968750000000000000e+00
-2.7319419244739848728897868568310514092445373535156250000000000000e+00
-2.7317837397095079410291873500682413578033447265625000000000000000e+00
-2.7316258333974934302545989339705556631088256835937500000000000000e+00
-2.7314681778536291645309574960265308618545532226562500000000000000e+00
-2.7313107991432761245675919781206175684928894042968750000000000000e+00
-2.7311536494014427844945203105453401803970336914062500000000000000e+00
-2.7309967710453286748872869793558493256568908691406250000000000000e+00
-2.7308401091993657061607336800079792737960815429687500000000000000e+00
-2.7306837072939145194538923533400520682334899902343750000000000000e+00
-2.7305275125511885292439728800673037767410278320312500000000000000e+00
-2.7303715724081429883085547771770507097244262695312500000000000000e+00
-2.7302158201778410351323600480100139975547790527343750000000000000e+00
-2.7300603302107306902257732872385531663894653320312500000000000000e+00
-2.7299050024123561186684128188062459230422973632812500000000000000e+00
-2.7297499434038030585725209675729274749755859375000000000000000000e+00
-2.7295950336541330294437557313358411192893981933593750000000000000e+00
-2.7294403816814285512748483597533777356147766113281250000000000000e+00
-2.7292858841511278278346708248136565089225769042968750000000000000e+00
-2.7291316246749124374559869465883821249008178710937500000000000000e+00
-2.7289775232708484153931749460753053426742553710937500000000000000e+00
-2.7288236523417843670813454082235693931579589843750000000000000000e+00
-2.7286699301703043474276455526705831289291381835937500000000000000e+00
-2.7285164376724964085951796732842922210693359375000000000000000000e+00
-2.7283630925991779747619148110970854759216308593750000000000000000e+00
-2.7282099558481442969082308991346508264541625976562500000000000000e+00
-2.7280569928165614435044972196919843554496765136718750000000000000e+00
-2.7279041956784988443018846737686544656753540039062500000000000000e+00
-2.7277516042861709166800210368819534778594970703125000000000000000e+00
-2.7275991515004247567333095503272488713264465332031250000000000000e+00
-2.7274469074588902905986742553068324923515319824218750000000000000e+00
-2.7272948065308311171861532784532755613327026367187500000000000000e+00
-2.7271428981304062233448348706588149070739746093750000000000000000e+00
-2.7269911372779076508265916345408186316490173339843750000000000000e+00
-2.7268395710140547194555438181851059198379516601562500000000000000e+00
-2.7266881337509349947367809363640844821929931640625000000000000000e+00
-2.7265369057317614398527894081780686974525451660156250000000000000e+00
-2.7263857987729163134815735247684642672538757324218750000000000000e+00
-2.7262348826863562756273040577070787549018859863281250000000000000e+00
-2.7260841236827468847536692919675260782241821289062500000000000000e+00
-2.7259335031087874590127739793388172984123229980468750000000000000e+00
-2.7257830832708078716564159549307078123092651367187500000000000000e+00
-2.7256327747925599425116161000914871692657470703125000000000000000e+00
-2.7254826630542607901475093967746943235397338867187500000000000000e+00
-2.7253326849173835633166618208633735775947570800781250000000000000e+00
-2.7251828716935291296863397292327135801315307617187500000000000000e+00
-2.7250332096143825566514351521618664264678955078125000000000000000e+00
-2.7248837129567400339169580547604709863662719726562500000000000000e+00
-2.7247343462569735272893467481480911374092102050781250000000000000e+00
-2.7245851661149886879798032168764621019363403320312500000000000000e+00
-2.7244361087253503583838210033718496561050415039062500000000000000e+00
-2.7242872137425400147492382529890164732933044433593750000000000000e+00
-2.7241384900453393669295110157690942287445068359375000000000000000e+00
-2.7239898685867363070656210766173899173736572265625000000000000000e+00
-2.7238414612962476013535706442780792713165283203125000000000000000e+00
-2.7236931462525197922275310702389106154441833496093750000000000000e+00
-2.7235450143055510707768007705453783273696899414062500000000000000e+00
-2.7233970290069149378098245506407693028450012207031250000000000000e+00
-2.7232491713287765300322007533395662903785705566406250000000000000e+00
-2.7231014891059603932887966948328539729118347167968750000000000000e+00
-2.7229539394792294793035125621827319264411926269531250000000000000e+00
-2.7228065329275499273364857799606397747993469238281250000000000000e+00
-2.7226592918405949639293339714640751481056213378906250000000000000e+00
-2.7225121831791558868474112387048080563545227050781250000000000000e+00
-2.7223652135914200300703669199720025062561035156250000000000000000e+00
-2.7222184285213018029025988653302192687988281250000000000000000000e+00
-2.7220717288218905238750267017167061567306518554687500000000000000e+00
-2.7219252362826726887590211845235899090766906738281250000000000000e+00
-2.7217788531492455028626409330172464251518249511718750000000000000e+00
-2.7216326100680729993541717703919857740402221679687500000000000000e+00
-2.7214865570226454138946792227216064929962158203125000000000000000e+00
-2.7213405842029878556331823347136378288269042968750000000000000000e+00
-2.7211948125071794279961068241391330957412719726562500000000000000e+00
-2.7210491592485785972144185507204383611679077148437500000000000000e+00
-2.7209036410783866699603095185011625289916992187500000000000000000e+00
-2.7207582973814692373082380072446539998054504394531250000000000000e+00
-2.7206130711082163742275952245108783245086669921875000000000000000e+00
-2.7204679901555652854483469127444550395011901855468750000000000000e+00
-2.7203230812398540017227333009941503405570983886718750000000000000e+00
-2.7201782724206098329489122988888993859291076660156250000000000000e+00
-2.7200336380679432934925898734945803880691528320312500000000000000e+00
-2.7198891523358770250240468158153817057609558105468750000000000000e+00
-2.7197447604446121083299203746719285845756530761718750000000000000e+00
-2.7196005887974532555517725995741784572601318359375000000000000000e+00
-2.7194564860826475616306652227649465203285217285156250000000000000e+00
-2.7193125643798561341668573732022196054458618164062500000000000000e+00
-2.7191687979189986812400547933066263794898986816406250000000000000e+00
-2.7190251190073033704663885146146640181541442871093750000000000000e+00
-2.7188816502476385039699380286037921905517578125000000000000000000e+00
-2.7187382764872767282327004068065434694290161132812500000000000000e+00
-2.7185950505382612263360897486563771963119506835937500000000000000e+00
-2.7184519988708668591925743385218083858489990234375000000000000000e+00
-2.7183090431546701459808446088572964072227478027343750000000000000e+00
-2.7181662567636157845640809682663530111312866210937500000000000000e+00
-2.7180236228663421371720687602646648883819580078125000000000000000e+00
-2.7178810843540692765429866994963958859443664550781250000000000000e+00
-2.7177387423744967520633508684113621711730957031250000000000000000e+00
-2.7175965123169727455376687430543825030326843261718750000000000000e+00
-2.7174544027285980618557914567645639181137084960937500000000000000e+00
-2.7173125040617254200014940579421818256378173828125000000000000000e+00
-2.7171706541094873266217746277106925845146179199218750000000000000e+00
-2.7170290199553175369828750262968242168426513671875000000000000000e+00
-2.7168875006225676749238573393085971474647521972656250000000000000e+00
-2.7167460915055312575816515163751319050788879394531250000000000000e+00
-2.7166048885308846649877523304894566535949707031250000000000000000e+00
-2.7164637630296426529241671232739463448524475097656250000000000000e+00
-2.7163228037405402481851979246130213141441345214843750000000000000e+00
-2.7161820080102359042939497157931327819824218750000000000000000000e+00
-2.7160412955071495666459213680354878306388854980468750000000000000e+00
-2.7159007788247819803473248612135648727416992187500000000000000000e+00
-2.7157603802204910437012586044147610664367675781250000000000000000e+00
-2.7156200964683736565064009482739493250846862792968750000000000000e+00
-2.7154800080195000688831896695774048566818237304687500000000000000e+00
-2.7153400085563226262763691920554265379905700683593750000000000000e+00
-2.7152001574564215147233880998101085424423217773437500000000000000e+00
-2.7150604942454377166427548218052834272384643554687500000000000000e+00
-2.7149208778969415867265979613875970244407653808593750000000000000e+00
-2.7147814988874738872937086853198707103729248046875000000000000000e+00
-2.7146421959786897204480737855192273855209350585937500000000000000e+00
-2.7145030353863361938238085713237524032592773437500000000000000000e+00
-2.7143640623505458364661535597406327724456787109375000000000000000e+00
-2.7142251595274595743489953747484833002090454101562500000000000000e+00
-2.7140864412827028218089253641664981842041015625000000000000000000e+00
-2.7139478643177450400969519250793382525444030761718750000000000000e+00
-2.7138093744076328128755903890123590826988220214843750000000000000e+00
-2.7136710931571474958445833181031048297882080078125000000000000000e+00
-2.7135328980233999196514105278765782713890075683593750000000000000e+00
-2.7133948462724695183112544327741488814353942871093750000000000000e+00
-2.7132569718214418763579942606156691908836364746093750000000000000e+00
-2.7131191773843101877616845740703865885734558105468750000000000000e+00
-2.7129815549259932438985742919612675905227661132812500000000000000e+00
-2.7128440871751982044202122779097408056259155273437500000000000000e+00
-2.7127066837292939105452660442097112536430358886718750000000000000e+00
-2.7125695175130850600453413790091872215270996093750000000000000000e+00
-2.7124324020913119781539535324554890394210815429687500000000000000e+00
-2.7122954585343572730948835669551044702529907226562500000000000000e+00
-2.7121586759041607095355175260920077562332153320312500000000000000e+00
-2.7120219654029877887069233111105859279632568359375000000000000000e+00
-2.7118854541934744872833107365295290946960449218750000000000000000e+00
-2.7117490529863808035315742017701268196105957031250000000000000000e+00
-2.7116127608642779378556042502168565988540649414062500000000000000e+00
-2.7114766677201669331509492621989920735359191894531250000000000000e+00
-2.7113406444302663445000689534936100244522094726562500000000000000e+00
-2.7112047879340823719473974051652476191520690917968750000000000000e+00
-2.7110690832356474366804377496009692549705505371093750000000000000e+00
-2.7109334610155944034204367198981344699859619140625000000000000000e+00
-2.7107980258027182252078546298434957861900329589843750000000000000e+00
-2.7106627085092771523022747715003788471221923828125000000000000000e+00
-2.7105274874651792416102580318693071603775024414062500000000000000e+00
-2.7103924811100044145462106826016679406166076660156250000000000000e+00
-2.7102575191996440828745562612311914563179016113281250000000000000e+00
-2.7101227485043666298736297903815284371376037597656250000000000000e+00
-2.7099881086916881578474658454069867730140686035156250000000000000e+00
-2.7098535532256606828127587505150586366653442382812500000000000000e+00
-2.7097192005906416412130965909454971551895141601562500000000000000e+00
-2.7095849280180930307437847659457474946975708007812500000000000000e+00
-2.7094507959324412027513062639627605676651000976562500000000000000e+00
-2.7093168337594688566127842932473868131637573242187500000000000000e+00
-2.7091829438435119925543403951451182365417480468750000000000000000e+00
-2.7090492323588502010522915952606126666069030761718750000000000000e+00
-2.7089156448759710293927582824835553765296936035156250000000000000e+00
-2.7087821541252887769246626703534275293350219726562500000000000000e+00
-2.7086488490912037363500530773308128118515014648437500000000000000e+00
-2.7085156344023988417291093355743214488029479980468750000000000000e+00
-2.7083825489398094532589311711490154266357421875000000000000000000e+00
-2.7082496424306028437456461688270792365074157714843750000000000000e+00
-2.7081167901024723043690300983143970370292663574218750000000000000e+00
-2.7079841358936480588681661174632608890533447265625000000000000000e+00
-2.7078515821188346990311401896178722381591796875000000000000000000e+00
-2.7077191361494139520971202728105708956718444824218750000000000000e+00
-2.7075868777553875332841926137916743755340576171875000000000000000e+00
-2.7074546840683288984052978776162490248680114746093750000000000000e+00
-2.7073226569964292664849381253588944673538208007812500000000000000e+00
-2.7071907621160926638026467117015272378921508789062500000000000000e+00
-2.7070589572843739567531429202063009142875671386718750000000000000e+00
-2.7069273267559745832500084361527115106582641601562500000000000000e+00
-2.7067957975826169025879153196001425385475158691406250000000000000e+00
-2.7066643858957628587802446418209001421928405761718750000000000000e+00
-2.7065331411386837068278055085102096199989318847656250000000000000e+00
-2.7064019769658611558327265811385586857795715332031250000000000000e+00
-2.7062709631402537269195818225853145122528076171875000000000000000e+00
-2.7061400912560755749325380747905001044273376464843750000000000000e+00
-2.7060092933097941170217382023110985755920410156250000000000000000e+00
-2.7058786866323325526195731072220951318740844726562500000000000000e+00
-2.7057481559301801432582124107284471392631530761718750000000000000e+00
-2.7056177615607777120487753563793376088142395019531250000000000000e+00
-2.7054875216568934348515540477819740772247314453125000000000000000e+00
-2.7053573524260237093130854191258549690246582031250000000000000000e+00
-2.7052273583066908102523484558332711458206176757812500000000000000e+00
-2.7050974629145176919564619311131536960601806640625000000000000000e+00
-2.7049676833591460578531950886826962232589721679687500000000000000e+00
-2.7048380567372150018456977704772725701332092285156250000000000000e+00
-2.7047085238022345876629515259992331266403198242187500000000000000e+00
-2.7045791221925772340739513310836628079414367675781250000000000000e+00
-2.7044498623296457928688596439315006136894226074218750000000000000e+00
-2.7043206870019882437361502525163814425468444824218750000000000000e+00
-2.7041916679832627146140566765097901225090026855468750000000000000e+00
-2.7040627600830373644669180066557601094245910644531250000000000000e+00
-2.7039339500259487181210715789347887039184570312500000000000000000e+00
-2.7038053105899315653459780151024460792541503906250000000000000000e+00
-2.7036767358243531944594906235579401254653930664062500000000000000e+00
-2.7035483201538421660359290399355813860893249511718750000000000000e+00
-2.7034200169030588867258302343543618917465209960937500000000000000e+00
-2.7032918101959744205942115513607859611511230468750000000000000000e+00
-2.7031637616186063866052791127003729343414306640625000000000000000e+00
-2.7030357973541598859412715682992711663246154785156250000000000000e+00
-2.7029079671916114158136679179733619093894958496093750000000000000e+00
-2.7027802613344316107202303101075813174247741699218750000000000000e+00
-2.7026526561596959652433724841102957725524902343750000000000000000e+00
-2.7025251806549803745838289614766836166381835937500000000000000000e+00
-2.7023978286024790129715711373137310147285461425781250000000000000e+00
-2.7022705668848163718109844921855255961418151855468750000000000000e+00
-2.7021434588209620741849903424736112356185913085937500000000000000e+00
-2.7020164365804979489382731117075309157371520996093750000000000000e+00
-2.7018895388322432538075190677773207426071166992187500000000000000e+00
-2.7017627757133078070239662338281050324440002441406250000000000000e+00
-2.7016360877499483450492334668524563312530517578125000000000000000e+00
-2.7015095604021173159026147914119064807891845703125000000000000000e+00
-2.7013831127797001130375065258704125881195068359375000000000000000e+00
-2.7012567934242803779909536388004198670387268066406250000000000000e+00
-2.7011305937641783003755335812456905841827392578125000000000000000e+00
-2.7010044917262003849600660032592713832855224609375000000000000000e+00
-2.7008785158530055348080622934503480792045593261718750000000000000e+00
-2.7007526512921407046974309196230024099349975585937500000000000000e+00
-2.7006268890240945346192802389850839972496032714843750000000000000e+00
-2.7005012523709415184214321925537660717964172363281250000000000000e+00
-2.7003757221392992171615787810878828167915344238281250000000000000e+00
-2.7002502916923125653170245641376823186874389648437500000000000000e+00
-2.7001250013847148956358523719245567917823791503906250000000000000e+00
-2.6999997827588138044063725828891620039939880371093750000000000000e+00
-2.6998747104474438707200079079484567046165466308593750000000000000e+00
-2.6997497264198444533178644633153453469276428222656250000000000000e+00
-2.6996248538140439343635534896748140454292297363281250000000000000e+00
-2.6995001052066842639476362819550558924674987792968750000000000000e+00
-2.6993754428044152149368528625927865505218505859375000000000000000e+00
-2.6992509089306846448153009987436234951019287109375000000000000000e+00
-2.6991264717555045749008968414273113012313842773437500000000000000e+00
-2.6990021449595431590751104522496461868286132812500000000000000000e+00
-2.6988779255716299765310850489186123013496398925781250000000000000e+00
-2.6987538177483223478247964521870017051696777343750000000000000000e+00
-2.6986298020275238940257622743956744670867919921875000000000000000e+00
-2.6985059160379223364145673258462920784950256347656250000000000000e+00
-2.6983821091867232766503548191394656896591186523437500000000000000e+00
-2.6982584286381432470136587653541937470436096191406250000000000000e+00
-2.6981348450891173840204828593414276838302612304687500000000000000e+00
-2.6980113588399339263901310914661735296249389648437500000000000000e+00
-2.6978879961249595531569411832606419920921325683593750000000000000e+00
-2.6977647131286097703650739276781678199768066406250000000000000000e+00
-2.6976415549634684687418939574854448437690734863281250000000000000e+00
-2.6975184857829583862098843383137136697769165039062500000000000000e+00
-2.6973955260760140717479771410580724477767944335937500000000000000e+00
-2.6972726652621821230582099815364927053451538085937500000000000000e+00
-2.6971499113783212742134764994261786341667175292968750000000000000e+00
-2.6970272489661142323313924862304702401161193847656250000000000000e+00
-2.6969047023130601203888545569498091936111450195312500000000000000e+00
-2.6967822409202115707671509881038218736648559570312500000000000000e+00
-2.6966598905472372038616413192357867956161499023437500000000000000e+00
-2.6965376385210562126815148076275363564491271972656250000000000000e+00
-2.6964154771114015041177935927407816052436828613281250000000000000e+00
-2.6962934317267635009329751483164727687835693359375000000000000000e+00
-2.6961714650049728447811503428965806961059570312500000000000000000e+00
-2.6960496145659780253822646045591682195663452148437500000000000000e+00
-2.6959278493692222511413092433940619230270385742187500000000000000e+00
-2.6958061887068627271446530357934534549713134765625000000000000000e+00
-2.6956846214238714409816566330846399068832397460937500000000000000e+00
-2.6955631544521456710583606763975694775581359863281250000000000000e+00
-2.6954417778716734943600386031903326511383056640625000000000000000e+00
-2.6953205054355713343738898402079939842224121093750000000000000000e+00
-2.6951993199097028508504081401042640209197998046875000000000000000e+00
-2.6950782349270201443403038865653797984123229980468750000000000000e+00
-2.6949572450396921396986726904287934303283691406250000000000000000e+00
-2.6948363418518974654602970986161381006240844726562500000000000000e+00
-2.6947155459268241628478790516965091228485107421875000000000000000e+00
-2.6945948268718646900765634200070053339004516601562500000000000000e+00
-2.6944742171598026203582776361145079135894775390625000000000000000e+00
-2.6943536861672772175779755343683063983917236328125000000000000000e+00
-2.6942332580703305389135948644252493977546691894531250000000000000e+00
-2.6941129130527259327720912551740184426307678222656250000000000000e+00
-2.6939926678003662807725504535483196377754211425781250000000000000e+00
-2.6938725036644872723456956009613350033760070800781250000000000000e+00
-2.6937524415536873156895580905256792902946472167968750000000000000e+00
-2.6936324572118781617291460861451923847198486328125000000000000000e+00
-2.6935125736464020640426042518811300396919250488281250000000000000e+00
-2.6933927713304557371998271264601498842239379882812500000000000000e+00
-2.6932730614615278952328480954747647047042846679687500000000000000e+00
-2.6931534405872938897630319843301549553871154785156250000000000000e+00
-2.6930339040060795596787102113012224435806274414062500000000000000e+00
-2.6929144599522412129033455130411311984062194824218750000000000000e+00
-2.6927950981670445429472238174639642238616943359375000000000000000e+00
-2.6926758270961173025170865003019571304321289062500000000000000000e+00
-2.6925566387652946076514126616530120372772216796875000000000000000e+00
-2.6924375402279672186978132231160998344421386718750000000000000000e+00
-2.6923185216577198985987706691958010196685791015625000000000000000e+00
-2.6921995955345567885785840189782902598381042480468750000000000000e+00
-2.6920807446635270920864968502428382635116577148437500000000000000e+00
-2.6919619881430905117269958282122388482093811035156250000000000000e+00
-2.6918433053285126810294514143606647849082946777343750000000000000e+00
-2.6917247145085338999592750042211264371871948242187500000000000000e+00
-2.6916061994643043497887902049114927649497985839843750000000000000e+00
-2.6914877723900088035691169352503493428230285644531250000000000000e+00
-2.6913694225022792849699726502876728773117065429687500000000000000e+00
-2.6912511588924932226518649258650839328765869140625000000000000000e+00
-2.6911329711400404640642136655515059828758239746093750000000000000e+00
-2.6910148698179159332255494518904015421867370605468750000000000000e+00
-2.6908968428148791751652879611356183886528015136718750000000000000e+00
-2.6907789010156237807791512750554829835891723632812500000000000000e+00
-2.6906610342011876291223870794055983424186706542968750000000000000e+00
-2.6905432493728427267853930970886722207069396972656250000000000000e+00
-2.6904255411035369327521493687527254223823547363281250000000000000e+00
-2.6903079120880204477828101516934111714363098144531250000000000000e+00
-2.6901903596154634890069701214088127017021179199218750000000000000e+00
-2.6900728856215381235017503058770671486854553222656250000000000000e+00
-2.6899554866253900797801179578527808189392089843750000000000000000e+00
-2.6898381658874233046674362412886694073677062988281250000000000000e+00
-2.6897209190858810679003454424673691391944885253906250000000000000e+00
-2.6896037491557707177491920447209849953651428222656250000000000000e+00
-2.6894866533361594385098669590661302208900451660156250000000000000e+00
-2.6893696322492961492400809220271185040473937988281250000000000000e+00
-2.6892526854114300327580622251844033598899841308593750000000000000e+00
-2.6891358119160142514658673462690785527229309082031250000000000000e+00
-2.6890190116912648932157026138156652450561523437500000000000000000e+00
-2.6889022844286540880887059756787493824958801269531250000000000000e+00
-2.6887856289180249724779514508554711937904357910156250000000000000e+00
-2.6886690459090294424981948395725339651107788085937500000000000000e+00
-2.6885525337032634141110065684188157320022583007812500000000000000e+00
-2.6884360927698707222077700862428173422813415527343750000000000000e+00
-2.6883197223086128246904991101473569869995117187500000000000000000e+00
-2.6882034216511505597679843049263581633567810058593750000000000000e+00
-2.6880871909300894095906642178306356072425842285156250000000000000e+00
-2.6879710290561837915390697162365540862083435058593750000000000000e+00
-2.6878549359865311352280059509212151169776916503906250000000000000e+00
-2.6877389112416931737925551715306937694549560546875000000000000000e+00
-2.6876229540310339061193189991172403097152709960937500000000000000e+00
-2.6875070644427241361995584156829863786697387695312500000000000000e+00
-2.6873912414950158478177399956621229648590087890625000000000000000e+00
-2.6872754850553519645472988486289978027343750000000000000000000000e+00
-2.6871597946381537980187204084359109401702880859375000000000000000e+00
-2.6870441695525166814206841081613674759864807128906250000000000000e+00
-2.6869286097146507508170998335117474198341369628906250000000000000e+00
-2.6868131143095754786997986229835078120231628417968750000000000000e+00
-2.6866976830875977100276941200718283653259277343750000000000000000e+00
-2.6865823155831254354097836767323315143585205078125000000000000000e+00
-2.6864670111616204550841757736634463071823120117187500000000000000e+00
-2.6863517696272865009632369037717580795288085937500000000000000000e+00
-2.6862365902669007589054217532975599169731140136718750000000000000e+00
-2.6861214727652518163836248277220875024795532226562500000000000000e+00
-2.6860064166500752236288462881930172443389892578125000000000000000e+00
-2.6858914213408535687221956322900950908660888671875000000000000000e+00
-2.6857764865519837549356907402398064732551574707031250000000000000e+00
-2.6856616116426792473248497117310762405395507812500000000000000000e+00
-2.6855467962530399361753552511800080537796020507812500000000000000e+00
-2.6854320398987643336852215725230053067207336425781250000000000000e+00
-2.6853173420413956051788773038424551486968994140625000000000000000e+00
-2.6852027023262694527261373877990990877151489257812500000000000000e+00
-2.6850881201639942297276775207137688994407653808593750000000000000e+00
-2.6849735951607036632537983678048476576805114746093750000000000000e+00
-2.6848591268218027217073995416285470128059387207031250000000000000e+00
-2.6847447146367118264720375009346753358840942382812500000000000000e+00
-2.6846303581999872989172217785380780696868896484375000000000000000e+00
-2.6845160569569510577991877653403207659721374511718750000000000000e+00
-2.6844018104868854202038619405357167124748229980468750000000000000e+00
-2.6842876182870747392428256716812029480934143066406250000000000000e+00
-2.6841734798634631076197365473490208387374877929687500000000000000e+00
-2.6840593947728583756884290778543800115585327148437500000000000000e+00
-2.6839453624838958134546373912598937749862670898437500000000000000e+00
-2.6838313825523494315916650521103292703628540039062500000000000000e+00
-2.6837174544704933687455650215269997715950012207031250000000000000e+00
-2.6836035777506950239512661937624216079711914062500000000000000000e+00
-2.6834897519224427675510469271102920174598693847656250000000000000e+00
-2.6833759764683100534909954149043187499046325683593750000000000000e+00
-2.6832622509232044727411903295433148741722106933593750000000000000e+00
-2.6831485747761556481805200746748596429824829101562500000000000000e+00
-2.6830349475382950785729008202906697988510131835937500000000000000e+00
-2.6829213687193425030841353873256593942642211914062500000000000000e+00
-2.6828078378082129695769708632724359631538391113281250000000000000e+00
-2.6826943543211618781185734405880793929100036621093750000000000000e+00
-2.6825809177443553643627183191711083054542541503906250000000000000e+00
-2.6824675275821450171065407630521804094314575195312500000000000000e+00
-2.6823541833296853376111812394810840487480163574218750000000000000e+00
-2.6822408844758469648184018296888098120689392089843750000000000000e+00
-2.6821276305203740619731433980632573366165161132812500000000000000e+00
-2.6820144209454817030291451374068856239318847656250000000000000000e+00
-2.6819012552451626518745797511655837297439575195312500000000000000e+00
-2.6817881329030130999058201268780976533889770507812500000000000000e+00
-2.6816750534026758678862734086578711867332458496093750000000000000e+00
-2.6815620162291824435385478864191100001335144042968750000000000000e+00
-2.6814490208586581054817088443087413907051086425781250000000000000e+00
-2.6813360667726655606202257331460714340209960937500000000000000000e+00
-2.6812231534443120573030228115385398268699645996093750000000000000e+00
-2.6811102803480371115085745259420946240425109863281250000000000000e+00
-2.6809974469552919629222742514684796333312988281250000000000000000e+00
-2.6808846527334160292355136334663257002830505371093750000000000000e+00
-2.6807718971504237437386564124608412384986877441406250000000000000e+00
-2.6806591796684551276541697006905451416969299316406250000000000000e+00
-2.6805464997498380519402871868805959820747375488281250000000000000e+00
-2.6804338568526766550803586142137646675109863281250000000000000000e+00
-2.6803212504327591503283656493294984102249145507812500000000000000e+00
-2.6802086799437621067454529111273586750030517578125000000000000000e+00
-2.6800961448353173288694506481988355517387390136718750000000000000e+00
-2.6799836445555489383707481465535238385200500488281250000000000000e+00
-2.6798711785484625735875852114986628293991088867187500000000000000e+00
-2.6797587462557821424979920266196131706237792968750000000000000000e+00
-2.6796463471158631364232860505580902099609375000000000000000000000e+00
-2.6795339805637534702498214755905792117118835449218750000000000000e+00
-2.6794216460316482297798756917472928762435913085937500000000000000e+00
-2.6793093429479184486297071998706087470054626464843750000000000000e+00
-2.6791970707379855198837503849063068628311157226562500000000000000e+00
-2.6790848288234512253325192432384938001632690429687500000000000000e+00
-2.6789726166225173997759156918618828058242797851562500000000000000e+00
-2.6788604335497048225533944787457585334777832031250000000000000000e+00
-2.6787482790157044476586634118575602769851684570312500000000000000e+00
-2.6786361524275208445544649293879047036170959472656250000000000000e+00
-2.6785240531880791792218587943352758884429931640625000000000000000e+00
-2.6784119806964219456801856722449883818626403808593750000000000000e+00
-2.6782999343473972153617523872526362538337707519531250000000000000e+00
-2.6781879135316892792673115764046087861061096191406250000000000000e+00
-2.6780759176356783157757490698713809251785278320312500000000000000e+00
-2.6779639460413249274495228746673092246055603027343750000000000000e+00
-2.6778519981261186266863205673871561884880065917968750000000000000e+00
-2.6777400732629117463545753707876428961753845214843750000000000000e+00
-2.6776281708198772513185303978389129042625427246093750000000000000e+00
-2.6775162901603555276608403801219537854194641113281250000000000000e+00
-2.6774044306427717820895395561819896101951599121093750000000000000e+00
-2.6772925916205188023866412549978122115135192871093750000000000000e+00
-2.6771807724418450469272556802025064826011657714843750000000000000e+00
-2.6770689724497453987339667946798726916313171386718750000000000000e+00
-2.6769571909818408173009629535954445600509643554687500000000000000e+00
-2.6768454273702713130944630393059924244880676269531250000000000000e+00
-2.6767336809415711584847485937643796205520629882812500000000000000e+00
-2.6766219510165489836595043016131967306137084960937500000000000000e+00
-2.6765102369101794188566145749064162373542785644531250000000000000e+00
-2.6763985379314689794227888341993093490600585937500000000000000000e+00
-2.6762868533833423789758398925187066197395324707031250000000000000e+00
-2.6761751825625137435338274372043088078498840332031250000000000000e+00
-2.6760635247593671515176083630649372935295104980468750000000000000e+00
-2.6759518792578353973965477052843198180198669433593750000000000000e+00
-2.6758402453352601035874158696969971060752868652343750000000000000e+00
-2.6757286222622855831332344678230583667755126953125000000000000000e+00
-2.6756170093027225043158523476449772715568542480468750000000000000e+00
-2.6755054057134217693203481758246198296546936035156250000000000000e+00
-2.6753938107441532778807413706090301275253295898437500000000000000e+00
-2.6752822236374842468364931846735998988151550292968750000000000000e+00
-2.6751706436286455392803418362746015191078186035156250000000000000e+00
-2.6750590699454179777205808932194486260414123535156250000000000000e+00
-2.6749475018080066668346717051463201642036437988281250000000000000e+00
-2.6748359384289237539178429869934916496276855468750000000000000000e+00
-2.6747243790128725215993199526565149426460266113281250000000000000e+00
-2.6746128227566257073988253978313878178596496582031250000000000000e+00
-2.6745012688489255836543634359259158372879028320312500000000000000e+00
-2.6743897164703582802758319303393363952636718750000000000000000000e+00
-2.6742781647932734045980396331287920475006103515625000000000000000e+00
-2.6741666129816596964019481674768030643463134765625000000000000000e+00
-2.6740550601910682004813679668586701154708862304687500000000000000e+00
-2.6739435055685119024815321608912199735641479492187500000000000000e+00
-2.6738319482523897896442122146254405379295349121093750000000000000e+00
-2.6737203873724113556420434179017320275306701660156250000000000000e+00
-2.6736088220495224376804799248930066823959350585937500000000000000e+00
-2.6734972513958545903278718469664454460144042968750000000000000000e+00
-2.6733856745146726829887029452947899699211120605468750000000000000e+00
-2.6732740905003282705365563742816448211669921875000000000000000000e+00
-2.6731624984382498233514979801839217543601989746093750000000000000e+00
-2.6730508974049076442724981461651623249053955078125000000000000000e+00
-2.6729392864678294117197765444871038198471069335937500000000000000e+00
-2.6728276646856010678732218366349115967750549316406250000000000000e+00
-2.6727160311079058985228584788274019956588745117187500000000000000e+00
-2.6726043847755640570085233775898814201354980468750000000000000000e+00
-2.6724927247206027303150221996475011110305786132812500000000000000e+00
-2.6723810499663480655385683348868042230606079101562500000000000000e+00
-2.6722693595275175404424317093798890709877014160156250000000000000e+00
-2.6721576524103674010746090061729773879051208496093750000000000000e+00
-2.6720459276128414316531234362628310918807983398437500000000000000e+00
-2.6719341841247534752312731143319979310035705566406250000000000000e+00
-2.6718224209280068137672969896811991930007934570312500000000000000e+00
-2.6717106369968317558516446297289803624153137207031250000000000000e+00
-2.6715988312980663010876014595851302146911621093750000000000000000e+00
-2.6714870027914661143597641057567670941352844238281250000000000000e+00
-2.6713751504300540240421923954272642731666564941406250000000000000e+00
-2.6712632731605125968599168118089437484741210937500000000000000000e+00
-2.6711513699236100194411847041919827461242675781250000000000000000e+00
-2.6710394396546797146640983555698767304420471191406250000000000000e+00
-2.6709274812841479196379168570274487137794494628906250000000000000e+00
-2.6708154937381021198916641878895461559295654296875000000000000000e+00
-2.6707034759389189915168572042603045701980590820312500000000000000e+00
-2.6705914268059478544614648853894323110580444335937500000000000000e+00
-2.6704793452562536337779874884290620684623718261718750000000000000e+00
-2.6703672302054188847364457615185528993606567382812500000000000000e+00
-2.6702550805684137635864772164495661854743957519531250000000000000e+00
-2.6701428952605299471656508103478699922561645507812500000000000000e+00
-2.6700306731983833863353083870606496930122375488281250000000000000e+00
-2.6699184133010036568123268807539716362953186035156250000000000000e+00
-2.6698061144909868147578890784643590450286865234375000000000000000e+00
-2.6696937756957321852269160444848239421844482421875000000000000000e+00
-2.6695813958487697448163089575245976448059082031250000000000000000e+00
-2.6694689738911603349436063581379130482673645019531250000000000000e+00
-2.6693565087729966833762773603666573762893676757812500000000000000e+00
-2.6692439994549950199598242761567234992980957031250000000000000000e+00
-2.6691314449101732897418060019845142960548400878906250000000000000e+00
-2.6690188441256350593278057203860953450202941894531250000000000000e+00
-2.6689061961044528992204050155123695731163024902343750000000000000e+00
-2.6687934998676445808030166517710313200950622558593750000000000000e+00
-2.6686807544562642924290685186861082911491394042968750000000000000e+00
-2.6685679589335875583344659389695152640342712402343750000000000000e+00
-2.6684551123874116207446149928728118538856506347656250000000000000e+00
-2.6683422139324592947673409071285277605056762695312500000000000000e+00
-2.6682292627128862960717015084810554981231689453125000000000000000e+00
-2.6681162579049004790476828929968178272247314453125000000000000000e+00
-2.6680031987194867681978394102770835161209106445312500000000000000e+00
-2.6678900844052249041737923107575625181198120117187500000000000000e+00
-2.6677769142512399724864735617302358150482177734375000000000000000e+00
-2.6676636875902151047057486721314489841461181640625000000000000000e+00
-2.6675504038015187546761808334849774837493896484375000000000000000e+00
-2.6674370623144385561431590758729726076126098632812500000000000000e+00
-2.6673236626114684710842084314208477735519409179687500000000000000e+00
-2.6672102042317127335024906642502173781394958496093750000000000000e+00
-2.6670966867743306494276112061925232410430908203125000000000000000e+00
-2.6669831099020688824907665548380464315414428710937500000000000000e+00
-2.6668694733448412570453456282848492264747619628906250000000000000e+00
-2.6667557769033569670114047767128795385360717773437500000000000000e+00
-2.6666420204527789827864125982159748673439025878906250000000000000e+00
-2.6665282039464033303488577075768262147903442382812500000000000000e+00
-2.6664143274193499166813126066699624061584472656250000000000000000e+00
-2.6663003909922480261229793541133403778076171875000000000000000000e+00
-2.6661863948748814046041388792218640446662902832031250000000000000e+00
-2.6660723393698133598661570431431755423545837402343750000000000000e+00
-2.6659582248759301492668782884720712900161743164062500000000000000e+00
-2.6658440518919142014908629789715632796287536621093750000000000000e+00
-2.6657298210196174181874084752053022384643554687500000000000000000e+00
-2.6656155329672968079535166907589882612228393554687500000000000000e+00
-2.6655011885527084558589194784872233867645263671875000000000000000e+00
-2.6653867887060416208555579942185431718826293945312500000000000000e+00
-2.6652723344726263476900385285262018442153930664062500000000000000e+00
-2.6651578270154425709392853605095297098159790039062500000000000000e+00
-2.6650432676173698709476411750074476003646850585937500000000000000e+00
-2.6649286576831565653833422402385622262954711914062500000000000000e+00
-2.6648139987410943696488629939267411828041076660156250000000000000e+00
-2.6646992924443551054025647317757830023765563964843750000000000000e+00
-2.6645845405719716936232543957885354757308959960937500000000000000e+00
-2.6644697450294421159355806594248861074447631835937500000000000000e+00
-2.6643549078489088266508133528986945748329162597656250000000000000e+00
-2.6642400311889242736640426301164552569389343261718750000000000000e+00
-2.6641251173337523461270848201820626854896545410156250000000000000e+00
-2.6640101686921759949200350092723965644836425781250000000000000000e+00
-2.6638951877958327862927490059519186615943908691406250000000000000e+00
-2.6637801772970131075624067307217046618461608886718750000000000000e+00
-2.6636651399659401207031805824954062700271606445312500000000000000e+00
-2.6635500786874874989962336258031427860260009765625000000000000000e+00
-2.6634349964573593716465893521672114729881286621093750000000000000e+00
-2.6633198963776965051408751605777069926261901855468750000000000000e+00
-2.6632047816521242644682843092596158385276794433593750000000000000e+00
-2.6630896555802179292982145852874964475631713867187500000000000000e+00
-2.6629745215514279976787292980588972568511962890625000000000000000e+00
-2.6628593830384321705651018419302999973297119140625000000000000000e+00
-2.6627442435899482120476022828370332717895507812500000000000000000e+00
-2.6626291068230285574713889218401163816452026367187500000000000000e+00
-2.6625139764148229026829994836589321494102478027343750000000000000e+00
-2.6623988560938891545504247915232554078102111816406250000000000000e+00
-2.6622837496310047811221011215820908546447753906250000000000000000e+00
-2.6621686608295971332438512035878375172615051269531250000000000000e+00
-2.6620535935157514373372578120324760675430297851562500000000000000e+00
-2.6619385515278914944303778611356392502784729003906250000000000000e+00
-2.6618235387061242036566000024322420358657836914062500000000000000e+00
-2.6617085588813607088809476408641785383224487304687500000000000000e+00
-2.6615936158641870790120265155564993619918823242187500000000000000e+00
-2.6614787134335924356776104104937985539436340332031250000000000000e+00
-2.6613638553255833940625052491668611764907836914062500000000000000e+00
-2.6612490452217349989894046302651986479759216308593750000000000000e+00
-2.6611342867377554277652507153106853365898132324218750000000000000e+00
-2.6610195834120884406104323716135695576667785644531250000000000000e+00
-2.6609049386946366233530625322600826621055603027343750000000000000e+00
-2.6607903559356440581495917285792529582977294921875000000000000000e+00
-2.6606758383748063678808648546691983938217163085937500000000000000e+00
-2.6605613891306436613604091689921915531158447265625000000000000000e+00
-2.6604470111902007722903817921178415417671203613281250000000000000e+00
-2.6603327073991196449753715569386258721351623535156250000000000000e+00
-2.6602184804521211702876826166175305843353271484375000000000000000e+00
-2.6601043328839510948569113679695874452590942382812500000000000000e+00
-2.6599902670608179811040372442221269011497497558593750000000000000e+00
-2.6598762851723654065949631331022828817367553710937500000000000000e+00
-2.6597623892241868404084925714414566755294799804687500000000000000e+00
-2.6596485810309484776325916755013167858123779296875000000000000000e+00
-2.6595348622100973834392334538279101252555847167968750000000000000e+00
-2.6594212341761944706775011582067236304283142089843750000000000000e+00
-2.6593076981358874100180855748476460576057434082031250000000000000e+00
-2.6591942550834968272965852520428597927093505859375000000000000000e+00
-2.6590809057972721873852606222499161958694458007812500000000000000e+00
-2.6589676508362458662304561585187911987304687500000000000000000000e+00
-2.6588544905377382576716627227142453193664550781250000000000000000e+00
-2.6587414250154601802478282479569315910339355468750000000000000000e+00
-2.6586284541582214657751137565355747938156127929687500000000000000e+00
-2.6585155776291999885074801568407565355300903320312500000000000000e+00
-2.6584027948657706907908959692576900124549865722656250000000000000e+00
-2.6582901050798635189664764766348525881767272949218750000000000000e+00
-2.6581775072587929820144836412509903311729431152343750000000000000e+00
-2.6580650001665691029018034896580502390861511230468750000000000000e+00
-2.6579525823456351396600894076982513070106506347656250000000000000e+00
-2.6578402521189641305454642861150205135345458984375000000000000000e+00
-2.6577280075925537872194581723306328058242797851562500000000000000e+00
-2.6576158466581825123853377590421587228775024414062500000000000000e+00
-2.6575037669964967079749840195290744304656982421875000000000000000e+00
-2.6573917660802837126254871691344305872917175292968750000000000000e+00
-2.6572798411779672278498765081167221069335937500000000000000000000e+00
-2.6571679893572621722341864369809627532958984375000000000000000000e+00
-2.6570562074889347847772569366497918963432312011718750000000000000e+00
-2.6569444922506573192322321119718253612518310546875000000000000000e+00
-2.6568328401309111441719323920551687479019165039062500000000000000e+00
-2.6567212474328956162139547814149409532546997070312500000000000000e+00
-2.6566097102784520522789080132497474551200866699218750000000000000e+00
-2.6564982246118886699548511387547478079795837402343750000000000000e+00
-2.6563867862037815470444002130534499883651733398437500000000000000e+00
-2.6562753906546539006683360639726743102073669433593750000000000000e+00
-2.6561640333985452322451692452887073159217834472656250000000000000e+00
-2.6560527097064237089796279178699478507041931152343750000000000000e+00
-2.6559414146894635422313513117842376232147216796875000000000000000e+00
-2.6558301433021522797162106144241988658905029296875000000000000000e+00
-2.6557188903451947048495185299543663859367370605468750000000000000e+00
-2.6556076504682639694010504172183573246002197265625000000000000000e+00
-2.6554964181725542182732624496566131711006164550781250000000000000e+00
-2.6553851878131262687077196460450068116188049316406250000000000000e+00
-2.6552739536011151777472605317598208785057067871093750000000000000e+00
-2.6551627096057326404832110711140558123588562011718750000000000000e+00
-2.6550514497561499283051489328499883413314819335937500000000000000e+00
-2.6549401678432169582322330825263634324073791503906250000000000000e+00
-2.6548288575211196338443642162019386887550354003906250000000000000e+00
-2.6547175123089368220519190799677744507789611816406250000000000000e+00
-2.6546061255921884480812877882272005081176757812500000000000000000e+00
-2.6544946906244200057756188471103087067604064941406250000000000000e+00
-2.6543832005288492403849431866547092795372009277343750000000000000e+00
-2.6542716483001949079323367186589166522026062011718750000000000000e+00
-2.6541600268067182533116010745288804173469543457031250000000000000e+00
-2.6540483287926033284520599409006536006927490234375000000000000000e+00
-2.6539365468807725179090084566269069910049438476562500000000000000e+00
-2.6538246735762398564872910355916246771812438964843750000000000000e+00
-2.6537127012701446915343694854527711868286132812500000000000000000e+00
-2.6536006222446384406055130966706201434135437011718750000000000000e+00
-2.6534884286787532303719672199804335832595825195312500000000000000e+00
-2.6533761126554451514891752594849094748497009277343750000000000000e+00
-2.6532636661700590430257307161809876561164855957031250000000000000e+00
-2.6531510811403542504649522015824913978576660156250000000000000000e+00
-2.6530383494184408554872334207175299525260925292968750000000000000e+00
-2.6529254628047866937379239971050992608070373535156250000000000000e+00
-2.6528124130646428824320537387393414974212646484375000000000000000e+00
-2.6526991919471947234399067383492365479469299316406250000000000000e+00
-2.6525857912076995503980469948146492242813110351562500000000000000e+00
-2.6524722026330094237778212118428200483322143554687500000000000000e+00
-2.6523584180707793223064072662964463233947753906250000000000000000e+00
-2.6522444294627103289485603454522788524627685546875000000000000000e+00
-2.6521302288822030668313800561008974909782409667968750000000000000e+00
-2.6520158085767091549200813460629433393478393554687500000000000000e+00
-2.6519011610151248525824030366493389010429382324218750000000000000e+00
-2.6517862789404778034452192514436319470405578613281250000000000000e+00
-2.6516711554281133800259340205229818820953369140625000000000000000e+00
-2.6515557839495418335218346328474581241607666015625000000000000000e+00
-2.6514401584420013158194251445820555090904235839843750000000000000e+00
-2.6513242733836079878528835251927375793457031250000000000000000000e+00
-2.6512081238738947064348394633270800113677978515625000000000000000e+00
-2.6510917057193452706087555270642042160034179687500000000000000000e+00
-2.6509750155232070234490038274088874459266662597656250000000000000e+00
-2.6508580507786931867997282097348943352699279785156250000000000000e+00
-2.6507408099644163002039931598119437694549560546875000000000000000e+00
-2.6506232926404487137972409982467070221900939941406250000000000000e+00
-2.6505054995430175068804601323790848255157470703125000000000000000e+00
-2.6503874326755925139309510996099561452865600585937500000000000000e+00
-2.6502690953934231465893844870151951909065246582031250000000000000e+00
-2.6501504924783323424719583272235468029975891113281250000000000000e+00
-2.6500316301999200518935140280518680810928344726562500000000000000e+00
-2.6499125163590497855636840540682896971702575683593750000000000000e+00
-2.6497931603088527019451703381491824984550476074218750000000000000e+00
-2.6496735729482598920014879695372655987739562988281250000000000000e+00
-2.6495537666827950751269327156478539109230041503906250000000000000e+00
-2.6494337553470646007269806432304903864860534667968750000000000000e+00
-2.6493135540837071673081482003908604383468627929687500000000000000e+00
-2.6491931791734861789677779597695916891098022460937500000000000000e+00
-2.6490726478120341091937461897032335400581359863281250000000000000e+00
-2.6489519778294692287090583704411983489990234375000000000000000000e+00
-2.6488311873503658233630631002597510814666748046875000000000000000e+00
-2.6487102943933344967319953866535797715187072753906250000000000000e+00
-2.6485893164114049369572967407293617725372314453125000000000000000e+00
-2.6484682697772599091479150956729426980018615722656250000000000000e+00
-2.6483471692204334502207530022133141756057739257812500000000000000e+00
-2.6482260272272175605223765160189941525459289550781250000000000000e+00
-2.6481048534185336329471738281426951289176940917968750000000000000e+00
-2.6479836539255070526621693716151639819145202636718750000000000000e+00
-2.6478624307880562760431075730593875050544738769531250000000000000e+00
-2.6477411814074507390159851638600230216979980468750000000000000000e+00
-2.6476198980898706381026386225130409002304077148437500000000000000e+00
-2.6474985677242708348444466537330299615859985351562500000000000000e+00
-2.6473771716438228018830614018952473998069763183593750000000000000e+00
-2.6472556857255171713916297449031844735145568847656250000000000000e+00
-2.6471340807856793553298757615266367793083190917968750000000000000e+00
-2.6470123233293532116761070938082411885261535644531250000000000000e+00
-2.6468903767051217279515640257159247994422912597656250000000000000e+00
-2.6467682027017014334546729514840990304946899414062500000000000000e+00
-2.6466457635919979907157539855688810348510742187500000000000000000e+00
-2.6465230245789075347317975683836266398429870605468750000000000000e+00
-2.6463999565176798967058857670053839683532714843750000000000000000e+00
-2.6462765386749369511676377442199736833572387695312500000000000000e+00
-2.6461527611247865898747022583847865462303161621093750000000000000e+00
-2.6460286260610366149137462343787774443626403808593750000000000000e+00
-2.6459041451439899717001935641746968030929565429687500000000000000e+00
-2.6457793068438020256394338503014296293258666992187500000000000000e+00
-2.6456545012748131640023530053440481424331665039062500000000000000e+00
-2.6455303703028740791580730729037895798683166503906250000000000000e+00
