-2.6625327212270349264144897460937500000000000000000000000000000000e+01
-2.6625327212270349264144897460937500000000000000000000000000000000e+01
-9.2844556270865723490715026855468750000000000000000000000000000000e+01
-8.8426405649399384856224060058593750000000000000000000000000000000e+01
-8.4595551462145522236824035644531250000000000000000000000000000000e+01
-7.8841194919310510158538818359375000000000000000000000000000000000e+01
-7.4296541864285245537757873535156250000000000000000000000000000000e+01
-6.9976391138043254613876342773437500000000000000000000000000000000e+01
-6.5825052972184494137763977050781250000000000000000000000000000000e+01
-6.2120359400054439902305603027343750000000000000000000000000000000e+01
-5.8651951066683977842330932617187500000000000000000000000000000000e+01
-5.5480461707804352045059204101562500000000000000000000000000000000e+01
-5.2543836181284859776496887207031250000000000000000000000000000000e+01
-4.9690692670410498976707458496093750000000000000000000000000000000e+01
-4.6885662139393389225006103515625000000000000000000000000000000000e+01
-4.4268795106559991836547851562500000000000000000000000000000000000e+01
-4.1919193184701725840568542480468750000000000000000000000000000000e+01
-3.9803381355013698339462280273437500000000000000000000000000000000e+01
-3.7892878309590741991996765136718750000000000000000000000000000000e+01
-3.6168363742530345916748046875000000000000000000000000000000000000e+01
-3.4614793694810941815376281738281250000000000000000000000000000000e+01
-3.3221879694145172834396362304687500000000000000000000000000000000e+01
-3.1983772713923826813697814941406250000000000000000000000000000000e+01
-3.0898940159007906913757324218750000000000000000000000000000000000e+01
-2.9970603688620030879974365234375000000000000000000000000000000000e+01
-2.9207343594869598746299743652343750000000000000000000000000000000e+01
-2.8624137452337890863418579101562500000000000000000000000000000000e+01
-2.8243960864143446087837219238281250000000000000000000000000000000e+01
-2.8099876401480287313461303710937500000000000000000000000000000000e+01
-2.8238263069884851574897766113281250000000000000000000000000000000e+01
-2.8723426716402173042297363281250000000000000000000000000000000000e+01
-2.9641588704194873571395874023437500000000000000000000000000000000e+01
-3.1117374690948054194450378417968750000000000000000000000000000000e+01
-3.3314021616475656628608703613281250000000000000000000000000000000e+01
-3.5277806519297882914543151855468750000000000000000000000000000000e+01
-3.5197253054240718483924865722656250000000000000000000000000000000e+01
-3.3214996067341417074203491210937500000000000000000000000000000000e+01
-3.0844551299000158905982971191406250000000000000000000000000000000e+01
-2.8676656846655532717704772949218750000000000000000000000000000000e+01
-2.6689759184140712022781372070312500000000000000000000000000000000e+01
-2.4865190321812406182289123535156250000000000000000000000000000000e+01
-2.3188490724656730890274047851562500000000000000000000000000000000e+01
-2.1645848532207310199737548828125000000000000000000000000000000000e+01
-2.0225067200371995568275451660156250000000000000000000000000000000e+01
-1.8915143255144357681274414062500000000000000000000000000000000000e+01
-1.7706148741068318486213684082031250000000000000000000000000000000e+01
-1.6589157299371436238288879394531250000000000000000000000000000000e+01
-1.5556112137623131275177001953125000000000000000000000000000000000e+01
-1.4599744121078401803970336914062500000000000000000000000000000000e+01
-1.3713486229535192251205444335937500000000000000000000000000000000e+01
-1.2891399010550230741500854492187500000000000000000000000000000000e+01
-1.2128105643903836607933044433593750000000000000000000000000000000e+01
-1.1418733255006372928619384765625000000000000000000000000000000000e+01
-1.0758861294249072670936584472656250000000000000000000000000000000e+01
-1.0144475558772683143615722656250000000000000000000000000000000000e+01
-9.5719272936694324016571044921875000000000000000000000000000000000e+00
-9.0378967933356761932373046875000000000000000000000000000000000000e+00
-8.5393609041348099708557128906250000000000000000000000000000000000e+00
-8.0735640185885131359100341796875000000000000000000000000000000000e+00
-7.6379921392071992158889770507812500000000000000000000000000000000e+00
-7.2303496489766985177993774414062500000000000000000000000000000000e+00
-6.8485384944360703229904174804687500000000000000000000000000000000e+00
-6.4906395131256431341171264648437500000000000000000000000000000000e+00
-6.1548956490587443113327026367187500000000000000000000000000000000e+00
-5.8396968692541122436523437500000000000000000000000000000000000000e+00
-5.5435665952973067760467529296875000000000000000000000000000000000e+00
-5.2651494736783206462860107421875000000000000000000000000000000000e+00
-5.0032003608066588640213012695312500000000000000000000000000000000e+00
-4.7565743818413466215133666992187500000000000000000000000000000000e+00
-4.5242179578635841608047485351562500000000000000000000000000000000e+00
-4.3051607026718556880950927734375000000000000000000000000000000000e+00
-4.0985080953687429428100585937500000000000000000000000000000000000e+00
-3.9034348579589277505874633789062500000000000000000000000000000000e+00
-3.7191789532080292701721191406250000000000000000000000000000000000e+00
-3.5450361494440585374832153320312500000000000000000000000000000000e+00
-3.3803551017772406339645385742187500000000000000000000000000000000e+00
-3.2245328885037451982498168945312500000000000000000000000000000000e+00
-3.0770109524019062519073486328125000000000000000000000000000000000e+00
-2.9372714213095605373382568359375000000000000000000000000000000000e+00
-2.8048337707296013832092285156250000000000000000000000000000000000e+00
-2.6792517781723290681838989257812500000000000000000000000000000000e+00
-2.5601107445545494556427001953125000000000000000000000000000000000e+00
-2.4470249856822192668914794921875000000000000000000000000000000000e+00
-2.3396355409640818834304809570312500000000000000000000000000000000e+00
-2.2376080616377294063568115234375000000000000000000000000000000000e+00
-2.1406308989971876144409179687500000000000000000000000000000000000e+00
-2.0484133628197014331817626953125000000000000000000000000000000000e+00
-1.9606841264758259057998657226562500000000000000000000000000000000e+00
-1.8771897563710808753967285156250000000000000000000000000000000000e+00
-1.7976933724712580442428588867187500000000000000000000000000000000e+00
-1.7219734303653240203857421875000000000000000000000000000000000000e+00
-1.6498225906398147344589233398437500000000000000000000000000000000e+00
-1.5810466750990599393844604492187500000000000000000000000000000000e+00
-1.5154637268278747797012329101562500000000000000000000000000000000e+00
-1.4529031498823314905166625976562500000000000000000000000000000000e+00
-1.3932048850692808628082275390625000000000000000000000000000000000e+00
-1.3362186700105667114257812500000000000000000000000000000000000000e+00
-1.2818033746443688869476318359375000000000000000000000000000000000e+00
-1.2298263637349009513854980468750000000000000000000000000000000000e+00
-1.1801629085093736648559570312500000000000000000000000000000000000e+00
-1.1326956604607403278350830078125000000000000000000000000000000000e+00
-1.0873141596093773841857910156250000000000000000000000000000000000e+00
-1.0439143595285713672637939453125000000000000000000000000000000000e+00
-1.0023982122074812650680541992187500000000000000000000000000000000e+00
-9.6267328783869743347167968750000000000000000000000000000000000000e-01
-9.2465239251032471656799316406250000000000000000000000000000000000e-01
-8.8825322873890399932861328125000000000000000000000000000000000000e-01
-8.5339809558354318141937255859375000000000000000000000000000000000e-01
-8.2001359434798359870910644531250000000000000000000000000000000000e-01
-7.8803034778684377670288085937500000000000000000000000000000000000e-01
-7.5738276168704032897949218750000000000000000000000000000000000000e-01
-7.2800878412090241909027099609375000000000000000000000000000000000e-01
-6.9984968286007642745971679687500000000000000000000000000000000000e-01
-6.7284985398873686790466308593750000000000000000000000000000000000e-01
-6.4695662027224898338317871093750000000000000000000000000000000000e-01
-6.2212006468325853347778320312500000000000000000000000000000000000e-01
-5.9829286555759608745574951171875000000000000000000000000000000000e-01
-5.7543013407848775386810302734375000000000000000000000000000000000e-01
-5.5348927830345928668975830078125000000000000000000000000000000000e-01
-5.3242986812256276607513427734375000000000000000000000000000000000e-01
-5.1221350952982902526855468750000000000000000000000000000000000000e-01
-4.9280372704379260540008544921875000000000000000000000000000000000e-01
-4.7416585381142795085906982421875000000000000000000000000000000000e-01
-4.5626693125814199447631835937500000000000000000000000000000000000e-01
-4.3907560990191996097564697265625000000000000000000000000000000000e-01
-4.2256205971352756023406982421875000000000000000000000000000000000e-01
-4.0669788978993892669677734375000000000000000000000000000000000000e-01
-3.9145606523379683494567871093750000000000000000000000000000000000e-01
-3.7681083148345351219177246093750000000000000000000000000000000000e-01
-3.6273764818906784057617187500000000000000000000000000000000000000e-01
-3.4921312634833157062530517578125000000000000000000000000000000000e-01
-3.3621495752595365047454833984375000000000000000000000000000000000e-01
-3.2372186146676540374755859375000000000000000000000000000000000000e-01
-3.1171353743411600589752197265625000000000000000000000000000000000e-01
-3.0017060250975191593170166015625000000000000000000000000000000000e-01
-2.8907454712316393852233886718750000000000000000000000000000000000e-01
-2.7840769500471651554107666015625000000000000000000000000000000000e-01
-2.6815315638668835163116455078125000000000000000000000000000000000e-01
-2.5829478632658720016479492187500000000000000000000000000000000000e-01
-2.4881714675575494766235351562500000000000000000000000000000000000e-01
-2.3970547295175492763519287109375000000000000000000000000000000000e-01
-2.3094564233906567096710205078125000000000000000000000000000000000e-01
-2.2252413653768599033355712890625000000000000000000000000000000000e-01
-2.1442801482044160366058349609375000000000000000000000000000000000e-01
-2.0664488850161433219909667968750000000000000000000000000000000000e-01
-1.9916288834065198898315429687500000000000000000000000000000000000e-01
-1.9197063846513628959655761718750000000000000000000000000000000000e-01
-1.8505724123679101467132568359375000000000000000000000000000000000e-01
-1.7841225001029670238494873046875000000000000000000000000000000000e-01
-1.7202564189210534095764160156250000000000000000000000000000000000e-01
-1.6588780656456947326660156250000000000000000000000000000000000000e-01
-1.5998952253721654415130615234375000000000000000000000000000000000e-01
-1.5432193689048290252685546875000000000000000000000000000000000000e-01
-1.4887655526399612426757812500000000000000000000000000000000000000e-01
-1.4364521927200257778167724609375000000000000000000000000000000000e-01
-1.3862008834257721900939941406250000000000000000000000000000000000e-01
-1.3379363529384136199951171875000000000000000000000000000000000000e-01
-1.2915862747468054294586181640625000000000000000000000000000000000e-01
-1.2470810743980109691619873046875000000000000000000000000000000000e-01
-1.2043538945727050304412841796875000000000000000000000000000000000e-01
-1.1633404553867876529693603515625000000000000000000000000000000000e-01
-1.1239788844250142574310302734375000000000000000000000000000000000e-01
-1.0862096701748669147491455078125000000000000000000000000000000000e-01
-1.0499755456112325191497802734375000000000000000000000000000000000e-01
-1.0152213857509195804595947265625000000000000000000000000000000000e-01
-9.8189412383362650871276855468750000000000000000000000000000000000e-02
-9.4994263025000691413879394531250000000000000000000000000000000000e-02
-9.1931769624352455139160156250000000000000000000000000000000000000e-02
-8.8997188257053494453430175781250000000000000000000000000000000000e-02
-8.6185950087383389472961425781250000000000000000000000000000000000e-02
-8.3493646699935197830200195312500000000000000000000000000000000000e-02
-8.0916035221889615058898925781250000000000000000000000000000000000e-02
-7.8449016902595758438110351562500000000000000000000000000000000000e-02
-7.6088652247563004493713378906250000000000000000000000000000000000e-02
-7.3831122834235429763793945312500000000000000000000000000000000000e-02
-7.1672766702249646186828613281250000000000000000000000000000000000e-02
-6.9610019680112600326538085937500000000000000000000000000000000000e-02
-6.7639488726854324340820312500000000000000000000000000000000000000e-02
-6.5757832722738385200500488281250000000000000000000000000000000000e-02
-6.3961914042010903358459472656250000000000000000000000000000000000e-02
-6.2248585978522896766662597656250000000000000000000000000000000000e-02
-6.0614971444010734558105468750000000000000000000000000000000000000e-02
-5.9058072743937373161315917968750000000000000000000000000000000000e-02
-5.7575279148295521736145019531250000000000000000000000000000000000e-02
-5.6163691217079758644104003906250000000000000000000000000000000000e-02
-5.4821015568450093269348144531250000000000000000000000000000000000e-02
-5.3544359281659126281738281250000000000000000000000000000000000000e-02
-5.2331812912598252296447753906250000000000000000000000000000000000e-02
-5.1180376904085278511047363281250000000000000000000000000000000000e-02
-5.0088649848476052284240722656250000000000000000000000000000000000e-02
-4.9053329275920987129211425781250000000000000000000000000000000000e-02
-4.8073739744722843170166015625000000000000000000000000000000000000e-02
-4.7145996009930968284606933593750000000000000000000000000000000000e-02
-4.6270473161712288856506347656250000000000000000000000000000000000e-02
-4.5442267553880810737609863281250000000000000000000000000000000000e-02
-4.4663312146440148353576660156250000000000000000000000000000000000e-02
-4.3927051359787583351135253906250000000000000000000000000000000000e-02
-4.3237732024863362312316894531250000000000000000000000000000000000e-02
-4.2586212977766990661621093750000000000000000000000000000000000000e-02
-4.1980151087045669555664062500000000000000000000000000000000000000e-02
-4.1406495496630668640136718750000000000000000000000000000000000000e-02
-4.0877870051190257072448730468750000000000000000000000000000000000e-02
-4.0375459240749478340148925781250000000000000000000000000000000000e-02
-3.9919026428833603858947753906250000000000000000000000000000000000e-02
-3.9481431478634476661682128906250000000000000000000000000000000000e-02
-3.9092524908483028411865234375000000000000000000000000000000000000e-02
-3.8713441230356693267822265625000000000000000000000000000000000000e-02
-3.8388013141229748725891113281250000000000000000000000000000000000e-02
-3.8061176892369985580444335937500000000000000000000000000000000000e-02
-3.7795807700604200363159179687500000000000000000000000000000000000e-02
-3.7514949915930628776550292968750000000000000000000000000000000000e-02
-3.7306873593479394912719726562500000000000000000000000000000000000e-02
-3.7065656390041112899780273437500000000000000000000000000000000000e-02
-3.6912758834660053253173828125000000000000000000000000000000000000e-02
-3.6704746074974536895751953125000000000000000000000000000000000000e-02
-3.6605546949431300163269042968750000000000000000000000000000000000e-02
-3.6424216348677873611450195312500000000000000000000000000000000000e-02
-3.6377815529704093933105468750000000000000000000000000000000000000e-02
-3.6216599633917212486267089843750000000000000000000000000000000000e-02
-3.6222563823685050010681152343750000000000000000000000000000000000e-02
-3.6074945004656910896301269531250000000000000000000000000000000000e-02
-3.6133161978796124458312988281250000000000000000000000000000000000e-02
-3.5992854740470647811889648437500000000000000000000000000000000000e-02
-3.6103296792134642601013183593750000000000000000000000000000000000e-02
-3.5964450798928737640380859375000000000000000000000000000000000000e-02
-3.6126897437497973442077636718750000000000000000000000000000000000e-02
-3.5984419053420424461364746093750000000000000000000000000000000000e-02
-3.6198102403432130813598632812500000000000000000000000000000000000e-02
-3.6047989735379815101623535156250000000000000000000000000000000000e-02
-3.6311211762949824333190917968750000000000000000000000000000000000e-02
-3.6150930449366569519042968750000000000000000000000000000000000000e-02
-3.6460644332692027091979980468750000000000000000000000000000000000e-02
-3.6289530573412775993347167968750000000000000000000000000000000000e-02
-3.6640963517129421234130859375000000000000000000000000000000000000e-02
-3.6460561677813529968261718750000000000000000000000000000000000000e-02
-3.6846876377239823341369628906250000000000000000000000000000000000e-02
-3.6661191610619425773620605468750000000000000000000000000000000000e-02
-3.7073268787935376167297363281250000000000000000000000000000000000e-02
-3.6888914415612816810607910156250000000000000000000000000000000000e-02
-3.7315292516723275184631347656250000000000000000000000000000000000e-02
-3.7141439272090792655944824218750000000000000000000000000000000000e-02
-3.7568449042737483978271484375000000000000000000000000000000000000e-02
-3.7416550563648343086242675781250000000000000000000000000000000000e-02
-3.7828680127859115600585937500000000000000000000000000000000000000e-02
-3.7711997982114553451538085937500000000000000000000000000000000000e-02
-3.8092484464868903160095214843750000000000000000000000000000000000e-02
-3.8025346351787447929382324218750000000000000000000000000000000000e-02
-3.8356998935341835021972656250000000000000000000000000000000000000e-02
-3.8353890180587768554687500000000000000000000000000000000000000000e-02
-3.8620078470557928085327148437500000000000000000000000000000000000e-02
-3.8694563321769237518310546875000000000000000000000000000000000000e-02
-3.8880331208929419517517089843750000000000000000000000000000000000e-02
-3.9043909637257456779479980468750000000000000000000000000000000000e-02
-3.9137080078944563865661621093750000000000000000000000000000000000e-02
-3.9398105349391698837280273437500000000000000000000000000000000000e-02
-3.9390340447425842285156250000000000000000000000000000000000000000e-02
-3.9753026328980922698974609375000000000000000000000000000000000000e-02
-3.9640668546780943870544433593750000000000000000000000000000000000e-02
-4.0104363579303026199340820312500000000000000000000000000000000000e-02
-3.9889011997729539871215820312500000000000000000000000000000000000e-02
-4.0447797160595655441284179687500000000000000000000000000000000000e-02
-4.0136509807780385017395019531250000000000000000000000000000000000e-02
-4.0779179427772760391235351562500000000000000000000000000000000000e-02
-4.0384294232353568077087402343750000000000000000000000000000000000e-02
-4.1094735264778137207031250000000000000000000000000000000000000000e-02
-4.0633260039612650871276855468750000000000000000000000000000000000e-02
-4.1391246719285845756530761718750000000000000000000000000000000000e-02
-4.0883895941078662872314453125000000000000000000000000000000000000e-02
-4.1666199918836355209350585937500000000000000000000000000000000000e-02
-4.1136125335469841957092285156250000000000000000000000000000000000e-02
-4.1917904047295451164245605468750000000000000000000000000000000000e-02
-4.1389230871573090553283691406250000000000000000000000000000000000e-02
-4.2145512765273451805114746093750000000000000000000000000000000000e-02
-4.1641826042905449867248535156250000000000000000000000000000000000e-02
-4.2349032359197735786437988281250000000000000000000000000000000000e-02
-4.1891892207786440849304199218750000000000000000000000000000000000e-02
-4.2529199505224823951721191406250000000000000000000000000000000000e-02
-4.2136886622756719589233398437500000000000000000000000000000000000e-02
-4.2687374865636229515075683593750000000000000000000000000000000000e-02
-4.2373889824375510215759277343750000000000000000000000000000000000e-02
-4.2825354263186454772949218750000000000000000000000000000000000000e-02
-4.2599785607308149337768554687500000000000000000000000000000000000e-02
-4.2945164954289793968200683593750000000000000000000000000000000000e-02
-4.2811448220163583755493164062500000000000000000000000000000000000e-02
-4.3048869585618376731872558593750000000000000000000000000000000000e-02
-4.3005937244743108749389648437500000000000000000000000000000000000e-02
-4.3138393200933933258056640625000000000000000000000000000000000000e-02
-4.3180638924241065979003906250000000000000000000000000000000000000e-02
-4.3215358629822731018066406250000000000000000000000000000000000000e-02
-4.3333413545042276382446289062500000000000000000000000000000000000e-02
-4.3280982179567217826843261718750000000000000000000000000000000000e-02
-4.3462637113407254219055175781250000000000000000000000000000000000e-02
-4.3336023110896348953247070312500000000000000000000000000000000000e-02
-4.3567268643528223037719726562500000000000000000000000000000000000e-02
-4.3380762916058301925659179687500000000000000000000000000000000000e-02
-4.3646801961585879325866699218750000000000000000000000000000000000e-02
-4.3415030464529991149902343750000000000000000000000000000000000000e-02
-4.3701224029064178466796875000000000000000000000000000000000000000e-02
-4.3438280932605266571044921875000000000000000000000000000000000000e-02
-4.3730939505621790885925292968750000000000000000000000000000000000e-02
-4.3449668912217020988464355468750000000000000000000000000000000000e-02
-4.3736660853028297424316406250000000000000000000000000000000000000e-02
-4.3448148528113961219787597656250000000000000000000000000000000000e-02
-4.3719296343624591827392578125000000000000000000000000000000000000e-02
-4.3432572158053517341613769531250000000000000000000000000000000000e-02
-4.3679874157533049583435058593750000000000000000000000000000000000e-02
-4.3401791481301188468933105468750000000000000000000000000000000000e-02
-4.3619430856779217720031738281250000000000000000000000000000000000e-02
-4.3354713125154376029968261718750000000000000000000000000000000000e-02
-4.3538951547816395759582519531250000000000000000000000000000000000e-02
-4.3290379922837018966674804687500000000000000000000000000000000000e-02
-4.3439312139526009559631347656250000000000000000000000000000000000e-02
-4.3207977199926972389221191406250000000000000000000000000000000000e-02
-4.3321255594491958618164062500000000000000000000000000000000000000e-02
-4.3106884229928255081176757812500000000000000000000000000000000000e-02
-4.3185367016121745109558105468750000000000000000000000000000000000e-02
-4.2986656306311488151550292968750000000000000000000000000000000000e-02
-4.3032092507928609848022460937500000000000000000000000000000000000e-02
-4.2847016127780079841613769531250000000000000000000000000000000000e-02
-4.2861732188612222671508789062500000000000000000000000000000000000e-02
-4.2687838897109031677246093750000000000000000000000000000000000000e-02
-4.2674477212131023406982421875000000000000000000000000000000000000e-02
-4.2509123450145125389099121093750000000000000000000000000000000000e-02
-4.2470418149605393409729003906250000000000000000000000000000000000e-02
-4.2310964781790971755981445312500000000000000000000000000000000000e-02
-4.2249591322615742683410644531250000000000000000000000000000000000e-02
-4.2093530762940645217895507812500000000000000000000000000000000000e-02
-4.2011973680928349494934082031250000000000000000000000000000000000e-02
-4.1857032105326652526855468750000000000000000000000000000000000000e-02
-4.1757528204470872879028320312500000000000000000000000000000000000e-02
-4.1601711418479681015014648437500000000000000000000000000000000000e-02
-4.1486206930130720138549804687500000000000000000000000000000000000e-02
-4.1327819461002945899963378906250000000000000000000000000000000000e-02
-4.1197962360456585884094238281250000000000000000000000000000000000e-02
-4.1035604430362582206726074218750000000000000000000000000000000000e-02
-4.0892764227464795112609863281250000000000000000000000000000000000e-02
-4.0725309634581208229064941406250000000000000000000000000000000000e-02
-4.0570593671873211860656738281250000000000000000000000000000000000e-02
-4.0397163480520248413085937500000000000000000000000000000000000000e-02
-4.0231459541246294975280761718750000000000000000000000000000000000e-02
-4.0051374584436416625976562500000000000000000000000000000000000000e-02
-3.9875375339761376380920410156250000000000000000000000000000000000e-02
-3.9688142249360680580139160156250000000000000000000000000000000000e-02
-3.9502387400716543197631835937500000000000000000000000000000000000e-02
-3.9307647151872515678405761718750000000000000000000000000000000000e-02
-3.9112553000450134277343750000000000000000000000000000000000000000e-02
-3.8910050643607974052429199218750000000000000000000000000000000000e-02
-3.8705931045114994049072265625000000000000000000000000000000000000e-02
-3.8495509652420878410339355468750000000000000000000000000000000000e-02
-3.8282613037154078483581542968750000000000000000000000000000000000e-02
-3.8064169464632868766784667968750000000000000000000000000000000000e-02
-3.7842679768800735473632812500000000000000000000000000000000000000e-02
-3.7616162560880184173583984375000000000000000000000000000000000000e-02
-3.7386227631941437721252441406250000000000000000000000000000000000e-02
-3.7151615833863615989685058593750000000000000000000000000000000000e-02
-3.6913354648277163505554199218750000000000000000000000000000000000e-02
-3.6670653615146875381469726562500000000000000000000000000000000000e-02
-3.6424161400645971298217773437500000000000000000000000000000000000e-02
-3.6173389991745352745056152343750000000000000000000000000000000000e-02
-3.5918745677918195724487304687500000000000000000000000000000000000e-02
-3.5659939050674438476562500000000000000000000000000000000000000000e-02
-3.5397219238802790641784667968750000000000000000000000000000000000e-02
-3.5130409756675362586975097656250000000000000000000000000000000000e-02
-3.4859671490266919136047363281250000000000000000000000000000000000e-02
-3.4584908280521631240844726562500000000000000000000000000000000000e-02
-3.4306214423850178718566894531250000000000000000000000000000000000e-02
-3.4023535437881946563720703125000000000000000000000000000000000000e-02
-3.3736937679350376129150390625000000000000000000000000000000000000e-02
-3.3446394605562090873718261718750000000000000000000000000000000000e-02
-3.3151944866403937339782714843750000000000000000000000000000000000e-02
-3.2853581709787249565124511718750000000000000000000000000000000000e-02
-3.2551330281421542167663574218750000000000000000000000000000000000e-02
-3.2245190115645527839660644531250000000000000000000000000000000000e-02
-3.1935185194015502929687500000000000000000000000000000000000000000e-02
-3.1621316680684685707092285156250000000000000000000000000000000000e-02
-3.1303600873798131942749023437500000000000000000000000000000000000e-02
-3.0982046155259013175964355468750000000000000000000000000000000000e-02
-3.0656666262075304985046386718750000000000000000000000000000000000e-02
-3.0327469808980822563171386718750000000000000000000000000000000000e-02
-2.9994467506185173988342285156250000000000000000000000000000000000e-02
-2.9657667968422174453735351562500000000000000000000000000000000000e-02
-2.9317084699869155883789062500000000000000000000000000000000000000e-02
-2.8972728410735726356506347656250000000000000000000000000000000000e-02
-2.8624607250094413757324218750000000000000000000000000000000000000e-02
-2.8272729134187102317810058593750000000000000000000000000000000000e-02
-2.7917102444916963577270507812500000000000000000000000000000000000e-02
-2.7557739755138754844665527343750000000000000000000000000000000000e-02
-2.7194651542231440544128417968750000000000000000000000000000000000e-02
-2.6827844092622399330139160156250000000000000000000000000000000000e-02
-2.6457326719537377357482910156250000000000000000000000000000000000e-02
-2.6083107106387615203857421875000000000000000000000000000000000000e-02
-2.5705195032060146331787109375000000000000000000000000000000000000e-02
-2.5323599111288785934448242187500000000000000000000000000000000000e-02
-2.4938328191637992858886718750000000000000000000000000000000000000e-02
-2.4549388093873858451843261718750000000000000000000000000000000000e-02
-2.4156785570085048675537109375000000000000000000000000000000000000e-02
-2.3760531563311815261840820312500000000000000000000000000000000000e-02
-2.3360632127150893211364746093750000000000000000000000000000000000e-02
-2.2957094013690948486328125000000000000000000000000000000000000000e-02
-2.2549922345206141471862792968750000000000000000000000000000000000e-02
-2.2139126434922218322753906250000000000000000000000000000000000000e-02
-2.1724714431911706924438476562500000000000000000000000000000000000e-02
-2.1306688897311687469482421875000000000000000000000000000000000000e-02
-2.0885058445855975151062011718750000000000000000000000000000000000e-02
-2.0459829829633235931396484375000000000000000000000000000000000000e-02
-2.0031004678457975387573242187500000000000000000000000000000000000e-02
-1.9598591374233365058898925781250000000000000000000000000000000000e-02
-1.9162598298862576484680175781250000000000000000000000000000000000e-02
-1.8723026150837540626525878906250000000000000000000000000000000000e-02
-1.8279879353940486907958984375000000000000000000000000000000000000e-02
-1.7833165824413299560546875000000000000000000000000000000000000000e-02
-1.7382888589054346084594726562500000000000000000000000000000000000e-02
-1.6929051838815212249755859375000000000000000000000000000000000000e-02
-1.6471661161631345748901367187500000000000000000000000000000000000e-02
-1.6010716790333390235900878906250000000000000000000000000000000000e-02
-1.5546225011348724365234375000000000000000000000000000000000000000e-02
-1.5078190015628933906555175781250000000000000000000000000000000000e-02
-1.4606611337512731552124023437500000000000000000000000000000000000e-02
-1.4131495263427495956420898437500000000000000000000000000000000000e-02
-1.3652844820171594619750976562500000000000000000000000000000000000e-02
-1.3170657213777303695678710937500000000000000000000000000000000000e-02
-1.2684937100857496261596679687500000000000000000000000000000000000e-02
-1.2195689370855689048767089843750000000000000000000000000000000000e-02
-1.1702910996973514556884765625000000000000000000000000000000000000e-02
-1.1206605006009340286254882812500000000000000000000000000000000000e-02
-1.0706773493438959121704101562500000000000000000000000000000000000e-02
-1.0203415062278509140014648437500000000000000000000000000000000000e-02
-9.6965315751731395721435546875000000000000000000000000000000000000e-03
-9.1861209366470575332641601562500000000000000000000000000000000000e-03
-8.6721826810389757156372070312500000000000000000000000000000000000e-03
-8.1547191366553306579589843750000000000000000000000000000000000000e-03
-7.6337275095283985137939453125000000000000000000000000000000000000e-03
-7.1092066355049610137939453125000000000000000000000000000000000000e-03
-6.5811553504317998886108398437500000000000000000000000000000000000e-03
-6.0495708603411912918090820312500000000000000000000000000000000000e-03
-5.5144503712654113769531250000000000000000000000000000000000000000e-03
-4.9757896922528743743896484375000000000000000000000000000000000000e-03
-4.4335899874567985534667968750000000000000000000000000000000000000e-03
-3.8878482300788164138793945312500000000000000000000000000000000000e-03
-3.3385555725544691085815429687500000000000000000000000000000000000e-03
-2.7857089880853891372680664062500000000000000000000000000000000000e-03
-2.2293059155344963073730468750000000000000000000000000000000000000e-03
-1.6693407669663429260253906250000000000000000000000000000000000000e-03
-1.1058072559535503387451171875000000000000000000000000000000000000e-03
-5.3870026022195816040039062500000000000000000000000000000000000000e-04
3.1987437978386878967285156250000000000000000000000000000000000000e-05
6.0626445338129997253417968750000000000000000000000000000000000000e-04
1.1841345112770795822143554687500000000000000000000000000000000000e-03
1.7656031996011734008789062500000000000000000000000000000000000000e-03
2.3506842553615570068359375000000000000000000000000000000000000000e-03
2.9393865261226892471313476562500000000000000000000000000000000000e-03
3.5317158326506614685058593750000000000000000000000000000000000000e-03
4.1276835836470127105712890625000000000000000000000000000000000000e-03
4.7272986266762018203735351562500000000000000000000000000000000000e-03
5.3305712062865495681762695312500000000000000000000000000000000000e-03
5.9375136625021696090698242187500000000000000000000000000000000000e-03
6.5481394995003938674926757812500000000000000000000000000000000000e-03
7.1624601259827613830566406250000000000000000000000000000000000000e-03
7.7804860193282365798950195312500000000000000000000000000000000000e-03
8.4022344090044498443603515625000000000000000000000000000000000000e-03
9.0277190320193767547607421875000000000000000000000000000000000000e-03
9.6569519955664873123168945312500000000000000000000000000000000000e-03
1.0289949132129549980163574218750000000000000000000000000000000000e-02
1.0926725575700402259826660156250000000000000000000000000000000000e-02
1.1567300884053111076354980468750000000000000000000000000000000000e-02
1.2211693450808525085449218750000000000000000000000000000000000000e-02
1.2859918409958481788635253906250000000000000000000000000000000000e-02
1.3511994853615760803222656250000000000000000000000000000000000000e-02
1.4167943736538290977478027343750000000000000000000000000000000000e-02
1.4827781822532415390014648437500000000000000000000000000000000000e-02
1.5491529833525419235229492187500000000000000000000000000000000000e-02
1.6159215709194540977478027343750000000000000000000000000000000000e-02
1.6830856446176767349243164062500000000000000000000000000000000000e-02
1.7506473930552601814270019531250000000000000000000000000000000000e-02
1.8186097033321857452392578125000000000000000000000000000000000000e-02
1.8869748804718255996704101562500000000000000000000000000000000000e-02
1.9557452993467450141906738281250000000000000000000000000000000000e-02
2.0249236142262816429138183593750000000000000000000000000000000000e-02
2.0945128519088029861450195312500000000000000000000000000000000000e-02
2.1645155968144536018371582031250000000000000000000000000000000000e-02
2.2349347127601504325866699218750000000000000000000000000000000000e-02
2.3057732963934540748596191406250000000000000000000000000000000000e-02
2.3770344210788607597351074218750000000000000000000000000000000000e-02
2.4487213231623172760009765625000000000000000000000000000000000000e-02
2.5208372157067060470581054687500000000000000000000000000000000000e-02
2.5933856144547462463378906250000000000000000000000000000000000000e-02
2.6663699187338352203369140625000000000000000000000000000000000000e-02
2.7397937141358852386474609375000000000000000000000000000000000000e-02
2.8136607259511947631835937500000000000000000000000000000000000000e-02
2.8879747260361909866333007812500000000000000000000000000000000000e-02
2.9627398587763309478759765625000000000000000000000000000000000000e-02
3.0379599891602993011474609375000000000000000000000000000000000000e-02
3.1136390753090381622314453125000000000000000000000000000000000000e-02
3.1897816341370344161987304687500000000000000000000000000000000000e-02
3.2663919497281312942504882812500000000000000000000000000000000000e-02
3.3434746554121375083923339843750000000000000000000000000000000000e-02
3.4210344776511192321777343750000000000000000000000000000000000000e-02
3.4990759100764989852905273437500000000000000000000000000000000000e-02
3.5776037489995360374450683593750000000000000000000000000000000000e-02
3.6566232796758413314819335937500000000000000000000000000000000000e-02
3.7361399503424763679504394531250000000000000000000000000000000000e-02
3.8161588134244084358215332031250000000000000000000000000000000000e-02
3.8966850144788622856140136718750000000000000000000000000000000000e-02
3.9777243277058005332946777343750000000000000000000000000000000000e-02
4.0592826437205076217651367187500000000000000000000000000000000000e-02
4.1413658065721392631530761718750000000000000000000000000000000000e-02
4.2239798931404948234558105468750000000000000000000000000000000000e-02
4.3071309570223093032836914062500000000000000000000000000000000000e-02
4.3908255873247981071472167968750000000000000000000000000000000000e-02
4.4750701403245329856872558593750000000000000000000000000000000000e-02
4.5598712051287293434143066406250000000000000000000000000000000000e-02
4.6452361857518553733825683593750000000000000000000000000000000000e-02
4.7311716945841908454895019531250000000000000000000000000000000000e-02
4.8176846001297235488891601562500000000000000000000000000000000000e-02
4.9047828884795308113098144531250000000000000000000000000000000000e-02
4.9924742896109819412231445312500000000000000000000000000000000000e-02
5.0807663006708025932312011718750000000000000000000000000000000000e-02
5.1696668146178126335144042968750000000000000000000000000000000000e-02
5.2591840270906686782836914062500000000000000000000000000000000000e-02
5.3493263665586709976196289062500000000000000000000000000000000000e-02
5.4401025408878922462463378906250000000000000000000000000000000000e-02
5.5315213045105338096618652343750000000000000000000000000000000000e-02
5.6235915515571832656860351562500000000000000000000000000000000000e-02
5.7163224089890718460083007812500000000000000000000000000000000000e-02
5.8097235392779111862182617187500000000000000000000000000000000000e-02
5.9038046747446060180664062500000000000000000000000000000000000000e-02
5.9985755011439323425292968750000000000000000000000000000000000000e-02
6.0940463794395327568054199218750000000000000000000000000000000000e-02
6.1902276705950498580932617187500000000000000000000000000000000000e-02
6.2871298752725124359130859375000000000000000000000000000000000000e-02
6.3847640063613653182983398437500000000000000000000000000000000000e-02
6.4831413794308900833129882812500000000000000000000000000000000000e-02
6.5822730772197246551513671875000000000000000000000000000000000000e-02
6.6821707878261804580688476562500000000000000000000000000000000000e-02
6.7828467814251780509948730468750000000000000000000000000000000000e-02
6.8843130720779299736022949218750000000000000000000000000000000000e-02
6.9865821627900004386901855468750000000000000000000000000000000000e-02
7.0896669290959835052490234375000000000000000000000000000000000000e-02
7.1935806423425674438476562500000000000000000000000000000000000000e-02
7.2983365738764405250549316406250000000000000000000000000000000000e-02
7.4039481114596128463745117187500000000000000000000000000000000000e-02
7.5104295974597334861755371093750000000000000000000000000000000000e-02
7.6177955139428377151489257812500000000000000000000000000000000000e-02
7.7260602731257677078247070312500000000000000000000000000000000000e-02
7.8352387063205242156982421875000000000000000000000000000000000000e-02
7.9453463666141033172607421875000000000000000000000000000000000000e-02
8.0563990864902734756469726562500000000000000000000000000000000000e-02
8.1684126518666744232177734375000000000000000000000000000000000000e-02
8.2814033841714262962341308593750000000000000000000000000000000000e-02
8.3953880704939365386962890625000000000000000000000000000000000000e-02
8.5103838238865137100219726562500000000000000000000000000000000000e-02
8.6264079669490456581115722656250000000000000000000000000000000000e-02
8.7434784043580293655395507812500000000000000000000000000000000000e-02
8.8616133434697985649108886718750000000000000000000000000000000000e-02
8.9808311546221375465393066406250000000000000000000000000000000000e-02
9.1011510929092764854431152343750000000000000000000000000000000000e-02
9.2225925764068961143493652343750000000000000000000000000000000000e-02
9.3451751628890633583068847656250000000000000000000000000000000000e-02
9.4689191319048404693603515625000000000000000000000000000000000000e-02
9.5938447862863540649414062500000000000000000000000000000000000000e-02
9.7199732204899191856384277343750000000000000000000000000000000000e-02
9.8473261808976531028747558593750000000000000000000000000000000000e-02
9.9759252276271581649780273437500000000000000000000000000000000000e-02
1.0105792386457324028015136718750000000000000000000000000000000000e-01
1.0236950614489614963531494140625000000000000000000000000000000000e-01
1.0369423218071460723876953125000000000000000000000000000000000000e-01
1.0503233247436583042144775390625000000000000000000000000000000000e-01
1.0638404707424342632293701171875000000000000000000000000000000000e-01
1.0774962184950709342956542968750000000000000000000000000000000000e-01
1.0912930499762296676635742187500000000000000000000000000000000000e-01
1.1052334937267005443572998046875000000000000000000000000000000000e-01
1.1193200876004993915557861328125000000000000000000000000000000000e-01
1.1335554672405123710632324218750000000000000000000000000000000000e-01
1.1479422822594642639160156250000000000000000000000000000000000000e-01
1.1624831962399184703826904296875000000000000000000000000000000000e-01
1.1771809821948409080505371093750000000000000000000000000000000000e-01
1.1920384038239717483520507812500000000000000000000000000000000000e-01
1.2070582597516477108001708984375000000000000000000000000000000000e-01
1.2222434277646243572235107421875000000000000000000000000000000000e-01
1.2375967903062701225280761718750000000000000000000000000000000000e-01
1.2531212763860821723937988281250000000000000000000000000000000000e-01
1.2688198359683156013488769531250000000000000000000000000000000000e-01
1.2846954562701284885406494140625000000000000000000000000000000000e-01
1.3007512059994041919708251953125000000000000000000000000000000000e-01
1.3169901142828166484832763671875000000000000000000000000000000000e-01
1.3334152451716363430023193359375000000000000000000000000000000000e-01
1.3500297442078590393066406250000000000000000000000000000000000000e-01
1.3668367452919483184814453125000000000000000000000000000000000000e-01
1.3838393497280776500701904296875000000000000000000000000000000000e-01
1.4010406937450170516967773437500000000000000000000000000000000000e-01
1.4184440369717776775360107421875000000000000000000000000000000000e-01
1.4360525622032582759857177734375000000000000000000000000000000000e-01
1.4538693521171808242797851562500000000000000000000000000000000000e-01
1.4718976151198148727416992187500000000000000000000000000000000000e-01
1.4901405852288007736206054687500000000000000000000000000000000000e-01
1.5086013847030699253082275390625000000000000000000000000000000000e-01
1.5272831125184893608093261718750000000000000000000000000000000000e-01
1.5461888932622969150543212890625000000000000000000000000000000000e-01
1.5653218189254403114318847656250000000000000000000000000000000000e-01
1.5846849046647548675537109375000000000000000000000000000000000000e-01
1.6042811004444956779479980468750000000000000000000000000000000000e-01
1.6241133306175470352172851562500000000000000000000000000000000000e-01
1.6441844543442130088806152343750000000000000000000000000000000000e-01
1.6644971841014921665191650390625000000000000000000000000000000000e-01
1.6850541904568672180175781250000000000000000000000000000000000000e-01
1.7058580205775797367095947265625000000000000000000000000000000000e-01
1.7269110749475657939910888671875000000000000000000000000000000000e-01
1.7482156935147941112518310546875000000000000000000000000000000000e-01
1.7697739810682833194732666015625000000000000000000000000000000000e-01
1.7915878794156014919281005859375000000000000000000000000000000000e-01
1.8136591627262532711029052734375000000000000000000000000000000000e-01
1.8359893932938575744628906250000000000000000000000000000000000000e-01
1.8585799308493733406066894531250000000000000000000000000000000000e-01
1.8814318161457777023315429687500000000000000000000000000000000000e-01
1.9045458384789526462554931640625000000000000000000000000000000000e-01
1.9279225519858300685882568359375000000000000000000000000000000000e-01
1.9515621266327798366546630859375000000000000000000000000000000000e-01
1.9754643505439162254333496093750000000000000000000000000000000000e-01
1.9996286579407751560211181640625000000000000000000000000000000000e-01
2.0240540639497339725494384765625000000000000000000000000000000000e-01
2.0487391459755599498748779296875000000000000000000000000000000000e-01
2.0736819575540721416473388671875000000000000000000000000000000000e-01
2.0988800446502864360809326171875000000000000000000000000000000000e-01
2.1243304433301091194152832031250000000000000000000000000000000000e-01
2.1500295051373541355133056640625000000000000000000000000000000000e-01
2.1759729110635817050933837890625000000000000000000000000000000000e-01
2.2021557064726948738098144531250000000000000000000000000000000000e-01
2.2285721800290048122406005859375000000000000000000000000000000000e-01
2.2552158334292471408843994140625000000000000000000000000000000000e-01
2.2820792999118566513061523437500000000000000000000000000000000000e-01
2.3091542697511613368988037109375000000000000000000000000000000000e-01
2.3364314925856888294219970703125000000000000000000000000000000000e-01
2.3639007378369569778442382812500000000000000000000000000000000000e-01
2.3915506573393940925598144531250000000000000000000000000000000000e-01
2.4193686735816299915313720703125000000000000000000000000000000000e-01
2.4473410588689148426055908203125000000000000000000000000000000000e-01
2.4754528119228780269622802734375000000000000000000000000000000000e-01
2.5036875251680612564086914062500000000000000000000000000000000000e-01
2.5320273614488542079925537109375000000000000000000000000000000000e-01
2.5604529213160276412963867187500000000000000000000000000000000000e-01
2.5889432569965720176696777343750000000000000000000000000000000000e-01
2.6174757373519241809844970703125000000000000000000000000000000000e-01
2.6460259221494197845458984375000000000000000000000000000000000000e-01
2.6745675783604383468627929687500000000000000000000000000000000000e-01
2.7030725311487913131713867187500000000000000000000000000000000000e-01
2.7315105916932225227355957031250000000000000000000000000000000000e-01
2.7598494826816022396087646484375000000000000000000000000000000000e-01
2.7880547125823795795440673828125000000000000000000000000000000000e-01
2.8160895477049052715301513671875000000000000000000000000000000000e-01
2.8439149097539484500885009765625000000000000000000000000000000000e-01
2.8714892361313104629516601562500000000000000000000000000000000000e-01
2.8987685218453407287597656250000000000000000000000000000000000000e-01
2.9257061984390020370483398437500000000000000000000000000000000000e-01
2.9522529710084199905395507812500000000000000000000000000000000000e-01
2.9783568484708666801452636718750000000000000000000000000000000000e-01
3.0039631156250834465026855468750000000000000000000000000000000000e-01
3.0290141678415238857269287109375000000000000000000000000000000000e-01
3.0534495506435632705688476562500000000000000000000000000000000000e-01
3.0772059410810470581054687500000000000000000000000000000000000000e-01
3.1002170080319046974182128906250000000000000000000000000000000000e-01
3.1224135425873100757598876953125000000000000000000000000000000000e-01
3.1437233975157141685485839843750000000000000000000000000000000000e-01
3.1640714500099420547485351562500000000000000000000000000000000000e-01
3.1833796878345310688018798828125000000000000000000000000000000000e-01
3.2015673303976655006408691406250000000000000000000000000000000000e-01
3.2185507868416607379913330078125000000000000000000000000000000000e-01
3.2342437095940113067626953125000000000000000000000000000000000000e-01
3.2485572970472276210784912109375000000000000000000000000000000000e-01
3.2614002679474651813507080078125000000000000000000000000000000000e-01
3.2726790569722652435302734375000000000000000000000000000000000000e-01
3.2822980312630534172058105468750000000000000000000000000000000000e-01
3.2901596697047352790832519531250000000000000000000000000000000000e-01
3.2961649028584361076354980468750000000000000000000000000000000000e-01
3.3002132968977093696594238281250000000000000000000000000000000000e-01
3.3022033818997442722320556640625000000000000000000000000000000000e-01
3.3020330383442342281341552734375000000000000000000000000000000000e-01
3.2995998929254710674285888671875000000000000000000000000000000000e-01
3.2948016677983105182647705078125000000000000000000000000000000000e-01
3.2875366508960723876953125000000000000000000000000000000000000000e-01
3.2777043152600526809692382812500000000000000000000000000000000000e-01
3.2652056938968598842620849609375000000000000000000000000000000000e-01
3.2499439176172018051147460937500000000000000000000000000000000000e-01
3.2318250043317675590515136718750000000000000000000000000000000000e-01
3.2107583316974341869354248046875000000000000000000000000000000000e-01
3.1866573193110525608062744140625000000000000000000000000000000000e-01
3.1594402249902486801147460937500000000000000000000000000000000000e-01
3.1290307501330971717834472656250000000000000000000000000000000000e-01
3.0953588895499706268310546875000000000000000000000000000000000000e-01
3.0583616369403898715972900390625000000000000000000000000000000000e-01
3.0179836926981806755065917968750000000000000000000000000000000000e-01
2.9741784511134028434753417968750000000000000000000000000000000000e-01
2.9269087617285549640655517578125000000000000000000000000000000000e-01
2.8761475835926830768585205078125000000000000000000000000000000000e-01
2.8218789468519389629364013671875000000000000000000000000000000000e-01
2.7640987513586878776550292968750000000000000000000000000000000000e-01
2.7028154628351330757141113281250000000000000000000000000000000000e-01
2.6380509207956492900848388671875000000000000000000000000000000000e-01
2.5698410556651651859283447265625000000000000000000000000000000000e-01
2.4982365500181913375854492187500000000000000000000000000000000000e-01
2.4233035626821219921112060546875000000000000000000000000000000000e-01
2.3451242689043283462524414062500000000000000000000000000000000000e-01
2.2637972980737686157226562500000000000000000000000000000000000000e-01
2.1794383227825164794921875000000000000000000000000000000000000000e-01
2.0921804243698716163635253906250000000000000000000000000000000000e-01
2.0021743793040513992309570312500000000000000000000000000000000000e-01
1.9095887453295290470123291015625000000000000000000000000000000000e-01
1.8146100384183228015899658203125000000000000000000000000000000000e-01
1.7174429912120103836059570312500000000000000000000000000000000000e-01
1.6183101758360862731933593750000000000000000000000000000000000000e-01
1.5174517803825438022613525390625000000000000000000000000000000000e-01
1.4151254971511662006378173828125000000000000000000000000000000000e-01
1.3116060546599328517913818359375000000000000000000000000000000000e-01
1.2071846728213131427764892578125000000000000000000000000000000000e-01
1.1021683295257389545440673828125000000000000000000000000000000000e-01
9.9687917390838265419006347656250000000000000000000000000000000000e-02
8.9165374170988798141479492187500000000000000000000000000000000000e-02
7.8684175154194235801696777343750000000000000000000000000000000000e-02
6.8280531791970133781433105468750000000000000000000000000000000000e-02
5.7991791982203722000122070312500000000000000000000000000000000000e-02
4.7856294550001621246337890625000000000000000000000000000000000000e-02
3.7913274951279163360595703125000000000000000000000000000000000000e-02
2.8202736983075737953186035156250000000000000000000000000000000000e-02
1.8765300977975130081176757812500000000000000000000000000000000000e-02
9.6420855261385440826416015625000000000000000000000000000000000000e-03
8.7458058260381221771240234375000000000000000000000000000000000000e-04
-7.4954845476895570755004882812500000000000000000000000000000000000e-03
-1.5426277648657560348510742187500000000000000000000000000000000000e-02
-2.2875981172546744346618652343750000000000000000000000000000000000e-02
-2.9802917502820491790771484375000000000000000000000000000000000000e-02
-3.6165664205327630043029785156250000000000000000000000000000000000e-02
-4.1923148557543754577636718750000000000000000000000000000000000000e-02
-4.7034750459715723991394042968750000000000000000000000000000000000e-02
-5.1460379501804709434509277343750000000000000000000000000000000000e-02
-5.5160556454211473464965820312500000000000000000000000000000000000e-02
-5.8096480555832386016845703125000000000000000000000000000000000000e-02
-6.0230059316381812095642089843750000000000000000000000000000000000e-02
-6.1523954384028911590576171875000000000000000000000000000000000000e-02
-6.1941618099808692932128906250000000000000000000000000000000000000e-02
-6.1447278130799531936645507812500000000000000000000000000000000000e-02
-6.0005935374647378921508789062500000000000000000000000000000000000e-02
-5.7583372341468930244445800781250000000000000000000000000000000000e-02
-5.4146103095263242721557617187500000000000000000000000000000000000e-02
-4.9661334371194243431091308593750000000000000000000000000000000000e-02
-4.4096949743106961250305175781250000000000000000000000000000000000e-02
-3.7421434652060270309448242187500000000000000000000000000000000000e-02
-2.9603808186948299407958984375000000000000000000000000000000000000e-02
-2.0613610744476318359375000000000000000000000000000000000000000000e-02
-1.0420837672427296638488769531250000000000000000000000000000000000e-02
1.0041138157248497009277343750000000000000000000000000000000000000e-03
1.3690443476662039756774902343750000000000000000000000000000000000e-02
2.7666968759149312973022460937500000000000000000000000000000000000e-02
4.2962092906236648559570312500000000000000000000000000000000000000e-02
5.9603725094348192214965820312500000000000000000000000000000000000e-02
7.7619182178750634193420410156250000000000000000000000000000000000e-02
9.7035014536231756210327148437500000000000000000000000000000000000e-02
1.1787674087099730968475341796875000000000000000000000000000000000e-01
1.4016850246116518974304199218750000000000000000000000000000000000e-01
1.6393261821940541267395019531250000000000000000000000000000000000e-01
1.8918898212723433971405029296875000000000000000000000000000000000e-01
2.1595429815351963043212890625000000000000000000000000000000000000e-01
2.4424114613793790340423583984375000000000000000000000000000000000e-01
2.7405679668299853801727294921875000000000000000000000000000000000e-01
3.0540176574140787124633789062500000000000000000000000000000000000e-01
3.3826804766431450843811035156250000000000000000000000000000000000e-01
3.7263697083108127117156982421875000000000000000000000000000000000e-01
4.0847668400965631008148193359375000000000000000000000000000000000e-01
4.4573911954648792743682861328125000000000000000000000000000000000e-01
4.8435637773945927619934082031250000000000000000000000000000000000e-01
5.2423659455962479114532470703125000000000000000000000000000000000e-01
5.6525909039191901683807373046875000000000000000000000000000000000e-01
6.0726877371780574321746826171875000000000000000000000000000000000e-01
6.5006987261585891246795654296875000000000000000000000000000000000e-01
6.9341888744384050369262695312500000000000000000000000000000000000e-01
7.3701682849787175655364990234375000000000000000000000000000000000e-01
7.8050090861506760120391845703125000000000000000000000000000000000e-01
8.2343592401593923568725585937500000000000000000000000000000000000e-01
8.6530560883693397045135498046875000000000000000000000000000000000e-01
9.0550456452183425426483154296875000000000000000000000000000000000e-01
9.4333163765259087085723876953125000000000000000000000000000000000e-01
9.7798584727570414543151855468750000000000000000000000000000000000e-01
1.0085664005018770694732666015625000000000000000000000000000000000e+00
1.0340788762550801038742065429687500000000000000000000000000000000e+00
1.0534503585658967494964599609375000000000000000000000000000000000e+00
1.0655568123329430818557739257812500000000000000000000000000000000e+00
1.0692667844705283641815185546875000000000000000000000000000000000e+00
1.0635064132511615753173828125000000000000000000000000000000000000e+00
1.0473510574083775281906127929687500000000000000000000000000000000e+00
1.0201490893959999084472656250000000000000000000000000000000000000e+00
9.8168299533426761627197265625000000000000000000000000000000000000e-01
9.3237086920998990535736083984375000000000000000000000000000000000e-01
8.7350748549215495586395263671875000000000000000000000000000000000e-01
8.0753661110065877437591552734375000000000000000000000000000000000e-01
7.3833504808135330677032470703125000000000000000000000000000000000e-01
6.7146534635685384273529052734375000000000000000000000000000000000e-01
6.1379352607764303684234619140625000000000000000000000000000000000e-01
5.4866411932744085788726806640625000000000000000000000000000000000e-01
6.2997755012474954128265380859375000000000000000000000000000000000e-01
1.0778600946068763732910156250000000000000000000000000000000000000e+00
4.3998853443190455436706542968750000000000000000000000000000000000e-01
4.3998853443190455436706542968750000000000000000000000000000000000e-01
