7.6438953862952985218726098537445068359375000000000000000000000000e-01
7.4806111518273610272444784641265869140625000000000000000000000000e-01
7.1840698214714393543545156717300415039062500000000000000000000000e-01
6.9112265138710426981560885906219482421875000000000000000000000000e-01
6.6417802248770385631360113620758056640625000000000000000000000000e-01
6.3924302658551823697052896022796630859375000000000000000000000000e-01
6.1582735226170370879117399454116821289062500000000000000000000000e-01
5.9367944021050789160653948783874511718750000000000000000000000000e-01
5.7291316996179375564679503440856933593750000000000000000000000000e-01
5.5331113488364280783571302890777587890625000000000000000000000000e-01
5.3481682940332575526554137468338012695312500000000000000000000000e-01
5.1734185325335602101404219865798950195312500000000000000000000000e-01
5.0079251621605180844198912382125854492187500000000000000000000000e-01
4.8511847436839161673560738563537597656250000000000000000000000000e-01
4.7031887490379631344694644212722778320312500000000000000000000000e-01
4.5636506454593472881242632865905761718750000000000000000000000000e-01
4.4317030218508079997263848781585693359375000000000000000000000000e-01
4.3065742417002184083685278892517089843750000000000000000000000000e-01
4.1876021850043798622209578752517700195312500000000000000000000000e-01
4.0741898816008870198857039213180541992187500000000000000000000000e-01
3.9657936964727014128584414720535278320312500000000000000000000000e-01
3.8619089190183331083972007036209106445312500000000000000000000000e-01
3.7620550099859428883064538240432739257812500000000000000000000000e-01
3.6657631289062919677235186100006103515625000000000000000000000000e-01
3.5725621354208669799845665693283081054687500000000000000000000000e-01
3.4819634316932024376001209020614624023437500000000000000000000000e-01
3.3934432573028061597142368555068969726562500000000000000000000000e-01
3.3064211619603156577795743942260742187500000000000000000000000000e-01
3.2202324835429863014724105596542358398437500000000000000000000000e-01
3.1340940100631087261717766523361206054687500000000000000000000000e-01
3.0470566524513742479030042886734008789062500000000000000000000000e-01
2.9579428324495893321000039577484130859375000000000000000000000000e-01
2.8652746941907025757245719432830810546875000000000000000000000000e-01
2.7671103718944323190953582525253295898437500000000000000000000000e-01
2.6609709320860019943211227655410766601562500000000000000000000000e-01
2.5507633732127032999414950609207153320312500000000000000000000000e-01
2.4451179408924872404895722866058349609375000000000000000000000000e-01
2.3470669017137879563961178064346313476562500000000000000000000000e-01
2.2559586150259747228119522333145141601562500000000000000000000000e-01
2.1712025480860575044061988592147827148437500000000000000000000000e-01
2.0922792408055101986974477767944335937500000000000000000000000000e-01
2.0187126449854986276477575302124023437500000000000000000000000000e-01
1.9500719760367246635723859071731567382812500000000000000000000000e-01
1.8859658892779407324269413948059082031250000000000000000000000000e-01
1.8260383974620708613656461238861083984375000000000000000000000000e-01
1.7699656365289229142945259809494018554687500000000000000000000000e-01
1.7174525040559274202678352594375610351562500000000000000000000000e-01
1.6682298783712212753016501665115356445312500000000000000000000000e-01
1.6220520666661286668386310338973999023437500000000000000000000000e-01
1.5786945264380847220309078693389892578125000000000000000000000000e-01
1.5379518382246715191286057233810424804687500000000000000000000000e-01
1.4996358841972323716618120670318603515625000000000000000000000000e-01
1.4635742191308054316323250532150268554687500000000000000000000000e-01
1.4296086089143500430509448051452636718750000000000000000000000000e-01
1.3975937180794062442146241664886474609375000000000000000000000000e-01
1.3673959302695948281325399875640869140625000000000000000000000000e-01
1.3388922866147368040401488542556762695312500000000000000000000000e-01
1.3119695294108169036917388439178466796875000000000000000000000000e-01
1.2865232397689396748319268226623535156250000000000000000000000000e-01
1.2624570592060990747995674610137939453125000000000000000000000000e-01
1.2396819863488417468033730983734130859375000000000000000000000000e-01
1.2181157409600018581841140985488891601562500000000000000000000000e-01
1.1976821883217780850827693939208984375000000000000000000000000000e-01
1.1783108177883150347042828798294067382812500000000000000000000000e-01
1.1599362700758319988381117582321166992187500000000000000000000000e-01
1.1424979083267317037098109722137451171875000000000000000000000000e-01
1.1259394286253154859878122806549072265625000000000000000000000000e-01
1.1102085060497302038129419088363647460937500000000000000000000000e-01
1.0952564727244862297084182500839233398437500000000000000000000000e-01
1.0810380248585715889930725097656250000000000000000000000000000000e-01
1.0675109558337680937256664037704467773437500000000000000000000000e-01
1.0546359129148186184465885162353515625000000000000000000000000000e-01
1.0423761752736027119681239128112792968750000000000000000000000000e-01
1.0306974513309796748217195272445678710937500000000000000000000000e-01
1.0195676935836672782897949218750000000000000000000000000000000000e-01
1.0089569292631495045498013496398925781250000000000000000000000000e-01
9.9883710535095815430395305156707763671875000000000000000000000000e-02
9.8918194659290747949853539466857910156250000000000000000000000000e-02
9.7996682541634072549641132354736328125000000000000000000000000000e-02
9.7116864250892831478267908096313476562500000000000000000000000000e-02
9.6276571718590275850147008895874023437500000000000000000000000000e-02
9.5473768667261538212187588214874267578125000000000000000000000000e-02
9.4706541349523831740953028202056884765625000000000000000000000000e-02
9.3973090015197158209048211574554443359375000000000000000000000000e-02
9.3271721055316447746008634567260742187500000000000000000000000000e-02
9.2600839764600095804780721664428710937500000000000000000000000000e-02
9.1958943658028147183358669281005859375000000000000000000000000000e-02
9.1344616300602865521796047687530517578125000000000000000000000000e-02
9.0756521602997963782399892807006835937500000000000000000000000000e-02
9.0193398552401049528270959854125976562500000000000000000000000000e-02
8.9654056330573439481668174266815185546875000000000000000000000000e-02
8.9137369790705633931793272495269775390625000000000000000000000000e-02
8.8642275267602599342353641986846923828125000000000000000000000000e-02
8.8167766698006744263693690299987792968750000000000000000000000000e-02
8.7712892006038600811734795570373535156250000000000000000000000000e-02
8.7276749747616122476756572723388671875000000000000000000000000000e-02
8.6858486006121893296949565410614013671875000000000000000000000000e-02
8.6457291489523413474671542644500732421875000000000000000000000000e-02
8.6072398830310703488066792488098144531250000000000000000000000000e-02
8.5703080077337290276773273944854736328125000000000000000000000000e-02
8.5348644355917713255621492862701416015625000000000000000000000000e-02
8.5008435680038019199855625629425048828125000000000000000000000000e-02
8.4681830916224498650990426540374755859375000000000000000000000000e-02
8.4368237887474606395699083805084228515625000000000000000000000000e-02
8.4067093589510477613657712936401367187500000000000000000000000000e-02
8.3777862529359481413848698139190673828125000000000000000000000000e-02
8.3500035176029996364377439022064208984375000000000000000000000000e-02
8.3233126506684129708446562290191650390625000000000000000000000000e-02
8.2976674641940917354077100753784179687500000000000000000000000000e-02
8.2730239571674246690236032009124755859375000000000000000000000000e-02
8.2493401963120049913413822650909423828125000000000000000000000000e-02
8.2265762033102873829193413257598876953125000000000000000000000000e-02
8.2046938503253841190598905086517333984375000000000000000000000000e-02
8.1836567609343546791933476924896240234375000000000000000000000000e-02
8.1634302172460593283176422119140625000000000000000000000000000000e-02
8.1439810733400008757598698139190673828125000000000000000000000000e-02
8.1252776726159936515614390373229980468750000000000000000000000000e-02
8.1072897711919722496531903743743896484375000000000000000000000000e-02
8.0899884653945264290086925029754638671875000000000000000000000000e-02
8.0733461233194248052313923835754394531250000000000000000000000000e-02
8.0573363207577131106518208980560302734375000000000000000000000000e-02
8.0419337804414681158959865570068359375000000000000000000000000000e-02
8.0271143150184798287227749824523925781250000000000000000000000000e-02
8.0128547731419530464336276054382324218750000000000000000000000000e-02
7.9991329887889150995761156082153320312500000000000000000000000000e-02
7.9859277332388955983333289623260498046875000000000000000000000000e-02
7.9732186697356155491434037685394287109375000000000000000000000000e-02
7.9609863107179990038275718688964843750000000000000000000000000000e-02
7.9492119773703961982391774654388427734375000000000000000000000000e-02
7.9378777616057050181552767753601074218750000000000000000000000000e-02
7.9269664895718960906378924846649169921875000000000000000000000000e-02
7.9164616875004867324605584144592285156250000000000000000000000000e-02
7.9063475497378021827898919582366943359375000000000000000000000000e-02
7.8966089075265699648298323154449462890625000000000000000000000000e-02
7.8872312001294631045311689376831054687500000000000000000000000000e-02
7.8782004475442590774036943912506103515625000000000000000000000000e-02
7.8695032241512308246456086635589599609375000000000000000000000000e-02
7.8611266339521534973755478858947753906250000000000000000000000000e-02
7.8530582871508158859796822071075439453125000000000000000000000000e-02
7.8452862778704002266749739646911621093750000000000000000000000000e-02
7.8377991630304677528329193592071533203125000000000000000000000000e-02
7.8305859422016510507091879844665527343750000000000000000000000000e-02
7.8236360385062653222121298313140869140625000000000000000000000000e-02
7.8169392805193638196215033531188964843750000000000000000000000000e-02
7.8104858849201264092698693275451660156250000000000000000000000000e-02
7.8042664400527428369969129562377929687500000000000000000000000000e-02
7.7982718905104775330983102321624755859375000000000000000000000000e-02
7.7924935223109059734269976615905761718750000000000000000000000000e-02
7.7869229482985247159376740455627441406250000000000000000000000000e-02
7.7815520951844519004225730895996093750000000000000000000000000000e-02
7.7763731905406530131585896015167236328125000000000000000000000000e-02
7.7713787503626008401624858379364013671875000000000000000000000000e-02
7.7665615677688037976622581481933593750000000000000000000000000000e-02
7.7619147016775968950241804122924804687500000000000000000000000000e-02
7.7574314661205789889208972454071044921875000000000000000000000000e-02
7.7531054203973326366394758224487304687500000000000000000000000000e-02
7.7489303593438307871110737323760986328125000000000000000000000000e-02
7.7449003038282171473838388919830322265625000000000000000000000000e-02
7.7410094922925054561346769332885742187500000000000000000000000000e-02
7.7372523723397534922696650028228759765625000000000000000000000000e-02
7.7336235923439744510687887668609619140625000000000000000000000000e-02
7.7301179940604924922809004783630371093750000000000000000000000000e-02
7.7267306054181972285732626914978027343750000000000000000000000000e-02
7.7234566331526366411708295345306396484375000000000000000000000000e-02
7.7202914562803925946354866027832031250000000000000000000000000000e-02
7.7172306196416684542782604694366455078125000000000000000000000000e-02
7.7142698277384624816477298736572265625000000000000000000000000000e-02
7.7114049389365391107276082038879394531250000000000000000000000000e-02
7.7086319595082386513240635395050048828125000000000000000000000000e-02
7.7059470387666806345805525779724121093750000000000000000000000000e-02
7.7033464631995229865424335002899169921875000000000000000000000000e-02
7.7008266524217106052674353122711181640625000000000000000000000000e-02
7.6983841531500729615800082683563232421875000000000000000000000000e-02
7.6960156363838905235752463340759277343750000000000000000000000000e-02
7.6937178903563108178786933422088623046875000000000000000000000000e-02
7.6914878203297121217474341392517089843750000000000000000000000000e-02
7.6893224391142211970873177051544189453125000000000000000000000000e-02
7.6872188704328436870127916336059570312500000000000000000000000000e-02
7.6851743352790435892529785633087158203125000000000000000000000000e-02
7.6831861623077202239073812961578369140625000000000000000000000000e-02
7.6812517648249922785907983779907226562500000000000000000000000000e-02
7.6793686645260095247067511081695556640625000000000000000000000000e-02
7.6775344512043375289067625999450683593750000000000000000000000000e-02
7.6757468302957931882701814174652099609375000000000000000000000000e-02
7.6740035517104843165725469589233398437500000000000000000000000000e-02
7.6723024987813914776779711246490478515625000000000000000000000000e-02
7.6706415620492407470010221004486083984375000000000000000000000000e-02
7.6690188021530047990381717681884765625000000000000000000000000000e-02
7.6674322267990646651014685630798339843750000000000000000000000000e-02
7.6658800806626459234394133090972900390625000000000000000000000000e-02
7.6643604573064294527284801006317138671875000000000000000000000000e-02
7.6628718039273735485039651393890380859375000000000000000000000000e-02
7.6614122554929053876549005508422851562500000000000000000000000000e-02
7.6599804975103324977681040763854980468750000000000000000000000000e-02
7.6585746420050782035104930400848388671875000000000000000000000000e-02
7.6571936750951863359659910202026367187500000000000000000000000000e-02
7.6558355902989205787889659404754638671875000000000000000000000000e-02
7.6544997758446697844192385673522949218750000000000000000000000000e-02
7.6531839647032029461115598678588867187500000000000000000000000000e-02
7.6518881056927057215943932533264160156250000000000000000000000000e-02
7.6506094623027820489369332790374755859375000000000000000000000000e-02
7.6493487837069551460444927215576171875000000000000000000000000000e-02
7.6481025591419893316924571990966796875000000000000000000000000000e-02
7.6468726917028106981888413429260253906250000000000000000000000000e-02
7.6456544586562813492491841316223144531250000000000000000000000000e-02
7.6444514274498942540958523750305175781250000000000000000000000000e-02
7.6432570447195757878944277763366699218750000000000000000000000000e-02
7.6420772614483212237246334552764892578125000000000000000000000000e-02
7.6409028361695163766853511333465576171875000000000000000000000000e-02
7.6397430966835599974729120731353759765625000000000000000000000000e-02
7.6385849455618881620466709136962890625000000000000000000000000000e-02
7.6374424301548060611821711063385009765625000000000000000000000000e-02
7.6362970396985474508255720138549804687500000000000000000000000000e-02
7.6351693173137391568161547183990478515625000000000000000000000000e-02
7.6340333035204821499064564704895019531250000000000000000000000000e-02
7.6329183378902598633430898189544677734375000000000000000000000000e-02
7.6317884076843256480060517787933349609375000000000000000000000000e-02
7.6306845624230845714919269084930419921875000000000000000000000000e-02
7.6295574777986985282041132450103759765625000000000000000000000000e-02
7.6284635194042493822053074836730957031250000000000000000000000000e-02
7.6273360690265690209344029426574707031250000000000000000000000000e-02
7.6262511635377450147643685340881347656250000000000000000000000000e-02
7.6251201429158754763193428516387939453125000000000000000000000000e-02
7.6240438420882128411903977394104003906250000000000000000000000000e-02
7.6229060483910870971158146858215332031250000000000000000000000000e-02
7.6218382624574587680399417877197265625000000000000000000000000000e-02
7.6206905064964303164742887020111083984375000000000000000000000000e-02
7.6196314583057755953632295131683349609375000000000000000000000000e-02
7.6184705978221245459280908107757568359375000000000000000000000000e-02
7.6174207555368411703966557979583740234375000000000000000000000000e-02
7.6162437525454151909798383712768554687500000000000000000000000000e-02
7.6152037397832827991805970668792724609375000000000000000000000000e-02
7.6140077430864039342850446701049804687500000000000000000000000000e-02
7.6129782241650900687091052532196044921875000000000000000000000000e-02
7.6117606752177380258217453956604003906250000000000000000000000000e-02
7.6107422197310370393097400665283203125000000000000000000000000000e-02
7.6095009794244106160476803779602050781250000000000000000000000000e-02
7.6084939113798100152052938938140869140625000000000000000000000000e-02
7.6072273997624506591819226741790771484375000000000000000000000000e-02
7.6062316375100635923445224761962890625000000000000000000000000000e-02
7.6049389775334930163808166980743408203125000000000000000000000000e-02
7.6039538771738079958595335483551025390625000000000000000000000000e-02
7.6026350300935519044287502765655517578125000000000000000000000000e-02
7.6016592451424003229476511478424072265625000000000000000000000000e-02
7.6003151235909172100946307182312011718750000000000000000000000000e-02
7.5993464943394428701139986515045166015625000000000000000000000000e-02
7.5979790387918910710141062736511230468750000000000000000000000000e-02
7.5970145269138811272569000720977783203125000000000000000000000000e-02
7.5956267321998893748968839645385742187500000000000000000000000000e-02
7.5946624109974436578340828418731689453125000000000000000000000000e-02
7.5932582918767366209067404270172119140625000000000000000000000000e-02
7.5922894027144138817675411701202392578125000000000000000000000000e-02
7.5908738910811734967865049839019775390625000000000000000000000000e-02
7.5898949702377649373374879360198974609375000000000000000000000000e-02
7.5884737447267980314791202545166015625000000000000000000000000000e-02
7.5874788160717798746190965175628662109375000000000000000000000000e-02
7.5860580667949761846102774143218994140625000000000000000000000000e-02
7.5850408958103798795491456985473632812500000000000000000000000000e-02
7.5836270370473357615992426872253417968750000000000000000000000000e-02
7.5825814292102222680114209651947021484375000000000000000000000000e-02
7.5811807772424799622967839241027832031250000000000000000000000000e-02
7.5801009009865083498880267143249511718750000000000000000000000000e-02
7.5787193392216067877598106861114501953125000000000000000000000000e-02
7.5776000501718954183161258697509765625000000000000000000000000000e-02
7.5762427054087311262264847755432128906250000000000000000000000000e-02
7.5750798473791292053647339344024658203125000000000000000000000000e-02
7.5737508033398626139387488365173339843750000000000000000000000000e-02
7.5725414605358309927396476268768310546875000000000000000000000000e-02
7.5712435306286351988092064857482910156250000000000000000000000000e-02
7.5699862117289740126579999923706054687500000000000000000000000000e-02
7.5687207895271058077923953533172607421875000000000000000000000000e-02
7.5674155267734022345393896102905273437500000000000000000000000000e-02
7.5661825263068749336525797843933105468750000000000000000000000000e-02
7.5648308833024202613160014152526855468750000000000000000000000000e-02
7.5636287723000350524671375751495361328125000000000000000000000000e-02
7.5622337586310095502994954586029052734375000000000000000000000000e-02
7.5610596824844833463430404663085937500000000000000000000000000000e-02
7.5596255849859517184086143970489501953125000000000000000000000000e-02
7.5584755680665693944320082664489746093750000000000000000000000000e-02
7.5570077109205158194527029991149902343750000000000000000000000000e-02
7.5558769190138264093548059463500976562500000000000000000000000000e-02
7.5543813750527988304384052753448486328125000000000000000000000000e-02
7.5532644164923112839460372924804687500000000000000000000000000000e-02
7.5517476915820225258357822895050048828125000000000000000000000000e-02
7.5506389334577761474065482616424560546875000000000000000000000000e-02
7.5491076482649077661335468292236328125000000000000000000000000000e-02
7.5480015230141361826099455356597900390625000000000000000000000000e-02
7.5464621147602883866056799888610839843750000000000000000000000000e-02
7.5453533987456467002630233764648437500000000000000000000000000000e-02
7.5438118612510152161121368408203125000000000000000000000000000000e-02
7.5426959052947495365515351295471191406250000000000000000000000000e-02
7.5411575832276867004111409187316894531250000000000000000000000000e-02
7.5400304869845058419741690158843994140625000000000000000000000000e-02
7.5384999297511967597529292106628417968750000000000000000000000000e-02
7.5373586520072421990334987640380859375000000000000000000000000000e-02
7.5358395325338278780691325664520263671875000000000000000000000000e-02
7.5346819394781050505116581916809082031250000000000000000000000000e-02
7.5331770337925263447687029838562011718750000000000000000000000000e-02
7.5320018894672102760523557662963867187500000000000000000000000000e-02
7.5305131091681687394157052040100097656250000000000000000000000000e-02
7.5293200170563068240880966186523437500000000000000000000000000000e-02
7.5278484861883043777197599411010742187500000000000000000000000000e-02
7.5266377938078221632167696952819824218750000000000000000000000000e-02
7.5251839564089095802046358585357666015625000000000000000000000000e-02
7.5239566354639464407227933406829833984375000000000000000000000000e-02
7.5225203818945374223403632640838623046875000000000000000000000000e-02
7.5212778947388869710266590118408203125000000000000000000000000000e-02
7.5198586950591561617329716682434082031250000000000000000000000000e-02
7.5186028608186461497098207473754882812500000000000000000000000000e-02
7.5171998954147056792862713336944580078125000000000000000000000000e-02
7.5159327624078287044540047645568847656250000000000000000000000000e-02
7.5145450410218472825363278388977050781250000000000000000000000000e-02
7.5132687745508519583381712436676025390625000000000000000000000000e-02
7.5118952402135619195178151130676269531250000000000000000000000000e-02
7.5106120267037113080732524394989013671875000000000000000000000000e-02
7.5092516390213859267532825469970703125000000000000000000000000000e-02
7.5079636124883109005168080329895019531250000000000000000000000000e-02
7.5066154110572824720293283462524414062500000000000000000000000000e-02
7.5053245980143401538953185081481933593750000000000000000000000000e-02
7.5039877467361293383873999118804931640625000000000000000000000000e-02
7.5026960312243318185210227966308593750000000000000000000000000000e-02
7.5013698442035092739388346672058105468750000000000000000000000000e-02
7.5000789481464380514807999134063720703125000000000000000000000000e-02
7.4987629017414292320609092712402343750000000000000000000000000000e-02
7.4974743793063680641353130340576171875000000000000000000000000000e-02
7.4961681116519685019738972187042236328125000000000000000000000000e-02
7.4948833530925185186788439750671386718750000000000000000000000000e-02
7.4935866560736030805855989456176757812500000000000000000000000000e-02
7.4923068990983665571548044681549072265625000000000000000000000000e-02
7.4910197041617720969952642917633056640625000000000000000000000000e-02
7.4897460494639744865708053112030029296875000000000000000000000000e-02
7.4884684102244136738590896129608154296875000000000000000000000000e-02
7.4872018389896766166202723979949951171875000000000000000000000000e-02
7.4859339131762681063264608383178710937500000000000000000000000000e-02
7.4846753056590387132018804550170898437500000000000000000000000000e-02
7.4834173366525646997615694999694824218750000000000000000000000000e-02
7.4821674890699796378612518310546875000000000000000000000000000000e-02
7.4809197895319812232628464698791503906250000000000000000000000000e-02
7.4796794301391855697147548198699951171875000000000000000000000000e-02
7.4784423664823407307267189025878906250000000000000000000000000000e-02
7.4772121691466963966377079486846923828125000000000000000000000000e-02
7.4759861495067525538615882396697998046875000000000000000000000000e-02
7.4747667456449562450870871543884277343750000000000000000000000000e-02
7.4735522083756222855299711227416992187500000000000000000000000000e-02
7.4723441962305514607578516006469726562500000000000000000000000000e-02
7.4711416017180454218760132789611816406250000000000000000000000000e-02
7.4699455540667258901521563529968261718750000000000000000000000000e-02
7.4687553783405746798962354660034179687500000000000000000000000000e-02
7.4675718486332698375917971134185791015625000000000000000000000000e-02
7.4663945773863815702497959136962890625000000000000000000000000000e-02
7.4652241039075306616723537445068359375000000000000000000000000000e-02
7.4640602290628521586768329143524169921875000000000000000000000000e-02
7.4629033388191601261496543884277343750000000000000000000000000000e-02
7.4617533555283444002270698547363281250000000000000000000000000000e-02
7.4606105664315691683441400527954101562500000000000000000000000000e-02
7.4594749710513497120700776576995849609375000000000000000000000000e-02
7.4583467937145542236976325511932373046875000000000000000000000000e-02
7.4572260824197655892930924892425537109375000000000000000000000000e-02
7.4561130216352466959506273269653320312500000000000000000000000000e-02
7.4550076892819561180658638477325439453125000000000000000000000000e-02
7.4539102449762140167877078056335449218750000000000000000000000000e-02
7.4528207843968630186282098293304443359375000000000000000000000000e-02
7.4517394518125001923181116580963134765625000000000000000000000000e-02
7.4506663537704298505559563636779785156250000000000000000000000000e-02
7.4496016246712315478362143039703369140625000000000000000000000000e-02
7.4485453769057130557484924793243408203125000000000000000000000000e-02
7.4474977391446373076178133487701416015625000000000000000000000000e-02
7.4464588271666798391379415988922119140625000000000000000000000000e-02
7.4454287655044026905670762062072753906250000000000000000000000000e-02
7.4444076715735718607902526855468750000000000000000000000000000000e-02
7.4433956675193257979117333889007568359375000000000000000000000000e-02
7.4423928711667031166143715381622314453125000000000000000000000000e-02
7.4413994032056507421657443046569824218750000000000000000000000000e-02
7.4404153814157325541600584983825683593750000000000000000000000000e-02
7.4394409250089665874838829040527343750000000000000000000000000000e-02
7.4384761517421793541871011257171630859375000000000000000000000000e-02
7.4375211797814699821174144744873046875000000000000000000000000000e-02
7.4365761263607055298052728176116943359375000000000000000000000000e-02
7.4356411088729146285913884639739990234375000000000000000000000000e-02
7.4347162440290048834867775440216064453125000000000000000000000000e-02
7.4338016484261970617808401584625244140625000000000000000000000000e-02
7.4328974383206514175981283187866210937500000000000000000000000000e-02
7.4320037295819929568096995353698730468750000000000000000000000000e-02
7.4311206377160488045774400234222412109375000000000000000000000000e-02
7.4302482780694845132529735565185546875000000000000000000000000000e-02
7.4293867657161172246560454368591308593750000000000000000000000000e-02
7.4285362154796530376188457012176513671875000000000000000000000000e-02
7.4276967416153638623654842376708984375000000000000000000000000000e-02
7.4268684583785216091200709342956542968750000000000000000000000000e-02
7.4260514795923882047645747661590576171875000000000000000000000000e-02
7.4252459189210640033707022666931152343750000000000000000000000000e-02
7.4244518898012756835669279098510742187500000000000000000000000000e-02
7.4236695052377399406395852565765380859375000000000000000000000000e-02
7.4228988780987492646090686321258544921875000000000000000000000000e-02
7.4221401208887982647866010665893554687500000000000000000000000000e-02
7.4213933461351189180277287960052490234375000000000000000000000000e-02
7.4206586659329332178458571434020996093750000000000000000000000000e-02
7.4199361921500894823111593723297119140625000000000000000000000000e-02
7.4192260364497997215948998928070068359375000000000000000000000000e-02
7.4185283103133770055137574672698974609375000000000000000000000000e-02
7.4178431250857101986184716224670410156250000000000000000000000000e-02
7.4171705916342034470289945602416992187500000000000000000000000000e-02
7.4165108209172103670425713062286376953125000000000000000000000000e-02
7.4158639236202361644245684146881103515625000000000000000000000000e-02
7.4152300100877255317755043506622314453125000000000000000000000000e-02
7.4146091906186484266072511672973632812500000000000000000000000000e-02
7.4140015754892374388873577117919921875000000000000000000000000000e-02
7.4134072745209778076969087123870849609375000000000000000000000000e-02
7.4128263973989305668510496616363525390625000000000000000000000000e-02
7.4122590538763688527978956699371337890625000000000000000000000000e-02
7.4117053534791921265423297882080078125000000000000000000000000000e-02
7.4111654054149767034687101840972900390625000000000000000000000000e-02
7.4106393189822483691386878490447998046875000000000000000000000000e-02
7.4101272032294218661263585090637207031250000000000000000000000000e-02
7.4096291670684877317398786544799804687500000000000000000000000000e-02
7.4091453194796486059203743934631347656250000000000000000000000000e-02
7.4086757690338345128111541271209716796875000000000000000000000000e-02
7.4082206244838744169101119041442871093750000000000000000000000000e-02
7.4077799943779609748162329196929931640625000000000000000000000000e-02
7.4073539870823879027739167213439941406250000000000000000000000000e-02
7.4069427110316610196605324745178222656250000000000000000000000000e-02
7.4065462746830235118977725505828857421875000000000000000000000000e-02
7.4061647861981327878311276435852050781250000000000000000000000000e-02
7.4057983538295957259833812713623046875000000000000000000000000000e-02
7.4054470858072818373329937458038330078125000000000000000000000000e-02
7.4051110901791616925038397312164306640625000000000000000000000000e-02
7.4047904751523674349300563335418701171875000000000000000000000000e-02
7.4044853488430817378684878349304199218750000000000000000000000000e-02
7.4041958192765378043986856937408447265625000000000000000000000000e-02
7.4039219947280798805877566337585449218750000000000000000000000000e-02
7.4036639832911532721482217311859130859375000000000000000000000000e-02
7.4034218930592032847926020622253417968750000000000000000000000000e-02
7.4031958323075741645880043506622314453125000000000000000000000000e-02
7.4029859091751859523355960845947265625000000000000000000000000000e-02
7.4027922320283323642797768115997314453125000000000000000000000000e-02
7.4026149092105697491206228733062744140625000000000000000000000000e-02
7.4024540492018786608241498470306396484375000000000000000000000000e-02
7.4023097606414012261666357517242431640625000000000000000000000000e-02
7.4021821519636432640254497528076171875000000000000000000000000000e-02
7.4020713319214337388984858989715576171875000000000000000000000000e-02
7.4019774094949752907268702983856201171875000000000000000000000000e-02
7.4019004936872079269960522651672363281250000000000000000000000000e-02
7.4018406936147584929130971431732177734375000000000000000000000000e-02
7.4017981185988901415839791297912597656250000000000000000000000000e-02
7.4017728781655023340135812759399414062500000000000000000000000000e-02
7.4017650819087066338397562503814697265625000000000000000000000000e-02
7.4017748398318872204981744289398193359375000000000000000000000000e-02
7.4018022620975898462347686290740966796875000000000000000000000000e-02
7.4018474588456228957511484622955322265625000000000000000000000000e-02
7.4019105406250673695467412471771240234375000000000000000000000000e-02
7.4019916184624889865517616271972656250000000000000000000000000000e-02
7.4020908033844534656964242458343505859375000000000000000000000000e-02
7.4022082067813244066201150417327880859375000000000000000000000000e-02
7.4023439404300006572157144546508789062500000000000000000000000000e-02
7.4024981162210679030977189540863037109375000000000000000000000000e-02
7.4026708465225965483114123344421386718750000000000000000000000000e-02
7.4028622440891922451555728912353515625000000000000000000000000000e-02
7.4030724220619958941824734210968017578125000000000000000000000000e-02
7.4033014938322594389319419860839843750000000000000000000000000000e-02
7.4035495732687195413745939731597900390625000000000000000000000000e-02
7.4038167748085470520891249179840087890625000000000000000000000000e-02
7.4041032130935491295531392097473144531250000000000000000000000000e-02
7.4044090033794418559409677982330322265625000000000000000000000000e-02
7.4047342613084765616804361343383789062500000000000000000000000000e-02
7.4050791029549145605415105819702148437500000000000000000000000000e-02
7.4054436452115623978897929191589355468750000000000000000000000000e-02
7.4058280053122871322557330131530761718750000000000000000000000000e-02
7.4062323010139152756892144680023193359375000000000000000000000000e-02
7.4066566507781317341141402721405029296875000000000000000000000000e-02
7.4071011736805303371511399745941162109375000000000000000000000000e-02
7.4075659891150280600413680076599121093750000000000000000000000000e-02
7.4080512174532486824318766593933105468750000000000000000000000000e-02
7.4085569797944117453880608081817626953125000000000000000000000000e-02
7.4090833976015346706844866275787353515625000000000000000000000000e-02
7.4096305933608164195902645587921142578125000000000000000000000000e-02
7.4101986901723648770712316036224365234375000000000000000000000000e-02
7.4107878120003078947775065898895263671875000000000000000000000000e-02
7.4113980834226822480559349060058593750000000000000000000000000000e-02
7.4120296299724941491149365901947021484375000000000000000000000000e-02
7.4126825781377192470245063304901123046875000000000000000000000000e-02
7.4133570550657168496400117874145507812500000000000000000000000000e-02
7.4140531889270278043113648891448974609375000000000000000000000000e-02
7.4147711087562129250727593898773193359375000000000000000000000000e-02
7.4155109447019640356302261352539062500000000000000000000000000000e-02
7.4162728277315181912854313850402832031250000000000000000000000000e-02
7.4170568899262434570118784904479980468750000000000000000000000000e-02
7.4178632644816389074549078941345214843750000000000000000000000000e-02
7.4186920855026983190327882766723632812500000000000000000000000000e-02
7.4195434883904454181902110576629638671875000000000000000000000000e-02
7.4204176095918228384107351303100585937500000000000000000000000000e-02
7.4213145867815910605713725090026855468750000000000000000000000000e-02
7.4222345589760152506642043590545654296875000000000000000000000000e-02
7.4231776661235926439985632896423339843750000000000000000000000000e-02
7.4241440497416988364420831203460693359375000000000000000000000000e-02
7.4251338526210020063444972038269042968750000000000000000000000000e-02
7.4261472187799881794489920139312744140625000000000000000000000000e-02
7.4271842938969712122343480587005615234375000000000000000000000000e-02
7.4282452249008201761171221733093261718750000000000000000000000000e-02
7.4293301602210704004392027854919433593750000000000000000000000000e-02
7.4304392497197113698348402976989746093750000000000000000000000000e-02
7.4315726451004593400284647941589355468750000000000000000000000000e-02
7.4327304995222220895811915397644042968750000000000000000000000000e-02
7.4339129677355231251567602157592773437500000000000000000000000000e-02
7.4351202061961885192431509494781494140625000000000000000000000000e-02
7.4363523731790337478742003440856933593750000000000000000000000000e-02
7.4376096286187021178193390369415283203125000000000000000000000000e-02
7.4388921344279879122041165828704833984375000000000000000000000000e-02
7.4402000543386748176999390125274658203125000000000000000000000000e-02
7.4415335539015359245240688323974609375000000000000000000000000000e-02
7.4428928009410810773260891437530517578125000000000000000000000000e-02
7.4442779649189105839468538761138916015625000000000000000000000000e-02
7.4456892175703615066595375537872314453125000000000000000000000000e-02
7.4471267329954571323469281196594238281250000000000000000000000000e-02
7.4485906870677354163490235805511474609375000000000000000000000000e-02
7.4500812579799458035267889499664306640625000000000000000000000000e-02
7.4515986265168976387940347194671630859375000000000000000000000000e-02
7.4531429756461875513195991516113281250000000000000000000000000000e-02
7.4547144907000983948819339275360107421875000000000000000000000000e-02
7.4563133595347608206793665885925292968750000000000000000000000000e-02
7.4579397725074159097857773303985595703125000000000000000000000000e-02
7.4595939226355767459608614444732666015625000000000000000000000000e-02
7.4612760056425031507387757301330566406250000000000000000000000000e-02
7.4629862198207774781621992588043212890625000000000000000000000000e-02
7.4647247663733651279471814632415771484375000000000000000000000000e-02
7.4664918493226650753058493137359619140625000000000000000000000000e-02
7.4682876757151461788453161716461181640625000000000000000000000000e-02
7.4701124554621856077574193477630615234375000000000000000000000000e-02
7.4719664015901798848062753677368164062500000000000000000000000000e-02
7.4738497304224438266828656196594238281250000000000000000000000000e-02
7.4757626613745742361061275005340576171875000000000000000000000000e-02
7.4777054171136114746332168579101562500000000000000000000000000000e-02
7.4796782237854131381027400493621826171875000000000000000000000000e-02
7.4816813110601287917234003543853759765625000000000000000000000000e-02
7.4837149119048262946307659149169921875000000000000000000000000000e-02
7.4857792631064512534067034721374511718750000000000000000000000000e-02
7.4878746051808775519020855426788330078125000000000000000000000000e-02
7.4900011822819578810594975948333740234375000000000000000000000000e-02
7.4921592425425842520780861377716064453125000000000000000000000000e-02
7.4943490380746879964135587215423583984375000000000000000000000000e-02
7.4965708251511387061327695846557617187500000000000000000000000000e-02
7.4988248640238452935591340065002441406250000000000000000000000000e-02
7.5011114191283922991715371608734130859375000000000000000000000000e-02
7.5034307595160498749464750289916992187500000000000000000000000000e-02
7.5057831585581880062818527221679687500000000000000000000000000000e-02
7.5081688941054380848072469234466552734375000000000000000000000000e-02
7.5105882486241171136498451232910156250000000000000000000000000000e-02
7.5130415095145508530549705028533935546875000000000000000000000000e-02
7.5155289689746496151201426982879638671875000000000000000000000000e-02
7.5180509240226456313394010066986083984375000000000000000000000000e-02
7.5206076769063656684011220932006835937500000000000000000000000000e-02
7.5231995350122815580107271671295166015625000000000000000000000000e-02
7.5258268109337222995236515998840332031250000000000000000000000000e-02
7.5284898227437224704772233963012695312500000000000000000000000000e-02
7.5311888940632343292236328125000000000000000000000000000000000000e-02
7.5339243540611278149299323558807373046875000000000000000000000000e-02
7.5366965376815642230212688446044921875000000000000000000000000000e-02
7.5395057858941072481684386730194091796875000000000000000000000000e-02
7.5423524455345614114776253700256347656250000000000000000000000000e-02
7.5452368695550831034779548645019531250000000000000000000000000000e-02
7.5481594172288168920204043388366699218750000000000000000000000000e-02
7.5511204539679965819232165813446044921875000000000000000000000000e-02
7.5541203519605915062129497528076171875000000000000000000000000000e-02
7.5571594900338823208585381507873535156250000000000000000000000000e-02
7.5602382535635115345939993858337402343750000000000000000000000000e-02
7.5633570348145440220832824707031250000000000000000000000000000000e-02
7.5665162333052649046294391155242919921875000000000000000000000000e-02
7.5697162555570685071870684623718261718750000000000000000000000000e-02
7.5729575152308825636282563209533691406250000000000000000000000000e-02
7.5762404336501276702620089054107666015625000000000000000000000000e-02
7.5795654395051315077580511569976806640625000000000000000000000000e-02
7.5829329692624014569446444511413574218750000000000000000000000000e-02
7.5863434671646245988085865974426269531250000000000000000000000000e-02
7.5897973853216171846725046634674072265625000000000000000000000000e-02
7.5932951840741225169040262699127197265625000000000000000000000000e-02
7.5968373317209625383839011192321777343750000000000000000000000000e-02
7.6004243050419972860254347324371337890625000000000000000000000000e-02
7.6040565893208622583188116550445556640625000000000000000000000000e-02
7.6077346782312815776094794273376464843750000000000000000000000000e-02
7.6114590742690779734402894973754882812500000000000000000000000000e-02
7.6152302887294354150071740150451660156250000000000000000000000000e-02
7.6190488417978485813364386558532714843750000000000000000000000000e-02
7.6229152627774965367279946804046630859375000000000000000000000000e-02
7.6268300898846064228564500808715820312500000000000000000000000000e-02
7.6307938707032008096575736999511718750000000000000000000000000000e-02
7.6348071623442592681385576725006103515625000000000000000000000000e-02
7.6388705309909710194915533065795898437500000000000000000000000000e-02
7.6429845524444317561574280261993408203125000000000000000000000000e-02
7.6471498122600678470917046070098876953125000000000000000000000000e-02
7.6513669054747879272326827049255371093750000000000000000000000000e-02
7.6556364365615081624127924442291259765625000000000000000000000000e-02
7.6599590198611622327007353305816650390625000000000000000000000000e-02
7.6643352798328123753890395164489746093750000000000000000000000000e-02
7.6687658503260536235757172107696533203125000000000000000000000000e-02
7.6732513747401753789745271205902099609375000000000000000000000000e-02
7.6777925065698582329787313938140869140625000000000000000000000000e-02
7.6823899089959013508632779121398925781250000000000000000000000000e-02
7.6870442547260608989745378494262695312500000000000000000000000000e-02
7.6917562259723126771859824657440185546875000000000000000000000000e-02
7.6965265145190642215311527252197265625000000000000000000000000000e-02
7.7013558215867305989377200603485107421875000000000000000000000000e-02
7.7062448574679365265183150768280029296875000000000000000000000000e-02
7.7111943414593042689375579357147216796875000000000000000000000000e-02
7.7162050018159789033234119415283203125000000000000000000000000000e-02
7.7212775753196183359250426292419433593750000000000000000000000000e-02
7.7264128068463833187706768512725830078125000000000000000000000000e-02
7.7316114495715737575665116310119628906250000000000000000000000000e-02
7.7368742640146592748351395130157470703125000000000000000000000000e-02
7.7422020181074913125485181808471679687500000000000000000000000000e-02
7.7475954866713436786085367202758789062500000000000000000000000000e-02
7.7530554505301552126184105873107910156250000000000000000000000000e-02
7.7585826964650550507940351963043212890625000000000000000000000000e-02
7.7641780161229689838364720344543457031250000000000000000000000000e-02
7.7698422058574578841216862201690673828125000000000000000000000000e-02
7.7755760657510109012946486473083496093750000000000000000000000000e-02
7.7813803984781770850531756877899169921875000000000000000000000000e-02
7.7872560089417675044387578964233398437500000000000000000000000000e-02
7.7932037032496737083420157432556152343750000000000000000000000000e-02
7.7992242873051509377546608448028564453125000000000000000000000000e-02
7.8053185659655355266295373439788818359375000000000000000000000000e-02
7.8114873416552654816769063472747802734375000000000000000000000000e-02
7.8177314131835373700596392154693603515625000000000000000000000000e-02
7.8240515742436400614678859710693359375000000000000000000000000000e-02
7.8304486116394400596618652343750000000000000000000000000000000000e-02
7.8369233041485131252557039260864257812500000000000000000000000000e-02
7.8434764203848317265510559082031250000000000000000000000000000000e-02
7.8501087166387151228263974189758300781250000000000000000000000000e-02
7.8568209351260520634241402149200439453125000000000000000000000000e-02
7.8636138017145640333183109760284423828125000000000000000000000000e-02
7.8704880235818563960492610931396484375000000000000000000000000000e-02
7.8774442867825200664810836315155029296875000000000000000000000000e-02
7.8844832533150110975839197635650634765625000000000000000000000000e-02
7.8916055582794797373935580253601074218750000000000000000000000000e-02
7.8988118068991752807050943374633789062500000000000000000000000000e-02
7.9061025715645882883109152317047119140625000000000000000000000000e-02
7.9134783878998860018327832221984863281250000000000000000000000000e-02
7.9209397511476709041744470596313476562500000000000000000000000000e-02
7.9284871128038503229618072509765625000000000000000000000000000000e-02
7.9361208760701629216782748699188232421875000000000000000000000000e-02
7.9438413917387151741422712802886962890625000000000000000000000000e-02
7.9516489537127199582755565643310546875000000000000000000000000000e-02
7.9595437938905888586305081844329833984375000000000000000000000000e-02
7.9675260775957212899811565876007080078125000000000000000000000000e-02
7.9755958979148999787867069244384765625000000000000000000000000000e-02
7.9837532703322722227312624454498291015625000000000000000000000000e-02
7.9919981271132201072759926319122314453125000000000000000000000000e-02
8.0003303109151602257043123245239257812500000000000000000000000000e-02
8.0087495687848786474205553531646728515625000000000000000000000000e-02
8.0172555455192195950075984001159667968750000000000000000000000000e-02
8.0258477766619762405753135681152343750000000000000000000000000000e-02
8.0345256816826804424636065959930419921875000000000000000000000000e-02
8.0432885564505340880714356899261474609375000000000000000000000000e-02
8.0521355655946535989642143249511718750000000000000000000000000000e-02
8.0610657351371628465130925178527832031250000000000000000000000000e-02
8.0700779440348924254067242145538330078125000000000000000000000000e-02
8.0791709160394020727835595607757568359375000000000000000000000000e-02
8.0883432113296294119209051132202148437500000000000000000000000000e-02
8.0975932180308518582023680210113525390625000000000000000000000000e-02
8.1069191430287901312112808227539062500000000000000000000000000000e-02
8.1163190037386812036857008934020996093750000000000000000000000000e-02
8.1257906187374828732572495937347412109375000000000000000000000000e-02
8.1353315986461893771775066852569580078125000000000000000000000000e-02
8.1449393376033185631968080997467041015625000000000000000000000000e-02
8.1546110037379548884928226470947265625000000000000000000000000000e-02
8.1643435304613376501947641372680664062500000000000000000000000000e-02
8.1741336075765502755530178546905517578125000000000000000000000000e-02
8.1839776730475932708941400051116943359375000000000000000000000000e-02
8.1938719039953866740688681602478027343750000000000000000000000000e-02
8.2038122089443277218379080295562744140625000000000000000000000000e-02
8.2137942203644342953339219093322753906250000000000000000000000000e-02
8.2238132869179025874473154544830322265625000000000000000000000000e-02
8.2338644673654926009476184844970703125000000000000000000000000000e-02
8.2439425239272168255411088466644287109375000000000000000000000000e-02
8.2540419171664325403980910778045654296875000000000000000000000000e-02
8.2641568017834288184531033039093017578125000000000000000000000000e-02
8.2742810224999630008824169635772705078125000000000000000000000000e-02
8.2844081116263623698614537715911865234375000000000000000000000000e-02
8.2945312876972820959053933620452880859375000000000000000000000000e-02
8.3046434551761194597929716110229492187500000000000000000000000000e-02
8.3147372052962964517064392566680908203125000000000000000000000000e-02
8.3248048188579559791833162307739257812500000000000000000000000000e-02
8.3348382705707990680821239948272705078125000000000000000000000000e-02
8.3448292342382046626880764961242675781250000000000000000000000000e-02
8.3547690905788840609602630138397216796875000000000000000000000000e-02
8.3646489370494236936792731285095214843750000000000000000000000000e-02
8.3744595985081105027347803115844726562500000000000000000000000000e-02
8.3841916414712613914161920547485351562500000000000000000000000000e-02
8.3938353895973705220967531204223632812500000000000000000000000000e-02
8.4033809414677307358942925930023193359375000000000000000000000000e-02
8.4128181913229127530939877033233642578125000000000000000000000000e-02
8.4221368513681227341294288635253906250000000000000000000000000000e-02
8.4313264767843065783381462097167968750000000000000000000000000000e-02
8.4403764939452230464667081832885742187500000000000000000000000000e-02
8.4492762301579205086454749107360839843750000000000000000000000000e-02
8.4580149459725362248718738555908203125000000000000000000000000000e-02
8.4665818707662765518762171268463134765625000000000000000000000000e-02
8.4749662399190128780901432037353515625000000000000000000000000000e-02
8.4831573347855737665668129920959472656250000000000000000000000000e-02
8.4911445246689254418015480041503906250000000000000000000000000000e-02
8.4989173112035132362507283687591552734375000000000000000000000000e-02
8.5064653746030671754851937294006347656250000000000000000000000000e-02
8.5137786222048816853202879428863525390625000000000000000000000000e-02
8.5208472380827515735290944576263427734375000000000000000000000000e-02
8.5276617345243721501901745796203613281250000000000000000000000000e-02
8.5342130050094056059606373310089111328125000000000000000000000000e-02
8.5404923779378805193118751049041748046875000000000000000000000000e-02
8.5464916714272476383484899997711181640625000000000000000000000000e-02
8.5522032475637388415634632110595703125000000000000000000000000000e-02
8.5576200684045033995062112808227539062500000000000000000000000000e-02
8.5627357515249968855641782283782958984375000000000000000000000000e-02
8.5675446239292796235531568527221679687500000000000000000000000000e-02
8.5720417762331635458394885063171386718750000000000000000000000000e-02
8.5762231156877533067017793655395507812500000000000000000000000000e-02
8.5800854178614827105775475502014160156250000000000000000000000000e-02
8.5836263759119901806116104125976562500000000000000000000000000000e-02
8.5868446479025806183926761150360107421875000000000000000000000000e-02
8.5897399027544452110305428504943847656250000000000000000000000000e-02
8.5923128623562661232426762580871582031250000000000000000000000000e-02
8.5945653402859534253366291522979736328125000000000000000000000000e-02
8.5965002791908773360773921012878417968750000000000000000000000000e-02
8.5981217830749301356263458728790283203125000000000000000000000000e-02
8.5994351458111850661225616931915283203125000000000000000000000000e-02
8.6004468775627174181863665580749511718750000000000000000000000000e-02
8.6011647254281342611648142337799072265625000000000000000000000000e-02
8.6015976907674485119059681892395019531250000000000000000000000000e-02
8.6017560423215400078333914279937744140625000000000000000000000000e-02
8.6016513258527993457391858100891113281250000000000000000000000000e-02
8.6012963692837729468010365962982177734375000000000000000000000000e-02
8.6007052837885566987097263336181640625000000000000000000000000000e-02
8.5998934618373823468573391437530517578125000000000000000000000000e-02
8.5988775704436193336732685565948486328125000000000000000000000000e-02
8.5976755424781003966927528381347656250000000000000000000000000000e-02
8.5963065638679836411029100418090820312500000000000000000000000000e-02
8.5947910584081910201348364353179931640625000000000000000000000000e-02
8.5931506707538574119098484516143798828125000000000000000000000000e-02
8.5914082457975382567383348941802978515625000000000000000000000000e-02
8.5895878077053566812537610530853271484375000000000000000000000000e-02
8.5877145375661712023429572582244873046875000000000000000000000000e-02
8.5858147491990166599862277507781982421875000000000000000000000000e-02
8.5839158650742319878190755844116210937500000000000000000000000000e-02
8.5820463929621837451122701168060302734375000000000000000000000000e-02
8.5802359016042828443460166454315185546875000000000000000000000000e-02
8.5785149971798091428354382514953613281250000000000000000000000000e-02
8.5769153020464727887883782386779785156250000000000000000000000000e-02
8.5754694334809755673632025718688964843750000000000000000000000000e-02
8.5742109834654911537654697895050048828125000000000000000000000000e-02
8.5731745019529626006260514259338378906250000000000000000000000000e-02
8.5723954808372582192532718181610107421875000000000000000000000000e-02
8.5719103380824890336953103542327880859375000000000000000000000000e-02
8.5717564056722039822489023208618164062500000000000000000000000000e-02
8.5719719170356256654486060142517089843750000000000000000000000000e-02
8.5725959948376839747652411460876464843750000000000000000000000000e-02
8.5736686397694938932545483112335205078125000000000000000000000000e-02
8.5752307164284502505324780941009521484375000000000000000000000000e-02
8.5773239370382725610397756099700927734375000000000000000000000000e-02
8.5799908414855963201262056827545166015625000000000000000000000000e-02
8.5832747702397682587616145610809326171875000000000000000000000000e-02
8.5872198281094824778847396373748779296875000000000000000000000000e-02
8.5918708360850359895266592502593994140625000000000000000000000000e-02
8.5972732677646490628831088542938232421875000000000000000000000000e-02
8.6034731641575490357354283332824707031250000000000000000000000000e-02
8.6105170232258387841284275054931640625000000000000000000000000000e-02
8.6184516574576264247298240661621093750000000000000000000000000000e-02
8.6273240107630044803954660892486572265625000000000000000000000000e-02
8.6371809272350219544023275375366210937500000000000000000000000000e-02
8.6480688597475818824023008346557617187500000000000000000000000000e-02
8.6600335073853784706443548202514648437500000000000000000000000000e-02
8.6731193697460184921510517597198486328125000000000000000000000000e-02
8.6873691981054435018450021743774414062500000000000000000000000000e-02
8.7028233278715561027638614177703857421875000000000000000000000000e-02
8.7195188765917919226922094821929931640625000000000000000000000000e-02
8.7374887789337662979960441589355468750000000000000000000000000000e-02
8.7567606411766973906196653842926025390625000000000000000000000000e-02
8.7773553919305413728579878807067871093750000000000000000000000000e-02
8.7992857044127958943136036396026611328125000000000000000000000000e-02
8.8225541711381083587184548377990722656250000000000000000000000000e-02
8.8471512169235211331397294998168945312500000000000000000000000000e-02
8.8730527446841733762994408607482910156250000000000000000000000000e-02
8.9002175183395593194290995597839355468750000000000000000000000000e-02
8.9285843137531628599390387535095214843750000000000000000000000000e-02
8.9580688953674325603060424327850341796875000000000000000000000000e-02
8.9885609176462821778841316699981689453125000000000000000000000000e-02
9.0199209024149240576662123203277587890625000000000000000000000000e-02
9.0519775195616603014059364795684814453125000000000000000000000000e-02
9.0845254926080087898299098014831542968750000000000000000000000000e-02
9.1173245581103401491418480873107910156250000000000000000000000000e-02
9.1501000513517283252440392971038818359375000000000000000000000000e-02
9.1825458525363501394167542457580566406250000000000000000000000000e-02
9.2143305917943507665768265724182128906250000000000000000000000000e-02
9.2451081872013674001209437847137451171875000000000000000000000000e-02
9.2745339294424411491490900516510009765625000000000000000000000000e-02
9.3022873769086800166405737400054931640625000000000000000000000000e-02
9.3281032245386086287908256053924560546875000000000000000000000000e-02
9.3518108987609593896195292472839355468750000000000000000000000000e-02
9.3733828457743584294803440570831298828125000000000000000000000000e-02
9.3929896246208954835310578346252441406250000000000000000000000000e-02
9.4110247516027811798267066478729248046875000000000000000000000000e-02
9.4266373615937482099980115890502929687500000000000000000000000000e-02
9.4496591696042742114514112472534179687500000000000000000000000000e-02
9.4927389193344424711540341377258300781250000000000000000000000000e-02
9.5197219458441395545378327369689941406250000000000000000000000000e-02
