1.9558432718404402533840524824881867971271276473999023437500000000e-02
1.9506681145627643297890685403217503335326910018920898437500000000e-02
1.9470788167145414854219964695403177756816148757934570312500000000e-02
1.9440560097654501631181389598168607335537672042846679687500000000e-02
1.9414347178155835771384829513408476486802101135253906250000000000e-02
1.9391071265411605195616573382721981033682823181152343750000000000e-02
1.9370009512691344771839752070263784844428300857543945312500000000e-02
1.9350659857610041231223974023123446386307477951049804687500000000e-02
1.9332663177494293499369959477007796522229909896850585937500000000e-02
1.9315756746903958718242222403205232694745063781738281250000000000e-02
1.9299743844221776967184922568776528351008892059326171875000000000e-02
1.9284474497790256297680144825790193863213062286376953125000000000e-02
1.9269832436825715116235357982077402994036674499511718750000000000e-02
1.9255725147209652031721205389658280182629823684692382812500000000e-02
1.9242070142836804891306456966049154289066791534423828125000000000e-02
1.9228802537085223217649954108310339506715536117553710937500000000e-02
1.9215878322606246009218722292644088156521320343017578125000000000e-02
1.9203260487038877751819754280404595192521810531616210937500000000e-02
1.9190917657837116422347989441732352133840322494506835937500000000e-02
1.9178823062765464058099240673982421867549419403076171875000000000e-02
1.9166953715406900848883253729582065716385841369628906250000000000e-02
1.9155289775452024464419409355286916252225637435913085937500000000e-02
1.9143814043351303766371529491152614355087280273437500000000000000e-02
1.9132511559418675928245789918946684338152408599853515625000000000e-02
1.9121369286458626823854700660376693122088909149169921875000000000e-02
1.9110375860071721065835959052492398768663406372070312500000000000e-02
1.9099521395600720097274205500070820562541484832763671875000000000e-02
1.9088797344247298432007298174539755564182996749877929687500000000e-02
1.9078196394120935930338589514576597139239311218261718750000000000e-02
1.9067712414470080334316648418280237819999456405639648437500000000e-02
1.9057340445313975668684136621777724940329790115356445312500000000e-02
1.9047076736908981342555335913857561536133289337158203125000000000e-02
1.9036918844787992927125586106740229297429323196411132812500000000e-02
1.9026865815159704070635982020576193463057279586791992187500000000e-02
1.9016918436035874784284516181287472136318683624267578125000000000e-02
1.9008377694458410828159955485716636758297681808471679687500000000e-02
1.9000666926495116126893947239295812323689460754394531250000000000e-02
1.8992970991937398184123964028913178481161594390869140625000000000e-02
1.8985288491512708475283943698741495609283447265625000000000000000e-02
1.8977618187050543374638778004737105220556259155273437500000000000e-02
1.8969959015868474716537406266070320270955562591552734375000000000e-02
1.8962310036846837663082609992670768406242132186889648437500000000e-02
1.8954670424598193262388790003569738473743200302124023437500000000e-02
1.8947039452584576307847541443152294959872961044311523437500000000e-02
1.8939416480408460125017811037650972139090299606323242187500000000e-02
1.8931800943716988600007411491787934210151433944702148437500000000e-02
1.8924192344689939188073779519072559196501970291137695312500000000e-02
1.8916590244225452849269331068171595688909292221069335937500000000e-02
1.8908994255058878680708644992591871414333581924438476562500000000e-02
1.8901404035800182384940981705767626408487558364868164062500000000e-02
1.8893819285765642984609158361308800522238016128540039062500000000e-02
1.8886239740450620067102605048603436443954706192016601562500000000e-02
1.8878665167574248950899118426605127751827239990234375000000000000e-02
1.8871095363611666007042089177048183046281337738037109375000000000e-02
1.8863530150736475266004532613806077279150485992431640625000000000e-02
1.8855969374121390319531954560261510778218507766723632812500000000e-02
1.8848412899555244681693011443712748587131500244140625000000000000e-02
1.8840860611326781803853691599215380847454071044921875000000000000e-02
1.8833312410340800890917734022877993993461132049560546875000000000e-02
1.8825768212441577886817611897640745155513286590576171875000000000e-02
1.8818227946918515691709927750707720406353473663330078125000000000e-02
1.8810691555165438837438074415331357158720493316650390625000000000e-02
1.8803158989478725021671223771591030526906251907348632812500000000e-02
1.8795630211982747997945253359830530826002359390258789062500000000e-02
1.8788105193659830616237371714305481873452663421630859375000000000e-02
1.8780583913480128344097863646311452612280845642089843750000000000e-02
1.8773066357612267635035507851171132642775774002075195312500000000e-02
1.8765552518710624380071649852652626577764749526977539062500000000e-02
1.8758042395282864545080769858031999319791793823242187500000000000e-02
1.8750535991104294586406808775791432708501815795898437500000000000e-02
1.8743033314684163365138047652180830482393503189086914062500000000e-02
1.8735534378799982568875037713951314799487590789794921875000000000e-02
1.8728039200064459934846894384463666938245296478271484375000000000e-02
1.8720547798525943861136511259246617555618286132812500000000000000e-02
1.8713060197313339388935915508227481041103601455688476562500000000e-02
1.8705576422311930018249626073156832717359066009521484375000000000e-02
1.8698096501873453373354649897919443901628255844116210937500000000e-02
1.8690620466540755484352587245666654780507087707519531250000000000e-02
1.8683148348800804328107005858328193426132202148437500000000000000e-02
1.8675680182870489642876776770208380185067653656005859375000000000e-02
1.8668216004486259951278270818875171244144439697265625000000000000e-02
1.8660755850717223452983617448808217886835336685180664062500000000e-02
1.8653299759798729062776345699603552930057048797607421875000000000e-02
1.8645847770980480961888758884015260264277458190917968750000000000e-02
1.8638399924381925110150604041336919181048870086669921875000000000e-02
1.8630956260858387574241845641154213808476924896240234375000000000e-02
1.8623516821891093059315736013559217099100351333618164062500000000e-02
1.8616081649479216536535730597279325593262910842895507812500000000e-02
1.8608650786032951418569325596763519570231437683105468750000000000e-02
1.8601224274289243632019008600764209404587745666503906250000000000e-02
1.8593802157236206246126997143619519192725419998168945312500000000e-02
1.8586384478029183142666624917183071374893188476562500000000000000e-02
1.8578971279917186332220069289178354665637016296386718750000000000e-02
1.8571562606191225480722906127084570471197366714477539062500000000e-02
1.8564158500128418588515089027168869506567716598510742187500000000e-02
1.8556759004929361533964282671149703674018383026123046875000000000e-02
1.8549364163674076505516907786841329652816057205200195312500000000e-02
1.8541974019282772556671545771678211167454719543457031250000000000e-02
1.8534588614474750006833048132648400496691465377807617187500000000e-02
1.8527207991727783625846015524984977673739194869995117187500000000e-02
1.8519832193248871726742876830940076615661382675170898437500000000e-02
1.8512461260950404534630919783921854104846715927124023437500000000e-02
1.8505095236413849485446192488780070561915636062622070312500000000e-02
1.8497734160862921992674046123283915221691131591796875000000000000e-02
1.8490378075154283860070947298481769394129514694213867187500000000e-02
1.8483027019755210451634752644167747348546981811523437500000000000e-02
1.8475681034711751576926630491470859851688146591186523437500000000e-02
1.8468340159644713871500698587624356150627136230468750000000000000e-02
1.8461004433740532681973434137034928426146507263183593750000000000e-02
1.8453673895725879183782325299034710042178630828857421875000000000e-02
1.8446348583860114334065372077020583674311637878417968750000000000e-02
1.8439028535929054275488425673756864853203296661376953125000000000e-02
1.8431713789238694106709104403307719621807336807250976562500000000e-02
1.8424404380600792330291426424082601442933082580566406250000000000e-02
1.8417100346323551918192862331125070340931415557861328125000000000e-02
1.8409801722220765773929684883114532567560672760009765625000000000e-02
1.8402508543598337931168629211242659948766231536865234375000000000e-02
1.8395220845242112733819439540638995822519063949584960937500000000e-02
1.8387938661429154008075670390098821371793746948242187500000000000e-02
1.8380662025922814978295960486320836935192346572875976562500000000e-02
1.8373390971966541834747843608965922612696886062622070312500000000e-02
1.8366125532282850246756922274471435230225324630737304687500000000e-02
1.8358865739074452932966252660662576090544462203979492187500000000e-02
1.8351611624029845470928989925596397370100021362304687500000000000e-02
1.8344363218317342317797979944771213922649621963500976562500000000e-02
1.8337120552584230265269482629264530260115861892700195312500000000e-02
1.8329883656965192256782515300983504857867956161499023437500000000e-02
1.8322652561083747208003913442553312052041292190551757812500000000e-02
1.8315427294047472578375490570579131599515676498413085937500000000e-02
1.8308207884455886954588876847083156462758779525756835937500000000e-02
1.8300994360404023580946031302119081374257802963256835937500000000e-02
1.8293786749480882986018670521843887399882078170776367187500000000e-02
1.8286585078776382284893031737738056108355522155761718750000000000e-02
1.8279389374887888147780401482123124878853559494018554687500000000e-02
1.8272199663917059603290837799249857198446989059448242187500000000e-02
1.8265015971471280920024327087958226911723613739013671875000000000e-02
1.8257838322682861526002895402598369400948286056518554687500000000e-02
1.8250666742201937520206911358400247991085052490234375000000000000e-02
1.8243501254197769245735116783180274069309234619140625000000000000e-02
1.8236341882370398631563190861015755217522382736206054687500000000e-02
1.8229188649949733258548434378099045716226100921630859375000000000e-02
1.8222041579710180486673110067386005539447069168090820312500000000e-02
1.8214900693966976780169275684784224722534418106079101562500000000e-02
1.8207766014573530111153587540684384293854236602783203125000000000e-02
1.8200637562943405844961830553074833005666732788085937500000000000e-02
1.8193515360050031837158002190335537306964397430419921875000000000e-02
1.8186399426419721375713933753104356583207845687866210937500000000e-02
1.8179289782149072457473337749433994758874177932739257812500000000e-02
1.8172186446908614176898311143304454162716865539550781250000000000e-02
1.8165089439945908411644381885707844048738479614257812500000000000e-02
1.8157998780086836987379683705512434244155883789062500000000000000e-02
1.8150914485741694026632586655978229828178882598876953125000000000e-02
1.8143836574923893206756631002463109325617551803588867187500000000e-02
1.8136765065236769983725295674048538785427808761596679687500000000e-02
1.8129699973878685148598322030011331662535667419433593750000000000e-02
1.8122641317666759314120028534489392768591642379760742187500000000e-02
1.8115589113028105622271723973426560405641794204711914062500000000e-02
1.8108543376000634655964560693064413499087095260620117187500000000e-02
1.8101504122247032840808955711509042885154485702514648437500000000e-02
1.8094471367057916172393916554028692189604043960571289062500000000e-02
1.8087445125360888942278592139700776897370815277099609375000000000e-02
1.8080425411712220534754536060972895938903093338012695312500000000e-02
1.8073412240307330095534510405741457361727952957153320312500000000e-02
1.8066405624999403584096668851088907103985548019409179687500000000e-02
1.8059405579285852522231081707104749511927366256713867187500000000e-02
1.8052412116317854973157608355904812924563884735107421875000000000e-02
1.8045425248911058785372674151403771247714757919311523437500000000e-02
1.8038444989548239189014466887783783022314310073852539062500000000e-02
1.8031471350376897938572184898475825320929288864135742187500000000e-02
1.8024504343218818169791717309635714627802371978759765625000000000e-02
1.8017543979582294200181280530159710906445980072021484375000000000e-02
1.8010590270650321531586968148985761217772960662841796875000000000e-02
1.8003643227295151180156196346615615766495466232299804687500000000e-02
1.7996702860088208825173339278080675285309553146362304687500000000e-02
1.7989769179291154044264544609177391976118087768554687500000000000e-02
1.7982842194867509899580682031228207051753997802734375000000000000e-02
1.7975921916482472118214985812301165424287319183349609375000000000e-02
1.7969008353517376685992701368377311155200004577636718750000000000e-02
1.7962101515066823675947915717188152484595775604248046875000000000e-02
1.7955201409938122136811244899945450015366077423095703125000000000e-02
1.7948308046655033626270991931050957646220922470092773437500000000e-02
1.7941421433480608110810905486687261145561933517456054687500000000e-02
1.7934541578399174066582588693563593551516532897949218750000000000e-02
1.7927668489132398549346092408995900768786668777465820312500000000e-02
1.7920802173124156936312445509429380763322114944458007812500000000e-02
1.7913942637589774786732732536620460450649261474609375000000000000e-02
1.7907089889451336534031966607471986208111047744750976562500000000e-02
1.7900243935420421387272327251594106201082468032836914062500000000e-02
1.7893404781905805633890338413038989529013633728027343750000000000e-02
1.7886572435155369958925675177852099295705556869506835937500000000e-02
1.7879746901064350050880591425084276124835014343261718750000000000e-02
1.7872928185420917934767004453533445484936237335205078125000000000e-02
1.7866116293626731897914439173291611950844526290893554687500000000e-02
1.7859311231052544394204417699256737250834703445434570312500000000e-02
1.7852513002568050348717321185176842845976352691650390625000000000e-02
1.7845721613183533615920595138959470205008983612060546875000000000e-02
1.7838937067225887206367573867282771971076726913452148437500000000e-02
1.7832159369383412950149647713260492309927940368652343750000000000e-02
1.7825388523398520007612333415636385325342416763305664062500000000e-02
1.7818624533737798670829377556401595938950777053833007812500000000e-02
1.7811867403478100213565227250001044012606143951416015625000000000e-02
1.7805117136965163682216228835386573337018489837646484375000000000e-02
1.7798373736507284992303112858280655927956104278564453125000000000e-02
1.7791637206503618795494503501686267554759979248046875000000000000e-02
1.7784907548321432502191896674048621207475662231445312500000000000e-02
1.7778184766620103163248245436989236623048782348632812500000000000e-02
1.7771468861596119437340490776477963663637638092041015625000000000e-02
1.7764759838494542654174779272580053657293319702148437500000000000e-02
1.7758057695988628543748433230575756169855594635009765625000000000e-02
1.7751362440317167840087009267335815820842981338500976562500000000e-02
1.7744674068178933196149316131595696788281202316284179687500000000e-02
1.7737992587368720670548682960543374065309762954711914062500000000e-02
1.7731317991994129112942601977920276112854480743408203125000000000e-02
1.7724650292117918176648672101691772695630788803100585937500000000e-02
1.7717989478464545721747569473336625378578901290893554687500000000e-02
1.7711335564299893197137691913667367771267890930175781250000000000e-02
1.7704688535928912035410931480328144971281290054321289062500000000e-02
1.7698048410989798695513997017769725061953067779541015625000000000e-02
1.7691415170107260140808236315024259965866804122924804687500000000e-02
1.7684788836694921576597749890424893237650394439697265625000000000e-02
1.7678169384160353355683881204640783835202455520629882812500000000e-02
1.7671556843414405746361950377831817604601383209228515625000000000e-02
1.7664951178814190801968919686260051093995571136474609375000000000e-02
1.7658352430728670168225136194450897164642810821533203125000000000e-02
1.7651760552374315405010918311745626851916313171386718750000000000e-02
1.7645175595845098009961660068256605882197618484497070312500000000e-02
1.7638597500867440187599655132544285152107477188110351562500000000e-02
1.7632026333690774960727409848004754167050123214721679687500000000e-02
1.7625462018054219304197260953515069559216499328613281250000000000e-02
1.7618904636967649968148919015220599249005317687988281250000000000e-02
1.7612354095546470245103876095527084544301033020019531250000000000e-02
1.7605810496189491787255576582538196817040443420410156250000000000e-02
1.7599273722850253959260058422842121217399835586547851562500000000e-02
1.7592743899801813883820855721751286182552576065063476562500000000e-02
1.7586220887454429018248447391670197248458862304687500000000000000e-02
1.7579704834164294746656764800718519836664199829101562500000000000e-02
1.7573195574865856094515237373343552462756633758544921875000000000e-02
1.7566693283688730037317426990739477332681417465209960937500000000e-02
1.7560197768710223559240901636258058715611696243286132812500000000e-02
1.7553709230832100635089076945405395235866308212280273437500000000e-02
1.7547227450764195377796994534946861676871776580810546875000000000e-02
1.7540752656204049164667679860940552316606044769287109375000000000e-02
1.7534284601001988435076128780565341003239154815673828125000000000e-02
1.7527823538596332131334065707051195204257965087890625000000000000e-02
1.7521369197683014234945275688914989586919546127319335937500000000e-02
1.7514921855070097328477274345459591131657361984252929687500000000e-02
1.7508481217348433739422475241553911473602056503295898437500000000e-02
1.7502047580996313302925670996046392247080802917480468750000000000e-02
1.7495620634910669100037239331868477165699005126953125000000000000e-02
1.7489200690135913579537074724612466525286436080932617187500000000e-02
1.7482787423653535496814726002412498928606510162353515625000000000e-02
1.7476381154699325432000378555130737368017435073852539062500000000e-02
1.7469981555300793940599390907664201222360134124755859375000000000e-02
1.7463588945394684787126848846128268633037805557250976562500000000e-02
1.7457203000026400019351058290340006351470947265625000000000000000e-02
1.7450824031510617229123738525231601670384407043457031250000000000e-02
1.7444451726522515466744067680338048376142978668212890625000000000e-02
1.7438086380946352799137244460325746331363916397094726562500000000e-02
1.7431727701999605306681928595935460180044174194335937500000000000e-02
1.7425375960295520078036091149442654568701982498168945312500000000e-02
1.7419030892261717913260810064457473345100879669189453125000000000e-02
1.7412692734841236918974516356684034690260887145996093750000000000e-02
1.7406361261745495472297307060216553509235382080078125000000000000e-02
1.7400036668658386274088911704893689602613449096679687500000000000e-02
1.7393718773539922073378960476475185714662075042724609375000000000e-02
1.7387407724588813118238306287821615114808082580566406250000000000e-02
1.7381103389481705745467365886725019663572311401367187500000000000e-02
1.7374805864325316290264211716021236497908830642700195312500000000e-02
1.7368515070161530400305593957455130293965339660644531250000000000e-02
1.7362231048378414660637858446534664835780858993530273437500000000e-02
1.7355953775031834201980629472927830647677183151245117187500000000e-02
1.7349683236159353649785686002360307611525058746337890625000000000e-02
1.7343419462400179453798187978463829495012760162353515625000000000e-02
1.7337162385958462818003056327142985537648200988769531250000000000e-02
1.7330912089543359239085518197498458903282880783081054687500000000e-02
1.7324668454973872477875573849814827553927898406982421875000000000e-02
1.7318431612709420108764390988653758540749549865722656250000000000e-02
1.7312201399361033110624319419912353623658418655395507812500000000e-02
1.7305977987194236245027667564500006847083568572998046875000000000e-02
1.7299761174212065217847822395924595184624195098876953125000000000e-02
1.7293551167367787052553396165421872865408658981323242187500000000e-02
1.7287347733635629459802984797534008976072072982788085937500000000e-02
1.7281151106722850846475481034758558962494134902954101562500000000e-02
1.7274961030740311473952175447266199626028537750244140625000000000e-02
1.7268777757896092150957656485843472182750701904296875000000000000e-02
1.7262601017710575007635398492311651352792978286743164062500000000e-02
1.7256431072693211720148198651259008329361677169799804687500000000e-02
1.7250267645808971955778687856764008756726980209350585937500000000e-02
1.7244111002138073907019588659750297665596008300781250000000000000e-02
1.7237960865448601760485658473953662905842065811157226562500000000e-02
1.7231817496445506199265196300984825938940048217773437500000000000e-02
1.7225680626201389511464867609902285039424896240234375000000000000e-02
1.7219550505093866171746341819925874006003141403198242187500000000e-02
1.7213426876863651554527834264263219665735960006713867187500000000e-02
1.7207309976794482597739488483057357370853424072265625000000000000e-02
1.7201199565486172127215525051724398508667945861816406250000000000e-02
1.7195095859539936272719629073435498867183923721313476562500000000e-02
1.7188998639394579420747177778139302972704172134399414062500000000e-02
1.7182908100620859076501645290591113734990358352661132812500000000e-02
1.7176824045260784962207978310289036016911268234252929687500000000e-02
1.7170746646615945435465633295279985759407281875610351562500000000e-02
1.7164675729093560596627554559745476581156253814697265625000000000e-02
1.7158611443454114403595056614904024172574281692504882812500000000e-02
1.7152553636295024552804733275479520671069622039794921875000000000e-02
1.7146502436405936659058468762850679922848939895629882812500000000e-02
1.7140457711676316404636466472766187507659196853637695312500000000e-02
1.7134419570124886228468241711198061238974332809448242187500000000e-02
1.7128387899480134598517722110955219250172376632690429687500000000e-02
1.7122362788656111248775104627384280320256948471069335937500000000e-02
1.7116344143410417572015447262856469023972749710083007812500000000e-02
1.7110332035487198915069129157018323894590139389038085937500000000e-02
1.7104326386634453177615355912166705820709466934204101562500000000e-02
1.7098327253534953418245834200206445530056953430175781250000000000e-02
1.7092334571826874739519652734998089727014303207397460937500000000e-02
1.7086348385216477974157811559052788652479648590087890625000000000e-02
1.7080368641156279396753348009951878339052200317382812500000000000e-02
1.7074395372430987982692585092081571929156780242919921875000000000e-02
1.7068428536346311186200352949526859447360038757324218750000000000e-02
1.7062468156611061698146869503034395165741443634033203125000000000e-02
1.7056514198632528878096792368523892946541309356689453125000000000e-02
1.7050566678744064064154883908486226573586463928222656250000000000e-02
1.7044625568843171231625532868747541215270757675170898437500000000e-02
1.7038690879370613218135588340373942628502845764160156250000000000e-02
1.7032762587368615453398135173301852773874998092651367187500000000e-02
1.7026840698633981946441551258430990856140851974487304687500000000e-02
1.7020925194206733277457743724880856461822986602783203125000000000e-02
1.7015016076280472384629760540519782807677984237670898437500000000e-02
1.7009113328960254185595601938985055312514305114746093750000000000e-02
1.7003216951687750990718228649711818434298038482666015625000000000e-02
1.6997326930865225280697927701112348586320877075195312500000000000e-02
1.6991443263878025504709512460976839065551757812500000000000000000e-02
1.6985565938820865877767474216852860990911722183227539062500000000e-02
1.6979694951538851221961579085473204031586647033691406250000000000e-02
1.6973830291365073208442737495715846307575702667236328125000000000e-02
1.6967971953024948983390629564382834360003471374511718750000000000e-02
1.6962119926735515912374907543380686547607183456420898437500000000e-02
1.6956274206406100890642818512787926010787487030029296875000000000e-02
1.6950434782861505123019441043652477674186229705810546875000000000e-02
1.6944601649439929025309226062745437957346439361572265625000000000e-02
1.6938774797388447129753430431264860089868307113647460937500000000e-02
1.6932954219622684682855506821397284511476755142211914062500000000e-02
1.6927139907679168706611250172500149346888065338134765625000000000e-02
1.6921331854184873400015476363478228449821472167968750000000000000e-02
1.6915530050852230214974980526676517911255359649658203125000000000e-02
1.6909734490104619264450036553171230480074882507324218750000000000e-02
1.6903945163775257326532752699677075725048780441284179687500000000e-02
1.6898162064138064208940193111629923805594444274902343750000000000e-02
1.6892385183087024053127933598261734005063772201538085937500000000e-02
1.6886614512801066678715500302132568322122097015380859375000000000e-02
1.6880850045214348953415139931166777387261390686035156250000000000e-02
1.6875091772423553987403366249964165035635232925415039062500000000e-02
1.6869339686375325187972507023914658930152654647827148437500000000e-02
1.6863593779119563642598933483895962126553058624267578125000000000e-02
1.6857854042605063815685184636095073074102401733398437500000000000e-02
1.6852120468836485206454156582367431838065385818481445312500000000e-02
1.6846393049753712739535771447663137223571538925170898437500000000e-02
1.6840671777333955649869068338375655002892017364501953125000000000e-02
1.6834956643509868534636098047485575079917907714843750000000000000e-02
1.6829247640225322713014577402645954862236976623535156250000000000e-02
1.6823544759402488113497753374758758582174777984619140625000000000e-02
1.6817847992968225356857914221109240315854549407958984375000000000e-02
1.6812157332823696870294227778686035890132188796997070312500000000e-02
1.6806472770876653560767621797822357621043920516967773437500000000e-02
1.6800794299024313094292892856174148619174957275390625000000000000e-02
1.6795121909154261952146214298409176990389823913574218750000000000e-02
1.6789455593144174405662027993457741104066371917724609375000000000e-02
1.6783795342866641986390163765463512390851974487304687500000000000e-02
1.6778141150192365377291636718837253283709287643432617187500000000e-02
1.6772493006987909680560733249876648187637329101562500000000000000e-02
1.6766850905102242963451431023713666945695877075195312500000000000e-02
1.6761214836384475540542737803662021178752183914184570312500000000e-02
1.6755584792685792455690929614320339169353246688842773437500000000e-02
1.6749960765843473209368852394618443213403224945068359375000000000e-02
1.6744342747689697215029980270628584548830986022949218750000000000e-02
1.6738730730061091717120191901813086587935686111450195312500000000e-02
1.6733124704784402975166202054424502421170473098754882812500000000e-02
1.6727524663678494665219886883278377354145050048828125000000000000e-02
1.6721930598564721526244625238177832216024398803710937500000000000e-02
1.6716342501263001946165687172651814762502908706665039062500000000e-02
1.6710760363583702925449614440367440693080425262451171875000000000e-02
1.6705184177333617934202436572377337142825126647949218750000000000e-02
1.6699613934322520697461911254322330933064222335815429687500000000e-02
1.6694049626361558841258769803062023129314184188842773437500000000e-02
1.6688491245251985128916771827789489179849624633789062500000000000e-02
1.6682938782789018955510229602623439859598875045776367187500000000e-02
1.6677392230778305404204076012320001609623432159423828125000000000e-02
1.6671851581018422294722114429532666690647602081298828125000000000e-02
1.6666316825303117976631028795964084565639495849609375000000000000e-02
1.6660787955431532320060838969766336958855390548706054687500000000e-02
1.6655264963202402739295138189845602028071880340576171875000000000e-02
1.6649747840408003068946030111874279100447893142700195312500000000e-02
1.6644236578838133427948875464608136098831892013549804687500000000e-02
1.6638731170295104760947779709567839745432138442993164062500000000e-02
1.6633231606576460992474864042378612793982028961181640625000000000e-02
1.6627737879469417503486283749225549399852752685546875000000000000e-02
1.6622249980771101884879925592031213454902172088623046875000000000e-02
1.6616767902283557933884594604023732244968414306640625000000000000e-02
1.6611291635799777660631448839012591633945703506469726562500000000e-02
1.6605821173119577477406139109916693996638059616088867187500000000e-02
1.6600356506046475696392050735994416754692792892456054687500000000e-02
1.6594897626379237487448392585065448656678199768066406250000000000e-02
1.6589444525917654976732151794749370310455560684204101562500000000e-02
1.6583997196469676960184358449623687192797660827636718750000000000e-02
1.6578555629846468411070503634618944488465785980224609375000000000e-02
1.6573119817853164403853583053205511532723903656005859375000000000e-02
1.6567689752300503169823997495768708176910877227783203125000000000e-02
1.6562265425003778324120062848123779986053705215454101562500000000e-02
1.6556846827782464165457199101183505263179540634155273437500000000e-02
1.6551433952453828424289383747236570343375205993652343750000000000e-02
1.6546026790839156450640956563802319578826427459716796875000000000e-02
1.6540625334769600701667613407153112348169088363647460937500000000e-02
1.6535229576072962148769462942254904191941022872924804687500000000e-02
1.6529839506577891777849842469549912493675947189331054687500000000e-02
1.6524455118124593833162094824729138053953647613525390625000000000e-02
1.6519076402555059324139818954790825955569744110107421875000000000e-02
1.6513703351711261912981854038662277162075042724609375000000000000e-02
1.6508335957441618024876817116819438524544239044189453125000000000e-02
1.6502974211599120285542952046853315550833940505981445312500000000e-02
1.6497618106043263064286463759344769641757011413574218750000000000e-02
1.6492267632633110518991514936715248040854930877685546875000000000e-02
1.6486922783234464473522962180140893906354904174804687500000000000e-02
1.6481583549720010134498338061348476912826299667358398437500000000e-02
1.6476249923966630739347039025233243592083454132080078125000000000e-02
1.6470921897855088367190745657353545539081096649169921875000000000e-02
1.6465599463268951879735269017146492842584848403930664062500000000e-02
1.6460282612101421323425043397037370596081018447875976562500000000e-02
1.6454971336252410124556533332906838040798902511596679687500000000e-02
1.6449665627621339047959025947420741431415081024169921875000000000e-02
1.6444365478115098577749364494593464769423007965087890625000000000e-02
1.6439070879651757756123586773355782497674226760864257812500000000e-02
1.6433781824148962352749592241707432549446821212768554687500000000e-02
1.6428498303531591934190103643231850583106279373168945312500000000e-02
1.6423220309734750527175251022526936139911413192749023437500000000e-02
1.6417947834696477310556517181794333737343549728393554687500000000e-02
1.6412680870357500284573148974232026375830173492431640625000000000e-02
1.6407419408671259503096351295425847638398408889770507812500000000e-02
1.6402163441597762683077377232621074654161930084228515625000000000e-02
1.6396912961098505934209867973549989983439445495605468750000000000e-02
1.6391667959145671262799481837646453641355037689208984375000000000e-02
1.6386428427716273614755948528909357264637947082519531250000000000e-02
1.6381194358797129123628266711421019863337278366088867187500000000e-02
1.6375965744378762761757073462831613142043352127075195312500000000e-02
1.6370742576458152672813639583182521164417266845703125000000000000e-02
1.6365524847046293566155128473837976343929767608642578125000000000e-02
1.6360312548155807321759169781216769479215145111083984375000000000e-02
1.6355105671804807954128335722998599521815776824951171875000000000e-02
1.6349904210022758038745038788874808233231306076049804687500000000e-02
1.6344708154848286429938752917223609983921051025390625000000000000e-02
1.6339517498325285133065065679147664923220872879028320312500000000e-02
1.6334332232502288273501278581534279510378837585449218750000000000e-02
1.6329152349439397112762506480976298917084932327270507812500000000e-02
1.6323977841206847166910520741112122777849435806274414062500000000e-02
1.6318808699877722367954646642829175107181072235107421875000000000e-02
1.6313644917535556622123493752951617352664470672607421875000000000e-02
1.6308486486273820331716066789340402465313673019409179687500000000e-02
1.6303333398191753589312469330252497456967830657958984375000000000e-02
1.6298185645395930898349234894340042956173419952392578125000000000e-02
1.6293043220003047139021745692843978758901357650756835937500000000e-02
1.6287906114141648822313257483074266929179430007934570312500000000e-02
1.6282774319942169838348888788459589704871177673339843750000000000e-02
1.6277647829545854873956045594241004437208175659179687500000000000e-02
1.6272526635107191494977740831018309108912944793701171875000000000e-02
1.6267410728784650192357830178480071481317281723022460937500000000e-02
1.6262300102744195462456389122962718829512596130371093750000000000e-02
1.6257194749163102198696861933058244176208972930908203125000000000e-02
1.6252094660230899381136993042673566378653049468994140625000000000e-02
1.6246999828140835236967021160126023460179567337036132812500000000e-02
1.6241910245095605297427354685169120784848928451538085937500000000e-02
1.6236825903311487978575300417105609085410833358764648437500000000e-02
1.6231746795009209527460569688628311268985271453857421875000000000e-02
1.6226672912419186356469680276859435252845287322998046875000000000e-02
1.6221604247783075886113479668892978224903345108032226562500000000e-02
1.6216540793351486710038855676430102903395891189575195312500000000e-02
1.6211482541385800054678512083228270057588815689086914062500000000e-02
1.6206429484153114795041972229228122159838676452636718750000000000e-02
1.6201381613930053438021872125318623147904872894287109375000000000e-02
1.6196338923007817106602956869210174772888422012329101562500000000e-02
1.6191301403681763321218411988411389756947755813598632812500000000e-02
1.6186269048259833286396158769093744922429323196411132812500000000e-02
1.6181241849061167581425024764030240476131439208984375000000000000e-02
1.6176219798409226247049019775658962316811084747314453125000000000e-02
1.6171202888641170170025418428849661722779273986816406250000000000e-02
1.6166191112103302229829893121859640814363956451416015625000000000e-02
1.6161184461152191399468946997330931480973958969116210937500000000e-02
1.6156182928155068262432436654307821299880743026733398437500000000e-02
1.6151186505484242672547878783007035963237285614013671875000000000e-02
1.6146195185527002086134373826098453719168901443481445312500000000e-02
1.6141208960682260076247018787398701533675193786621093750000000000e-02
1.6136227823352576604687413919236860238015651702880859375000000000e-02
1.6131251765953626142735544135575764812529087066650390625000000000e-02
1.6126280780913104795359913623542524874210357666015625000000000000e-02
1.6121314860668537610743911159261188004165887832641601562500000000e-02
1.6116353997665130992622550820669857785105705261230468750000000000e-02
1.6111398184357476198735881212087406311184167861938476562500000000e-02
1.6106447413215561892396721077602705918252468109130859375000000000e-02
1.6101501676717935862548358727508457377552986145019531250000000000e-02
1.6096560967348995385695076265619718469679355621337890625000000000e-02
1.6091625277606731031498910056143358815461397171020507812500000000e-02
1.6086694600003132588073029296538152266293764114379882812500000000e-02
1.6081768927054693185674238975479966029524803161621093750000000000e-02
1.6076848251289889424331391865052864886820316314697265625000000000e-02
1.6071932565251381003212927112144825514405965805053710937500000000e-02
1.6067021861488759576497287184793094638735055923461914062500000000e-02
1.6062116132560783077209975999721791595220565795898437500000000000e-02
1.6057215371040264167978861564733961131423711776733398437500000000e-02
1.6052319569511308561260420901817269623279571533203125000000000000e-02
1.6047428720564735349363161276414757594466209411621093750000000000e-02
1.6042542816803225663724319360881054308265447616577148437500000000e-02
1.6037661850841721661309335900114092510193586349487304687500000000e-02
1.6032785815306649368494618101976811885833740234375000000000000000e-02
1.6027914702831366766666576495481422170996665954589843750000000000e-02
1.6023048506060583867638413835265964735299348831176757812500000000e-02
1.6018187217655129733762109367489756550639867782592773437500000000e-02
1.6013330830283098449307033206423511728644371032714843750000000000e-02
1.6008479336619339111758009153163584414869546890258789062500000000e-02
1.6003632729352949837231534502279828302562236785888671875000000000e-02
1.5998791001188499005802867714010062627494335174560546875000000000e-02
1.5993954144835443448302569890984159428626298904418945312500000000e-02
1.5989122153013471394622513344074832275509834289550781250000000000e-02
1.5984295018457644194098676848625473212450742721557617187500000000e-02
1.5979472733911839060771953313633275683969259262084960937500000000e-02
1.5974655292128926015182699416072864551097154617309570312500000000e-02
1.5969842685875316329324746789097844157367944717407226562500000000e-02
1.5965034907929828017492113190201052930206060409545898437500000000e-02
1.5960231951078811263311507673279265873134136199951171875000000000e-02
1.5955433808118698463252016495061980094760656356811523437500000000e-02
1.5950640471859588165326471198568469844758510589599609375000000000e-02
1.5945851935124245868369285972221405245363712310791015625000000000e-02
1.5941068190744107219147807086301327217370271682739257812500000000e-02
1.5936289231559732509913018816405383404344320297241210937500000000e-02
1.5931515050425112262066917878655658569186925888061523437500000000e-02
1.5926745640206720067144630093025625683367252349853515625000000000e-02
1.5921980993778832302876224957799422554671764373779296875000000000e-02
1.5917221104028031475330351440788945183157920837402343750000000000e-02
1.5912465963853528877480769665453408379107713699340820312500000000e-02
1.5907715566164496584500298581588140223175287246704101562500000000e-02
1.5902969903879869695284554609315819106996059417724609375000000000e-02
1.5898228969929963094731562023298465646803379058837890625000000000e-02
1.5893492757259954778481514381383021827787160873413085937500000000e-02
1.5888761258820934679780734199994185473769903182983398437500000000e-02
1.5884034467577360510981421271026192698627710342407226562500000000e-02
1.5879312376508039617029055534658255055546760559082031250000000000e-02
1.5874594978596869021547632883084588684141635894775390625000000000e-02
1.5869882266842161300246516475453972816467285156250000000000000000e-02
1.5865174234254059842941231295299076009541749954223632812500000000e-02
1.5860470873851787582120564934484718833118677139282226562500000000e-02
1.5855772178668431360293311627174261957406997680664062500000000000e-02
1.5851078141745144484131557760520081501454114913940429687500000000e-02
1.5846388756134553721377500323796994052827358245849609375000000000e-02
1.5841704014905120395662052601437608245760202407836914062500000000e-02
1.5837023911130718167861175516009097918868064880371093750000000000e-02
1.5832348437897214576963733634329400956630706787109375000000000000e-02
1.5827677588305937017576496828041854314506053924560546875000000000e-02
1.5823011355466161387273160698896390385925769805908203125000000000e-02
1.5818349732497013343524017159325012471526861190795898437500000000e-02
1.5813692712530073858356871596697601489722728729248046875000000000e-02
1.5809040288710406174654821143121807835996150970458984375000000000e-02
1.5804392454191722866552183290878019761294126510620117187500000000e-02
1.5799749202138911596815518123548827134072780609130859375000000000e-02
1.5795110525729159217656061287016200367361307144165039062500000000e-02
1.5790476418149877041452455728176573757082223892211914062500000000e-02
1.5785846872600161477917524166514340322464704513549804687500000000e-02
1.5781221882289600544346797050820896402001380920410156250000000000e-02
1.5776601440440192469782942907841061241924762725830078125000000000e-02
1.5771985540285287513695422489945485722273588180541992187500000000e-02
1.5767374175066354441421268006706668529659509658813476562500000000e-02
1.5762767338038191633486917453410569578409194946289062500000000000e-02
1.5758165022469322602560737323074135929346084594726562500000000000e-02
1.5753567221634939138352748955185234081000089645385742187500000000e-02
1.5748973928821529549848534657030540984123945236206054687500000000e-02
1.5744385137330767915342377705201215576380491256713867187500000000e-02
1.5739800840473574389255517758101632352918386459350585937500000000e-02
1.5735221031569702337948868375860911328345537185668945312500000000e-02
1.5730645703951381259022568315231183078140020370483398437500000000e-02
1.5726074850963736584397167916904436424374580383300781250000000000e-02
1.5721508465961826772616660718995262868702411651611328125000000000e-02
1.5716946542310282486365480281165218912065029144287109375000000000e-02
1.5712389073386408278043546715707634575664997100830078125000000000e-02
1.5707836052578961344439179015353147406131029129028320312500000000e-02
1.5703287473286552111684244437128654681146144866943359375000000000e-02
1.5698743328918882827816005942622723523527383804321289062500000000e-02
1.5694203612897836969120035632840881589800119400024414062500000000e-02
1.5689668318656507794983667736232746392488479614257812500000000000e-02
1.5685137439636811368393054522130114492028951644897460937500000000e-02
1.5680610969292643752659444089658791199326515197753906250000000000e-02
1.5676088901090481225741868342993257101625204086303710937500000000e-02
1.5671571228506899625676496157211659010499715805053710937500000000e-02
1.5667057945028241283669245831333682872354984283447265625000000000e-02
1.5662549044152384442041281431556853931397199630737304687500000000e-02
1.5658044519390297566463488010413129813969135284423828125000000000e-02
1.5653544364260717214332174762603244744241237640380859375000000000e-02
1.5649048572294228104384572475282766390591859817504882812500000000e-02
1.5644557137034602323222287623138981871306896209716796875000000000e-02
1.5640070052034001080176750519967754371464252471923828125000000000e-02
1.5635587310855552506394516854015819262713193893432617187500000000e-02
1.5631108907074215547128304137913801241666078567504882812500000000e-02
1.5626634834276249136353342805705324281007051467895507812500000000e-02
1.5622165086058197383533929780696780653670430183410644531250000000e-02
1.5617699656025711696383240223440225236117839813232421875000000000e-02
1.5613238537797334212764432948006287915632128715515136718750000000e-02
1.5608781725003476048563300082605564966797828674316406250000000000e-02
1.5604329211282330289178865712074184557422995567321777343750000000e-02
1.5599880990283953793862359304966958006843924522399902343750000000e-02
1.5595437055670359136061442484333383617922663688659667968750000000e-02
1.5590997401113661918747865797740814741700887680053710937500000000e-02
1.5586562020295499642053016486897831782698631286621093750000000000e-02
1.5582130906908814999001222645347297657281160354614257812500000000e-02
1.5577704054658976506875234235849347896873950958251953125000000000e-02
1.5573281457260210181026138798188185319304466247558593750000000000e-02
1.5568863108436284750646372287974372738972306251525878906250000000e-02
1.5564449001923750387499367775490100029855966567993164062500000000e-02
1.5560039131470400006196364017796440748497843742370605468750000000e-02
1.5555633490831487567018776019267534138634800910949707031250000000e-02
1.5551232073774193254145359333051601424813270568847656250000000000e-02
1.5546834874078242771933133781203650869429111480712890625000000000e-02
1.5542441885531480330606690642980538541451096534729003906250000000e-02
1.5538053101932128990947390434484987054020166397094726562500000000e-02
1.5533668517089859253954564621835743309929966926574707031250000000e-02
1.5529288124825242622950582926932838745415210723876953125000000000e-02
1.5524911918968400253993067394731042440980672836303710937500000000e-02
1.5520539893359146937923398468228697311133146286010742187500000000e-02
1.5516172041848718884948787888333754381164908409118652343750000000e-02
1.5511808358298869933711294777367584174498915672302246093750000000e-02
1.5507448836580870615842187021371501032263040542602539062500000000e-02
1.5503093470576559398388383215205976739525794982910156250000000000e-02
1.5498742254178526564500906204102648189291357994079589843750000000e-02
1.5494395181288617147075115099141839891672134399414062500000000000e-02
1.5490052245818468693028258087451831670477986335754394531250000000e-02
1.5485713441691766403818242281431594165042042732238769531250000000e-02
1.5481378762841850951770261701767594786360859870910644531250000000e-02
1.5477048203210485091685377767589670838788151741027832031250000000e-02
1.5472721756750684729553313445649109780788421630859375000000000000e-02
1.5468399417425884520560508406106237089261412620544433593750000000e-02
1.5464081179209211019953684740357857663184404373168945312500000000e-02
1.5459767036083265842605349860150454333052039146423339843750000000e-02
1.5455456982040840369085898942103085573762655258178710937500000000e-02
1.5451151011085609635054005650545150274410843849182128906250000000e-02
1.5446849117229861578226568497029802529141306877136230468750000000e-02
1.5442551294495997574185430778470617951825261116027832031250000000e-02
1.5438257536916995607545466384635801659896969795227050781250000000e-02
1.5433967838535430153190652902139845537021756172180175781250000000e-02
1.5429682193403246662222194629521254682913422584533691406250000000e-02
1.5425400595581933299582644281144894193857908248901367187500000000e-02
1.5421123039143756067170798473853210452944040298461914062500000000e-02
1.5416849518170355412549632490026851883158087730407714843750000000e-02
1.5412580026752508571830091455012734513729810714721679687500000000e-02
1.5408314558990688150630354869008442619815468788146972656250000000e-02
1.5404053108996349288895011397926282370463013648986816406250000000e-02
1.5399795670889730031527520281997567508369684219360351562500000000e-02
1.5395542238799584180974910907480079913511872291564941406250000000e-02
1.5391292806866572681623317464527644915506243705749511718750000000e-02
1.5387047369240026625791806225151958642527461051940917968750000000e-02
1.5382805920077367856091399289653054438531398773193359375000000000e-02
1.5378568453547793518088049324887833790853619575500488281250000000e-02
1.5374334963830003572549109946976386709138751029968261718750000000e-02
1.5370105445111265779489784222278103698045015335083007812500000000e-02
1.5365879891588628269882832455550669692456722259521484375000000000e-02
1.5361658297469132916646117337222676724195480346679687500000000000e-02
1.5357440656969796252684368198515585390850901603698730468750000000e-02
1.5353226964316754252215524445546179777011275291442871093750000000e-02
1.5349017213745808768665668253561307210475206375122070312500000000e-02
1.5344811399503520410458889955407357774674892425537109375000000000e-02
1.5340609515845697596869712242551031522452831268310546875000000000e-02
1.5336411557036635014417136346764891641214489936828613281250000000e-02
1.5332217517351760804888982647753437049686908721923828125000000000e-02
1.5328027391076966962080163625614659395068883895874023437500000000e-02
1.5323841172507830440951970274454652098938822746276855468750000000e-02
1.5319658855948610487462957507887040264904499053955078125000000000e-02
1.5315480435714462145724290564885450294241309165954589843750000000e-02
1.5311305906132197801605698828097956720739603042602539062500000000e-02
1.5307135261536514159175226268416736274957656860351562500000000000e-02
1.5302968496273230969428880143823334947228431701660156250000000000e-02
1.5298805604700068186407868608966964529827237129211425781250000000e-02
1.5294646581183769795675431169001967646181583404541015625000000000e-02
1.5290491420101269548492695093955262564122676849365234375000000000e-02
1.5286340115841644260452625303514651022851467132568359375000000000e-02
1.5282192662804340924087576070178329246118664741516113281250000000e-02
1.5278049055399554878587053963201469741761684417724609375000000000e-02
1.5273909288048772778245698589216772234067320823669433593750000000e-02
1.5269773355184593915945256981103739235550165176391601562500000000e-02
1.5265641251251212476280905150360922561958432197570800781250000000e-02
1.5261512970704127836740759960321156540885567665100097656250000000e-02
1.5257388508010749986198995031827507773414254188537597656250000000e-02
1.5253267857650333605423753624563687480986118316650390625000000000e-02
1.5249151014113769900260031420202722074463963508605957031250000000e-02
1.5245037971903931811601395907018741127103567123413085937500000000e-02
1.5240928725536255147754438610263605369254946708679199218750000000e-02
1.5236823269538622357965884646091581089422106742858886718750000000e-02
1.5232721598451492636683290982091421028599143028259277343750000000e-02
1.5228623706827345077319257882209058152511715888977050781250000000e-02
1.5224529589231750731359582573531952220946550369262695312500000000e-02
1.5220439240244007517155466757685644552111625671386718750000000000e-02
1.5216352654455233758823418099836999317631125450134277343750000000e-02
1.5212269826469716066386084207806561607867479324340820312500000000e-02
1.5208190750906224256167043051846121670678257942199707031250000000e-02
1.5204115422395898457597063213597721187397837638854980468750000000e-02
1.5200043835582736570510853368887183023616671562194824218750000000e-02
1.5195975985125018473120839246348623419180512428283691406250000000e-02
1.5191911865694577438157253368444798979908227920532226562500000000e-02
1.5187851471976369921446092803307692520320415496826171875000000000e-02
1.5183794798668569236976821912321611307561397552490234375000000000e-02
1.5179741840483216078205863652783591533079743385314941406250000000e-02
1.5175692592146220252780075554710492724552750587463378906250000000e-02
1.5171647048396028414907199532990489387884736061096191406250000000e-02
1.5167605203984657960547544064411340514197945594787597656250000000e-02
1.5163567053678043972109179549079271964728832244873046875000000000e-02
1.5159532592254514396512554696982988389208912849426269531250000000e-02
1.5155501814505171684355211425554443849250674247741699218750000000e-02
1.5151474715234493004234472834923508344218134880065917968750000000e-02
1.5147451289259797682640318328139983350411057472229003906250000000e-02
1.5143431531410154328165518222704122308641672134399414062500000000e-02
1.5139415436526606345557510735488904174417257308959960937500000000e-02
1.5135402999463051440520722223936900263652205467224121093750000000e-02
1.5131394215084741083909847247923607937991619110107421875000000000e-02
1.5127389078267711522429728177030483493581414222717285156250000000e-02
1.5123387583899776040463613924202945781871676445007324218750000000e-02
1.5119389726879452900965006278966029640287160873413085937500000000e-02
1.5115395502115269721343793207779526710510253906250000000000000000e-02
1.5111404904526136439013583867563284002244472503662109375000000000e-02
1.5107417929040741627622068676828348543494939804077148437500000000e-02
1.5103434570597165653715876487694913521409034729003906250000000000e-02
1.5099454824142474751447196013032225891947746276855468750000000000e-02
1.5095478684632466018222807235815707826986908912658691406250000000e-02
1.5091506147031285775539366511566186090931296348571777343750000000e-02
1.5087537206311032317307407879525271710008382797241210937500000000e-02
1.5083571857451183451104270716314204037189483642578125000000000000e-02
1.5079610095438830685843356604891596361994743347167968750000000000e-02
1.5075651915268030445194114008700125850737094879150390625000000000e-02
1.5071697311938997421165709056367632001638412475585937500000000000e-02
1.5067746280458609378638534792571590514853596687316894531250000000e-02
1.5063798815839765307678099759414180880412459373474121093750000000e-02
1.5059854913100873680109614838329434860497713088989257812500000000e-02
1.5055914567265788264749382108220743248239159584045410156250000000e-02
1.5051977773363636389780673141558509087190032005310058593750000000e-02
1.5048044526428530978656716854402475291863083839416503906250000000e-02
1.5044114821499199319276840469683520495891571044921875000000000000e-02
1.5040188653618840816661439419021917274221777915954589843750000000e-02
1.5036266017835238015254439858381374506279826164245605468750000000e-02
1.5032346909200321183330828489488339982926845550537109375000000000e-02
1.5028431322769748509915466172515152720734477043151855468750000000e-02
1.5024519253603447338507592689893499482423067092895507812500000000e-02
1.5020610696765197833446592312611755914986133575439453125000000000e-02
1.5016705647322185421255191783984628273174166679382324218750000000e-02
1.5012804100345306101971232237701769918203353881835937500000000000e-02
1.5008906050909364207623930553836544277146458625793457031250000000e-02
1.5005011494092484330975523221241019200533628463745117187500000000e-02
1.5001120424976185918630733340251026675105094909667968750000000000e-02
1.4997232838645563682278272210623981663957238197326660156250000000e-02
1.4993348730189341375118594612558808876201510429382324218750000000e-02
1.4989468094699672298664161473880085395649075508117675781250000000e-02
1.4985590927271906849793658977887389482930302619934082031250000000e-02
1.4981717223005296818483245147035631816834211349487304687500000000e-02
1.4977846977002624156982690806216851342469453811645507812500000000e-02
1.4973980184370174958963239930653799092397093772888183593750000000e-02
1.4970116840217914666588683303416473791003227233886718750000000000e-02
1.4966256939659611235882152868725825101137161254882812500000000000e-02
1.4962400477812852483960881500024697743356227874755859375000000000e-02
1.4958547449799259460023748147250444162636995315551757812500000000e-02
1.4954697850744363279984483483531221281737089157104492187500000000e-02
1.4950851675777929519761677568112645531073212623596191406250000000e-02
1.4947008920034022400047390988220286089926958084106445312500000000e-02
1.4943169578651131421120901165977556956931948661804199218750000000e-02
1.4939333646772461061669190485190483741462230682373046875000000000e-02
1.4935501119545916900999138476890948368236422538757324218750000000e-02
1.4931671992124502870713520508161309408023953437805175781250000000e-02
1.4927846259666407990884806622489122673869132995605468750000000000e-02
1.4924023917335344641132977017150551546365022659301757812500000000e-02
1.4920204960300918056725905103121476713567972183227539062500000000e-02
1.4916389383738730411987916113503160886466503143310546875000000000e-02
1.4912577182830807562274877398067474132403731346130371093750000000e-02
1.4908768352766242626383785818688920699059963226318359375000000000e-02
1.4904962888741317417196086125841247849166393280029296875000000000e-02
1.4901160785960158167151590191679133567959070205688476562500000000e-02
1.4897362039635455438491007384982367511838674545288085937500000000e-02
1.4893566644988939437488362216299719875678420066833496093750000000e-02
1.4889774597252202273378607344511692645028233528137207031250000000e-02
1.4885985891667632974311175075854407623410224914550781250000000000e-02
1.4882200523489394136666952306313760345801711082458496093750000000e-02
1.4878418487984391635481351556791196344420313835144042968750000000e-02
1.4874639780433584340668673462459992151707410812377929687500000000e-02
1.4870864396133404855548931777775578666478395462036132812500000000e-02
1.4867092330397119540053019193237560102716088294982910156250000000e-02
1.4863323578556422721597130021109478548169136047363281250000000000e-02
1.4859558135962989272593759437768312636762857437133789062500000000e-02
1.4855795997990299539548431084767798893153667449951171875000000000e-02
1.4852037160034935181496251743737957440316677093505859375000000000e-02
1.4848281617518182054493713906140328617766499519348144531250000000e-02
1.4844529365886935737273155666571256006136536598205566406250000000e-02
1.4840780400614497769318234077218221500515937805175781250000000000e-02
1.4837034717200369218770283907815610291436314582824707031250000000e-02
1.4833292311169404137372040963782637845724821090698242187500000000e-02
1.4829553178069944732730967018596857087686657905578613281250000000e-02
1.4825817313470398758901147573396883672103285789489746093750000000e-02
1.4822084712954751786750939857029152335599064826965332031250000000e-02
1.4818355372116552917671761235851590754464268684387207031250000000e-02
1.4814629286549937589589909237020037835463881492614746093750000000e-02
1.4810906451769639477489270973364909878000617027282714843750000000e-02
1.4807186863742789056930249103061214555054903030395507812500000000e-02
1.4803470483794088988216408608877827646210789680480957031250000000e-02
1.4799757458013864871992915084319974994286894798278808593750000000e-02
