1.8608162135536281123204815912686171941459178924560546875000000000e-02
1.8706271103705256197979878152182209305465221405029296875000000000e-02
1.8768634600144811636068808979871391784399747848510742187500000000e-02
1.8818238201360831807207318888686131685972213745117187500000000000e-02
1.8858850465323651057758524984819814562797546386718750000000000000e-02
1.8892895387073647267550668971125560346990823745727539062500000000e-02
1.8921998139478243827760195472365012392401695251464843750000000000e-02
1.8947287461293288446384508461051154881715774536132812500000000000e-02
1.8969570662794702636810839635472802910953760147094726562500000000e-02
1.8989438225284187983232797591881535481661558151245117187500000000e-02
1.9007332170680013572194866355857811868190765380859375000000000000e-02
1.9023589349864405279033618967332586180418729782104492187500000000e-02
1.9038470793307820522199946822183846961706876754760742187500000000e-02
1.9052184161074056656381969787616981193423271179199218750000000000e-02
1.9064915279209195680953925489120592828840017318725585937500000000e-02
1.9076810227358322741286755785949935670942068099975585937500000000e-02
1.9087967279844703788471704797302663791924715042114257812500000000e-02
1.9098469041051620298521385166168329305946826934814453125000000000e-02
1.9108385482978940128617750815465115010738372802734375000000000000e-02
1.9117776273852353507987089642483624629676342010498046875000000000e-02
1.9126692602293379058542299731016100849956274032592773437500000000e-02
1.9135178609081825856774727867559704463928937911987304687500000000e-02
1.9143272517013146943876122918481996748596429824829101562500000000e-02
1.9151007525831525296622359633147425483912229537963867187500000000e-02
1.9158412518845150535051757856308540794998407363891601562500000000e-02
1.9165512616442129112392933620867552235722541809082031250000000000e-02
1.9172329600811142263916408978730032686144113540649414062500000000e-02
1.9178882228009307142624351172344177030026912689208984375000000000e-02
1.9185186436022926004252298071151017211377620697021484375000000000e-02
1.9191255451622209193818235917206038720905780792236328125000000000e-02
1.9197099789342773890066240483065485022962093353271484375000000000e-02
1.9202727130472180966380690847472578752785921096801757812500000000e-02
1.9208142066608126230509157039705314673483371734619140625000000000e-02
1.9213345621842650018384901500212436076253652572631835937500000000e-02
1.9218334610364210673916218752310669515281915664672851562500000000e-02
1.9219892085855436181240918358525959774851799011230468750000000000e-02
1.9219422902800015195978744486637879163026809692382812500000000000e-02
1.9218936472278576321759402389943716116249561309814453125000000000e-02
1.9218436168493922139299812101853603962808847427368164062500000000e-02
1.9217924990538991919519773432512010913342237472534179687500000000e-02
1.9217405522021620278838582862590556032955646514892578125000000000e-02
1.9216880062022979186453497391084965784102678298950195312500000000e-02
1.9216350636906860682717734789548558183014392852783203125000000000e-02
1.9215819040095925146482969125827366951853036880493164062500000000e-02
1.9215286861786379929428747459496662486344575881958007812500000000e-02
1.9214755512418978805611047278034675400704145431518554687500000000e-02
1.9214226244963796691456181520152313169091939926147460937500000000e-02
1.9213700173144946520276121759707166347652673721313476562500000000e-02
1.9213178287511536307397008727093634661287069320678710937500000000e-02
1.9212661469382486673085352890666399616748094558715820312500000000e-02
1.9212150502929428025344904540361312683671712875366210937500000000e-02
1.9211646085753254081796015384497877676039934158325195312500000000e-02
1.9211148838130635146947966518382600042968988418579101562500000000e-02
1.9210659311139240829069407823226356413215398788452148437500000000e-02
1.9210177993808610213966048263500852044671773910522460937500000000e-02
1.9209705319431592818180121184923336841166019439697265625000000000e-02
1.9209241671159144049241263019212055951356887817382812500000000000e-02
1.9208787386963518256655092386608885135501623153686523437500000000e-02
1.9208342764051866691232817174750380218029022216796875000000000000e-02
1.9207908062804472659745869123071315698325634002685546875000000000e-02
1.9207483510297253259668792679804028011858463287353515625000000000e-02
1.9207069303452336400672706417935842182487249374389648437500000000e-02
1.9206665611865070264485666484688408672809600830078125000000000000e-02
1.9206272580349820211509381806536111980676651000976562500000000000e-02
1.9205890331228298029131451585271861404180526733398437500000000000e-02
1.9205518966396960267584148596142767928540706634521484375000000000e-02
1.9205158569189591244441572825962794013321399688720703125000000000e-02
1.9204809206061858317671209306354285217821598052978515625000000000e-02
1.9204470928129126899852607834873197134584188461303710937500000000e-02
1.9204143772546675844603569771606998983770608901977539062500000000e-02
1.9203827763760138169768509897039621137082576751708984375000000000e-02
1.9203522914659654219349249615333974361419677734375000000000000000e-02
1.9203229227619307561969463904461008496582508087158203125000000000e-02
1.9202946695437188989741272848732478450983762741088867187500000000e-02
1.9202675302200138823804920207294344436377286911010742187500000000e-02
1.9202415024071078919476462942839134484529495239257812500000000000e-02
1.9202165830012878078303373285962152294814586639404296875000000000e-02
1.9201927682438453548474655008249101229012012481689453125000000000e-02
1.9201700537808338159484478069316537585109472274780273437500000000e-02
1.9201484347188966378405794444006460253149271011352539062500000000e-02
1.9201279056748499912687933033339504618197679519653320312500000000e-02
1.9201084608216022892035468316862534265965223312377929687500000000e-02
1.9200900939306143194729159517919470090419054031372070312500000000e-02
1.9200727984109582785476888489029079210013151168823242187500000000e-02
1.9200565673445232905969248804467497393488883972167968750000000000e-02
1.9200413935181185470790765634774288628250360488891601562500000000e-02
1.9200272694542611789936259469868673477321863174438476562500000000e-02
1.9200141874387136042834356430830666795372962951660156250000000000e-02
1.9200021395450114769509752932208357378840446472167968750000000000e-02
1.9199911176583261962491633312311023473739624023437500000000000000e-02
1.9199811134975972026772694789542583748698234558105468750000000000e-02
1.9199721186344654438871160095914092380553483963012695312500000000e-02
1.9199641245109932280454856368123728316277265548706054687500000000e-02
1.9199571224574656091999003137971158139407634735107421875000000000e-02
1.9199511037080733283355371554534940514713525772094726562500000000e-02
1.9199460594142042646481627343746367841958999633789062500000000000e-02
1.9199419806578146840969623099226737394928932189941406250000000000e-02
1.9199388584640503935263566859248385298997163772583007812500000000e-02
1.9199366838123253786729804915012209676206111907958984375000000000e-02
1.9199354476461233387496463365096133202314376831054687500000000000e-02
1.9199351408828668752448720624670386314392089843750000000000000000e-02
1.9199357544233287137247501163983542937785387039184570312500000000e-02
1.9199372791587860503925710986550257075577974319458007812500000000e-02
1.9199397059781610208606394962771446444094181060791015625000000000e-02
1.9199430257762557794354307816320215351879596710205078125000000000e-02
1.9199472294598486643568691079053678549826145172119140625000000000e-02
1.9199523079520719459623023794847540557384490966796875000000000000e-02
1.9199582521989857347710639601245929952710866928100585937500000000e-02
1.9199650531750694221200248534842103254050016403198242187500000000e-02
1.9199727018864777561280021700440556742250919342041015625000000000e-02
1.9199811893755365510561006203715805895626544952392578125000000000e-02
1.9199905067250281481827656193672737572342157363891601562500000000e-02
1.9200006450618232328730883295975218061357736587524414062500000000e-02
1.9200115955594412864293474285659613087773323059082031250000000000e-02
1.9200233494407154682948046797719143796712160110473632812500000000e-02
1.9200358979818480525958435123357048723846673965454101562500000000e-02
1.9200492325140233740299322562350425869226455688476562500000000000e-02
1.9200633444247328096565752275637350976467132568359375000000000000e-02
1.9200782251611762246890080518824106547981500625610351562500000000e-02
1.9200938662318367544656894096988253295421600341796875000000000000e-02
1.9201102592075889458067550208397733513265848159790039062500000000e-02
1.9201273957231923539268336753593757748603820800781250000000000000e-02
1.9201452674787271995837656390904157888144254684448242187500000000e-02
1.9201638662412957858638407060425379313528537750244140625000000000e-02
1.9201831838453701367663839505439682397991418838500976562500000000e-02
1.9202032121934903968751839897777244914323091506958007812500000000e-02
1.9202239432577733468932024152309168130159378051757812500000000000e-02
1.9202453690804938829517212184327945578843355178833007812500000000e-02
1.9202674817739906476532496526488102972507476806640625000000000000e-02
1.9202902735216187402045306953368708491325378417968750000000000000e-02
1.9203137365782763784638476067812007386237382888793945312500000000e-02
1.9203378632702178957503136302875645924359560012817382812500000000e-02
1.9203626459955890765085584348526026587933301925659179687500000000e-02
1.9203880772249673491991472928930306807160377502441406250000000000e-02
1.9204141495007175099996032940907753072679042816162109375000000000e-02
1.9204408554367533717988081320982018951326608657836914062500000000e-02
1.9204681877200421163953691916503885295242071151733398437500000000e-02
1.9204961391094049066863291841400496196001768112182617187500000000e-02
1.9205247024350516338309091679548146203160285949707031250000000000e-02
1.9205538705991363757075163221088587306439876556396484375000000000e-02
1.9205836365749899552479718067843350581824779510498046875000000000e-02
1.9206139934078481773527258269496087450534105300903320312500000000e-02
1.9206449342137298097465958335305913351476192474365234375000000000e-02
1.9206764521783596666448801215665298514068126678466796875000000000e-02
1.9207085405585369586312083356460789218544960021972656250000000000e-02
1.9207411926812429509014990003379352856427431106567382812500000000e-02
1.9207744019419766695611073714644589927047491073608398437500000000e-02
1.9208081618056208755840330582032038364559412002563476562500000000e-02
1.9208424658058508710523071272291417699307203292846679687500000000e-02
1.9208773075444555283874947804179100785404443740844726562500000000e-02
1.9209126806904414791477009316622570622712373733520507812500000000e-02
1.9209485789797156596314664511737646535038948059082031250000000000e-02
1.9209849962158569158798826492784428410232067108154296875000000000e-02
1.9210219262677508816894444976242084521800279617309570312500000000e-02
1.9210593630691625427475699439128220546990633010864257812500000000e-02
1.9210973006198946849698572236775362398475408554077148437500000000e-02
1.9211357329839758023570794875922729261219501495361328125000000000e-02
1.9211746542886116301263044192637607920914888381958007812500000000e-02
1.9212140587245411099681646760473086033016443252563476562500000000e-02
1.9212539405452307844646142598321603145450353622436523437500000000e-02
1.9212942940667523256115245544606295879930257797241210937500000000e-02
1.9213351136658909923404792152723530307412147521972656250000000000e-02
1.9213763937799818726226419585145777091383934020996093750000000000e-02
1.9214181289078910430667690434347605332732200622558593750000000000e-02
1.9214603136074110550923776941090181935578584671020507812500000000e-02
1.9215029424952706493812115695618558675050735473632812500000000000e-02
1.9215460102470709180533248172650928609073162078857421875000000000e-02
1.9215895115964703315780681691649078857153654098510742187500000000e-02
1.9216334413340037390316439314119634218513965606689453125000000000e-02
1.9216777943067784445441148477584647480398416519165039062500000000e-02
1.9217225654189297456841956091011525131762027740478515625000000000e-02
1.9217677496290420935398657320547499693930149078369140625000000000e-02
1.9218133419510112502859300320778856985270977020263671875000000000e-02
1.9218593374534839735012781147815985605120658874511718750000000000e-02
1.9219057312586409341781390480718982871621847152709960937500000000e-02
1.9219525185413973561443512494406604673713445663452148437500000000e-02
1.9219996945296333873409722059477644506841897964477539062500000000e-02
1.9220472545030228145312989340709464158862829208374023437500000000e-02
1.9220951937939673853650290880068496335297822952270507812500000000e-02
1.9221435077834615745562274469193653203547000885009765625000000000e-02
1.9221921919048746280056505497668695170432329177856445312500000000e-02
1.9222412416392352374483465382581925950944423675537109375000000000e-02
1.9222906525207621858397644132310233544558286666870117187500000000e-02
1.9223404201262717788667444551720109302550554275512695312500000000e-02
1.9223905400879145316528351372653560247272253036499023437500000000e-02
1.9224410080768326858358108211177750490605831146240234375000000000e-02
1.9224918198230269567039485423265432473272085189819335937500000000e-02
1.9225429710864255089530772124817303847521543502807617187500000000e-02
1.9225944576949045849989516909772646613419055938720703125000000000e-02
1.9226462754940897709188263320356782060116529464721679687500000000e-02
1.9226984204107403636507811484079866204410791397094726562500000000e-02
1.9227508883672750350513069861335679888725280761718750000000000000e-02
1.9228036753953587495447052901909046340733766555786132812500000000e-02
1.9228567774856993033427698946979944594204425811767578125000000000e-02
1.9229101907794057119138741995811869855970144271850585937500000000e-02
1.9229639113231822983296481766046781558543443679809570312500000000e-02
1.9230179353815234077895723885376355610787868499755859375000000000e-02
1.9230722590350787792878861637291265651583671569824218750000000000e-02
1.9231268786923324393134393517357239034026861190795898437500000000e-02
1.9231817904405323210736966643708001356571912765502929687500000000e-02
1.9232369908626759796854699402501864824444055557250976562500000000e-02
1.9232924760088494081644583388879254925996065139770507812500000000e-02
1.9233482426846890828153746610951202455908060073852539062500000000e-02
1.9234042868436159595679768585796409752219915390014648437500000000e-02
1.9234606055823395831527733434995752759277820587158203125000000000e-02
1.9235171946695800437865386811608914285898208618164062500000000000e-02
1.9235740515928068800066697008332994300872087478637695312500000000e-02
1.9236311718176048873862882260254991706460714340209960937500000000e-02
1.9236885533581625506993617591433576308190822601318359375000000000e-02
1.9237461912114502821102846041867451276630163192749023437500000000e-02
1.9238040841073052872323145834343449678272008895874023437500000000e-02
1.9238622263536578338438687296729767695069313049316406250000000000e-02
1.9239206176469618447821829931854153983294963836669921875000000000e-02
1.9239792513135862278561560856360301841050386428833007812500000000e-02
1.9240381283461796546596644930104957893490791320800781250000000000e-02
1.9240972407143432099108082411476061679422855377197265625000000000e-02
1.9241565911260121585213411776749126147478818893432617187500000000e-02
1.9242161697200010211927789782748732250183820724487304687500000000e-02
1.9242759814465427298246780196677718777209520339965820312500000000e-02
1.9243360140254812257198935299129516351968050003051757812500000000e-02
1.9243962752923993858589213346022006589919328689575195312500000000e-02
1.9244567498438943514704746462484763469547033309936523437500000000e-02
1.9245174491651903525557543161994544789195060729980468750000000000e-02
1.9245783538979811116975682239171874243766069412231445312500000000e-02
1.9246394800648922163155418729729717597365379333496093750000000000e-02
1.9247008034078229299357332138242782093584537506103515625000000000e-02
1.9247623454840431106438458641605393495410680770874023437500000000e-02
1.9248240760842121738205534597909718286246061325073242187500000000e-02
1.9248860233892502169528171407364425249397754669189453125000000000e-02
1.9249481501190879306761871703201904892921447753906250000000000000e-02
1.9250104922133571411224650660187762696295976638793945312500000000e-02
1.9250730041744552878402174656002898700535297393798828125000000000e-02
1.9251357308404527801659611441209563054144382476806640625000000000e-02
1.9251986173802391327791738717678526882082223892211914062500000000e-02
1.9252617185963244450519482597883325070142745971679687500000000000e-02
1.9253249693184190660666388339450350031256675720214843750000000000e-02
1.9253884352343059865875218861219764221459627151489257812500000000e-02
1.9254520400222539799894860834683640860021114349365234375000000000e-02
1.9255158609287430920842254522540315520018339157104492187500000000e-02
1.9255798099607975698566164624025986995548009872436523437500000000e-02
1.9256439762632852896739876769061083905398845672607421875000000000e-02
1.9257082600339307798531507387451711110770702362060546875000000000e-02
1.9257727622221120639123270734671677928417921066284179687500000000e-02
1.9258373715585693636276332085799367632716894149780273437500000000e-02
1.9259022001870674395407334600349713582545518875122070312500000000e-02
1.9259671262597033436492210967116989195346832275390625000000000000e-02
1.9260322719274833996871976182774233166128396987915039062500000000e-02
1.9260975062556327797036459514856687746942043304443359375000000000e-02
1.9261629596007447118299893418225110508501529693603515625000000000e-02
1.9262284940465290022926225788069132249802350997924804687500000000e-02
1.9262942457453031963598988340891082771122455596923828125000000000e-02
1.9263600725005519676003018503251951187849044799804687500000000000e-02
1.9264261132813553095699532491380523424595594406127929687500000000e-02
1.9264922248388938186280938680283725261688232421875000000000000000e-02
1.9265585455054950320130657814843289088457822799682617187500000000e-02
1.9266249346252456442485367915651295334100723266601562500000000000e-02
1.9266915260912034074669563210591149982064962387084960937500000000e-02
1.9267581857511730664134219637162459548562765121459960937500000000e-02
1.9268250390810943289965351254977576900273561477661132812500000000e-02
1.9268919624289233827330036774583277292549610137939453125000000000e-02
1.9269590688850684462307683020299009513109922409057617187500000000e-02
1.9270262491778149260834851475010509602725505828857421875000000000e-02
1.9270936002728913244430586360067536588758230209350585937500000000e-02
1.9271610308240101627763607439192128367722034454345703125000000000e-02
1.9272286183626960442971665088407462462782859802246093750000000000e-02
1.9272962924903189879666243200517783407121896743774414062500000000e-02
1.9273641086147933615402294549312500748783349990844726562500000000e-02
1.9274320195993774329501491138216806575655937194824218750000000000e-02
1.9275000568148792368106114736292511224746704101562500000000000000e-02
1.9275681978671257987834053437836701050400733947753906250000000000e-02
1.9276364490660641282104847959999460726976394653320312500000000000e-02
1.9277048133094477899707186452360474504530429840087890625000000000e-02
1.9277732717689389368986851991394360084086656570434570312500000000e-02
1.9278418522388679479107054248743224889039993286132812500000000000e-02
1.9279105116139186315571407703828299418091773986816406250000000000e-02
1.9279793012663790086058668293844675645232200622558593750000000000e-02
1.9280481555633281059991546158016717527061700820922851562500000000e-02
1.9281171473041393976677326804747281130403280258178710937500000000e-02
1.9281861908425453749904576739027106668800115585327148437500000000e-02
1.9282553775599974021925930856014019809663295745849609375000000000e-02
1.9283246049284906431520170144722214899957180023193359375000000000e-02
1.9283939795399503147610431597058777697384357452392578125000000000e-02
1.9284633855426211446193462961673503741621971130371093750000000000e-02
1.9285329410388338255977203061775071546435356140136718750000000000e-02
1.9286025206438017765009362847195006906986236572265625000000000000e-02
1.9286722501381914351981095023802481591701507568359375000000000000e-02
1.9287419984240907616657167977791687007993459701538085937500000000e-02
1.9288118951950549567753157020888465922325849533081054687500000000e-02
1.9288818073087202198401257646764861419796943664550781250000000000e-02
1.9289518648361279884451136013012728653848171234130859375000000000e-02
1.9290219359503688045798242001183098182082176208496093750000000000e-02
1.9290921479447546704744098633454996161162853240966796875000000000e-02
1.9291623732339783364730934067665657494217157363891601562500000000e-02
1.9292327336532643505817574691718618851155042648315429687500000000e-02
1.9293031082720960706078372481897531542927026748657226562500000000e-02
1.9293736113320473363197393723567074630409479141235351562500000000e-02
1.9294441304077175614040129403292667120695114135742187500000000000e-02
1.9295147705781973135330531476938631385564804077148437500000000000e-02
1.9295854292134647506307132402980641927570104598999023437500000000e-02
1.9296562012105389349869710713392123579978942871093750000000000000e-02
1.9297269944874174268933941789327946025878190994262695312500000000e-02
1.9297978932577355970501287174556637182831764221191406250000000000e-02
1.9298688162549506447396296948681992944329977035522460937500000000e-02
1.9299398369543797199243684303837653715163469314575195312500000000e-02
1.9300108847624529440079044206868275068700313568115234375000000000e-02
1.9300820227343234297689988920865289401262998580932617187500000000e-02
1.9301531904752807639047418319933058228343725204467773437500000000e-02
1.9302244412260641942546968152782937977463006973266601562500000000e-02
1.9302957240713913139584789746550086420029401779174804687500000000e-02
1.9303670832496483411588883427612017840147018432617187500000000000e-02
1.9304384764387474276992051613888179417699575424194335937500000000e-02
1.9305099398118742010099779804477293509989976882934570312500000000e-02
1.9305814386658411152541958699657698161900043487548828125000000000e-02
1.9306530021058487117668889254673558752983808517456054687500000000e-02
1.9307246020406239328526254439566400833427906036376953125000000000e-02
1.9307962615055962452004223450785502791404724121093750000000000000e-02
1.9308679580404809750238115384490811266005039215087890625000000000e-02
1.9309397095678703520915675539981748443096876144409179687500000000e-02
1.9310114983295493390480501716410799417644739151000976562500000000e-02
1.9310833380237004547330670334304159041494131088256835937500000000e-02
1.9311552147531711731698322864758665673434734344482421875000000000e-02
1.9312271387821707685494843076412507798522710800170898437500000000e-02
1.9312990993306949211172351965615234803408384323120117187500000000e-02
1.9313711039229432969710487100201135035604238510131835937500000000e-02
1.9314431442535869021259742339680087752640247344970703125000000000e-02
1.9315152256961818505454075989291595760732889175415039062500000000e-02
1.9315873418793084309585950109067198354750871658325195312500000000e-02
1.9316594965175078180141809980341349728405475616455078125000000000e-02
1.9317316847281860298091160643707553390413522720336914062500000000e-02
1.9318039089659077428562383715870964806526899337768554687500000000e-02
1.9318761654792425408455613933256245218217372894287109375000000000e-02
1.9319484557817692693681976834341185167431831359863281250000000000e-02
1.9320207769671367270536421756332856602966785430908203125000000000e-02
1.9320931298593815861330824645847314968705177307128906250000000000e-02
1.9321655121773060465040217081877926830202341079711914062500000000e-02
1.9322379242480182404140265362002537585794925689697265625000000000e-02
1.9323103642461068180091743329285236541181802749633789062500000000e-02
1.9323828321461435086892066692598746158182621002197265625000000000e-02
1.9324553264534426871845695927731867413967847824096679687500000000e-02
1.9325278468990382541026207263712421990931034088134765625000000000e-02
1.9326003922235143739349894076440250501036643981933593750000000000e-02
1.9326729619940200693983811675025208387523889541625976562500000000e-02
1.9327455551198993027872674588252266403287649154663085937500000000e-02
1.9328181710597028969411681487144960556179285049438476562500000000e-02
1.9328908088428436995442893930885475128889083862304687500000000000e-02
1.9329634678607633679892074951567337848246097564697265625000000000e-02
1.9330361472280864487682805474833003245294094085693359375000000000e-02
1.9331088462956412532545158455832279287278652191162109375000000000e-02
1.9331815642408725630652099880535388365387916564941406250000000000e-02
1.9332543003940570736087778414002968929708003997802734375000000000e-02
1.9333270539775931906589789832651149481534957885742187500000000000e-02
1.9333998243131412381190514793161128181964159011840820312500000000e-02
1.9334726106587034333283980913620325736701488494873046875000000000e-02
1.9335454123359345490751337592882919125258922576904296875000000000e-02
1.9336182286298960603110330680465267505496740341186523437500000000e-02
1.9336910588672911320839986615283123683184385299682617187500000000e-02
1.9337639023562291223923281791030603926628828048706054687500000000e-02
1.9338367584324060027833880326397775206714868545532226562500000000e-02
1.9339096264225419385951454387395642697811126708984375000000000000e-02
1.9339825056732824759553324156513554044067859649658203125000000000e-02
1.9340553955289500193126528415632492396980524063110351562500000000e-02
1.9341282953474012856753816436139459256082773208618164062500000000e-02
1.9342012044885743132782707220940210390836000442504882812500000000e-02
1.9342741223237803344092711199664336163550615310668945312500000000e-02
1.9343470482272914073851310945428849663585424423217773437500000000e-02
1.9344199815825652982725912920614064205437898635864257812500000000e-02
1.9344929217777841190528675952009507454931735992431640625000000000e-02
1.9345658682097019442913676812167977914214134216308593750000000000e-02
1.9346388202807072304034718968068773392587900161743164062500000000e-02
1.9347117773992148631601040165151061955839395523071289062500000000e-02
1.9347847389800512662993980939063476398587226867675781250000000000e-02
1.9348577044454681739260593076323857530951499938964843750000000000e-02
1.9349306732227612021235430006527167279273271560668945312500000000e-02
1.9350036447456100963115943613956915214657783508300781250000000000e-02
1.9350766184545207387879273142061720136553049087524414062500000000e-02
1.9351495937955782294936923904060677159577608108520507812500000000e-02
1.9352225702203688234570577719750872347503900527954101562500000000e-02
1.9352955471871057663291182393550116103142499923706054687500000000e-02
1.9353685241599489358366170677072659600526094436645507812500000000e-02
1.9354415006083005440506994432325882371515035629272460937500000000e-02
1.9355144760071656129252204436852480284869670867919921875000000000e-02
1.9355874498378129039410922018760174978524446487426757812500000000e-02
1.9356604215875022195758603515969298314303159713745117187500000000e-02
1.9357333907482721785386914348237041849642992019653320312500000000e-02
1.9358063568172538537748295084384153597056865692138671875000000000e-02
1.9358793192981872677282950689914287067949771881103515625000000000e-02
1.9359522776996741788568812125959084369242191314697265625000000000e-02
1.9360252315352748792021131407636858057230710983276367187500000000e-02
1.9360981803244622923010354043071856722235679626464843750000000000e-02
1.9361711235919575740949127862222667317837476730346679687500000000e-02
1.9362440608670462849350002443316043354570865631103515625000000000e-02
1.9363169916839187423285295608366141095757484436035156250000000000e-02
1.9363899155830862491844968076293298508971929550170898437500000000e-02
1.9364628321095877366841975231182004790753126144409179687500000000e-02
1.9365357408123375082542594327605911530554294586181640625000000000e-02
1.9366086412460986609929136648133862763643264770507812500000000000e-02
1.9366815329708960552457241988122405018657445907592773437500000000e-02
1.9367544155505820452356502414659189525991678237915039062500000000e-02
1.9368272885543279943076910853960725944489240646362304687500000000e-02
1.9369001515562391663172192579622787889093160629272460937500000000e-02
1.9369730041344554449800341444642981514334678649902343750000000000e-02
1.9370458458716752203621069838845869526267051696777343750000000000e-02
1.9371186763557809301650181055265420582145452499389648437500000000e-02
1.9371914951792638254213230197819939348846673965454101562500000000e-02
1.9372643019383056078863702964554249774664640426635742187500000000e-02
1.9373370962337974066080903412512270733714103698730468750000000000e-02
1.9374098776711968367125749068691220600157976150512695312500000000e-02
1.9374826458604731821422362258999783080071210861206054687500000000e-02
1.9375554004153597298376610069681191816926002502441406250000000000e-02
1.9376281409539224120930356320968712680041790008544921875000000000e-02
1.9377008670990757133179016591384424827992916107177734375000000000e-02
1.9377735784772660149188894251892634201794862747192382812500000000e-02
1.9378462747187356202127617166297568473964929580688476562500000000e-02
1.9379189554586204874420118926536815706640481948852539062500000000e-02
1.9379916203358681092705495530026382766664028167724609375000000000e-02
1.9380642689930022842803580829240672755986452102661132812500000000e-02
1.9381369010767614952106541181819920893758535385131835937500000000e-02
1.9382095162377870056769069151414441876113414764404296875000000000e-02
1.9382821141308164553107573624401993583887815475463867187500000000e-02
1.9383546944139167650389410368916287552565336227416992187500000000e-02
1.9384272567491513117321488834932097233831882476806640625000000000e-02
1.9384998008025094984319025570584926754236221313476562500000000000e-02
1.9385723262436586888934897388026001863181591033935546875000000000e-02
1.9386448327457939805329445448478509206324815750122070312500000000e-02
1.9387173199855153860049483682814752683043479919433593750000000000e-02
1.9387897876434603133821710230222379323095083236694335937500000000e-02
1.9388622354039344169995828792707470711320638656616210937500000000e-02
1.9389346629541694827514319854344648774713277816772460937500000000e-02
1.9390070699850769919692083931295201182365417480468750000000000000e-02
1.9390794561915336569057899396284483373165130615234375000000000000e-02
1.9391518212712118701679386845171393360942602157592773437500000000e-02
1.9392241649252989210694408939161803573369979858398437500000000000e-02
1.9392964868587114074527377738377253990620374679565429687500000000e-02
1.9393687867793805296168230256625975016504526138305664062500000000e-02
1.9394410643981171288308118505483435001224279403686523437500000000e-02
1.9395133194296226841757402326038572937250137329101562500000000000e-02
1.9395855515917978517670405835815472528338432312011718750000000000e-02
1.9396577606051970676936946347268531098961830139160156250000000000e-02
1.9397299461939507270180627074296353384852409362792968750000000000e-02
1.9398021080850730291089689671935047954320907592773437500000000000e-02
1.9398742460089386796528998502253671176731586456298828125000000000e-02
1.9399463596986375735209406911963014863431453704833984375000000000e-02
1.9400184488902277174515731417159258853644132614135742187500000000e-02
1.9400905133234176702661244462433387525379657745361328125000000000e-02
1.9401625527403026233441707404381304513663053512573242187500000000e-02
1.9402345668857221006042834687832510098814964294433593750000000000e-02
1.9403065555077779469339560591834015212953090667724609375000000000e-02
1.9403785183575997935756518586458696518093347549438476562500000000e-02
1.9404504551889370511652543882519239559769630432128906250000000000e-02
1.9405223657580225604668555661191930994391441345214843750000000000e-02
1.9405942498242140931141719306651793885976076126098632812500000000e-02
1.9406661071498704923543598965807177592068910598754882812500000000e-02
1.9407379374995495369127240792295197024941444396972656250000000000e-02
1.9408097406407361779079323582664073910564184188842773437500000000e-02
1.9408815163437734968576720007149560842663049697875976562500000000e-02
1.9409532643813853097780608436551119666546583175659179687500000000e-02
1.9410249845288114756147734851765562780201435089111328125000000000e-02
1.9410966765640424308569933486978698056191205978393554687500000000e-02
1.9411683402679898863274488007846230175346136093139648437500000000e-02
1.9412399754234161558530402658107050228863954544067382812500000000e-02
1.9413115818158077630073421460110694169998168945312500000000000000e-02
1.9413831592336075471116885182709665969014167785644531250000000000e-02
1.9414547074672237891856951819136156700551509857177734375000000000e-02
1.9415262263093761158083694340348301921039819717407226562500000000e-02
1.9415977155554417499239150401990627869963645935058593750000000000e-02
1.9416691750034818786385670819072402082383632659912109375000000000e-02
1.9417406044533999653900480097945546731352806091308593750000000000e-02
1.9418120037074843714508531888895959127694368362426757812500000000e-02
1.9418833725707598109044837997316790279000997543334960937500000000e-02
1.9419547108500617021986656141052662860602140426635742187500000000e-02
1.9420260183545662996396075072880194056779146194458007812500000000e-02
1.9420972948958521026030510370219417382031679153442382812500000000e-02
1.9421685402876632392521472070257004816085100173950195312500000000e-02
1.9422397543461041025114610647506196983158588409423828125000000000e-02
1.9423109368890450338041020472701347898691892623901367187500000000e-02
1.9423820877365233911193698190800205338746309280395507812500000000e-02
1.9424532067111900668354707022444927133619785308837890625000000000e-02
1.9425242936372686536339315921395609620958566665649414062500000000e-02
1.9425953483413471722940357722109183669090270996093750000000000000e-02
1.9426663706522125790732147265771345701068639755249023437500000000e-02
1.9427373604001593049295237847218231763690710067749023437500000000e-02
1.9428083174178861075587221307614527177065610885620117187500000000e-02
1.9428792415400172877149032046872889623045921325683593750000000000e-02
1.9429501326031786700987424865161301568150520324707031250000000000e-02
1.9430209904460375019974449628534785006195306777954101562500000000e-02
1.9430918149086959939575436351333337370306253433227539062500000000e-02
1.9431626058336631118761417269524827133864164352416992187500000000e-02
1.9432333630655104078632788855429680552333593368530273437500000000e-02
1.9433040864500240874068737184643396176397800445556640625000000000e-02
1.9433747758351528622799975210000411607325077056884765625000000000e-02
1.9434454310708584173772450753858720418065786361694335937500000000e-02
1.9435160520088666513682795766726485453546047210693359375000000000e-02
1.9435866385024758162813895978615619242191314697265625000000000000e-02
1.9436571904066429067325927348974801134318113327026367187500000000e-02
1.9437277075786001806489977639103017281740903854370117187500000000e-02
1.9437981898771505145928628621732059400528669357299804687500000000e-02
1.9438686371623381532458552101161330938339233398437500000000000000e-02
1.9439390492962532741572090344561729580163955688476562500000000000e-02
1.9440094261430181099559177937408094294369220733642578125000000000e-02
1.9440797675678311157154709576388995628803968429565429687500000000e-02
1.9441500734376688380722342230910726357251405715942382812500000000e-02
1.9442203436215187151159256018218002282083034515380859375000000000e-02
1.9442905779896175327836616020249493885785341262817382812500000000e-02
1.9443607764136588977876840544922742992639541625976562500000000000e-02
1.9444309387672550210046651386619487311691045761108398437500000000e-02
1.9445010649256543044938183584235957823693752288818359375000000000e-02
1.9445711547652455575274643706507049500942230224609375000000000000e-02
1.9446412081640659236247969943178759422153234481811523437500000000e-02
1.9447112250018317586297555976670992095023393630981445312500000000e-02
1.9447812051598095672844124237599316984415054321289062500000000000e-02
1.9448511485203885673644919052094337530434131622314453125000000000e-02
1.9449210549674706555167702504149929154664278030395507812500000000e-02
1.9449909243869141495242303108170744962990283966064453125000000000e-02
1.9450607566656896718626512665650807321071624755859375000000000000e-02
1.9451305516917712090663172830318217165768146514892578125000000000e-02
1.9452003093548504708554247599749942310154438018798828125000000000e-02
1.9452700295464784435717220389960857573896646499633789062500000000e-02
1.9453397121589801471719383130221103783696889877319335937500000000e-02
1.9454093570859636030956352215071092359721660614013671875000000000e-02
1.9454789642228281082436680549108132254332304000854492187500000000e-02
1.9455485334660821417074316741491202265024185180664062500000000000e-02
1.9456180647133444056029460966783517505973577499389648437500000000e-02
1.9456875578638042206813807410981098655611276626586914062500000000e-02
1.9457570128180626256586549516214290633797645568847656250000000000e-02
1.9458264294776473485315548828111786860972642898559570312500000000e-02
1.9458958077452417900765624381165252998471260070800781250000000000e-02
1.9459651475250472341116392271942459046840667724609375000000000000e-02
1.9460344487226492737885763517624582163989543914794921875000000000e-02
1.9461037112445969676777224321995163336396217346191406250000000000e-02
1.9461729349984600856426908421781263314187526702880859375000000000e-02
1.9462421198932315646867863279112498275935649871826171875000000000e-02
1.9463112658392133641482857342452916782349348068237304687500000000e-02
1.9463803727475300492377741079508268740028142929077148437500000000e-02
1.9464494405306006358236103892522805836051702499389648437500000000e-02
1.9465184691021087531881406107459042686969041824340820312500000000e-02
1.9465874583767459049532533299498027190566062927246093750000000000e-02
1.9466564082701889176751919308117066975682973861694335937500000000e-02
1.9467253186992307389946432749638915993273258209228515625000000000e-02
1.9467941895821204434380291559136821888387203216552734375000000000e-02
1.9468630208376462575881049588133464567363262176513671875000000000e-02
1.9469318123859002261921702370273123960942029953002929687500000000e-02
1.9470005641483389274837279003804724197834730148315429687500000000e-02
1.9470692760468338855517345109547022730112075805664062500000000000e-02
1.9471379480046176885243980336781532969325780868530273437500000000e-02
1.9472065799460074736471071332744031678885221481323242187500000000e-02
1.9472751717961145345725526567548513412475585937500000000000000000e-02
1.9473437234812974311326527754317794460803270339965820312500000000e-02
1.9474122349285923061490422014685464091598987579345703125000000000e-02
1.9474807060660456053957645394802966620773077011108398437500000000e-02
1.9475491368231099414964901939129049424082040786743164062500000000e-02
1.9476175271296185254055188806887599639594554901123046875000000000e-02
1.9476858769164322182643189762529800646007061004638671875000000000e-02
1.9477541861157559449635456871874339412897825241088867187500000000e-02
1.9478224546603889466567238741845358163118362426757812500000000000e-02
1.9478906824839149064532151101047929842025041580200195312500000000e-02
1.9479588695209413412579024793558346573263406753540039062500000000e-02
1.9480270157071814807192566831872682087123394012451171875000000000e-02
1.9480951209789855449461271064137690700590610504150390625000000000e-02
1.9481631852735749321769986863728263415396213531494140625000000000e-02
1.9482312085291390163499514187606109771877527236938476562500000000e-02
1.9482991906846405111286557598759827669709920883178710937500000000e-02
1.9483671316799178185874552582390606403350830078125000000000000000e-02
1.9484350314555767824664656018285313621163368225097656250000000000e-02
1.9485028899531880997031407787289936095476150512695312500000000000e-02
1.9485707071151648489548691145500924903899431228637695312500000000e-02
1.9486384828844047906182268548036518041044473648071289062500000000e-02
1.9487062172048423558390339849211159162223339080810546875000000000e-02
1.9487739100214760551432746638056414667516946792602539062500000000e-02
1.9488415612796267106787695411185268312692642211914062500000000000e-02
1.9489091709254304646270483658554439898580312728881835937500000000e-02
1.9489767389061940505712300364393740892410278320312500000000000000e-02
1.9490442651698091508505328306455339770764112472534179687500000000e-02
1.9491117496647114570862413529539480805397033691406250000000000000e-02
1.9491791923402241454299499423541419673711061477661132812500000000e-02
1.9492465931466085304890611951122991740703582763671875000000000000e-02
1.9493139520347542437139765070241992361843585968017578125000000000e-02
1.9493812689561421103157101697433972731232643127441406250000000000e-02
1.9494485438631619506066883218409202527254819869995117187500000000e-02
1.9495157767089675571181572877321741543710231781005859375000000000e-02
1.9495829674473271614365543769054056610912084579467773437500000000e-02
1.9496501160327462526256070418639865238219499588012695312500000000e-02
1.9497172224205622931281212117937684524804353713989257812500000000e-02
1.9497842865668697787118190944966045208275318145751953125000000000e-02
1.9498513084282589891138570692419307306408882141113281250000000000e-02
1.9499182879621324016028438563807867467403411865234375000000000000e-02
1.9499852251267858760375162319178343750536441802978515625000000000e-02
1.9500521198811401196726578177731425967067480087280273437500000000e-02
1.9501189721847084213024459131702315062284469604492187500000000000e-02
1.9501857819977940627920176552834163885563611984252929687500000000e-02
1.9502525492816519953054310576590069103986024856567382812500000000e-02
1.9503192739979351155721332133907708339393138885498046875000000000e-02
1.9503859561091022728485100401485397014766931533813476562500000000e-02
1.9504525955785913943207887655262311454862356185913085937500000000e-02
1.9505191923703413953150587190066289622336626052856445312500000000e-02
1.9505857464490239383536618333891965448856353759765625000000000000e-02
1.9506522577801582718493023094197269529104232788085937500000000000e-02
1.9507187263300713314650991492271714378148317337036132812500000000e-02
1.9507851520658047589362737994633789639919996261596679687500000000e-02
1.9508515349549997164313452913120272569358348846435546875000000000e-02
1.9509178749662875462789202174462843686342239379882812500000000000e-02
1.9509841720692078920196266267339524347335100173950195312500000000e-02
1.9510504262338093650619441632443340495228767395019531250000000000e-02
1.9511166374310728172103424071792687755078077316284179687500000000e-02
1.9511828056329321573469925965582660865038633346557617187500000000e-02
1.9512489308121293285491759661454125307500362396240234375000000000e-02
1.9513150129421379802563407679372176062315702438354492187500000000e-02
1.9513810519973980028840543354817782528698444366455078125000000000e-02
1.9514470479534262031817704041714023333042860031127929687500000000e-02
1.9515130007864863598276983225332514848560094833374023437500000000e-02
1.9515789104737005926759607632448023650795221328735351562500000000e-02
1.9516447769933734091019061906990827992558479309082031250000000000e-02
1.9517106003248966411556253319758980069309473037719726562500000000e-02
1.9517763804483709288994930375338299199938774108886718750000000000e-02
1.9518421173451011574329072573164012283086776733398437500000000000e-02
1.9519078109977022750243236259848345071077346801757812500000000000e-02
1.9519734613896735919702507544570835307240486145019531250000000000e-02
1.9520390685056628055082938999476027674973011016845703125000000000e-02
1.9521046323316318393814583487255731597542762756347656250000000000e-02
1.9521701528548329046541809361769992392510175704956054687500000000e-02
1.9522356300637210696491408157271507661789655685424804687500000000e-02
1.9523010639480146283242234517274482641369104385375976562500000000e-02
1.9523664544989202673797024090163176879286766052246093750000000000e-02
1.9524318017090997595675005982229777146130800247192382812500000000e-02
1.9524971055726016155862367895679199136793613433837890625000000000e-02
1.9525623660850494750507166941133618820458650588989257812500000000e-02
1.9526275832437246793293894597809412516653537750244140625000000000e-02
1.9526927570474538614631043742519977968186140060424804687500000000e-02
1.9527578874967487648772745956193830352276563644409179687500000000e-02
1.9528229745940959422023652791722270194441080093383789062500000000e-02
1.9528880183437770379217823801809572614729404449462890625000000000e-02
1.9529530187518344408470483131168293766677379608154296875000000000e-02
1.9530179758264331474348907136118214111775159835815429687500000000e-02
1.9530828895778479248335202100861351937055587768554687500000000000e-02
1.9531477600184681681083631588080606888979673385620117187500000000e-02
1.9532125871628773505772613816589000634849071502685546875000000000e-02
1.9532773710280112305914812509399780537933111190795898437500000000e-02
1.9533421116333028744183053504457348026335239410400390625000000000e-02
1.9534068090005608786530189036056981422007083892822265625000000000e-02
1.9534714631542111906714609403934446163475513458251953125000000000e-02
1.9535360741214407437338351769540167879313230514526367187500000000e-02
1.9536006419322092531043466578921652399003505706787109375000000000e-02
1.9536651666193123599857273120505851693451404571533203125000000000e-02
1.9537296482185172868950573388246993999928236007690429687500000000e-02
1.9537940867687876578262518023620941676199436187744140625000000000e-02
1.9538584823122377015502948438552266452461481094360351562500000000e-02
1.9539228348942332125215415317143197171390056610107421875000000000e-02
1.9539871445635403901519566716160625219345092773437500000000000000e-02
1.9540514113725648837061044105212204158306121826171875000000000000e-02
1.9541156353772459741691136514418758451938629150390625000000000000e-02
1.9541798166371263101304123210866237059235572814941406250000000000e-02
1.9542439552158001603299197768137673847377300262451171875000000000e-02
1.9543080511806931037765977521303284447640180587768554687500000000e-02
1.9543721046030880506005900087984628044068813323974609375000000000e-02
1.9544361155586054135113727170391939580440521240234375000000000000e-02
1.9545000841270584318598579898207390215247869491577148437500000000e-02
1.9545640103924431102422332173773611430078744888305664062500000000e-02
1.9546278944431373647550032046638079918920993804931640625000000000e-02
1.9546917363720030247353776076124631799757480621337890625000000000e-02
1.9547555362764281600140847672264499124139547348022460937500000000e-02
1.9548192942583024478420128389188903383910655975341796875000000000e-02
1.9548830104241222971328539870228269137442111968994140625000000000e-02
1.9549466848851171363321554963476955890655517578125000000000000000e-02
1.9550103177571224316588782699000148568302392959594726562500000000e-02
1.9550739091604998898255018957570428028702735900878906250000000000e-02
1.9551374592203980135041163634923577774316072463989257812500000000e-02
1.9552009680666310176277988830406684428453445434570312500000000000e-02
1.9552644358335757868161408623564057052135467529296875000000000000e-02
1.9553278626599893824655751473073905799537897109985351562500000000e-02
1.9553912486891301264479992028100241441279649734497070312500000000e-02
1.9554545940687340088715018282528035342693328857421875000000000000e-02
1.9555178989504675562960400725387444254010915756225585937500000000e-02
1.9555811634901162227029303153358341660350561141967773437500000000e-02
1.9556443878474494280084172714850865304470062255859375000000000000e-02
1.9557075721856984062974049720651237294077873229980468750000000000e-02
1.9557707166714323465672720203656353987753391265869140625000000000e-02
1.9558338214744609012685216953286726493388414382934570312500000000e-02
1.9558968867673286878838823099613364320248365402221679687500000000e-02
1.9559599127250047734261073628658778034150600433349609375000000000e-02
1.9560228995245485666965024051933141890913248062133789062500000000e-02
1.9560858473446587901811710707988822832703590393066406250000000000e-02
1.9561487563652557586379998610937036573886871337890625000000000000e-02
1.9562116267669713703947209637590276543051004409790039062500000000e-02
1.9562744587306651194991147235668904613703489303588867187500000000e-02
1.9563372524368370652947390908593661151826381683349609375000000000e-02
1.9564000080650265772641560602096433285623788833618164062500000000e-02
1.9564627257931812426283713080010784324258565902709960937500000000e-02
1.9565254057970517947984134821126644965261220932006835937500000000e-02
1.9565880482494819175842692970945790875703096389770507812500000000e-02
1.9566506533196692529941174143459647893905639648437500000000000000e-02
1.9567132211723587548179992268160276580601930618286132812500000000e-02
1.9567757519671741262001773975498508661985397338867187500000000000e-02
1.9568382458578496840839733295069891028106212615966796875000000000e-02
1.9569007029912224848722246406396152451634407043457031250000000000e-02
1.9569631235065346186452472920791478827595710754394531250000000000e-02
1.9570255075347067069690965013251116033643484115600585937500000000e-02
1.9570878551972731296260121780505869537591934204101562500000000000e-02
1.9571501666055726026405281459119578357785940170288085937500000000e-02
1.9572124418600508194421294660969579126685857772827148437500000000e-02
1.9572746810493424352017655110103078186511993408203125000000000000e-02
1.9573368842494148073241078122919134330004453659057617187500000000e-02
1.9573990515227686348698199481077608652412891387939453125000000000e-02
1.9574611829177447630545572110349894501268863677978515625000000000e-02
1.9575232784677962932784467398050765041261911392211914062500000000e-02
1.9575853381906579975257898240670328959822654724121093750000000000e-02
1.9576473620878116765897658524409052915871143341064453125000000000e-02
1.9577093501439400691221948136444552801549434661865234375000000000e-02
1.9577713023262655750444949376287695486098527908325195312500000000e-02
1.9578332185841162277339932984432380180805921554565429687500000000e-02
1.9578950988486002598998325652246421668678522109985351562500000000e-02
1.9579569430322667916710699387294880580157041549682617187500000000e-02
1.9580187510287724167445944090104603674262762069702148437500000000e-02
1.9580805227127712209167498258466366678476333618164062500000000000e-02
1.9581422579399508643316352163310511969029903411865234375000000000e-02
1.9582039565469427228050491862632043194025754928588867187500000000e-02
1.9582656183514218078967061842377006541937589645385742187500000000e-02
1.9583272431524297724214633831252285744994878768920898437500000000e-02
1.9583888307306208942382141913185478188097476959228515625000000000e-02
1.9584503808486378173547848291491391137242317199707031250000000000e-02
1.9585118932516663164955517117959971074014902114868164062500000000e-02
1.9585733676680136539083321167709073051810264587402343750000000000e-02
1.9586348038097920604139190459136443678289651870727539062500000000e-02
1.9586962013736688298370935967795958276838064193725585937500000000e-02
1.9587575600417392318597364919696701690554618835449218750000000000e-02
1.9588188794824521604676093033958750311285257339477539062500000000e-02
1.9588801593516103755066026792519551236182451248168945312500000000e-02
1.9589413992934109898236272329086204990744590759277343750000000000e-02
1.9590025989416240403961921856534900143742561340332031250000000000e-02
1.9590637579207436508310635758789430838078260421752929687500000000e-02
1.9591248758471561941529870409794966690242290496826171875000000000e-02
1.9591859523304923362818641408011899329721927642822265625000000000e-02
1.9592469869748690980415517515211831778287887573242187500000000000e-02
1.9593079793801836119282455683787702582776546478271484375000000000e-02
1.9593689291434613491960092801491555292159318923950195312500000000e-02
1.9594298358601901222098007337990566156804561614990234375000000000e-02
1.9594906991256662298628299367919680662453174591064453125000000000e-02
1.9595515185363041738009215464444423560053110122680664062500000000e-02
1.9596122936909595585452947830162884201854467391967773437500000000e-02
1.9596730241922891146977292464725906029343605041503906250000000000e-02
1.9597337096480135776310760320484405383467674255371093750000000000e-02
1.9597943496721548922723243890686717350035905838012695312500000000e-02
1.9598549438863740318472750345790700521320104598999023437500000000e-02
1.9599154919211703856918305177714501041918992996215820312500000000e-02
1.9599759934170554731558411276637343689799308776855468750000000000e-02
1.9600364480257887606073907704740122426301240921020507812500000000e-02
1.9600968554115839881379912412739940918982028961181640625000000000e-02
1.9601572152522065556334851521569362375885248184204101562500000000e-02
1.9602175272401285016643512904011004138737916946411132812500000000e-02
1.9602777910837056868365024797640217002481222152709960937500000000e-02
1.9603380065083140376680503891293483320623636245727539062500000000e-02
1.9603981732574802393509472153709793929010629653930664062500000000e-02
1.9604582910940221429640928363369312137365341186523437500000000000e-02
1.9605183598012932560950005722588684875518083572387695312500000000e-02
1.9605783791843637425822421960219799075275659561157226562500000000e-02
1.9606383490712669948052848667430225759744644165039062500000000000e-02
1.9606982693143214929731854567762638907879590988159179687500000000e-02
1.9607581397915109511220776994377956725656986236572265625000000000e-02
1.9608179604079296887153560646765981800854206085205078125000000000e-02
1.9608777310973372898228461735925520770251750946044921875000000000e-02
1.9609374518237788348473671362626191694289445877075195312500000000e-02
1.9609971225833834618246243053363286890089511871337890625000000000e-02
1.9610567434062548680673288004072674084454774856567382812500000000e-02
1.9611163143585245288713636568900255952030420303344726562500000000e-02
1.9611758355445863682975371489192184526473283767700195312500000000e-02
1.9612353071094754120018421872373437508940696716308593750000000000e-02
1.9612947292414861788500957118230871856212615966796875000000000000e-02
1.9613541021749569120968814672778535168617963790893554687500000000e-02
1.9614134261932637121050859718707215506583452224731445312500000000e-02
1.9614727016320332442234075642772950232028961181640625000000000000e-02
1.9615319288825171228918264887397526763379573822021484375000000000e-02
1.9615911083951179105788753531669499352574348449707031250000000000e-02
1.9616502406830660376613195694517344236373901367187500000000000000e-02
1.9617093263260668850600509927062375936657190322875976562500000000e-02
1.9617683659739058865678629217654815874993801116943359375000000000e-02
1.9618273603498482399176694457310077268630266189575195312500000000e-02
1.9618863102535796100189813273573236074298620223999023437500000000e-02
1.9619452165634893719969866765495680738240480422973632812500000000e-02
1.9620040802379324490489764798439864534884691238403320312500000000e-02
1.9620629023150714526080307109623390715569257736206054687500000000e-02
1.9621216839107454010804332256157067604362964630126953125000000000e-02
1.9621804262137953339673046571078884880989789962768554687500000000e-02
1.9622391304780818083175475408097554463893175125122070312500000000e-02
1.9622977980103803452571753496158635243773460388183593750000000000e-02
1.9623564301532465253830039841886900831013917922973632812500000000e-02
1.9624150282618799817635490967404621187597513198852539062500000000e-02
1.9624735936741119490811513514927355572581291198730468750000000000e-02
1.9625321276726354763342285991711833048611879348754882812500000000e-02
1.9625906314390841739259130349637416657060384750366210937500000000e-02
1.9626491059998717181311889135031378827989101409912109375000000000e-02
1.9627075521646813321963165321903943549841642379760742187500000000e-02
1.9627659704595075418342986495190416462719440460205078125000000000e-02
1.9628243610579222677703370436574914492666721343994140625000000000e-02
1.9628827237162603525089110689805238507688045501708984375000000000e-02
1.9629410577211466037983456089932587929069995880126953125000000000e-02
1.9629993618606837724183122873000684194266796112060546875000000000e-02
1.9630576344345004174973823296568298246711492538452148437500000000e-02
1.9631158733917030562166061713469389360398054122924804687500000000e-02
1.9631740795341121041950316339352866634726524353027343750000000000e-02
1.9632322332999611186332700185630528721958398818969726562500000000e-02
1.9632903140848170092658264707097259815782308578491210937500000000e-02
1.9633484039282517868985067366338626015931367874145507812500000000e-02
