2.9422512432858292236170782985027472022920846939086914062500000000e-02
2.9426666576978340733594663447547645773738622665405273437500000000e-02
2.9429569727614863366982334014210209716111421585083007812500000000e-02
2.9431999934314972966475920657103415578603744506835937500000000000e-02
2.9434109220428515685252790490267216227948665618896484375000000000e-02
2.9435983942200056456828249906720884609967470169067382812500000000e-02
2.9437681997029313540892303535656537860631942749023437500000000000e-02
2.9439243597288340670292683398656663484871387481689453125000000000e-02
2.9440697505417570689623119051248067989945411682128906250000000000e-02
2.9442064761431956110282470717720570974051952362060546875000000000e-02
2.9443361117817975353139203775754140224307775497436523437500000000e-02
2.9444598581739811482549384891171939671039581298828125000000000000e-02
2.9445786460399626244255344431621779222041368484497070312500000000e-02
2.9446932158630621106931712915866228286176919937133789062500000000e-02
2.9448042286284586976918831169314216822385787963867187500000000000e-02
2.9449122041447253067536493631450866814702749252319335937500000000e-02
2.9450174939853728667271681729289412032812833786010742187500000000e-02
2.9451203937646878994183197164602461270987987518310546875000000000e-02
2.9452211539810192048038928191999730188399553298950195312500000000e-02
2.9453199883329811425980437888938467949628829956054687500000000000e-02
2.9454170802352078878394436856069660279899835586547851562500000000e-02
2.9455125879347215239745239045987545978277921676635742187500000000e-02
2.9456066485509656283081625360864563845098018646240234375000000000e-02
2.9456993812796417736565857126151968259364366531372070312500000000e-02
2.9457908899269417274391358319007849786430597305297851562500000000e-02
2.9458812649004729317114836817381728906184434890747070312500000000e-02
2.9459705847449016435923851986444788053631782531738281250000000000e-02
2.9460589172815951353179286797967506572604179382324218750000000000e-02
2.9461463203851439435210224360162101220339536666870117187500000000e-02
2.9462328424091580730825867817657126579433679580688476562500000000e-02
2.9463185222422087067295493056917621288448572158813476562500000000e-02
2.9464033889557948719950530858113779686391353607177734375000000000e-02
2.9464874609958374013229942534053407143801450729370117187500000000e-02
2.9465707446297239452404070902957755606621503829956054687500000000e-02
2.9466532318487715508270596842521626967936754226684570312500000000e-02
2.9467233455679874704058462953071284573525190353393554687500000000e-02
2.9467861470916584948342986649549857247620820999145507812500000000e-02
2.9468488639085712449405818347258900757879018783569335937500000000e-02
2.9469115090526930289538398710647015832364559173583984375000000000e-02
2.9469740940815156160503818227880401536822319030761718750000000000e-02
2.9470366289404113097072368532280961517244577407836914062500000000e-02
2.9470991224490171445093977808937779627740383148193359375000000000e-02
2.9471615823570676551135250065271975472569465637207031250000000000e-02
2.9472240154989660237960791278055694419890642166137695312500000000e-02
2.9472864279103477835874969059659633785486221313476562500000000000e-02
2.9473488249211487327583469664205040317028760910034179687500000000e-02
2.9474112112434221882883988996582047548145055770874023437500000000e-02
2.9474735910430649443725314995390363037586212158203125000000000000e-02
2.9475359680028942466201158367766765877604484558105468750000000000e-02
2.9475983453778761833596888664033031091094017028808593750000000000e-02
2.9476607260429388279732165756286121904850006103515625000000000000e-02
2.9477231125344352524741964316490339115262031555175781250000000000e-02
2.9477855070865432302040787249097775202244520187377929687500000000e-02
2.9478479116636868706535778983379714190959930419921875000000000000e-02
2.9479103279886155475342235376956523396074771881103515625000000000e-02
2.9479727575670199718471664596108894329518079757690429687500000000e-02
2.9480352017099364925201143705635331571102142333984375000000000000e-02
2.9480976615533643903077631875930819660425186157226562500000000000e-02
2.9481601380754490077107377032916701864451169967651367187500000000e-02
2.9482226321120224427074774098400666844099760055541992187500000000e-02
2.9482851443707457084197898211641586385667324066162109375000000000e-02
2.9483476754433645544706266150569717865437269210815429687500000000e-02
2.9484102258166649396242675607027194928377866744995117187500000000e-02
2.9484727958827835342381362693231494631618261337280273437500000000e-02
2.9485353859480593202713194500574900303035974502563476562500000000e-02
2.9485979962413880195448712129291379824280738830566406250000000000e-02
2.9486606269212484177089095283008646219968795776367187500000000000e-02
2.9487232780820583910585952480687410570681095123291015625000000000e-02
2.9487859497611273312811519531351223122328519821166992187500000000e-02
2.9488486419435622903906235592330631334334611892700195312500000000e-02
2.9489113545664302762361330678686499595642089843750000000000000000e-02
2.9489740875243440620945278851650073193013668060302734375000000000e-02
2.9490368406735027045906250009466020856052637100219726562500000000e-02
2.9490996138346794314122334412786585744470357894897460937500000000e-02
2.9491624067968066208456079380084702279418706893920898437500000000e-02
2.9492252193200663851202492082848038990050554275512695312500000000e-02
2.9492880511392555870076037649596401024609804153442382812500000000e-02
2.9493509019656766884098786363210820127278566360473632812500000000e-02
2.9494137714892596641158561965312401298433542251586914062500000000e-02
2.9494766593816171967867845182809105608612298965454101562500000000e-02
2.9495395652973033923105461440172803122550249099731445312500000000e-02
2.9496024888754752979469486717789550311863422393798828125000000000e-02
2.9496654297418142820497166667337296530604362487792968750000000000e-02
2.9497283875103242484216892194126558024436235427856445312500000000e-02
2.9497913617843592865019886062327714171260595321655273437500000000e-02
2.9498543521573800108015461773902643471956253051757812500000000000e-02
2.9499173582149016553666243112274969462305307388305664062500000000e-02
2.9499803795355279689704985912612755782902240753173828125000000000e-02
2.9500434156910632782500059079211496282368898391723632812500000000e-02
2.9501064662479668798678034136173664592206478118896484375000000000e-02
2.9501695307688292901904247855782159604132175445556640625000000000e-02
2.9502326088122463043639243096549762412905693054199218750000000000e-02
2.9502956999330105097856247198251367080956697463989257812500000000e-02
2.9503588036838109681658792737835028674453496932983398437500000000e-02
2.9504219196159829630143889289684011600911617279052734375000000000e-02
2.9504850472789972970488747705530840903520584106445312500000000000e-02
2.9505481862212835919567766040927381254732608795166015625000000000e-02
2.9506113359911021604142788987701351288706064224243164062500000000e-02
2.9506744961368239904553334440606704447418451309204101562500000000e-02
2.9507376662068197231691968340783205348998308181762695312500000000e-02
2.9508008457501528482014307996905699837952852249145507812500000000e-02
2.9508640343175077808135498003139218781143426895141601562500000000e-02
2.9509272314605206055659891717368736863136291503906250000000000000e-02
2.9509904367317849743779234472640382591634988784790039062500000000e-02
2.9510536496863946226421049345844949129968881607055664062500000000e-02
2.9511168698819152667045528914968599565327167510986328125000000000e-02
2.9511800968771546849200859696793486364185810089111328125000000000e-02
2.9512433302335529250459700278952368535101413726806640625000000000e-02
2.9513065695158935408670686229015700519084930419921875000000000000e-02
2.9513698142911434091351097208644205238670110702514648437500000000e-02
2.9514330641289714118880027626801165752112865447998046875000000000e-02
2.9514963186022584451517758452609996311366558074951171875000000000e-02
2.9515595772874127916685083050651883240789175033569335937500000000e-02
2.9516228397637993968727343485625169705599546432495117187500000000e-02
2.9516861056135209467887747791792207863181829452514648437500000000e-02
2.9517493744229697516523458489245967939496040344238281250000000000e-02
2.9518126457820093033745934008038602769374847412109375000000000000e-02
2.9518759192831672821810684581578243523836135864257812500000000000e-02
2.9519391945231215207412489576199732255190610885620117187500000000e-02
2.9520024711024835106787378435910795815289020538330078125000000000e-02
2.9520657486253504969697658566474274266511201858520507812500000000e-02
2.9521290266993481521407005629953346215188503265380859375000000000e-02
2.9521923049357971097217401279522164259105920791625976562500000000e-02
2.9522555829502965252242319138531456701457500457763671875000000000e-02
2.9523188603620596770493733629336929880082607269287109375000000000e-02
2.9523821367937453513663470516803499776870012283325195312500000000e-02
2.9524454118721600581753961023423471488058567047119140625000000000e-02
2.9525086852282427657412355870292230974882841110229492187500000000e-02
2.9525719564963297247839335568642127327620983123779296875000000000e-02
2.9526352253147189474979938950127689167857170104980468750000000000e-02
2.9526984913257468823299944915561354719102382659912109375000000000e-02
2.9527617541753044261287897143120062537491321563720703125000000000e-02
2.9528250135131935832921712403731362428516149520874023437500000000e-02
2.9528882689934279198729072390960936900228261947631835937500000000e-02
2.9529515202735341639073141095650498755276203155517578125000000000e-02
2.9530147670142680577098914795897144358605146408081054687500000000e-02
2.9530780088811263428549835907688247971236705780029296875000000000e-02
2.9531412455432101693553192944818874821066856384277343750000000000e-02
2.9532044766728725998516935646875936072319746017456054687500000000e-02
2.9532677019464340095744603331695543602108955383300781250000000000e-02
2.9533309210436026887025562359667674172669649124145507812500000000e-02
2.9533941336484671041917593470316205639392137527465820312500000000e-02
2.9534573394485987007929139736006618477404117584228515625000000000e-02
2.9535205381343077046807366059510968625545501708984375000000000000e-02
2.9535837294003153968846575594398018438369035720825195312500000000e-02
2.9536469129452232879051720715324336197227239608764648437500000000e-02
2.9537100884702582187513186795513320248574018478393554687500000000e-02
2.9537732556805071371108795119653223082423210144042968750000000000e-02
2.9538364142847557680671144453299348242580890655517578125000000000e-02
2.9538995639952537325401138446068216580897569656372070312500000000e-02
2.9539627045273044586570776459666376467794179916381835937500000000e-02
2.9540258355993515709814190017823420930653810501098632812500000000e-02
2.9540889569343087295294481009477749466896057128906250000000000000e-02
2.9541520682576875161950979986613674554973840713500976562500000000e-02
2.9542151692976036797544381329316820483654737472534179687500000000e-02
2.9542782597865708399398343431130342651158571243286132812500000000e-02
2.9543413394601376886772214902521227486431598663330078125000000000e-02
2.9544044080563998388999635835716617293655872344970703125000000000e-02
2.9544674653168890438026394917869765777140855789184570312500000000e-02
2.9545305109863462950103851767380547244101762771606445312500000000e-02
2.9545935448131208089783683590212604030966758728027343750000000000e-02
2.9546565665478089629525371151430590543895959854125976562500000000e-02
2.9547195759437608342246051051915856078267097473144531250000000000e-02
2.9547825727584783872536888793547404929995536804199218750000000000e-02
2.9548455567517045022851718272249854635447263717651367187500000000e-02
2.9549085276858969018043410414975369349122047424316406250000000000e-02
2.9549714853267815273252239194334833882749080657958984375000000000e-02
2.9550344294431266783940159825760929379612207412719726562500000000e-02
2.9550973598060314290192351904806855600327253341674804687500000000e-02
2.9551602761893315529651005135747254826128482818603515625000000000e-02
2.9552231783704266399048776747804367914795875549316406250000000000e-02
2.9552860661285186572033722995911375619471073150634765625000000000e-02
2.9553489392456982337575865926737606059759855270385742187500000000e-02
2.9554117975073568302946114272344857454299926757812500000000000000e-02
2.9554746407009762493300897290282591711729764938354492187500000000e-02
2.9555374686166171332990515452365798410028219223022460937500000000e-02
2.9556002810467333491439845261083974037319421768188476562500000000e-02
2.9556630777867923254298432311770739033818244934082031250000000000e-02
2.9557258586350720896973598428303375840187072753906250000000000000e-02
2.9557886233914094920027793023109552450478076934814453125000000000e-02
2.9558513718581942014695940201818302739411592483520507812500000000e-02
2.9559141038408044688257092502681189216673374176025390625000000000e-02
2.9559768191473042436845375391385459806770086288452148437500000000e-02
2.9560395175870200074053073535651492420583963394165039062500000000e-02
2.9561021989721304736864482265445985831320285797119140625000000000e-02
2.9561648631174827078771372157461883034557104110717773437500000000e-02
2.9562275098400116885022370638580468948930501937866210937500000000e-02
2.9562901389582198902195031564588134642690420150756835937500000000e-02
2.9563527502936927382481968606953159905970096588134765625000000000e-02
2.9564153436702253485712788005912443622946739196777343750000000000e-02
2.9564779189135217268846744786969793494790792465209960937500000000e-02
2.9565404758501879350918173372519959229975938796997070312500000000e-02
2.9566030143122510459585683406658063177019357681274414062500000000e-02
2.9566655341297438941428055159121868200600147247314453125000000000e-02
2.9567280351383694314559846816337085328996181488037109375000000000e-02
2.9567905171724875867944604124204488471150398254394531250000000000e-02
2.9568529800731341988795364272846200037747621536254882812500000000e-02
2.9569154236762939386151671783409256022423505783081054687500000000e-02
2.9569778478290925649574205635872203856706619262695312500000000000e-02
2.9570402523700599350942042065071291290223598480224609375000000000e-02
2.9571026371523936870922000252903671935200691223144531250000000000e-02
2.9571650020144446546765948369284160435199737548828125000000000000e-02
2.9572273468177073113549724325821443926542997360229492187500000000e-02
2.9572896713998778062126859822456026449799537658691406250000000000e-02
2.9573519756320977569519214966931031085550785064697265625000000000e-02
2.9574142593471262896454021529279998503625392913818359375000000000e-02
2.9574765224295831295142633621253480669111013412475585937500000000e-02
2.9575387647055990242295209213807538617402315139770507812500000000e-02
2.9576009860755099467599649187832255847752094268798828125000000000e-02
2.9576631863532411303996383367120870389044284820556640625000000000e-02
2.9577253654610096561539123172224208246916532516479492187500000000e-02
2.9577875231950347817422297680423071142286062240600585937500000000e-02
2.9578496595061596480258359065373952034860849380493164062500000000e-02
2.9579117741634755600621531357319327071309089660644531250000000000e-02
2.9579738671564690527526764185495267156511545181274414062500000000e-02
2.9580359382174195581605147253867471590638160705566406250000000000e-02
2.9580979873844913397018530076820752583444118499755859375000000000e-02
2.9581600143407684594398787680802342947572469711303710937500000000e-02
2.9582220191884518040170704011870839167386293411254882812500000000e-02
2.9582840015433136543476777546857192646712064743041992187500000000e-02
2.9583459615896031541515398544106574263423681259155273437500000000e-02
2.9584078988585848363213059997178788762539625167846679687500000000e-02
2.9584698136363309084462258624625974334776401519775390625000000000e-02
2.9585317053450761043409400485870719421654939651489257812500000000e-02
2.9585935743973178907451071495415817480534315109252929687500000000e-02
2.9586554200832976269097684962616767734289169311523437500000000000e-02
2.9587172429676157625610954937656060792505741119384765625000000000e-02
2.9587790421778812494091326357192883733659982681274414062500000000e-02
2.9588408184619410107307757584749197121709585189819335937500000000e-02
2.9589025707561916744836594261869322508573532104492187500000000000e-02
2.9589643000186478111190879758396476972848176956176757812500000000e-02
2.9590260049652691853871999683178728446364402770996093750000000000e-02
2.9590876867963866042599008210345346014946699142456054687500000000e-02
2.9591493439773179641161249264769139699637889862060546875000000000e-02
2.9592109779756816528850649206106027122586965560913085937500000000e-02
2.9592725869815112577088100920263968873769044876098632812500000000e-02
2.9593341727553859610289066495170118287205696105957031250000000000e-02
2.9593957331913712388571369160672475118190050125122070312500000000e-02
2.9594572703560754339813243518619856331497430801391601562500000000e-02
2.9595187818376601091019395539660763461142778396606445312500000000e-02
2.9595802700170047855321442398235376458615064620971679687500000000e-02
2.9596417321726492533073837876145262271165847778320312500000000000e-02
2.9597031709949164768325147178984479978680610656738281250000000000e-02
2.9597645834664249725465268170410126913338899612426757812500000000e-02
2.9598259725674386927396497526387975085526704788208007812500000000e-02
2.9598873350088983347205839891103096306324005126953125000000000000e-02
2.9599486740278044966112602764951589051634073257446289062500000000e-02
2.9600099861069813916847337509352655615657567977905273437500000000e-02
2.9600712746892538645981929334993765223771333694458007812500000000e-02
2.9601325360857379948020806637032364960759878158569335937500000000e-02
2.9601937738808099809251217493510921485722064971923828125000000000e-02
2.9602549842874619628885213273861154448240995407104492187500000000e-02
2.9603161709501592258053648265558877028524875640869140625000000000e-02
2.9603773300697897030708816146216122433543205261230468750000000000e-02
2.9604384652606473282698829052606015466153621673583984375000000000e-02
2.9604995728075653854682869337011652532964944839477539062500000000e-02
2.9605606561941714971464278960411320440471172332763671875000000000e-02
2.9606217118897864420956622666381008457392454147338867187500000000e-02
2.9606827431469587980084057221574767027050256729125976562500000000e-02
2.9607437467224599625392755797292920760810375213623046875000000000e-02
2.9608047255326341851144889005809091031551361083984375000000000000e-02
2.9608656767231469886247907652432331815361976623535156250000000000e-02
2.9609266027813042204686055924867105204612016677856445312500000000e-02
2.9609875013268983912073650799356983043253421783447265625000000000e-02
2.9610483743363270187076707884443749208003282546997070312500000000e-02
2.9611092199800417845700906127603957429528236389160156250000000000e-02
2.9611700396582993355387714018434053286910057067871093750000000000e-02
2.9612308321454415549478511593406437896192073822021484375000000000e-02
2.9612915982198607239839205362841312307864427566528320312500000000e-02
2.9613523372964512675453718770768318790942430496215820312500000000e-02
2.9614130495105129431410162510474037844687700271606445312500000000e-02
2.9614737349228384410970704720966750755906105041503906250000000000e-02
2.9615343930299464769717587842023931443691253662109375000000000000e-02
2.9615950245263471252155085267077083699405193328857421875000000000e-02
2.9616556282936662425342433380137663334608078002929687500000000000e-02
2.9617162056213348908517701829623547382652759552001953125000000000e-02
2.9617767548276285188846301821286033373326063156127929687500000000e-02
2.9618372777372708321008687448738783132284879684448242187500000000e-02
2.9618977721708208278306173610872065182775259017944335937500000000e-02
2.9619582404139904036055597202903300058096647262573242187500000000e-02
2.9620186798733044719611484651977661997079849243164062500000000000e-02
2.9620790932066272393985428834639606066048145294189453125000000000e-02
2.9621394774970933455593424810103897470980882644653320312500000000e-02
2.9621998356804991880952826477368944324553012847900390625000000000e-02
2.9622601646147855847246432858810294419527053833007812500000000000e-02
2.9623204674149264392646330179559299722313880920410156250000000000e-02
2.9623807408091826220974951411335496231913566589355468750000000000e-02
2.9624409879993679473031420457118656486272811889648437500000000000e-02
2.9625012056756768602516771693444752600044012069702148437500000000e-02
2.9625613970363798288509826761583099141716957092285156250000000000e-02
2.9626215588173993031873010295385029166936874389648437500000000000e-02
2.9626816941380300363118038831089506857097148895263671875000000000e-02
2.9627417998504886054167428710570675320923328399658203125000000000e-02
2.9628018789281077016717347305529983714222908020019531250000000000e-02
2.9628619283992060906562926447804784402251243591308593750000000000e-02
2.9629219510408689314262531411259260494261980056762695312500000000e-02
2.9629819440988847817353146751884196419268846511840820312500000000e-02
2.9630419101190220987351864323500194586813449859619140625000000000e-02
2.9631018465956539265082625433933571912348270416259765625000000000e-02
2.9631617558171490650620327755859761964529752731323242187500000000e-02
2.9632216355433407817265845096699194982647895812988281250000000000e-02
2.9632814877972778189185731889665476046502590179443359375000000000e-02
2.9633413106074351500707209083884663414210081100463867187500000000e-02
2.9634011057314210701996159968985011801123619079589843750000000000e-02
2.9634608714617767522003788371875998564064502716064453125000000000e-02
2.9635206093002918609213836020899179857224225997924804687500000000e-02
2.9635803177901390292880989818513626232743263244628906250000000000e-02
2.9636399981930437036448111598474497441202402114868164062500000000e-02
2.9636996492843958872498433265718631446361541748046875000000000000e-02
2.9637592721078565710657315435128111857920885086059570312500000000e-02
2.9638188656468680837186013832251774147152900695800781250000000000e-02
2.9638784307500512515964885551511542871594429016113281250000000000e-02
2.9639379665861966678397365626551618333905935287475585937500000000e-02
2.9639974738344135318790506516961613669991493225097656250000000000e-02
2.9640569518217370348356354270435986109077930450439453125000000000e-02
2.9641164010819700397325604512843710836023092269897460937500000000e-02
2.9641758210790174199456004089370253495872020721435546875000000000e-02
2.9642352122241925199697121229291951749473810195922851562500000000e-02
2.9642945740923125341748090022520045749843120574951171875000000000e-02
2.9643539069967916876890967614599503576755523681640625000000000000e-02
2.9644132106042591495720373018230020534247159957885742187500000000e-02
2.9644724851459851311386017869153874926269054412841796875000000000e-02
2.9645317303633521993644350800423126202076673507690429687500000000e-02
2.9645909464235432884127163788434700109064579010009765625000000000e-02
2.9646501331266141704423588976169412489980459213256835937500000000e-02
2.9647092905894772280062099412134557496756315231323242187500000000e-02
2.9647684186575113535200287628867954481393098831176757812500000000e-02
2.9648275174099132656113653183638234622776508331298828125000000000e-02
2.9648865867267448770405735558597370982170104980468750000000000000e-02
2.9649456266580682256561729559507512021809816360473632812500000000e-02
2.9650046371116334925632784802473906893283128738403320312500000000e-02
2.9650636181154006038029891101359680760651826858520507812500000000e-02
2.9651225695963626810547353329639008734375238418579101562500000000e-02
2.9651814915673264938522635247863945551216602325439453125000000000e-02
2.9652403839703609517153282126855629030615091323852539062500000000e-02
2.9652992468075560494877862538487534038722515106201171875000000000e-02
2.9653580800314185278443446236451563891023397445678710937500000000e-02
2.9654168836355052768505302651647070888429880142211914062500000000e-02
2.9654756575812624141974538360955193638801574707031250000000000000e-02
2.9655344018570631292597283845680067315697669982910156250000000000e-02
2.9655931164290806612005013676025555469095706939697265625000000000e-02
2.9656518012830212355224190901026304345577955245971679687500000000e-02
2.9657104563894746973584659599509905092418193817138671875000000000e-02
2.9657690817313248771158740169084921944886445999145507812500000000e-02
2.9658276772823181227645150670468865428119897842407226562500000000e-02
2.9658862430248157660006569358301931060850620269775390625000000000e-02
2.9659447789342978374360626503403182141482830047607421875000000000e-02
2.9660032849919252401216240855319483671337366104125976562500000000e-02
2.9660617611756281281065739108271372970193624496459960937500000000e-02
2.9661202074668813893909558032646600622683763504028320312500000000e-02
2.9661786238441133906063029712640854995697736740112304687500000000e-02
2.9662370102886338740777460998288006521761417388916015625000000000e-02
2.9662953667807356872287982696434482932090759277343750000000000000e-02
2.9663536933020168834262975110505067277699708938598632812500000000e-02
2.9664119898332810126850844767432135995477437973022460937500000000e-02
2.9664702563562139053798816235030244570225477218627929687500000000e-02
2.9665284928529066232893995902486494742333889007568359375000000000e-02
2.9665866993058145201223041453886253293603658676147460937500000000e-02
2.9666448756970234534868779974203789606690406799316406250000000000e-02
2.9667030220097170140070019783706811722368001937866210937500000000e-02
2.9667611382271214665040659497208253014832735061645507812500000000e-02
2.9668192243322122347848335266462527215480804443359375000000000000e-02
2.9668772803087845729708149633552238810807466506958007812500000000e-02
2.9669353061413269306845208461709262337535619735717773437500000000e-02
2.9669933018138406471964074739844363648444414138793945312500000000e-02
2.9670512673107177215037211226444924250245094299316406250000000000e-02
2.9671092026164708893576360537736036349087953567504882812500000000e-02
2.9671671077165600455272098656678281258791685104370117187500000000e-02
2.9672249825967486613897960978647461161017417907714843750000000000e-02
2.9672828272419835005102584091218886896967887878417968750000000000e-02
2.9673406416379603800503872435001539997756481170654296875000000000e-02
2.9673984257714208084832918643769517075270414352416992187500000000e-02
2.9674561796284113640576052262076700571924448013305664062500000000e-02
2.9675139031952152413040835199353750795125961303710937500000000000e-02
2.9675715964592289802803648512963263783603906631469726562500000000e-02
2.9676292594075268094222508352686418220400810241699218750000000000e-02
2.9676868920269994234217847406398504972457885742187500000000000000e-02
2.9677444943054073073218646072746196296066045761108398437500000000e-02
2.9678020662309144428459006803677766583859920501708984375000000000e-02
2.9678596077912788864239246322540566325187683105468750000000000000e-02
2.9679171189744019826450838195341930259019136428833007812500000000e-02
2.9679745997689729875013142645912012085318565368652343750000000000e-02
2.9680320501642765140815072300028987228870391845703125000000000000e-02
2.9680894701490358189577278835713514126837253570556640625000000000e-02
2.9681468597117701552212665205843222793191671371459960937500000000e-02
2.9682042188424156980985912923642899841070175170898437500000000000e-02
2.9682615475305634128444509656219452153891324996948242187500000000e-02
2.9683188457656415476515476825625228229910135269165039062500000000e-02
2.9683761135379189977090419461092096753418445587158203125000000000e-02
2.9684333508379047439351694492870592512190341949462890625000000000e-02
2.9684905576557132911297287591878557577729225158691406250000000000e-02
2.9685477339814334701850739861583861056715250015258789062500000000e-02
2.9686048798066265452799683544071740470826625823974609375000000000e-02
2.9686619951225554081553070773225044831633567810058593750000000000e-02
2.9687190799196010171367987595658632926642894744873046875000000000e-02
2.9687761341892823091503927912526705767959356307983398437500000000e-02
2.9688331579237278029514968125113227870315313339233398437500000000e-02
2.9688901511142510442065045594972616527229547500610351562500000000e-02
2.9689471137529184485703837026449036784470081329345703125000000000e-02
2.9690040458322297656224009188008494675159454345703125000000000000e-02
2.9690609473442337168380689149671525228768587112426757812500000000e-02
2.9691178182810893521059725230770709458738565444946289062500000000e-02
2.9691746586357665310673681346997909713536500930786132812500000000e-02
2.9692314684015359144142465197546698618680238723754882812500000000e-02
2.9692882475710037637472993310439051128923892974853515625000000000e-02
2.9693449961372773288070803232585603836923837661743164062500000000e-02
2.9694017140938260695959272084110125433653593063354492187500000000e-02
2.9694584014344434924614901660788746085017919540405273437500000000e-02
2.9695150581525709548857960839995939750224351882934570312500000000e-02
2.9695716842419141862086107153118064161390066146850585937500000000e-02
2.9696282796969983991397512568255478981882333755493164062500000000e-02
2.9696848445118533693642959292446903418749570846557617187500000000e-02
2.9697413786803853602558334046079835388809442520141601562500000000e-02
2.9697978821974453655929693240977940149605274200439453125000000000e-02
2.9698543550578482969060090113089245278388261795043945312500000000e-02
2.9699107972561488572038612687720160465687513351440429687500000000e-02
2.9699672087872948378350912435053032822906970977783203125000000000e-02
2.9700235896464085433299473493207187857478857040405273437500000000e-02
2.9700799398289793457061946924113726709038019180297851562500000000e-02
2.9701362593301392639455471567089261952787637710571289062500000000e-02
2.9701925481453717720059515272623684722930192947387695312500000000e-02
2.9702488062705117988215874902380164712667465209960937500000000000e-02
2.9703050337014640092103689994473825208842754364013671875000000000e-02
2.9703612304341514560590553628571797162294387817382812500000000000e-02
2.9704173964643889455095049356714298482984304428100585937500000000e-02
2.9704735317885762324596754524463904090225696563720703125000000000e-02
2.9705296364033597494858085497071442659944295883178710937500000000e-02
2.9705857103049220641066696657617285382002592086791992187500000000e-02
2.9706417534897458510023682265455136075615882873535156250000000000e-02
2.9706977659549927556215109802906226832419633865356445312500000000e-02
2.9707537476973171902683290568347729276865720748901367187500000000e-02
2.9708096987136129590867383853947103489190340042114257812500000000e-02
2.9708656190013164877239404404463130049407482147216796875000000000e-02
2.9709215085576581166781906517826428171247243881225585937500000000e-02
2.9709773673796149168202518353609775658696889877319335937500000000e-02
2.9710331954649137065072039831647998653352260589599609375000000000e-02
2.9710889928114075919651781987340655177831649780273437500000000000e-02
2.9711447594165364682883279101588414050638675689697265625000000000e-02
2.9712004952782651578946371273559634573757648468017578125000000000e-02
2.9712562003944578692404832054307917132973670959472656250000000000e-02
2.9713118747633812666286701187345897778868675231933593750000000000e-02
2.9713675183830775411442104427806043531745672225952148437500000000e-02
2.9714231312516277416779786335609969682991504669189453125000000000e-02
2.9714787133679095021410176968856831081211566925048828125000000000e-02
2.9715342647303296524929905331191548611968755722045898437500000000e-02
2.9715897853372079395750660069097648374736309051513671875000000000e-02
2.9716452751873543430827240285907464567571878433227539062500000000e-02
2.9717007342798418267904025924508459866046905517578125000000000000e-02
2.9717561626136108215989750647167966235429048538208007812500000000e-02
2.9718115601873797138043897803072468377649784088134765625000000000e-02
2.9718669270003387344880607656705251429229974746704101562500000000e-02
2.9719222630520101408047040081328304950147867202758789062500000000e-02
2.9719775683414894479339452004751365166157484054565429687500000000e-02
2.9720328428682073196309687546090572141110897064208984375000000000e-02
2.9720880866318716284624201762198936194181442260742187500000000000e-02
2.9721432996320334279927166676316119264811277389526367187500000000e-02
2.9721984818682396084499330868311517406255006790161132812500000000e-02
2.9722536333403017788645783525680599268525838851928710937500000000e-02
2.9723087540484732088641450786781206261366605758666992187500000000e-02
2.9723638439924232601541120857291389256715774536132812500000000000e-02
2.9724189031721311160527676520359818823635578155517578125000000000e-02
2.9724739315881321122247982202679850161075592041015625000000000000e-02
2.9725289292405615571013299813785124570131301879882812500000000000e-02
2.9725838961295245749250071298774855677038431167602539062500000000e-02
2.9726388322554444382239680066959408577531576156616210937500000000e-02
2.9726937376191746309483932009243289940059185028076171875000000000e-02
2.9727486122211141394977573781943647190928459167480468750000000000e-02
2.9728034560617892789746719017784926109015941619873046875000000000e-02
2.9728582691422564959760066471972095314413309097290039062500000000e-02
2.9729130514631815773718415130133507773280143737792968750000000000e-02
2.9729678030253562509566123139848059508949518203735351562500000000e-02
2.9730225238298466777786543957518006209284067153930664062500000000e-02
2.9730772138777603053050313519634073600172996520996093750000000000e-02
2.9731318731704228092160846586011757608503103256225585937500000000e-02
2.9731865017088594110861166086579032707959413528442382812500000000e-02
2.9732410994941727011564580607227981090545654296875000000000000000e-02
2.9732956665280488306457584712916286662220954895019531250000000000e-02
2.9733502028117048815447631682218343485146760940551757812500000000e-02
2.9734047083467163297143542877165600657463073730468750000000000000e-02
2.9734591831348963081316227885508851613849401473999023437500000000e-02
2.9735136271775701455322149513449403457343578338623046875000000000e-02
2.9735680404765412604417562647540762554854154586791992187500000000e-02
2.9736224230336019691556259658682392910122871398925781250000000000e-02
2.9736767748506632430549601053826336283236742019653320312500000000e-02
2.9737310959297724027861065110300842206925153732299804687500000000e-02
2.9737853862725607823058737722021760419011116027832031250000000000e-02
2.9738396458812144801386878611992869991809129714965820312500000000e-02
2.9738938747581634969296970893992693163454532623291015625000000000e-02
2.9739480729052386598354473790095653384923934936523437500000000000e-02
2.9740022403246468840620764240156859159469604492187500000000000000e-02
2.9740563770188462727750433600704127456992864608764648437500000000e-02
2.9741104829903143580427382630659849382936954498291015625000000000e-02
2.9741645582413468729132688395111472345888614654541015625000000000e-02
2.9742186027741982640160145479057973716408014297485351562500000000e-02
2.9742726165917093145152350075477443169802427291870117187500000000e-02
2.9743265996965993769318714612381882034242153167724609375000000000e-02
2.9743805520911874296086097047009388916194438934326171875000000000e-02
2.9744344737781772125551071894733468070626258850097656250000000000e-02
2.9744883647606964321985500987466366495937108993530273437500000000e-02
2.9745422250413228876242399678631045389920473098754882812500000000e-02
2.9745960546228390752876435954021872021257877349853515625000000000e-02
2.9746498535084629072366979585240187589079141616821289062500000000e-02
2.9747036217011000452936642091117391828447580337524414062500000000e-02
2.9747573592035662926047479004409979097545146942138671875000000000e-02
2.9748110660190795612178860096719290595501661300659179687500000000e-02
2.9748647421509902960545801420266798231750726699829101562500000000e-02
2.9749183876022877726086335314903408288955688476562500000000000000e-02
2.9749720023761482695645597118527803104370832443237304687500000000e-02
2.9750255864759468649172191589968861080706119537353515625000000000e-02
2.9750791399051949859266841258431668393313884735107421875000000000e-02
2.9751326626670647479411258018444641493260860443115234375000000000e-02
2.9751861547648406763899586735533375758677721023559570312500000000e-02
2.9752396162023922454586966068745823577046394348144531250000000000e-02
2.9752930469832791077200440099659317638725042343139648437500000000e-02
2.9753464471107084199363868037835345603525638580322265625000000000e-02
2.9753998165882620391409218996159324888139963150024414062500000000e-02
2.9754531554200436271884200323256663978099822998046875000000000000e-02
2.9755064636095993058084729909751331433653831481933593750000000000e-02
2.9755597411604491758785329125203134026378393173217773437500000000e-02
2.9756129880766087753007909100233518984168767929077148437500000000e-02
2.9756662043619264146343539323424920439720153808593750000000000000e-02
2.9757193900201015651640901182872767094522714614868164062500000000e-02
2.9757725450551240908847461241748533211648464202880859375000000000e-02
2.9758256694711875123271482834752532653510570526123046875000000000e-02
2.9758787632721658139578480017917172517627477645874023437500000000e-02
2.9759318264618909999352780459958012215793132781982421875000000000e-02
2.9759848590444958754686055613092321436852216720581054687500000000e-02
2.9760378610243245350863716680578363593667745590209960937500000000e-02
2.9760908324055201923385993723059073090553283691406250000000000000e-02
2.9761437731920716703859497442863357719033956527709960937500000000e-02
2.9761966833882443073111545572828617878258228302001953125000000000e-02
2.9762495629984894035535702982997463550418615341186523437500000000e-02
2.9763024120269591932252950527981738559901714324951171875000000000e-02
2.9763552304779672397216927492991089820861816406250000000000000000e-02
2.9764080183560255588037790630551171489059925079345703125000000000e-02
2.9764607756655601239481612196868809405714273452758789062500000000e-02
2.9765135024108956007804493992807692848145961761474609375000000000e-02
2.9765661985964194519160841423399688210338354110717773437500000000e-02
2.9766188642269372083282163998774194624274969100952148437500000000e-02
2.9766714993067541067395254117400327231734991073608398437500000000e-02
2.9767241038404331637812205713089497294276952743530273437500000000e-02
2.9767766778329041166273327689850702881813049316406250000000000000e-02
2.9768292212885110598064031250942207407206296920776367187500000000e-02
2.9768817342119596042193663265607028733938932418823242187500000000e-02
2.9769342166080545869499829336746188346296548843383789062500000000e-02
2.9769866684814291074578918028237239923328161239624023437500000000e-02
2.9770390898370111681936478476018237415701150894165039062500000000e-02
2.9770914806794519097410400831904553342610597610473632812500000000e-02
2.9771438410134583307797839779595960862934589385986328125000000000e-02
2.9771961708442467448021417908421426545828580856323242187500000000e-02
2.9772484701764721087835496859952399972826242446899414062500000000e-02
2.9773007390149024836700775153985887300223112106323242187500000000e-02
2.9773529773647770813038704318387317471206188201904296875000000000e-02
2.9774051852310225163567025674637989141047000885009765625000000000e-02
2.9774573626184713814879501114774029701948165893554687500000000000e-02
2.9775095095321023330736665002405061386525630950927734375000000000e-02
2.9775616259771646443521575520207989029586315155029296875000000000e-02
2.9776137119586706253349106532368750777095556259155273437500000000e-02
2.9776657674816620763325047960279334802180528640747070312500000000e-02
2.9777177925513251266487202428834279999136924743652343750000000000e-02
2.9777697871727678430309182999735639896243810653686523437500000000e-02
2.9778217513511801711745263787634030450135469436645507812500000000e-02
2.9778736850917093825774628612634842284023761749267578125000000000e-02
2.9779255883996526288459705256173037923872470855712890625000000000e-02
2.9779774612803504296731915701457182876765727996826171875000000000e-02
2.9780293037388615856597695596974517684429883956909179687500000000e-02
2.9780811157804842892460328585002571344375610351562500000000000000e-02
2.9781328974108085133609691297351673711091279983520507812500000000e-02
2.9781846486349919378433526162552880123257637023925781250000000000e-02
2.9782363694582231206098299480800051242113113403320312500000000000e-02
2.9782880598861367904550689900133875198662281036376953125000000000e-02
2.9783397199241896935451023864516173489391803741455078125000000000e-02
2.9783913495776345725651879092765739187598228454589843750000000000e-02
2.9784429488518796014240308522857958450913429260253906250000000000e-02
2.9784945177525369575111113817911245860159397125244140625000000000e-02
2.9785460562851251431482069165213033556938171386718750000000000000e-02
2.9785975644550263113918830981674545910209417343139648437500000000e-02
2.9786490422678033734849023517199384514242410659790039062500000000e-02
2.9787004897290806498810766811402572784572839736938476562500000000e-02
2.9787519068443790715150498726870864629745483398437500000000000000e-02
2.9788032936192417737819582157499098684638738632202148437500000000e-02
2.9788546500593472005080641906715754885226488113403320312500000000e-02
2.9789059761704095308232354000210762023925781250000000000000000000e-02
2.9789572719579424098235165274672908708453178405761718750000000000e-02
2.9790085374275694640733291862488840706646442413330078125000000000e-02
2.9790597725851006294384148986864602193236351013183593750000000000e-02
2.9791109774362660445046202539742807857692241668701171875000000000e-02
2.9791621519866948869514899911337124649435281753540039062500000000e-02
2.9792132962420895397892550704455061350017786026000976562500000000e-02
2.9792644102083921248125264469308604020625352859497070312500000000e-02
2.9793154938912339013690200317796552553772926330566406250000000000e-02
2.9793665472963568041642190564743941649794578552246093750000000000e-02
2.9794175704297563844757945616947836242616176605224609375000000000e-02
2.9794685632971804750690481000674481038004159927368164062500000000e-02
2.9795195259044122970681911510837380774319171905517578125000000000e-02
2.9795704582573370733378226304921554401516914367675781250000000000e-02
2.9796213603619180892989604103604506235569715499877929687500000000e-02
2.9796722322240606906085247373994207009673118591308593750000000000e-02
2.9797230738495245061514538065239321440458297729492187500000000000e-02
2.9797738852442873930259636949813284445554018020629882812500000000e-02
2.9798246664144607820379206941652228124439716339111328125000000000e-02
2.9798754173658608540575798429017595481127500534057617187500000000e-02
2.9799261381044387514416271756090281996876001358032226562500000000e-02
2.9799768286362774555309229640442936215549707412719726562500000000e-02
2.9800274889674207429157704041244869586080312728881835937500000000e-02
2.9800781191038041434415717390038480516523122787475585937500000000e-02
2.9801287190514353514503298470117442775517702102661132812500000000e-02
2.9801792888165319628246408001359668560326099395751953125000000000e-02
2.9802298284051280397033423241737182252109050750732421875000000000e-02
2.9802803378231816633370243607714655809104442596435546875000000000e-02
2.9803308170768677554107739524624776095151901245117187500000000000e-02
2.9803812661724618515712847965914988890290260314941406250000000000e-02
2.9804316851159317475206123049247253220528364181518554687500000000e-02
2.9804820739134006701842594111440121196210384368896484375000000000e-02
2.9805324325712215238759483781905146315693855285644531250000000000e-02
2.9805827610955130252401446000476425979286432266235351562500000000e-02
2.9806330594924067278750356990713044069707393646240234375000000000e-02
2.9806833277681455546259670086328696925193071365356445312500000000e-02
2.9807335659290477153371412555316055659204721450805664062500000000e-02
2.9807837739813523164622566241632739547640085220336914062500000000e-02
2.9808339519312519738658551204935065470635890960693359375000000000e-02
2.9808840997850579584982355640931928064674139022827148437500000000e-02
2.9809342175491262971753769761562580242753028869628906250000000000e-02
2.9809843052297488319446472360141342505812644958496093750000000000e-02
2.9810343628332552218251905173929117154330015182495117187500000000e-02
2.9810843903660653314569017879875900689512491226196289062500000000e-02
2.9811343878344952890158126024289231281727552413940429687500000000e-02
2.9811843552448539368393554127578681800514459609985351562500000000e-02
2.9812342926036509982434807852769154123961925506591796875000000000e-02
2.9812841999173760737518179553262598346918821334838867187500000000e-02
2.9813340771923529243236927754878706764429807662963867187500000000e-02
2.9813839244350551910267554944766743574291467666625976562500000000e-02
2.9814337416520040463518981255219841841608285903930664062500000000e-02
2.9814835288497088666703760395648714620620012283325195312500000000e-02
2.9815332860346484972202674157415458466857671737670898437500000000e-02
2.9815830132133347429856939925230108201503753662109375000000000000e-02
2.9816327103924063907092190106595808174461126327514648437500000000e-02
2.9816823775783790617666113575978670269250869750976562500000000000e-02
2.9817320147778207661826144203587318770587444305419921875000000000e-02
2.9817816219973803520959521051736373919993638992309570312500000000e-02
2.9818311992437132595945570301410043612122535705566406250000000000e-02
2.9818807465234468262460509890843241009861230850219726562500000000e-02
2.9819302638431986751665903057073592208325862884521484375000000000e-02
2.9819797512097182684565055410530476365238428115844726562500000000e-02
2.9820292086297314759768539715878432616591453552246093750000000000e-02
2.9820786361099273914510021654677984770387411117553710937500000000e-02
2.9821280336570152313946380218112608417868614196777343750000000000e-02
2.9821774012778509699295170776167651638388633728027343750000000000e-02
2.9822267389792312536345164630802173633128404617309570312500000000e-02
2.9822760467678413598413555973820621147751808166503906250000000000e-02
2.9823253246506316316288831558267702348530292510986328125000000000e-02
2.9823745726344629003445874104727408848702907562255859375000000000e-02
2.9824237907260641583517823960391979198902845382690429687500000000e-02
2.9824729789323930345679158904204086866229772567749023437500000000e-02
2.9825221372604258929239762210272601805627346038818359375000000000e-02
2.9825712657170381364446498650977446231991052627563476562500000000e-02
2.9826203643091426381817043989030935335904359817504882812500000000e-02
2.9826694330436966801078924049761553760617971420288085937500000000e-02
2.9827184719277154839600640912067319732159376144409179687500000000e-02
2.9827674809681636175495711427174683194607496261596679687500000000e-02
2.9828164601720177917520970822806702926754951477050781250000000000e-02
2.9828654095463744133631678323581581935286521911621093750000000000e-02
2.9829143290982896435936666534871619660407304763793945312500000000e-02
2.9829632188346912741172545224799250718206167221069335937500000000e-02
2.9830120787626479561538417328847572207450866699218750000000000000e-02
2.9830609088892987706964632366180012468248605728149414062500000000e-02
2.9831097092217567778860143334895838052034378051757812500000000000e-02
2.9831584797670087499943392117529583629220724105834960937500000000e-02
2.9832072205321160524027490623666380997747182846069335937500000000e-02
2.9832559315243145636742383430828340351581573486328125000000000000e-02
2.9833046127505778721822338184210821054875850677490234375000000000e-02
2.9833532642179676902527418747013143729418516159057617187500000000e-02
2.9834018859336952633753980990150012075901031494140625000000000000e-02
2.9834504779048059974755346956953871995210647583007812500000000000e-02
2.9834990401382929098295093695014656987041234970092773437500000000e-02
2.9835475726412770403062069135557976551353931427001953125000000000e-02
2.9835960754208246115126712538767606019973754882812500000000000000e-02
2.9836445484839501512963622076313185971230268478393554687500000000e-02
2.9836929918376740855645579131305566988885402679443359375000000000e-02
2.9837414054889734721376370885081996675580739974975585937500000000e-02
2.9837897894448309199511015776806743815541267395019531250000000000e-02
2.9838381437121714451210507945688732434064149856567382812500000000e-02
2.9838864682979131248696802458653110079467296600341796875000000000e-02
2.9839347632089500972352169583245995454490184783935546875000000000e-02
2.9839830284520928865843458765994000714272260665893554687500000000e-02
2.9840312640341110778097188926949456799775362014770507812500000000e-02
2.9840794699617513574541050047628232277929782867431640625000000000e-02
2.9841276462417222481438017211985425092279911041259765625000000000e-02
2.9841757928806882105288167394974152557551860809326171875000000000e-02
2.9842239098851860296113258641526044812053442001342773437500000000e-02
2.9842719972617254287072796614666003733873367309570312500000000000e-02
2.9843200550168445805976347173782414756715297698974609375000000000e-02
2.9843680831568838995870862618176033720374107360839843750000000000e-02
2.9844160816881189213223279921294306404888629913330078125000000000e-02
2.9844640506168869376057983799910289235413074493408203125000000000e-02
2.9845119899493559312286805607072892598807811737060546875000000000e-02
2.9845598996915523315465179621241986751556396484375000000000000000e-02
2.9846077798495188743155281940744316671043634414672851562500000000e-02
2.9846556304292268246847186219383729621767997741699218750000000000e-02
2.9847034514365190782658743273714208044111728668212890625000000000e-02
2.9847512428771313247599650253505387809127569198608398437500000000e-02
2.9847990047567485999424619080855336505919694900512695312500000000e-02
2.9848467370810170817829742873072973452508449554443359375000000000e-02
2.9848944398554067003459522311459295451641082763671875000000000000e-02
2.9849421130853221600931490797847800422459840774536132812500000000e-02
2.9849897567761685124310133687686175107955932617187500000000000000e-02
2.9850373709331814997547382972697960212826728820800781250000000000e-02
2.9850849555615011077236431447090581059455871582031250000000000000e-02
2.9851325106662485869835066409905266482383012771606445312500000000e-02
2.9851800362524903709182666489141411148011684417724609375000000000e-02
2.9852275323251575844807348403264768421649932861328125000000000000e-02
2.9852749988890817794962018183468899223953485488891601562500000000e-02
2.9853224359491305900382585036823002155870199203491210937500000000e-02
2.9853698435100873426195633442148391623049974441528320312500000000e-02
2.9854172215766059533814669180173950735479593276977539062500000000e-02
2.9854645701533674001515450413535290863364934921264648437500000000e-02
2.9855118892450138029515116500078875105828046798706054687500000000e-02
2.9855591788560943006247683229048561770468950271606445312500000000e-02
2.9856064389911556034018502714388887397944927215576171875000000000e-02
2.9856536696547354009512176276075479108840227127075195312500000000e-02
2.9857008708513470968126668481090746354311704635620117187500000000e-02
2.9857480425854881350700154030164412688463926315307617187500000000e-02
2.9857951848616642864797654510766733437776565551757812500000000000e-02
2.9858422976843903423604942304336873348802328109741210937500000000e-02
2.9858893810581876859799876910983584821224212646484375000000000000e-02
2.9859364349875818639423741274185886140912771224975585937500000000e-02
2.9859834594771567095605746544606518000364303588867187500000000000e-02
2.9860304545315401181238001981910201720893383026123046875000000000e-02
2.9860774201553554746402241448777203913778066635131835937500000000e-02
2.9861243563533115125130379396978241857141256332397460937500000000e-02
2.9861712631301846193609961233050853479653596878051757812500000000e-02
2.9862181404907862242170679678565647918730974197387695312500000000e-02
2.9862649884400072064494224832742474973201751708984375000000000000e-02
2.9863118069828099160334389239324082154780626296997070312500000000e-02
2.9863585961242552352379320268482842948287725448608398437500000000e-02
2.9864053558694675372109372801787685602903366088867187500000000000e-02
2.9864520862236586251636794031583121977746486663818359375000000000e-02
2.9864987871921534062780168028439220506697893142700195312500000000e-02
2.9865454587803749730845481735741486772894859313964843750000000000e-02
2.9865921009938112967718737422728736419230699539184570312500000000e-02
2.9866387138380832283468535592874104622751474380493164062500000000e-02
2.9866852973189330494596660514616814907640218734741210937500000000e-02
2.9867318514421668795844055921406834386289119720458984375000000000e-02
2.9867783762137070646680570007447386160492897033691406250000000000e-02
2.9868248716396112590887312876475334633141756057739257812500000000e-02
2.9868713377260439761906596345397701952606439590454101562500000000e-02
2.9869177744792443224275402258172107394784688949584960937500000000e-02
2.9869641819055828962925502878533734474331140518188476562500000000e-02
2.9870105600115451349729767116514267399907112121582031250000000000e-02
2.9870569088037285387926544899528380483388900756835937500000000000e-02
2.9871032282887940989546393666387302801012992858886718750000000000e-02
2.9871495184735426253741508162420359440147876739501953125000000000e-02
2.9871957793648918483286891500938509125262498855590820312500000000e-02
2.9872420109698271523113177750019531231373548507690429687500000000e-02
2.9872882132954418216153058551753929350525140762329101562500000000e-02
2.9873343863489224686569301070449000690132379531860351562500000000e-02
2.9873805301375535442565123389613290783017873764038085937500000000e-02
2.9874266446687110926339059346901194658130407333374023437500000000e-02
2.9874727299498523430676399925687292125076055526733398437500000000e-02
2.9875187859885136282267481533381214831024408340454101562500000000e-02
2.9875648127923200986222340702624933328479528427124023437500000000e-02
2.9876108103689621303677981245527917053550481796264648437500000000e-02
2.9876567787262133663039875841604953166097402572631835937500000000e-02
2.9877027178719060829248377331168740056455135345458984375000000000e-02
2.9877486278139412517740325370141363237053155899047851562500000000e-02
2.9877945085602704983207544842116476502269506454467773437500000000e-02
2.9878403601188981836278557580044434871524572372436523437500000000e-02
2.9878861824978959760290564418028225190937519073486328125000000000e-02
2.9879319757053532380375315824494464322924613952636718750000000000e-02
2.9879777397493971491382325211816350929439067840576171875000000000e-02
2.9880234746381927057878868936313665471971035003662109375000000000e-02
2.9880691803799208638992013220558874309062957763671875000000000000e-02
2.9881148569827559874356737168454856146126985549926757812500000000e-02
2.9881605044548845834251338260401098523288965225219726562500000000e-02
2.9882061228044733830477852620788326021283864974975585937500000000e-02
2.9882517120396509535673601476446492597460746765136718750000000000e-02
2.9882972721685031880500815759660326875746250152587890625000000000e-02
2.9883428031990497131253903262404492124915122985839843750000000000e-02
2.9883883051392206436913667744192935060709714889526367187500000000e-02
2.9884337779968194598323449895360681694000959396362304687500000000e-02
2.9884792217795136393121424589480739086866378784179687500000000000e-02
2.9885246364947940650447222310504002962261438369750976562500000000e-02
2.9885700221499427592375397466639697086066007614135742187500000000e-02
2.9886153787519867397470818559668259695172309875488281250000000000e-02
2.9886607063076789381206310736160958185791969299316406250000000000e-02
2.9887060048234440762238151023666432593017816543579101562500000000e-02
2.9887512743053509106649912041575589682906866073608398437500000000e-02
2.9887965147590813547173738129458797629922628402709960937500000000e-02
2.9888417261899110494161035944671311881393194198608398437500000000e-02
2.9888869086027013838302579529226932208985090255737304687500000000e-02
2.9889320620019033114544981799554079771041870117187500000000000000e-02
2.9889771863916038407982256330797099508345127105712890625000000000e-02
2.9890222817755773832004706491716206073760986328125000000000000000e-02
2.9890673481573884484596703714487375691533088684082031250000000000e-02
2.9891123855405158510345486888581945095211267471313476562500000000e-02
2.9891573939285591421377574761208961717784404754638671875000000000e-02
2.9892023733271134988687123268391587771475315093994140625000000000e-02
2.9892473237312831846335114960311329923570156097412109375000000000e-02
2.9892922416974027077785081019101198762655258178710937500000000000e-02
2.9893371423843399792286135152608039788901805877685546875000000000e-02
