1.2268593158793278385942926433926913887262344360351562500000000000e-02
1.2261666075047465696012949365467648021876811981201171875000000000e-02
1.2254749378479274507514062975133128929883241653442382812500000000e-02
1.2247841107837036805916497428370348643511533737182617187500000000e-02
1.2240941247733772706540733565816481132060289382934570312500000000e-02
1.2234049782819594182070588317401416134089231491088867187500000000e-02
1.2227166697781392812327538877070765011012554168701171875000000000e-02
1.2220291977344095724067329911122214980423450469970703125000000000e-02
1.2213425606269860679287120319713721983134746551513671875000000000e-02
1.2206567569356762889554168793893040856346487998962402343750000000e-02
1.2199717851440895766135241728989058174192905426025390625000000000e-02
1.2192876437394667421543204000045079737901687622070312500000000000e-02
1.2186043312127085164187079158182314131408929824829101562500000000e-02
1.2179218460583583760747927726697525940835475921630859375000000000e-02
1.2172401867745982068091947780885675456374883651733398437500000000e-02
1.2165593518633367742243223119658068753778934478759765625000000000e-02
1.2158793398299672094964307689224369823932647705078125000000000000e-02
1.2152001491835599106261511792581586632877588272094726562500000000e-02
1.2145217784368302765818370403394510503858327865600585937500000000e-02
1.2138442261060236951331070542892121011391282081604003906250000000e-02
1.2131674907109306349450861262084799818694591522216796875000000000e-02
1.2124915707749652285518671135378099279478192329406738281250000000e-02
1.2118164648251042100901564424475509440526366233825683593750000000e-02
1.2111421713918636700046960186227806843817234039306640625000000000e-02
1.2104686890092662687745672656092210672795772552490234375000000000e-02
1.2097960162148441859431002853852987755089998245239257812500000000e-02
1.2091241515497407749135660992578777950257062911987304687500000000e-02
1.2084530935584624974921119644477585097774863243103027343750000000e-02
1.2077828407891157136422322082580649293959140777587890625000000000e-02
1.2071133917932838630626690701319603249430656433105468750000000000e-02
1.2064447451259584231930688247302896343171596527099609375000000000e-02
1.2057768993456400435926312297851836774498224258422851562500000000e-02
1.2051098530142495546257919158961158245801925659179687500000000000e-02
1.2044436046972150505807164222460414748638868331909179687500000000e-02
1.2037781529632977234323121251691190991550683975219726562500000000e-02
1.2040471477961705443204820653591013979166746139526367187500000000e-02
1.2048893470524492388395998432315536774694919586181640625000000000e-02
1.2057413773623978578419801976906455820426344871520996093750000000e-02
1.2066013963874709646884042513192980550229549407958984375000000000e-02
1.2074677540752200635698621056235424475744366645812988281250000000e-02
1.2083390051684062688197585089255881030112504959106445312500000000e-02
1.2092138602016608978084732939350942615419626235961914062500000000e-02
1.2100911740126518018056955838801513891667127609252929687500000000e-02
1.2109699260984554958220371645438717678189277648925781250000000000e-02
1.2118492051897003861093971011086978251114487648010253906250000000e-02
1.2127281966707509353042837574321310967206954956054687500000000000e-02
1.2136061710308065908492380913230590522289276123046875000000000000e-02
1.2144824742074795953516996860344079323112964630126953125000000000e-02
1.2153565191056567990068870699360559228807687759399414062500000000e-02
1.2162277782210455245870406315589207224547863006591796875000000000e-02
1.2170957772222639609038807861907116603106260299682617187500000000e-02
1.2179600893240032782882664719181775581091642379760742187500000000e-02
1.2188203303543882621839955504583485890179872512817382812500000000e-02
1.2196761544139364183414464548604883020743727684020996093750000000e-02
1.2205272500449230316243998117897717747837305068969726562500000000e-02
1.2213733368427820424884089334227610379457473754882812500000000000e-02
1.2222141624501418194492785573856963310390710830688476562500000000e-02
1.2230494998845091447758903768772142939269542694091796875000000000e-02
1.2238791451565905060716588081959343980997800827026367187500000000e-02
1.2247029151428931448286618888232624158263206481933593750000000000e-02
1.2255206456816127719156028774705191608518362045288085937500000000e-02
1.2263321898649339608544650559451838489621877670288085937500000000e-02
1.2271374165040847131757928423212433699518442153930664062500000000e-02
1.2279362087474040426959831506792397703975439071655273437500000000e-02
1.2287284628340382208744330228000762872397899627685546875000000000e-02
1.2295140869679104314582396284549759002402424812316894531250000000e-02
1.2302930002988297225607894347376713994890451431274414062500000000e-02
1.2310651319989174626301497994518285850062966346740722656250000000e-02
1.2318304204245830724140375878050690516829490661621093750000000000e-02
1.2325888123550931760319393504232721170410513877868652343750000000e-02
1.2333402622994307437642724778470437740907073020935058593750000000e-02
1.2340847318648467262347523387688852380961179733276367187500000000e-02
1.2348221891811703848640391356639156583696603775024414062500000000e-02
1.2355526083749684626567066914049064507707953453063964843750000000e-02
1.2362759690886765406858671667578164488077163696289062500000000000e-02
1.2369922560408513206864355993275239598006010055541992187500000000e-02
1.2377014586234000997899684648473339620977640151977539062500000000e-02
1.2384035705321632531150655154306150507181882858276367187500000000e-02
1.2390985894278614895536172468837321503087878227233886718750000000e-02
1.2397865166248718885033675007889542030170559883117675781250000000e-02
1.2404673568050547313723619424763455754145979881286621093750000000e-02
1.2411411177542370359860868234136432874947786331176757812500000000e-02
1.2418078101199461066306284351412614341825246810913085937500000000e-02
1.2424674471877677692233099548957397928461432456970214843750000000e-02
1.2431200446752211502543516985497262794524431228637695312500000000e-02
1.2437656205415925647628228034591302275657653808593750000000000000e-02
1.2444041948119896265345651897860079770907759666442871093750000000e-02
1.2450357894150733059634994503994676051661372184753417968750000000e-02
1.2456604280326206285467449674797535408288240432739257812500000000e-02
1.2462781359602858807789083073203073581680655479431152343750000000e-02
1.2468889399788532501567317467561224475502967834472656250000000000e-02
1.2474928682346529684732416853876202367246150970458984375000000000e-02
1.2480899501285915714765550887932477053254842758178710937500000000e-02
1.2486802162134498506151913943540421314537525177001953125000000000e-02
1.2492636980982844974175094421298126690089702606201171875000000000e-02
1.2498404283592846539252541049336286960169672966003417968750000000e-02
1.2504104404575968473301017525045608635991811752319335937500000000e-02
1.2509737686623214822367877729902829742059111595153808593750000000e-02
1.2515304479788165459286375380543177016079425811767578125000000000e-02
1.2520805140823820789108822282287292182445526123046875000000000000e-02
1.2526240032559289583335981888012611307203769683837890625000000000e-02
1.2531609523322186777738451723962498363107442855834960937500000000e-02
1.2536913986398742423822305624980799620971083641052246093750000000e-02
1.2542153799530749228030579445203329669311642646789550781250000000e-02
1.2547329344444345736175883132546005072072148323059082031250000000e-02
1.2552441006412118351676099337055347859859466552734375000000000000e-02
1.2557489173843463733937220183634053682908415794372558593750000000e-02
1.2562474237900321527572344848522334359586238861083984375000000000e-02
1.2567396592140940222992462338424957124516367912292480468750000000e-02
1.2572256632185134506141110932730953209102153778076171875000000000e-02
1.2577054755401179814144896340621926356106996536254882812500000000e-02
1.2581791360611795788093658643447270151227712631225585937500000000e-02
1.2586466847823864212418953911765129305422306060791015625000000000e-02
1.2591081617972309236730410475502139888703823089599609375000000000e-02
1.2595636072678609990171949561954534146934747695922851562500000000e-02
1.2600130614028351785926851391650416189804673194885253906250000000e-02
1.2604565644364002993671469710079691139981150627136230468750000000e-02
1.2608941566086825231129964208776073064655065536499023437500000000e-02
1.2613258781474989342341608278275089105591177940368652343750000000e-02
1.2617517692512467478160864686742570484057068824768066406250000000e-02
1.2621718700731259996117294974737887969240546226501464843750000000e-02
1.2625862207059905528705456845273147337138652801513671875000000000e-02
1.2629948611683953704765137615595449460670351982116699218750000000e-02
1.2633978313917841942992659198807814391329884529113769531250000000e-02
1.2637951712083050209711743150364782195538282394409179687500000000e-02
1.2641869203395456749960956699396774638444185256958007812500000000e-02
1.2645731183856442556012744660165481036528944969177246093750000000e-02
1.2649538048160925002294519003953610081225633621215820312500000000e-02
1.2653290189600693849136803237342974171042442321777343750000000000e-02
1.2656987999982761278205956045894708950072526931762695312500000000e-02
1.2660631869548919295476174795567203545942902565002441406250000000e-02
1.2664222186903511049860249215726071270182728767395019531250000000e-02
1.2667759338946288361071879080554936081171035766601562500000000000e-02
1.2671243710807878271595861008336214581504464149475097656250000000e-02
1.2674675685794460980315712106403225334361195564270019531250000000e-02
1.2678055645333185033618583759107423247769474983215332031250000000e-02
1.2681383968923137101070253152101940941065549850463867187500000000e-02
1.2684661034090024059328705163807171629741787910461425781250000000e-02
1.2687887216347261409854496605476015247404575347900390625000000000e-02
1.2691062889155880349933980255627830047160387039184570312500000000e-02
1.2694188423889533195998424730532860849052667617797851562500000000e-02
1.2697264189807277307009414357708010356873273849487304687500000000e-02
1.2700290554022872213657535667152842506766319274902343750000000000e-02
1.2703267881479313877735037863203615415841341018676757812500000000e-02
1.2706196534926592067726858203968731686472892761230468750000000000e-02
1.2709076874901054088340401904133614152669906616210937500000000000e-02
1.2711909259712186187618598864901287015527486801147460937500000000e-02
1.2714694045417994361368840827708481810986995697021484375000000000e-02
1.2717431585821458578378084780524659436196088790893554687500000000e-02
1.2720122232450944282922122852141910698264837265014648437500000000e-02
1.2722766334558478079630461365923110861331224441528320312500000000e-02
1.2725364239103299085487108754932705778628587722778320312500000000e-02
1.2727916290749478889221535382603178732097148895263671875000000000e-02
1.2730422831868305061364665675682772416621446609497070312500000000e-02
1.2732884202518271118953485654401447391137480735778808593750000000e-02
1.2735300740462670091024399710022407816722989082336425781250000000e-02
1.2737672781150368578328979651814734097570180892944335937500000000e-02
1.2740000657733396849380369530990719795227050781250000000000000000e-02
1.2742284701054325257718602415479836054146289825439453125000000000e-02
1.2744525239656530335441431134313461370766162872314453125000000000e-02
1.2746722599789123142599578386580105870962142944335937500000000000e-02
1.2748877105399956596865074232027836842462420463562011718750000000e-02
1.2750989078161554385326681426704453770071268081665039062500000000e-02
1.2753058837450710616412408171527204103767871856689453125000000000e-02
1.2755086700382669076536679142463981406763195991516113281250000000e-02
1.2757072981795365002044562174887687433511018753051757812500000000e-02
1.2759017994270680645962912080904061440378427505493164062500000000e-02
1.2760922048142910728563137467972410377115011215209960937500000000e-02
1.2762785451495636465657490532521478598937392234802246093750000000e-02
1.2764608510194720009112145930885162670165300369262695312500000000e-02
1.2766391527864271587811018093816528562456369400024414062500000000e-02
1.2768134805940530018819600854840246029198169708251953125000000000e-02
1.2769838643633811547939416186636663042008876800537109375000000000e-02
1.2771503337990626827935791709478507982566952705383300781250000000e-02
1.2773129183850408241429619238260784186422824859619140625000000000e-02
1.2774716473920338932757090333325322717428207397460937500000000000e-02
1.2776265498713287871446198096236912533640861511230468750000000000e-02
1.2777776546649976391334391223608690779656171798706054687500000000e-02
1.2779249903952492189995737703611666802316904067993164062500000000e-02
1.2780685854826487335422768865100806578993797302246093750000000000e-02
1.2782084681230848621780182838847395032644271850585937500000000000e-02
1.2783446663229766637748241464578313753008842468261718750000000000e-02
1.2784772078540396211820961980265565216541290283203125000000000000e-02
1.2786061203181278700391487745946506038308143615722656250000000000e-02
1.2787314310627292263111698389366210903972387313842773437500000000e-02
1.2788531672968103669596473537239944562315940856933593750000000000e-02
1.2789713559408714960152764206213760189712047576904296875000000000e-02
1.2790860238268673271244679767733032349497079849243164062500000000e-02
1.2791971974402099876400029643264133483171463012695312500000000000e-02
1.2793049032581826907062350073829293251037597656250000000000000000e-02
1.2794091673152652166578491232939995825290679931640625000000000000e-02
1.2795100157668451434922474163613514974713325500488281250000000000e-02
1.2796074741667107232956368534360080957412719726562500000000000000e-02
1.2797015683979623065780195645402272930368781089782714843750000000e-02
1.2797923234844306439317307422243175096809864044189453125000000000e-02
1.2798797651099707781141567863869568100199103355407714843750000000e-02
1.2799639176901961637455862330625677714124321937561035156250000000e-02
1.2800448068179409027989024139060347806662321090698242187500000000e-02
1.2801224561809848578874948543671052902936935424804687500000000000e-02
1.2801968914374002236900018658616318134590983390808105468750000000e-02
1.2802681353704041533614343961744452826678752899169921875000000000e-02
1.2803362139284721332721517228492302820086479187011718750000000000e-02
1.2804011487312617900702349515995592810213565826416015625000000000e-02
1.2804629663386727159157807420797325903549790382385253906250000000e-02
1.2805216868362761378774550280468247365206480026245117187500000000e-02
1.2805773378465877890275415040832740487530827522277832031250000000e-02
1.2806299373998315110911860870146483648568391799926757812500000000e-02
1.2806795148037480869263049498840700834989547729492187500000000000e-02
1.2807260853182348553369607202512270305305719375610351562500000000e-02
1.2807696807779342038080550025824777549132704734802246093750000000e-02
1.2808103127102597046382825851651432458311319351196289062500000000e-02
1.2808480165937280101373652030360972275957465171813964843750000000e-02
1.2808827989566326510662008786312071606516838073730468750000000000e-02
1.2809147003744499396238332167285989271476864814758300781250000000e-02
1.2809437207403233383029572678424301557242870330810546875000000000e-02
1.2809699075812960855635935786267509683966636657714843750000000000e-02
1.2809932520869199770729984777517529437318444252014160156250000000e-02
1.2810138110521455262480472470087988767772912979125976562500000000e-02
1.2810315644046617322704406660704989917576313018798828125000000000e-02
1.2810465810380441617488678218705899780616164207458496093750000000e-02
1.2810588265267815882841873076358751859515905380249023437500000000e-02
1.2810683852382827307980761588623863644897937774658203125000000000e-02
1.2810752047528267683063063486770261079072952270507812500000000000e-02
1.2810793888338748922062215740425017429515719413757324218750000000e-02
1.2810808628922030691366096277761243982240557670593261718750000000e-02
1.2810797545184954976393854053640097845345735549926757812500000000e-02
1.2810759623076060920165986090069054625928401947021484375000000000e-02
1.2810696425288545588494493188136402750387787818908691406250000000e-02
1.2810606619596031155450255312189256073907017707824707031250000000e-02
1.2810492106716291765833304339139431249350309371948242187500000000e-02
1.2810351184514793404511934227230085525661706924438476562500000000e-02
1.2810186143518725865320107004663441330194473266601562500000000000e-02
1.2809994860732420995930169738130643963813781738281250000000000000e-02
1.2809780065993486494746456116899935295805335044860839843750000000e-02
1.2809539168450035165336409193059807876124978065490722656250000000e-02
1.2809275380964836241193260946147347567602992057800292968750000000e-02
1.2808985605564333215555805622898333240300416946411132812500000000e-02
1.2808673572089349437796990116567030781880021095275878906250000000e-02
1.2808335648050441987755299066975567257031798362731933593750000000e-02
1.2807976100181830275692718146274273749440908432006835937500000000e-02
1.2807590750277052932259991280261601787060499191284179687500000000e-02
1.2807184403585369220079925867139536421746015548706054687500000000e-02
1.2806752345288885397422973255743272602558135986328125000000000000e-02
1.2806299898580619789356660476187244057655334472656250000000000000e-02
1.2805821845024515856503732891269464744254946708679199218750000000e-02
1.2805323979845890589035484197211189894005656242370605468750000000e-02
1.2804800640486774590542928820013912627473473548889160156250000000e-02
1.2804258020954532165669448318112699780613183975219726562500000000e-02
1.2803690101860158712110404621853376738727092742919921875000000000e-02
1.2803103374918429341322578807194076944142580032348632812500000000e-02
1.2802491578594209914454538079553458373993635177612304687500000000e-02
1.2801861374736055870782180932110350113362073898315429687500000000e-02
1.2801206399461109025628147151110169943422079086303710937500000000e-02
1.2800533333958107051753216865108697675168514251708984375000000000e-02
1.2799835872626046801014965126341849099844694137573242187500000000e-02
1.2799120547209929046883480907581542851403355598449707031250000000e-02
1.2798381285737117293854758770521584665402770042419433593750000000e-02
1.2797624290685961911950840885765501298010349273681640625000000000e-02
1.2796843906062189272221374380933411885052919387817382812500000000e-02
1.2796045822568730826462868321868882048875093460083007812500000000e-02
1.2795224980702069039750767842633649706840515136718750000000000000e-02
1.2794386383373008292396733054374635685235261917114257812500000000e-02
1.2793525736866425551729875564888061489909887313842773437500000000e-02
1.2792647196199399481364444852715678280219435691833496093750000000e-02
1.2791747382249108247465052556890441337600350379943847656250000000e-02
1.2790829466887402091068715037636138731613755226135253906250000000e-02
1.2789891105474732527214065669340925524011254310607910156250000000e-02
1.2788934384089404444617699141417688224464654922485351562500000000e-02
1.2787958076629780956867676877664052881300449371337890625000000000e-02
1.2786963119267118899058388592493429314345121383666992187500000000e-02
1.2785949447833178105327078810660168528556823730468750000000000000e-02
1.2784916826649068977150847103985142894089221954345703125000000000e-02
1.2783866353839497265187929997409810312092304229736328125000000000e-02
1.2782796643166109695766152754003996960818767547607421875000000000e-02
1.2781709912638264045603442298215668415650725364685058593750000000e-02
1.2780603688398724931962746609315217938274145126342773437500000000e-02
1.2779481226017044143139500533834507223218679428100585937500000000e-02
1.2778339064558452004005673074971127789467573165893554687500000000e-02
1.2777181380084840639499432768388942349702119827270507812500000000e-02
1.2776003856529901878125166092559084063395857810974121093750000000e-02
1.2774811445701712148137474400755309034138917922973632812500000000e-02
1.2773599131970807610270135512564593227580189704895019531250000000e-02
1.2772372478841165222007703050621785223484039306640625000000000000e-02
1.2771125941518123372842019591644202591851353645324707031250000000e-02
1.2769865520849407042325296401941159274429082870483398437500000000e-02
1.2768585319056616894650701965474581811577081680297851562500000000e-02
1.2767291598628275478555238464650756213814020156860351562500000000e-02
1.2765978282066582638609730793177732266485691070556640625000000000e-02
1.2764651724743515323612363943084346828982234001159667968750000000e-02
1.2763305832033233072619893277988012414425611495971679687500000000e-02
1.2761946897476840814822374170489638345316052436828613281250000000e-02
1.2760568954882898357050535764756205026060342788696289062500000000e-02
1.2759178100849342257783192167153174523264169692993164062500000000e-02
1.2757768621448319079636490869233966805040836334228515625000000000e-02
1.2756346304624216481116150134766940027475357055664062500000000000e-02
1.2754905787914095488533305911005300004035234451293945312500000000e-02
1.2753452464320424314392354858682665508240461349487304687500000000e-02
1.2751981396260924153662763558259030105546116828918457031250000000e-02
1.2750497521243027432280570110378903336822986602783203125000000000e-02
1.2748996374663994560205715345091448398306965827941894531250000000e-02
1.2747482402547872723519439830397459445521235466003417968750000000e-02
1.2745951637850673476837215503110201098024845123291015625000000000e-02
1.2744408021344419759679489345671754563227295875549316406250000000e-02
1.2742848087415447472237062243038963060826063156127929687500000000e-02
1.2741275276847683489700457926119270268827676773071289062500000000e-02
1.2739686612080445421435470620963315013796091079711914062500000000e-02
1.2738085054555314812319011252839118242263793945312500000000000000e-02
1.2736468087915866348458493462203477974981069564819335937500000000e-02
1.2734838226473962907725478999054757878184318542480468750000000000e-02
1.2733193378523853175887659006093599600717425346374511718750000000e-02
1.2731535651356748473084223860496422275900840759277343750000000000e-02
1.2729863335197436763346345856007246766239404678344726562500000000e-02
1.2728178174963741126068939024662540759891271591186523437500000000e-02
1.2726478797062162201525481464159383904188871383666992187500000000e-02
1.2724766630330603886522844447881652740761637687683105468750000000e-02
1.2723040591202149432459300726350193144753575325012207031250000000e-02
1.2721301838038951564913148217783600557595491409301757812500000000e-02
1.2719549532781228989852806421367859002202749252319335937500000000e-02
1.2717784606482129480808929145041474839672446250915527343750000000e-02
1.2716006425169304461242347770166816189885139465332031250000000000e-02
1.2714215732117959203884005603413243079558014869689941406250000000e-02
1.2712412060075973033179685955929016927257180213928222656250000000e-02
1.2710595999714177639638990058301715180277824401855468750000000000e-02
1.2708767217683644701331502346874913200736045837402343750000000000e-02
1.2706926182573336989167778199316671816632151603698730468750000000e-02
1.2705072666799627212341761151037644594907760620117187500000000000e-02
1.2703207042745951957374295204772352008149027824401855468750000000e-02
1.2701329165006923840874897280173172475770115852355957031250000000e-02
1.2699439331231857780446503625171317253261804580688476562500000000e-02
1.2697537458829682641137104326389817288145422935485839843750000000e-02
1.2695623788170358470228649139244225807487964630126953125000000000e-02
1.2693698283892957540119894588315219152718782424926757812500000000e-02
1.2691761143020147128979147055360954254865646362304687500000000000e-02
1.2689812365098173882471677131889009615406394004821777343750000000e-02
1.2687852114725468172240496755875938106328248977661132812500000000e-02
1.2685880416790272506855075107523589394986629486083984375000000000e-02
1.2683897411885608486059595634287688881158828735351562500000000000e-02
1.2681903142934875319824961081849323818460106849670410156250000000e-02
1.2679897732908815971564209235111775342375040054321289062500000000e-02
1.2677881237282319012993347939755039988085627555847167968750000000e-02
1.2675853766169064770763519334195734700188040733337402343750000000e-02
1.2673815383543358265017175767752632964402437210083007812500000000e-02
1.2671766190159198389730832445820851717144250869750976562500000000e-02
1.2669706255550194917702810926130041480064392089843750000000000000e-02
1.2667635673639928567402179737655387725681066513061523437500000000e-02
1.2665554517418273899886926869839953724294900894165039062500000000e-02
1.2663462875785803582462385463713872013613581657409667968750000000e-02
1.2661360823711127060464676219453394878655672073364257812500000000e-02
1.2659248446338389540444246961214957991614937782287597656250000000e-02
1.2657125819588659065839664208397152833640575408935546875000000000e-02
1.2654993025739597750645160090243734885007143020629882812500000000e-02
1.2652850140965192851649767646904365392401814460754394531250000000e-02
1.2650697245284631825557042361651838291436433792114257812500000000e-02
1.2648534414655515992209622311293060192838311195373535156250000000e-02
1.2646361727257103557686690464834100566804409027099609375000000000e-02
1.2644179258522122294428058353332744445651769638061523437500000000e-02
1.2641987085069764096267874720069812610745429992675781250000000000e-02
1.2639785281616154610784263923051184974610805511474609375000000000e-02
1.2637573923405729520164086920885893050581216812133789062500000000e-02
1.2635353084317490698906816248836548766121268272399902343750000000e-02
1.2633122838349171435101681026935693807899951934814453125000000000e-02
1.2630883258472443836373244607784727122634649276733398437500000000e-02
1.2628634417522249105969578408803499769419431686401367187500000000e-02
1.2626376387524956487751204292635520687326788902282714843750000000e-02
1.2624109240216742008899863947135600028559565544128417968750000000e-02
1.2621833046654222856841620625800715060904622077941894531250000000e-02
1.2619547877520460865685691942417179234325885772705078125000000000e-02
1.2617253802897722414488868025728152133524417877197265625000000000e-02
1.2614950892449218466939697691486799158155918121337890625000000000e-02
1.2612639215284163901609204572196176741272211074829101562500000000e-02
1.2610318840069852791563320693057903554290533065795898437500000000e-02
1.2607989834950962537707397359554306603968143463134765625000000000e-02
1.2605652267622695014703815274970111204311251640319824218750000000e-02
1.2603306205275931553555501807295513572171330451965332031250000000e-02
1.2600951714645636930756111837581556756049394607543945312500000000e-02
1.2598588861987284476251502951527072582393884658813476562500000000e-02
1.2596217713093655135581094839380966732278466224670410156250000000e-02
1.2593838333291928338608656190444889944046735763549804687500000000e-02
1.2591450787451217638301947943091363413259387016296386718750000000e-02
1.2589055139985535353153167648088128771632909774780273437500000000e-02
1.2586651454854710235897741199551091995090246200561523437500000000e-02
1.2584239795570382677847298680262611014768481254577636718750000000e-02
1.2581820225198709142788722203931683907285332679748535156250000000e-02
1.2579392806363781306955296201977034797891974449157714843750000000e-02
1.2576957601252092971977347701795224566012620925903320312500000000e-02
1.2574514671612536595435294373146462021395564079284667968750000000e-02
1.2572064078766783876139889741807564860209822654724121093750000000e-02
1.2569605883602225429584997584697703132405877113342285156250000000e-02
1.2567140146584988152911321890314866323024034500122070312500000000e-02
1.2564666927757308853563777972794923698529601097106933593750000000e-02
1.2562186286744964069939101136696990579366683959960937500000000000e-02
1.2559698282756341994326199085207917960360646247863769531250000000e-02
1.2557202974585925797645913348787871655076742172241210937500000000e-02
1.2554700420623843282186271608225069940090179443359375000000000000e-02
1.2552190678849607999301163374639145331457257270812988281250000000e-02
1.2549673806842319423449083615196286700665950775146484375000000000e-02
1.2547149861780132126809483850138349225744605064392089843750000000e-02
1.2544618900445883222238840914997126674279570579528808593750000000e-02
1.2542080979226460923925401402811985462903976440429687500000000000e-02
1.2539536154118938529600235654015705222263932228088378906250000000e-02
1.2536984480734925107014987588627263903617858886718750000000000000e-02
1.2534426014297448195855544383903179550543427467346191406250000000e-02
1.2531860809649641302909728324266325216740369796752929687500000000e-02
1.2529288921255444730351591431372071383520960807800292968750000000e-02
1.2526710403203125329674172405702847754582762718200683593750000000e-02
1.2524125309206796119454452309582848101854324340820312500000000000e-02
1.2521533692610942178902178056887350976467132568359375000000000000e-02
1.2518935606392191800528834733086114283651113510131835937500000000e-02
1.2516331103162027862940597344731941120699048042297363281250000000e-02
1.2513720235170481057118685441764682764187455177307128906250000000e-02
1.2511103054307991244709086231523542664945125579833984375000000000e-02
1.2508479612108549042237548576395056443288922309875488281250000000e-02
1.2505849959752542502333660934255021857097744941711425781250000000e-02
1.2503214148068240302302811528534220997244119644165039062500000000e-02
1.2500572227535939467957248893981159199029207229614257812500000000e-02
1.2497924248291027160551180941183702088892459869384765625000000000e-02
1.2495270260123770775240181762910651741549372673034667968750000000e-02
1.2492610312484823953393942019829410128295421600341796875000000000e-02
1.2489944454486113026292493088931223610416054725646972656250000000e-02
1.2487272734904646467879452131910511525347828865051269531250000000e-02
1.2484595202183956449970558821860322495922446250915527343750000000e-02
1.2481911904436898685943901909922715276479721069335937500000000000e-02
1.2479222889448761055208869663601944921538233757019042968750000000e-02
1.2476528204679643643815190046097995946183800697326660156250000000e-02
1.2473827897264696401569139538878516759723424911499023437500000000e-02
1.2471122014019021470576653598527627764269709587097167968750000000e-02
1.2468410601440974364018110520646587247028946876525878906250000000e-02
1.2465693705711440586458849111295421607792377471923828125000000000e-02
1.2462971372697631208814605940915498649701476097106933593750000000e-02
1.2460243647956233126183889226012979634106159210205078125000000000e-02
1.2457510576735322457841981247383955633267760276794433593750000000e-02
1.2454772203975370686857004898229206446558237075805664062500000000e-02
1.2452028574313132175399587708852777723222970962524414062500000000e-02
1.2449279732083514196649964844709757016971707344055175781250000000e-02
1.2446525721321757482207281952923949575051665306091308593750000000e-02
1.2443766585764478790898657223351619904860854148864746093750000000e-02
1.2441002368854398030251218187913764268159866333007812500000000000e-02
1.2438233113741538685137477671105443732813000679016113281250000000e-02
1.2435458863282993630106076921038038562983274459838867187500000000e-02
1.2432679660048389508331112551786645781248807907104492187500000000e-02
1.2429895546320780114202264599043701309710741043090820312500000000e-02
1.2427106564099519095401014112667326116934418678283691406250000000e-02
1.2424312755099973723527106983510748250409960746765136718750000000e-02
1.2421514160757872111129351822000899119302630424499511718750000000e-02
1.2418710822232338977788579370553634362295269966125488281250000000e-02
1.2415902780404643179767987248851568438112735748291015625000000000e-02
1.2413090075882485946445754620981460902839899063110351562500000000e-02
1.2410272749001929892820328404923202469944953918457031250000000000e-02
1.2407450839829189254137631337471248116344213485717773437500000000e-02
1.2404624388162026338289223303945618681609630584716796875000000000e-02
1.2401793433532650248740658582846663193777203559875488281250000000e-02
1.2398958015209167113357402456585987238213419914245605468750000000e-02
1.2396118172198211659917888027848675847053527832031250000000000000e-02
1.2393273943245264670509619975291570881381630897521972656250000000e-02
1.2390425366838238654954018613807420479133725166320800781250000000e-02
1.2387572481209224717346728539268951863050460815429687500000000000e-02
1.2384715324335585431847484016998350853100419044494628906250000000e-02
1.2381853933942246412391874343938980018720030784606933593750000000e-02
1.2378988347503002559468754384397470857948064804077148437500000000e-02
1.2376118602244468025475043759797699749469757080078125000000000000e-02
1.2373244735145224465489022236397431697696447372436523437500000000e-02
1.2370366782938766597732538343734631780534982681274414062500000000e-02
1.2367484782115892652520905414803564781323075294494628906250000000e-02
1.2364598768925722654943299971819214988499879837036132812500000000e-02
1.2361708779376961303553272841782018076628446578979492187500000000e-02
1.2358814849241322314510327373682230245321989059448242187500000000e-02
1.2355917014055315186760175549807172501459717750549316406250000000e-02
1.2353015309118753339845397931640036404132843017578125000000000000e-02
1.2350109769500100531658404179324861615896224975585937500000000000e-02
1.2347200430038014762335052409980562515556812286376953125000000000e-02
1.2344287325339606611884768483378138625994324684143066406250000000e-02
1.2341370489785338099286704505175293888896703720092773437500000000e-02
1.2338449957530113823556128238578821765258908271789550781250000000e-02
1.2335525762504318328383057234987063566222786903381347656250000000e-02
1.2332597938416855337662170200019318144768476486206054687500000000e-02
1.2329666518754034063021229883361229440197348594665527343750000000e-02
1.2326731536783458453854223080270458012819290161132812500000000000e-02
1.2323793025555708144369582157651166198775172233581542968750000000e-02
1.2320851017904003651959321530284796608611941337585449218750000000e-02
1.2317905546448400938563949580384360160678625106811523437500000000e-02
1.2314956643595761920373377051873831078410148620605468750000000000e-02
1.2312004341540762342166459575310000218451023101806640625000000000e-02
1.2309048672268514679206674600209225900471210479736328125000000000e-02
1.2306089667556431230255320485866832314059138298034667968750000000e-02
1.2303127358974963109772282621179328998550772666931152343750000000e-02
1.2300161777889498035398752051605697488412261009216308593750000000e-02
1.2297192955460729824057608539078501053154468536376953125000000000e-02
1.2294220922647909263747401098498812643811106681823730468750000000e-02
1.2291245710210457406375006428334017982706427574157714843750000000e-02
1.2288267348706315845729974967071029823273420333862304687500000000e-02
1.2285285868497098846208182010286691365763545036315917968750000000e-02
1.2282301299748332734651512510026805102825164794921875000000000000e-02
1.2279313672429426410048769469085527816787362098693847656250000000e-02
1.2276323016317002012609549410626641474664211273193359375000000000e-02
1.2273329360994997272449325009802123531699180603027343750000000000e-02
1.2270332735857347392083305237520107766613364219665527343750000000e-02
1.2267333170109169862560527519690367626026272773742675781250000000e-02
1.2264330692765754854400839235495368484407663345336914062500000000e-02
1.2261325332657198663999231769139441894367337226867675781250000000e-02
1.2258317118428464428947499698097090004011988639831542968750000000e-02
1.2255306078539819278350186948500777361914515495300292968750000000e-02
1.2252292241269511011148019008487608516588807106018066406250000000e-02
1.2249275634715365776439277567533281398937106132507324218750000000e-02
1.2246256286794439394061129178226110525429248809814453125000000000e-02
1.2243234225244358295836555328151007415726780891418457031250000000e-02
1.2240209477627016221301659015807672403752803802490234375000000000e-02
1.2237182071328327886972076044003188144415616989135742187500000000e-02
1.2234152033558536032398222914707730524241924285888671875000000000e-02
1.2231119391354241046632189693355030613020062446594238281250000000e-02
1.2228084171581284078644813462233287282288074493408203125000000000e-02
1.2225046400934004575677960247048758901655673980712890625000000000e-02
1.2222006105935552533470200842202757485210895538330078125000000000e-02
1.2218963312942867152632864247152610914781689643859863281250000000e-02
1.2215918048144598639925817451512557454407215118408203125000000000e-02
1.2212870337563104874978314740019413875415921211242675781250000000e-02
1.2209820207056149704571978986678004730492830276489257812500000000e-02
1.2206767682317517034751297444472584174945950508117675781250000000e-02
1.2203712788879793327279088543946272693574428558349609375000000000e-02
1.2200655552112882676341065746328240493312478065490722656250000000e-02
1.2197595997226560321502475403576681856065988540649414062500000000e-02
1.2194534149272321862933488034741458250209689140319824218750000000e-02
1.2191470033144125723056916399400506634265184402465820312500000000e-02
1.2188403673577473743105947789899801136925816535949707031250000000e-02
1.2185335095153605744489055950907641090452671051025390625000000000e-02
1.2182264322299789227610489206199417822062969207763671875000000000e-02
1.2179191379289060898072349914400547277182340621948242187500000000e-02
1.2176116290241744549716074175194080453366041183471679687500000000e-02
1.2173039079127128542223701401780999731272459030151367187500000000e-02
1.2169959769765989823775420575202588224783539772033691406250000000e-02
1.2166878385828649306033000243587594013661146163940429687500000000e-02
1.2163794950836723934850525097317586187273263931274414062500000000e-02
1.2160709488166453889901319485034036915749311447143554687500000000e-02
1.2157622021048225535722053791687358170747756958007812500000000000e-02
1.2154532572565726611379943733481923118233680725097656250000000000e-02
1.2151441165660291712780072259647567989304661750793457031250000000e-02
1.2148347823130820760662018642506154719740152359008789062500000000e-02
1.2145252567633626344933972518447262700647115707397460937500000000e-02
1.2142155421683667113064153397772315656766295433044433593750000000e-02
1.2139056407656913932902043029571359511464834213256835937500000000e-02
1.2135955547791602363028040656445227796211838722229003906250000000e-02
1.2132852864185529953577891149052447872236371040344238281250000000e-02
1.2129748378800904798358040181938122259452939033508300781250000000e-02
1.2126642113465190345178434938588907243683934211730957031250000000e-02
1.2123534089869103524961246876046061515808105468750000000000000000e-02
1.2120424329569853480470520423750713234767317771911621093750000000e-02
1.2117312853991313303936294687446206808090209960937500000000000000e-02
1.2114199684426063541309304127935320138931274414062500000000000000e-02
1.2111084842035303721363703743918449617922306060791015625000000000e-02
1.2107968347848002341193840436517348280176520347595214843750000000e-02
1.2104850222765682968284473020048608304932713508605957031250000000e-02
1.2101730487561402488383421882645052392035722732543945312500000000e-02
1.2098609162878427511489398682442697463557124137878417968750000000e-02
1.2095486269234801898764253280660341260954737663269042968750000000e-02
1.2092361827022635525907823250690853456035256385803222656250000000e-02
1.2089235856508364491679330399165337439626455307006835937500000000e-02
1.2086108377833998384076608090254012495279312133789062500000000000e-02
1.2082979411018246115872010193470487138256430625915527343750000000e-02
1.2079848975957865539476721039591211592778563499450683593750000000e-02
1.2076717092426724961540251968017400940880179405212402343750000000e-02
1.2073583780078344512842747349168348591774702072143554687500000000e-02
1.2070449058445580428622356805590243311598896980285644531250000000e-02
1.2067312946942075277401151822687097592279314994812011718750000000e-02
1.2064175464863175629703917479673691559582948684692382812500000000e-02
1.2061036631385550418893437552014802349731326103210449218750000000e-02
1.2057896465569243119042575074217893416061997413635253906250000000e-02
1.2054754986358325735684715596107707824558019638061523437500000000e-02
1.2051612212580126853866957503669254947453737258911132812500000000e-02
1.2048468162947221365977057416785100940614938735961914062500000000e-02
1.2045322856059494792679842589677718933671712875366210937500000000e-02
1.2042176310401438849018163068649300839751958847045898437500000000e-02
1.2039028544345242721647082362323999404907226562500000000000000000e-02
1.2035879576151771452874328360849176533520221710205078125000000000e-02
1.2032729423969927562421133870884659700095653533935546875000000000e-02
1.2029578105837480245243753529393870849162340164184570312500000000e-02
1.2026425639682000387487015302667714422568678855895996093750000000e-02
1.2023272043322237936924246071157540427520871162414550781250000000e-02
1.2020117334467835673583735456304566469043493270874023437500000000e-02
1.2016961530719611969675320040096266893669962882995605468750000000e-02
1.2013804649571283370002028334511123830452561378479003906250000000e-02
1.2010646708409553062857355598680442199110984802246093750000000000e-02
1.2007487724513953020188949949442758224904537200927734375000000000e-02
1.2004327715058774744827374547639919910579919815063476562500000000e-02
1.2001166697112465586716467669248231686651706695556640625000000000e-02
1.1998004687638936724414229217927641002461314201354980468750000000e-02
1.1994841703497485102536401768702489789575338363647460937500000000e-02
1.1991677761443423136378250148936785990372300148010253906250000000e-02
1.1988512878129166383533998896382399834692478179931640625000000000e-02
1.1985347070104099970189182045032794121652841567993164062500000000e-02
1.1982180353814935944156694347384473076090216636657714843750000000e-02
1.1979012745606304815582099365656176814809441566467285156250000000e-02
1.1975844261721756492389268089482357027009129524230957031250000000e-02
1.1972674918303357824433952316667273407801985740661621093750000000e-02
1.1969504731392608537499100407330843154340982437133789062500000000e-02
1.1966333716930240005371643974285689182579517364501953125000000000e-02
1.1963161890757106897709149961883667856454849243164062500000000000e-02
1.1959989268614308610683139022512477822601795196533203125000000000e-02
1.1956815866143803359089581306307081831619143486022949218750000000e-02
1.1953641698888000516332041911482519935816526412963867187500000000e-02
1.1950466782290742467909083757149346638470888137817382812500000000e-02
1.1947291131696999300082495665265014395117759704589843750000000000e-02
1.1944114762353425646113080915711179841309785842895507812500000000e-02
1.1940937689408917532496445801371010020375251770019531250000000000e-02
1.1937759927913602769899981126400234643369913101196289062500000000e-02
1.1934581492820317202840918469064490636810660362243652343750000000e-02
1.1931402398983728674330961894156644120812416076660156250000000000e-02
1.1928222661161756029679636981200019363313913345336914062500000000e-02
1.1925042294013196014779154552343243267387151718139648437500000000e-02
1.1921861312100486690601641726061643566936254501342773437500000000e-02
1.1918679729889025686873083031969144940376281738281250000000000000e-02
1.1915497561745692217671788171173830050975084304809570312500000000e-02
1.1912314821940137715694518760756182018667459487915039062500000000e-02
1.1909131524644331334705782410310348495841026306152343750000000000e-02
1.1905947683933446393234056870369386160746216773986816406250000000e-02
1.1902763313783558396519168809390976093709468841552734375000000000e-02
1.1899578428073615682381003466616675723344087600708007812500000000e-02
1.1896393040584585937269324062981468159705400466918945312500000000e-02
1.1893207164998814348577660382488829782232642173767089843750000000e-02
1.1890020814899973297662505444804992293938994407653808593750000000e-02
1.1886834003773010318139036201046110363677144050598144531250000000e-02
1.1883646745004030134684747110895841615274548530578613281250000000e-02
1.1880459051879522711092640463448333321139216423034667968750000000e-02
1.1877270937586047530598598598317039432004094123840332031250000000e-02
1.1874082415209602156536128347852354636415839195251464843750000000e-02
1.1870893497736463573222209788582404144108295440673828125000000000e-02
1.1867704198051273051239817846180812921375036239624023437500000000e-02
1.1864514528937332785152314329479850130155682563781738281250000000e-02
1.1861324503075828737386210320892132585868239402770996093750000000e-02
1.1858134133045273791995377621333318529650568962097167968750000000e-02
1.1854943431320911009785312728581629926338791847229003906250000000e-02
1.1851752410274743118612228442998457467183470726013183593750000000e-02
1.1848561082174705050285012930544326081871986389160156250000000000e-02
1.1845369459182936155983156822912860661745071411132812500000000000e-02
1.1842177553356772468085011951188789680600166320800781250000000000e-02
1.1838985376647447392284284717334230663254857063293457031250000000e-02
1.1835792940899259040321567226783372461795806884765625000000000000e-02
1.1832600257848888483658278403254371369257569313049316406250000000e-02
1.1829407339125318221473293078815913759171962738037109375000000000e-02
1.1826214196248801754918211770473135402426123619079589843750000000e-02
1.1823020840630318883945903962739976122975349426269531250000000000e-02
1.1819827283570847123450597848659526789560914039611816406250000000e-02
1.1816633536260716386134816957564908079802989959716796875000000000e-02
1.1813439609780146746786932965278538176789879798889160156250000000e-02
1.1810245515096842380819985862672183429822325706481933593750000000e-02
1.1807051263066381877053778737263201037421822547912597656250000000e-02
1.1803856864433064782771154455076612066477537155151367187500000000e-02
1.1800662329827861160569391074659506557509303092956542968750000000e-02
1.1797467669768435874488865522380365291610360145568847656250000000e-02
1.1794272894659679415396702495399949839338660240173339843750000000e-02
1.1791078014793655859282495157458470202982425689697265625000000000e-02
1.1787883040348681729092561454308452084660530090332031250000000000e-02
1.1784687981389888045136160599213326349854469299316406250000000000e-02
1.1781492847870363507856161788822646485641598701477050781250000000e-02
1.1778297649630809287857324818560300627723336219787597656250000000e-02
1.1775102396399707294083469832912669517099857330322265625000000000e-02
1.1771907097795231839088003766846668440848588943481445312500000000e-02
1.1768711763326104857707576911707292310893535614013671875000000000e-02
1.1765516402392104181040544119696278357878327369689941406250000000e-02
1.1762321024285747952942138283560780109837651252746582031250000000e-02
1.1759125638194627833099659142135351430624723434448242187500000000e-02
1.1755930253203162802466685832314396975561976432800292968750000000e-02
1.1752734878294243681118302902177674695849418640136718750000000000e-02
1.1749539522352711248820433809214591747149825096130371093750000000e-02
1.1746344194168218538765202652029984164983034133911132812500000000e-02
1.1743148902437928332576078105375927407294511795043945312500000000e-02
1.1739953655770418022852297212921257596462965011596679687500000000e-02
1.1736758462690064994116134755586244864389300346374511718750000000e-02
1.1733563331641298430052522405730996979400515556335449218750000000e-02
1.1730368270993779197808315473139373352751135826110839843750000000e-02
1.1727173289046722778894427108298259554430842399597167968750000000e-02
1.1723978394035387134985981560930667910724878311157226562500000000e-02
1.1720783594138238850601574370102753164246678352355957031250000000e-02
1.1717588897481374943243537245507468469440937042236328125000000000e-02
1.1714394312147189541883918195708247367292642593383789062500000000e-02
1.1711199846182344941336594956737826578319072723388671875000000000e-02
1.1708005507604901315743539669256279012188315391540527343750000000e-02
1.1704811304412985131784274983601790154352784156799316406250000000e-02
1.1701617244594508804311772109940648078918457031250000000000000000e-02
1.1698423336136229422344001704914262518286705017089843750000000000e-02
1.1695229587033794532713315561522904317826032638549804687500000000e-02
1.1692036005302081091983268379408400505781173706054687500000000000e-02
1.1688842598986210960521070489903650013729929924011230468750000000e-02
1.1685649376172696500830738841614220291376113891601562500000000000e-02
1.1682456345000240965914528601388155948370695114135742187500000000e-02
1.1679263513672962296330304354796680854633450508117675781250000000e-02
1.1676070890471132793231312518855702364817261695861816406250000000e-02
1.1672878483764064644345737065123103093355894088745117187500000000e-02
1.1669686302022537482958597365723107941448688507080078125000000000e-02
1.1666494353830778388236844023140292847529053688049316406250000000e-02
1.1663302647899749867055341212562780128791928291320800781250000000e-02
1.1660111193079263428029612725822516949847340583801269531250000000e-02
1.1656919998369354163347821895513334311544895172119140625000000000e-02
1.1653729072933740468220875641236489173024892807006835937500000000e-02
1.1650538426111099743476273715714341960847377777099609375000000000e-02
1.1647348067425252957085568539241648977622389793395996093750000000e-02
1.1644158006597305973772726872539351461455225944519042968750000000e-02
1.1640968253555494110740298197015363257378339767456054687500000000e-02
1.1637778818444143719146310900214302819222211837768554687500000000e-02
1.1634589711632012734576768764327425742521882057189941406250000000e-02
1.1631400943720828985994408810711320256814360618591308593750000000e-02
1.1628212525551306216753388866891327779740095138549804687500000000e-02
1.1625024468208674383040701627578528132289648056030273437500000000e-02
1.1621836783026605333102310169124393723905086517333984375000000000e-02
1.1618649481590413372056325158609979553148150444030761718750000000e-02
1.1615462575738802128433313498589996015653014183044433593750000000e-02
1.1612276077562622492167498933213209966197609901428222656250000000e-02
1.1609089999404683529737880576249153818935155868530273437500000000e-02
1.1605904353855606495060648342132481047883629798889160156250000000e-02
1.1602719153748627597955156431908108061179518699645996093750000000e-02
1.1599534412153741577689025632480479544028639793395996093750000000e-02
1.1596350142368580526941457264911150559782981872558593750000000000e-02
1.1593166357908860769621028907749860081821680068969726562500000000e-02
1.1589983072495842544857858058549027191475033760070800781250000000e-02
1.1586800300042375891362844697596301557496190071105957031250000000e-02
1.1583618054638682853818565376968763303011655807495117187500000000e-02
1.1580436350534592179761794739079050486907362937927246093750000000e-02
1.1577255202120486851646852244357432937249541282653808593750000000e-02
1.1574074623908478867684301860663254046812653541564941406250000000e-02
1.1570894630510104167386842277664982248097658157348632812500000000e-02
1.1567715236613441628921172821264917729422450065612792968750000000e-02
1.1564536456959966653768034916538454126566648483276367187500000000e-02
1.1561358306319382063809264593601255910471081733703613281250000000e-02
1.1558180799464053481462322281458909856155514717102050781250000000e-02
1.1555003951142421222963996285670873476192355155944824218750000000e-02
1.1551827776052771279413633465082966722548007965087890625000000000e-02
1.1548652288815929034537788311354233883321285247802734375000000000e-02
1.1545477503947902675474068701078067533671855926513671875000000000e-02
1.1542303435833001917787399293047201354056596755981445312500000000e-02
1.1539130098697038262489655835452140308916568756103515625000000000e-02
1.1535957506581435982884187296804157085716724395751953125000000000e-02
1.1532785673316680447042514856548223178833723068237304687500000000e-02
1.1529614612498347708813284384632424917072057723999023437500000000e-02
1.1526444337463163589130310526797984493896365165710449218750000000e-02
1.1523274861266311758223324090977257583290338516235351562500000000e-02
1.1520106196660445316282128658258443465456366539001464843750000000e-02
1.1516938356075690635949015927508298773318529129028320312500000000e-02
1.1513771351601927162011662630902719683945178985595703125000000000e-02
1.1510605194972288456423115121651790104806423187255859375000000000e-02
1.1507439897548319904241331812499993247911334037780761718750000000e-02
1.1504275470307556358817713260123127838596701622009277343750000000e-02
1.1501111923833151964857712812317913630977272987365722656250000000e-02
1.1497949268304311423727348540069215232506394386291503906250000000e-02
1.1494787513490029376428402940746309468522667884826660156250000000e-02
1.1491626668744463896087992793582088779658079147338867187500000000e-02
1.1488466743003607553608169666858884738758206367492675781250000000e-02
1.1485307744784156377959583039682911476120352745056152343750000000e-02
1.1482149682185041617010767822648631408810615539550781250000000000e-02
1.1478992562889745593368573395309795159846544265747070312500000000e-02
1.1475836394170201362752159468527679564431309700012207031250000000e-02
1.1472681182892982207355281332183949416503310203552246093750000000e-02
1.1469526935526528493847209233535977546125650405883789062500000000e-02
1.1466373658149672104533678407278785016387701034545898437500000000e-02
1.1463221356460839145396946037180896382778882980346679687500000000e-02
1.1460070035789427997374723133816587505862116813659667968750000000e-02
1.1456919701107199510703438249947794247418642044067382812500000000e-02
1.1453770357040312516394564568145142402499914169311523437500000000e-02
1.1450622007882436600989528585614607436582446098327636718750000000e-02
1.1447474657608185805157674508336640428751707077026367187500000000e-02
1.1444328309886774366899153676513378741219639778137207031250000000e-02
1.1441182968096002062208249583363794954493641853332519531250000000e-02
1.1438038635336470263959007809262402588501572608947753906250000000e-02
1.1434895314445778918832630210999923292547464370727539062500000000e-02
1.1431753008012954242467174026387510821223258972167968750000000000e-02
1.1428611718392650900555373993938701460137963294982910156250000000e-02
1.1425471447719982159840768076719541568309068679809570312500000000e-02
1.1422332197925013502759483685622399207204580307006835937500000000e-02
1.1419193970747688188227542127606284338980913162231445312500000000e-02
1.1416056767753510886587164918637427035719156265258789062500000000e-02
1.1412920590349749996872397161951084854081273078918457031250000000e-02
1.1409785439802731105141120337975735310465097427368164062500000000e-02
1.1406651317256807920408334666717564687132835388183593750000000000e-02
1.1403518223755012422904187019412347581237554550170898437500000000e-02
1.1400386160262610674154259982060466427356004714965820312500000000e-02
1.1397255127694004908645020179847051622346043586730957031250000000e-02
1.1394125126943396505985184319342806702479720115661621093750000000e-02
1.1390996158921130182450909273939032573252916336059570312500000000e-02
1.1387868224595891139538927916419197572395205497741699218750000000e-02
1.1384741325044240092823066845539869973435997962951660156250000000e-02
1.1381615461508723038952517470079328631982207298278808593750000000e-02
1.1378490635465707617179909050264541292563080787658691406250000000e-02
1.1375366848704035471762097131431801244616508483886718750000000000e-02
1.1372244103414938173890469386151380604133009910583496093750000000e-02
1.1369122402294047635695761755414423532783985137939453125000000000e-02
1.1366001748655246011976416298239200841635465621948242187500000000e-02
1.1362882146554653325920547501937107881531119346618652343750000000e-02
1.1359763600922119508584984259869088418781757354736328125000000000e-02
1.1356646117696510278616273126317537389695644378662109375000000000e-02
1.1353529703957285917903519134597445372492074966430664062500000000e-02
1.1350414368043428708920927761027996893972158432006835937500000000e-02
1.1347300119647484029083983614327735267579555511474609375000000000e-02
1.1344186969868929118487876905874145450070500373840332031250000000e-02
1.1341074931208661863424325133564707357436418533325195312500000000e-02
1.1337964017483813730646780015831609489396214485168457031250000000e-02
1.1334854243642222826338183949701488018035888671875000000000000000e-02
1.1331745625458888512837596351801039418205618858337402343750000000e-02
1.1328638179102052882529783062182104913517832756042480468750000000e-02
1.1325531920412306927103962550518190255388617515563964843750000000e-02
1.1322426858107149591492479601129161892458796501159667968750000000e-02
1.1319323039198331271038000522821675986051559448242187500000000000e-02
1.1316220492236867684043843951258168090134859085083007812500000000e-02
1.1313119047276743237007146092309994855895638465881347656250000000e-02
