-7.8847385620207653439579786880386791381170041859149932861328125000e-05
-7.8340157534755245401919543368762788304593414068222045898437500000e-05
-7.7831151671335600393704379218462463541072793304920196533203125000e-05
-7.7322145808039933903912932500190891005331650376319885253906250000e-05
-7.6813139944557228986840580198247607768280431628227233886718750000e-05
-7.6304134080875450998372733213415131103829480707645416259765625000e-05
-7.5795128217503334702893902363740608052466996014118194580078125000e-05
-7.5286122354189616246930571996642811427591368556022644042968750000e-05
-7.4777116490575478921498664419686974724754691123962402343750000000e-05
-7.4268110627275014837093969344294919210369698703289031982421875000e-05
-7.3759104763872771273747197540160414064303040504455566406250000000e-05
-7.3250098900355724252861366885269944759784266352653503417968750000e-05
-7.2741093036766767522885435148793931148247793316841125488281250000e-05
-7.2232087173257960438510494327601918485015630722045898437500000000e-05
-7.1723081310031886175665460925188199325930327177047729492187500000e-05
-7.1214075446415566893361426270558922624331898987293243408203125000e-05
-7.0705069582996409776123880597253901214571669697761535644531250000e-05
-7.0196063719755752994058917160202781815314665436744689941406250000e-05
-6.9687057856249737730278126512928338343044742941856384277343750000e-05
-6.9178051992575332316583180958247112357639707624912261962890625000e-05
-6.8669046129141660442761485594331816173507831990718841552734375000e-05
-6.8160040265825217928839785397343575823470018804073333740234375000e-05
-6.7651034402454443333549405359406136994948610663414001464843750000e-05
-6.7142028538914004650792199946351956896251067519187927246093750000e-05
-6.6633022675346637096575885816918116688611917197704315185546875000e-05
-6.6124016812042337646986023269590759809943847358226776123046875000e-05
-6.5615010948379939772351354676516166364308446645736694335937500000e-05
-6.5106005085050663015212857320790362791740335524082183837890625000e-05
-6.4596999221737229162319804398606493123224936425685882568359375000e-05
-6.4087993358181001785425778827232079493114724755287170410156250000e-05
-6.3578987494714600558522177298215183327556587755680084228515625000e-05
-6.3069981631226433973005929267685587547020986676216125488281250000e-05
-6.2560975767895300519647050485616546211531385779380798339843750000e-05
-6.2051969904277504011883004331195934355491772294044494628906250000e-05
-6.1542964040837774158422546211255621528835035860538482666015625000e-05
-6.1800646074885849136359983191368883126415312290191650390625000000e-05
-6.2529572391276666836097686275053320059669204056262969970703125000e-05
-6.3267407722994800319850361436380126178846694529056549072265625000e-05
-6.4012650952712722663903721631584176066098734736442565917968750000e-05
-6.4763955624343020646416224650465665035881102085113525390625000000e-05
-6.5520140717675341831757740429509340174263343214988708496093750000e-05
-6.6280150767112237038432287494771344427135773003101348876953125000e-05
-6.7043046770048976318485955960824185240198858082294464111328125000e-05
-6.7807990332033389558816227626891759427962824702262878417968750000e-05
-6.8574231237261636150506771691937046853126958012580871582031250000e-05
-6.9341097326393159546754907385235355832264758646488189697265625000e-05
-7.0107985185609468384640430294041379966074600815773010253906250000e-05
-7.0874352369378724276691161598762391804484650492668151855468750000e-05
-7.1639710567792766362886502928830623204703442752361297607421875000e-05
-7.2403619662685629468704129330092200689250603318214416503906250000e-05
-7.3165682555785459761053812766107284915051423013210296630859375000e-05
-7.3925540634306143505591335518545292870840057730674743652343750000e-05
-7.4682869796501168656310820637145297951065003871917724609375000000e-05
-7.5437376953385297680652887830632380428141914308071136474609375000e-05
-7.6188796940188059170565026967381072608986869454383850097656250000e-05
-7.6936889785448835912991250030046330721233971416950225830078125000e-05
-7.7681438288909062479456468786054301745025441050529479980468750000e-05
-7.8422245865318666565094152254289383563445881009101867675781250000e-05
-7.9159134624466473894796592070122187578817829489707946777343750000e-05
-7.9891943656560252874122840527348898831405676901340484619140625000e-05
-8.0620527496214606610717978707469910659710876643657684326171875000e-05
-8.1344754743394490190296075571296796624665148556232452392578125000e-05
-8.2064506826274802113972695050136962890974245965480804443359375000e-05
-8.2779676886162302344718266766676606494002044200897216796875000000e-05
-8.3490168771175029345694984517223247166839428246021270751953125000e-05
-8.4195896126839199838376437412534869508817791938781738281250000000e-05
-8.4896781572895441418842576997150217721355147659778594970703125000e-05
-8.5592755958642624774905527385016057451139204204082489013671875000e-05
-8.6283757684822205442226605853761611797381192445755004882812500000e-05
-8.6969732087738914447401505913859409702126868069171905517578125000e-05
-8.7650630879467647462062462881959845617529936134815216064453125000e-05
-8.8326411638244697942072558571879881128552369773387908935546875000e-05
-8.8997037340656217296007424177872735526761971414089202880859375000e-05
-8.9662475935992341086189227894465147983282804489135742187500000000e-05
-9.0322699958962461628912687938708359070005826652050018310546875000e-05
-9.0977686172619720594324788098816725323558785021305084228515625000e-05
-9.1627415241060214032807473838460055048926733434200286865234375000e-05
-9.2271871429743101554639406192137585094314999878406524658203125000e-05
-9.2911042332622466029083685423728411478805355727672576904296875000e-05
-9.3544918617836987531459491673757611351902596652507781982421875000e-05
-9.4173493794793243635496415855357099644606932997703552246093750000e-05
-9.4796764002036052040520153205704900756245478987693786621093750000e-05
-9.5414727809251781540274273130108895202283747494220733642578125000e-05
-9.6027386035370100136714099914314601846854202449321746826171875000e-05
-9.6634741580491116891629688190334945829818025231361389160156250000e-05
-9.7236799271257850444533099576460699609015136957168579101562500000e-05
-9.7833565718774515864407381737777313901460729539394378662109375000e-05
-9.8425049184346042685858635401530136732617393136024475097656250000e-05
-9.9011259456922273681188373384287615408538840711116790771484375000e-05
-9.9592207741354789925919410720211999432649463415145874023437500000e-05
-1.0016790655118721882835264302968880656408146023750305175781250000e-04
-1.0073836961071346495985578961551709653576835989952087402343750000e-04
-1.0130361176518176864747022847268453915603458881378173828125000000e-04
-1.0186364889696523754192281074892889591865241527557373046875000000e-04
-1.0241849784517031551195342942151000897865742444992065429687500000e-04
-1.0296817633417663798503505212522668443853035569190979003906250000e-04
-1.0351270290556645564498949863008192551205866038799285888671875000e-04
-1.0405209685437582351440199968095612348406575620174407958984375000e-04
-1.0458637817067744908792331637314987347053829580545425415039062500e-04
-1.0511556748336455219088036994179446992347948253154754638671875000e-04
-1.0563968601124808861964343709161084916559047996997833251953125000e-04
-1.0615875551261798456423313119501017354195937514305114746093750000e-04
-1.0667279824099559911668860801015057404583785682916641235351562500e-04
-1.0718183690523046291184078304681293047906365245580673217773437500e-04
-1.0768589462880584733776856420917056311736814677715301513671875000e-04
-1.0818499491253148975331704884084160767088178545236587524414062500e-04
-1.0867916160132679666196903189856470817176159471273422241210937500e-04
-1.0916841885381592522005766987547303870087489485740661621093750000e-04
-1.0965279110939019557510731850413776555797085165977478027343750000e-04
-1.1013230306089298593530401149109820835292339324951171875000000000e-04
-1.1060697962991483081669763510745951862190850079059600830078125000e-04
-1.1107684594089425704488416357662572409026324748992919921875000000e-04
-1.1154192729816138839830236273442665151378605514764785766601562500e-04
-1.1200224916308984849603463951339676896168384701013565063476562500e-04
-1.1245783713579445234429649014273877583036664873361587524414062500e-04
-1.1290871693627569727694237577964031515875831246376037597656250000e-04
-1.1335491438348568925351816938373872289957944303750991821289062500e-04
-1.1379645538076740255047092365003891245578415691852569580078125000e-04
-1.1423336590134653681025134197568604577099904417991638183593750000e-04
-1.1466567197079077929881135711198680837696883827447891235351562500e-04
-1.1509339965455111576882879509398094342031981796026229858398437500e-04
-1.1551657504448327299685639335535825011902488768100738525390625000e-04
-1.1593522424829340365746294105875335844757501035928726196289062500e-04
-1.1634937337606190055263460925161211889644619077444076538085937500e-04
-1.1675904852977076256708571788678341363265644758939743041992187500e-04
-1.1716427579457849123770879495864960517792496830224990844726562500e-04
-1.1756508122903482733371399726607364755182061344385147094726562500e-04
-1.1796149085524316112941894951759991272410843521356582641601562500e-04
-1.1835353065083852053002849702423304734111297875642776489257812500e-04
-1.1874122654364895957431608186638527513423468917608261108398437500e-04
-1.1912460440068224631904314492203411646187305450439453125000000000e-04
-1.1950369002394770003190604956699871763703413307666778564453125000e-04
-1.1987850914392703084113828149170899450837168842554092407226562500e-04
-1.2024908741335160202411136420863613238907419145107269287109375000e-04
-1.2061545040145159129151009036462482981733046472072601318359375000e-04
-1.2097762358864975627738974628400114852411206811666488647460937500e-04
-1.2133563236396380810664524796393948236072901636362075805664062500e-04
-1.2168950201795276824367347812128059558745007961988449096679687500e-04
-1.2203925773913327373649401197397423857182729989290237426757812500e-04
-1.2238492461121150065017637587061472004279494285583496093750000000e-04
-1.2272652761035875374276415961105612950632348656654357910156250000e-04
-1.2306409159975741454164099852874869611696340143680572509765625000e-04
-1.2339764132669243349056664715845954560791142284870147705078125000e-04
-1.2372720142238605688100872015411368920467793941497802734375000000e-04
-1.2405279639787447046490875823820942969177849590778350830078125000e-04
-1.2437445064061850214832960492827851339825429022312164306640625000e-04
-1.2469218841352282560117070708827213820768520236015319824218750000e-04
-1.2500603385433008097812890291322673874674364924430847167968750000e-04
-1.2531601097204227591302982958154643711168318986892700195312500000e-04
-1.2562214364505926459877893641703394678188487887382507324218750000e-04
-1.2592445562078068295973343193594473632401786744594573974609375000e-04
-1.2622297051540523572452090483864139969227835536003112792968750000e-04
-1.2651771181126364039688791951476787289720959961414337158203125000e-04
-1.2680870285486034129175669793454517275677062571048736572265625000e-04
-1.2709596685773593815332871415080262522678822278976440429687500000e-04
-1.2737952689714353857533546410252256464445963501930236816406250000e-04
-1.2765940591175992525722893145001535231131128966808319091796875000e-04
-1.2793562670330443247802831852055760464281775057315826416015625000e-04
-1.2820821193614988014672362304224861873080953955650329589843750000e-04
-1.2847718413670024175526895859889009443577378988265991210937500000e-04
-1.2874256569304220890540002564250698924297466874122619628906250000e-04
-1.2900437885387015064450610957180742843775078654289245605468750000e-04
-1.2926264573129891337181784916054994027945213019847869873046875000e-04
-1.2951738829720268694235818518478708938346244394779205322265625000e-04
-1.2976862838545103612242215262995159719139337539672851562500000000e-04
-1.3001638769115879531654278444818828575080260634422302246093750000e-04
-1.3026068777212320565217495982324180658906698226928710937500000000e-04
-1.3050155004781837167482372308313642861321568489074707031250000000e-04
-1.3073899579823223767761908309381624349043704569339752197265625000e-04
-1.3097304616854716979509887231358788994839414954185485839843750000e-04
-1.3120372216426787670071063551802126312395557761192321777343750000e-04
-1.3143104465622245475772689182747399172512814402580261230468750000e-04
-1.3165503437675732628479863262072058205376379191875457763671875000e-04
-1.3187571192482285247632445290832947648596018552780151367187500000e-04
-1.3209309776137553014453696054175679819309152662754058837890625000e-04
-1.3230721221482483369868976552652384270913898944854736328125000000e-04
-1.3251807547609589397683005351780138880712911486625671386718750000e-04
-1.3272570760741977577944206156956852282746694982051849365234375000e-04
-1.3293012853087861086659460241321539797354489564895629882812500000e-04
-1.3313135804410720355525632463411511707818135619163513183593750000e-04
-1.3332941580182627590127342198655924221384339034557342529296875000e-04
-1.3352432134437316655316274616183136458857916295528411865234375000e-04
-1.3371609405648846014523500880244455402134917676448822021484375000e-04
-1.3390475322570209032457810849336965475231409072875976562500000000e-04
-1.3409031796770708080263068140425275487359613180160522460937500000e-04
-1.3427280732690688273833767851783704827539622783660888671875000000e-04
-1.3445224014205635234935065636108220132882706820964813232421875000e-04
-1.3462863522667133900530267442974263758515007793903350830078125000e-04
-1.3480201113634252755961451253341465417179279029369354248046875000e-04
-1.3497238647066636327287447727485414361581206321716308593750000000e-04
-1.3513977948333786975078363301605577362352050840854644775390625000e-04
-1.3530420858973437009224738414303601530264131724834442138671875000e-04
-1.3546569171484054878995539894503963296301662921905517578125000000e-04
-1.3562424712916558910622000233558992476901039481163024902343750000e-04
-1.3577989238205972902587270745300429553026333451271057128906250000e-04
-1.3593264566670265158614128164771273077349178493022918701171875000e-04
-1.3608252408402757510988423383935241872677579522132873535156250000e-04
-1.3622954584199589689839926531789160435437224805355072021484375000e-04
-1.3637372748505786142388107595735391441849060356616973876953125000e-04
-1.3651508737833102798651940812391103463596664369106292724609375000e-04
-1.3665364134381137234050540563146114436676725745201110839843750000e-04
-1.3678940810636226982181795630566512045334093272686004638671875000e-04
-1.3692240253193726780105154983147031089174561202526092529296875000e-04
-1.3705264399324070759972338251486689841840416193008422851562500000e-04
-1.3718014605978756702622800567326066811801865696907043457031250000e-04
-1.3730492916113948005489564518910583501565270125865936279296875000e-04
-1.3742700509825151659708264428871871132287196815013885498046875000e-04
-1.3754639591861698359569199379137671712669543921947479248046875000e-04
-1.3766311100097092007428500881616173501242883503437042236328125000e-04
-1.3777717477812402688437665165821499613230116665363311767578125000e-04
-1.3788859332821291458354151515663943428080528974533081054687500000e-04
-1.3799739448681018873579806616191945067839697003364562988281250000e-04
-1.3810357987061844362193518964687655170564539730548858642578125000e-04
-1.3820718204360447466799710625195984903257340192794799804687500000e-04
-1.3830819666866387578942065861298260642797686159610748291015625000e-04
-1.3840666272924660577282873763493853402906097471714019775390625000e-04
-1.3850256803837646428154140032518171210540458559989929199218750000e-04
-1.3859596012249681697657555101699244914925657212734222412109375000e-04
-1.3868681659582059216909155630048644525231793522834777832031250000e-04
-1.3877519612179122334219560919166269741253927350044250488281250000e-04
-1.3886106327947516313713050006839466732344590127468109130859375000e-04
-1.3894449096878277657984845916416816180571913719177246093750000000e-04
-1.3902542737977594228086786198872459863196127116680145263671875000e-04
-1.3910396325924240289520494862074428965570405125617980957031250000e-04
-1.3918002656213896870915358583431498118443414568901062011718750000e-04
-1.3925372996686561613728649877685938918148167431354522705078125000e-04
-1.3932497689776647976228618475147413846570998430252075195312500000e-04
-1.3939390645052002985077033159200254885945469141006469726562500000e-04
-1.3946039289153749690317041221021554520120844244956970214843750000e-04
-1.3952460647558438048936035880132067177328281104564666748046875000e-04
-1.3958638750814959350425581430243937575141899287700653076171875000e-04
-1.3964594222042698776209412869775405852124094963073730468750000000e-04
-1.3970307220838160859946452951874107384355738759040832519531250000e-04
-1.3975802429364025947222671675262972712516784667968750000000000000e-04
-1.3981055696791507133788790007145053095882758498191833496093750000e-04
-1.3986096174607782929681654149334235626156441867351531982421875000e-04
-1.3990895031218352167860785595365769040654413402080535888671875000e-04
-1.3995486208841621963115675608690935405320487916469573974609375000e-04
-1.3999835933239560903720843931807849003234878182411193847656250000e-04
-1.4003983130922220343150819132915785303339362144470214843750000000e-04
-1.4007888971058162614312381233361293197958730161190032958984375000e-04
-1.4011597389704128218020084961636939624440856277942657470703125000e-04
-1.4015064572912668190186880057268581367679871618747711181640625000e-04
-1.4018339286977257165597854360328256007051095366477966308593750000e-04
-1.4021373028565218936403180549632452311925590038299560546875000000e-04
-1.4024218980244359503313511527977652804111130535602569580078125000e-04
-1.4026824489378445664534977854742692215950228273868560791015625000e-04
-1.4029246486845531219182781068610665897722356021404266357421875000e-04
-1.4031428968874450806739173636117357091279700398445129394531250000e-04
-1.4033431687112110012975729755879683580133132636547088623046875000e-04
-1.4035196342010602022117027321002069584210403263568878173828125000e-04
-1.4036784329414417034700979236561124707804992794990539550781250000e-04
-1.4038136344850617783647228620225178019609302282333374023437500000e-04
-1.4039314033573087889608665967955403175437822937965393066406250000e-04
-1.4040258574513661375682271881260021473281085491180419921875000000e-04
-1.4041030295401521954187784579914932692190632224082946777343750000e-04
-1.4041572488427057257068253370846377947600558400154113769531250000e-04
-1.4041942489852331948409214223971730461926199495792388916015625000e-04
-1.4042087405200982005819276832170316993142478168010711669921875000e-04
-1.4042059874454736450449798823569835803937166929244995117187500000e-04
-1.4041812504970885180748119136495688508148305118083953857421875000e-04
-1.4041391591424352272218789572377772856270894408226013183593750000e-04
-1.4040756831767921188752756833650892076548188924789428710937500000e-04
-1.4039946669031167576953411657569859016803093254566192626953125000e-04
-1.4038929295092796131934342884761690584127791225910186767578125000e-04
-1.4037734022556358427953615564121037095901556313037872314453125000e-04
-1.4036338674157229047985417924593321004067547619342803955078125000e-04
-1.4034762453672217303105029806431502947816625237464904785156250000e-04
-1.4032993620962842134559933615634008674533106386661529541015625000e-04
-1.4031040650078422239548092687044800186413340270519256591796875000e-04
-1.4028902665497904392322148225957789691165089607238769531250000000e-04
-1.4026577183687787128349433452001449040835723280906677246093750000e-04
-1.4024074220069489087568681551232430138043127954006195068359375000e-04
-1.4021380509748467241108726977216747400234453380107879638671875000e-04
-1.4018516584039824495258597103486408741446211934089660644531250000e-04
-1.4015458964963852374167874170751701967674307525157928466796875000e-04
-1.4012237948782203713488092589045663771685212850570678710937500000e-04
-1.4008820767074826462057768328151041714590974152088165283203125000e-04
-1.4005246401128620178239136961906297074165195226669311523437500000e-04
-1.4001474013556727328012885269714615787961520254611968994140625000e-04
-1.3997549927312387548460070885170125620788894593715667724609375000e-04
-1.3993426682783928895019431859481073843198828399181365966796875000e-04
-1.3989156414967622642057942794480140946689061820507049560546875000e-04
-1.3984686634115335948126690457371523734764195978641510009765625000e-04
-1.3980073655559294870144582123572263299138285219669342041015625000e-04
-1.3975261610225543488540689285315465895109809935092926025390625000e-04
-1.3970309344678546645789063429532461668713949620723724365234375000e-04
-1.3965159239413357946356375460794652099139057099819183349609375000e-04
-1.3959871083000374583985014886877706885570660233497619628906250000e-04
-1.3954387038407500983526465798689741859561763703823089599609375000e-04
-1.3948766375501805894060458612671027367468923330307006835937500000e-04
-1.3942952416317501841518111671547330843168310821056365966796875000e-04
-1.3937002631517886579864962115493653982412070035934448242187500000e-04
-1.3930862677437034873040300197999386000446975231170654296875000000e-04
-1.3924587163616374452419777174583259693463332951068878173828125000e-04
-1.3918125025619954666586397529215446411399170756340026855468750000e-04
-1.3911527187241814530228867230476907934644259512424468994140625000e-04
-1.3904746567163132702459049649945654891780577600002288818359375000e-04
-1.3897829820446998424186835219273916663951240479946136474609375000e-04
-1.3890734313957159708034783118790755906957201659679412841796875000e-04
-1.3883502083396136823553734807035198173252865672111511230468750000e-04
-1.3876095186615431732214676063819069895544089376926422119140625000e-04
-1.3868550899099867253737305983207761528319679200649261474609375000e-04
-1.3860836016293877782229460038365687069017440080642700195312500000e-04
-1.3852983093795868669954873819705198911833576858043670654296875000e-04
-1.3844963547015952777877179080689984402852132916450500488281250000e-04
-1.3836805398393682824814687748471442318987101316452026367187500000e-04
-1.3828484436649089001601653503570332759409211575984954833984375000e-04
-1.3820024449444234956006771763981078038341365754604339599609375000e-04
-1.3811405258572451116780288593588466028450056910514831542968750000e-04
-1.3802646791067453091797490039027707098284736275672912597656250000e-04
-1.3793732502031182964551125902374906218028627336025238037109375000e-04
-1.3784678876865283153260732795786225324263796210289001464843750000e-04
-1.3775472573489627400346313468304515481577254831790924072265625000e-04
-1.3766127071563499014578146883991394133772701025009155273437500000e-04
-1.3756631796559969527909972342172295611817389726638793945312500000e-04
-1.3746997653356834512630713085457045963266864418983459472656250000e-04
-1.3737216413256176142897169167866877614869736135005950927734375000e-04
-1.3727296815273863877897297935959386450122110545635223388671875000e-04
-1.3717232584245942633716097702745173592120409011840820312500000000e-04
-1.3707030667829412902761210268920422095106914639472961425781250000e-04
-1.3696686389370435108468748719445784445269964635372161865234375000e-04
-1.3686205239979190822867394228268267397652380168437957763671875000e-04
-1.3675583828926974748647904522869112042826600372791290283203125000e-04
-1.3664826481262474676056650757516308658523485064506530761718750000e-04
-1.3653930823983570280386046214005091314902529120445251464843750000e-04
-1.3642900263002125950916043617411332888877950608730316162109375000e-04
-1.3631733217766092312525638696740770683391019701957702636718750000e-04
-1.3620432379905287700698479635974535995046608150005340576171875000e-04
-1.3608996776226519958251370834290128186694346368312835693359375000e-04
-1.3597428551264303790181708908590962892048992216587066650390625000e-04
-1.3585727189510300055332037150179758100421167910099029541015625000e-04
-1.3573894421850234300562509925924814524478279054164886474609375000e-04
-1.3561930072711811108392143676582008993136696517467498779296875000e-04
-1.3549835563844871274760683910187708534067496657371520996093750000e-04
-1.3537610967350084418409084108247952826786786317825317382812500000e-04
-1.3525257476875671711416537768002399388933554291725158691406250000e-04
-1.3512775342116087719593342519885936781065538525581359863281250000e-04
-1.3500165589917434622903302798846425503143109381198883056640625000e-04
-1.3487428594487733761984882274731489815167151391506195068359375000e-04
-1.3474565261711871013046437628446483358857221901416778564453125000e-04
-1.3461576051461049993544782932275438724900595843791961669921875000e-04
-1.3448461782202575267967936678559226493234746158123016357421875000e-04
-1.3435222970866088289428053048624178700265474617481231689453125000e-04
-1.3421860373084626210857250860897238453617319464683532714843750000e-04
-1.3408374542502729726868582194043710842379368841648101806640625000e-04
-1.3394766189139765814354599005042700810008682310581207275390625000e-04
-1.3381035888994144140810849119560543840634636580944061279296875000e-04
-1.3367184318857357021304022026697566616348922252655029296875000000e-04
-1.3353212067188717743042303265355030816863290965557098388671875000e-04
-1.3339119785788283918150087803411452114232815802097320556640625000e-04
-1.3324908068737745855253384874572475382592529058456420898437500000e-04
-1.3310577549021176697180424142175070301163941621780395507812500000e-04
-1.3296128821549272128188512454016745323315262794494628906250000000e-04
-1.3281562504409939935202944472081298954435624182224273681640625000e-04
-1.3266879190439170919761646683099343135836534202098846435546875000e-04
-1.3252079485496525194064554309392178765847347676753997802734375000e-04
-1.3237163978254551507593439474419483303790912032127380371093750000e-04
-1.3222133264175321980433974733415425362181849777698516845703125000e-04
-1.3206987926757439780200975576462951721623539924621582031250000000e-04
-1.3191728552045843612765263497266232661786489188671112060546875000e-04
-1.3176355717471133557894269472399173537269234657287597656250000000e-04
-1.3160870000722977093965404549180675530806183815002441406250000000e-04
-1.3145271972810106597337465039743165107211098074913024902343750000e-04
-1.3129562203292261608929270000345468361047096550464630126953125000e-04
-1.3113741256557827330984922209466958520351909101009368896484375000e-04
-1.3097809694715247322283069308923586504533886909484863281250000000e-04
-1.3081768075303036721543370468623379565542563796043395996093750000e-04
-1.3065616953019504840882714091776506393216550350189208984375000000e-04
-1.3049356878607712862533363207262482319492846727371215820312500000e-04
-1.3032988399845106476833411779381322048720903694629669189453125000e-04
-1.3016512060580435355440498401691229446441866457462310791015625000e-04
-1.2999928401543527490928642276202253924566321074962615966796875000e-04
-1.2983237959982566649477786491218012088211253285408020019531250000e-04
-1.2966441269883678547372718448116302170092239975929260253906250000e-04
-1.2949538861672135574287789694380990113131701946258544921875000000e-04
-1.2932531262677812917451236618404664113768376410007476806640625000e-04
-1.2915418996894758598380226199964226907468400895595550537109375000e-04
-1.2898202584988877755778347022896923590451478958129882812500000000e-04
-1.2880882544394188114408872358751523279352113604545593261718750000e-04
-1.2863459389343654694880247912891491068876348435878753662109375000e-04
-1.2845933630961365971845378197713216650299727916717529296875000000e-04
-1.2828305777123856284624436874253206042340025305747985839843750000e-04
-1.2810576332483413473407873883758156807743944227695465087890625000e-04
-1.2792745798710772114556433187715356325497850775718688964843750000e-04
-1.2774814674330032897818509862730707027367316186428070068359375000e-04
-1.2756783454734359163282308990972069295821711421012878417968750000e-04
-1.2738652632303051762466261642714471236104145646095275878906250000e-04
-1.2720422696432112717561391246334778770687989890575408935546875000e-04
-1.2702094133432406111369750156825375597691163420677185058593750000e-04
-1.2683667426549810695185493969461276719812303781509399414062500000e-04
-1.2665143056273089937693865358880884741665795445442199707031250000e-04
-1.2646521500074081947873061437803698936477303504943847656250000000e-04
-1.2627803232341324617994671175580378985614515841007232666015625000e-04
-1.2608988724666577731746419654967894530273042619228363037109375000e-04
-1.2590078445892367940001088655321836995426565408706665039062500000e-04
-1.2571072861815061022343342767015883509884588420391082763671875000e-04
-1.2551972435394364983364534626986142029636539518833160400390625000e-04
-1.2532777626920424580980739648339294944889843463897705078125000000e-04
-1.2513488893784631829191045238047763632494024932384490966796875000e-04
-1.2494106690535887959313254835791440200409851968288421630859375000e-04
-1.2474631469022571562954571078307708376087248325347900390625000000e-04
-1.2455063678480494493254482346600298114935867488384246826171875000e-04
-1.2435403765230081487604130163759919014410115778446197509765625000e-04
-1.2415652172949263854460910661003936183988116681575775146484375000e-04
-1.2395809342668730667832988068255417601903900504112243652343750000e-04
-1.2375875712797022626561471714268236610223539173603057861328125000e-04
-1.2355851719012082021512122231854391429806128144264221191406250000e-04
-1.2335737794354350465621250609871140113682486116886138916015625000e-04
-1.2315534369392949981883433885343492875108495354652404785156250000e-04
-1.2295241871990961364524697074784853612072765827178955078125000000e-04
-1.2274860727477104882510161587561015039682388305664062500000000000e-04
-1.2254391358602130957661247023793293919879943132400512695312500000e-04
-1.2233834185692757899610594307659994228743016719818115234375000000e-04
-1.2213189626441962811094488206009600617107935249805450439453125000e-04
-1.2192458096079293486217742792376839133794419467449188232421875000e-04
-1.2171640007381280817067709110190776300441939383745193481445312500e-04
-1.2150735770665516339347073104804053400584962218999862670898437500e-04
-1.2129745793843917729855352849455130126443691551685333251953125000e-04
-1.2108670482264447486580455359828079053841065615415573120117187500e-04
-1.2087510239021047027483529712199583627807442098855972290039062500e-04
-1.2066265464784967358525397118640398730349261313676834106445312500e-04
-1.2044936557786997644806797902461426019726786762475967407226562500e-04
-1.2023523913875597420551633032204108531004749238491058349609375000e-04
-1.2002027926759699599876946018994772202859167009592056274414062500e-04
-1.1980448987666528139640204075888618717726785689592361450195312500e-04
-1.1958787485482167561607474981499876776069868355989456176757812500e-04
-1.1937043806890899194650401682338269893079996109008789062500000000e-04
-1.1915218336282077694898706710091573768295347690582275390625000000e-04
-1.1893311455846152055893655274942943833593744784593582153320312500e-04
-1.1871323545391612979543749517574724450241774320602416992187500000e-04
-1.1849254982614568904291524331640061973303090780973434448242187500e-04
-1.1827106142976563196538009048452977367560379207134246826171875000e-04
-1.1804877399716496308781921165120820660376921296119689941406250000e-04
-1.1782569123896030811350643663359960555681027472019195556640625000e-04
-1.1760181684514562901276019113439019747602287679910659790039062500e-04
-1.1737715448305919587173445917116509917832445353269577026367187500e-04
-1.1715170779875897866337958186377932179311756044626235961914062500e-04
-1.1692548041773668924571405458578965408378280699253082275390625000e-04
-1.1669847594418286847173238385266813565976917743682861328125000000e-04
-1.1647069796181932306491230155742755414394196122884750366210937500e-04
-1.1624215003241130208296721937344386788026895374059677124023437500e-04
-1.1601283569878309684039741078720453515416011214256286621093750000e-04
-1.1578275848268095645377667723963099888351280242204666137695312500e-04
-1.1555192188461773522296233140949084372550714761018753051757812500e-04
-1.1532032938588189215165652479200275593029800802469253540039062500e-04
-1.1508798444829754345410804949878524894302245229482650756835937500e-04
-1.1485489051326185365627108314612314643454737961292266845703125000e-04
-1.1462105100147035297540598630661179413436912000179290771484375000e-04
-1.1438646931517687543346240008901304463506676256656646728515625000e-04
-1.1415114883752545992586652223721443988324608653783798217773437500e-04
-1.1391509293154949609104542584958608131273649632930755615234375000e-04
-1.1367830494087462613137656797235308658855501562356948852539062500e-04
-1.1344078819145502682978754460663139980169944465160369873046875000e-04
-1.1320254598892802401152724023347673210082575678825378417968750000e-04
-1.1296358162040523519069334934528114899876527488231658935546875000e-04
-1.1272389835490824266071852033377354018739424645900726318359375000e-04
-1.1248349944285790716607537076399125908210407942533493041992187500e-04
-1.1224238811643510907011672683708525255497079342603683471679687500e-04
-1.1200056758837956076817893302788320397667121142148971557617187500e-04
-1.1175804105494164196986373038811279911897145211696624755859375000e-04
-1.1151481169350849838479977638172613296774215996265411376953125000e-04
-1.1127088266366142344388628915297090316016692668199539184570312500e-04
-1.1102625710712937313114773152378234044590499252080917358398437500e-04
-1.1078093814852847318053186143060884205624461174011230468750000000e-04
-1.1053492889517189067243724265310333976231049746274948120117187500e-04
-1.1028823243548183021672803860724343394394963979721069335937500000e-04
-1.1004085184259855838186797916122827700746711343526840209960937500e-04
-1.0979279017172015103440130268097618682077154517173767089843750000e-04
-1.0954405046011775348453048950503330161154735833406448364257812500e-04
-1.0929463572918367904752284802682993358757812529802322387695312500e-04
-1.0904454898392051942750818893657083208381664007902145385742187500e-04
-1.0879379321243474098776515823772115254541859030723571777343750000e-04
-1.0854237138551864349806513887486403291404712945222854614257812500e-04
-1.0829028645757706838907707957986303881625644862651824951171875000e-04
-1.0803754136786025859522791803257746323652099817991256713867187500e-04
-1.0778413903911914970522312184897373299463652074337005615234375000e-04
-1.0753008237679937406702096458488426833355333656072616577148437500e-04
-1.0727537427212570754833653730031528539257124066352844238281250000e-04
-1.0702001759949791078602165939059887023176997900009155273437500000e-04
-1.0676401521709636451961528136322954196657519787549972534179687500e-04
-1.0650736996869120999393426574286536379077006131410598754882812500e-04
-1.0625008468200708747989496893993077719642315059900283813476562500e-04
-1.0599216216933496511297396747153243268257938325405120849609375000e-04
-1.0573360522737137881608276979150673469121102243661880493164062500e-04
-1.0547441663773608462682102038243669994699303060770034790039062500e-04
-1.0521459916796289751038384618908594347885809838771820068359375000e-04
-1.0495415556940926825584686765679975906095933169126510620117187500e-04
-1.0469308857829952991158606323551794048398733139038085937500000000e-04
-1.0443140091767795247373884492958495684433728456497192382812500000e-04
-1.0416909529471784796178512877418143034446984529495239257812500000e-04
-1.0390617440215366596312912550459373051126021891832351684570312500e-04
-1.0364264091832091937810111925699629864539019763469696044921875000e-04
-1.0337849750736174915186071920913946087239310145378112792968750000e-04
-1.0311374681954786744399882314482397305255290120840072631835937500e-04
-1.0284839148999042480591564752145927741366904228925704956054687500e-04
-1.0258243413997681790696819836838926676136907190084457397460937500e-04
-1.0231587737796971407377988327880302676931023597717285156250000000e-04
-1.0204872379746359714776382521250752688501961529254913330078125000e-04
-1.0178097597775456458011472671287833691167179495096206665039062500e-04
-1.0151263648606033570230555707070152493542991578578948974609375000e-04
-1.0124370787527615651694989917785960642504505813121795654296875000e-04
-1.0097419268384352991976826707798409188399091362953186035156250000e-04
-1.0070409343760672218458934734641729846771340817213058471679687500e-04
-1.0043341265015969410601820444028930978674907237291336059570312500e-04
-1.0016215282021833374651031967061953764641657471656799316406250000e-04
-9.9890316433831944265171742802777998804231174290180206298828125000e-05
-9.9617905964539219952798287938122712148469872772693634033203125000e-05
-9.9344923872926732002185123970861013731337152421474456787109375000e-05
-9.9071372606459264420659949212932815498788841068744659423828125000e-05
-9.8797254599109775828613688730683861649595201015472412109375000000e-05
-9.8522572274010246666173240548403100547147914767265319824218750000e-05
-9.8247328040411467881334872664922386320540681481361389160156250000e-05
-9.7971524294888849928621132878703292590216733515262603759765625000e-05
-9.7695163422023084892967248471506991336354985833168029785156250000e-05
-9.7418247794618342176933833975738252775045111775398254394531250000e-05
-9.7140779773127438061382232792340118976426310837268829345703125000e-05
-9.6862761704561805946311903170453661005012691020965576171875000000e-05
-9.6584195925168296647037036173344404232921078801155090332031250000e-05
-9.6305084759131361288667094733284557150909677147865295410156250000e-05
-9.6025430518315932760901876275028143936651758849620819091796875000e-05
-9.5745235502562870810033812674078035342972725629806518554687500000e-05
-9.5464502001132333286123610172069220425328239798545837402343750000e-05
-9.5183232290693380712141846711205062092631123960018157958984375000e-05
-9.4901428635825013212928835670822991232853382825851440429687500000e-05
-9.4619093290605082351499288684237853885861113667488098144531250000e-05
-9.4336228497735326423319357491692471739952452480792999267578125000e-05
-9.4052836488516569331611028026429721649037674069404602050781250000e-05
-9.3768919481938695493876412268008380124229006469249725341796875000e-05
-9.3484479686813804063735822147407361626392230391502380371093750000e-05
-9.3199519301261592369757524867424081094213761389255523681640625000e-05
-9.2914040511320018594053349314521028645685873925685882568359375000e-05
-9.2628045492169054316890230982295406647608615458011627197265625000e-05
-9.2341536409206158861687208094792822521412745118141174316406250000e-05
-9.2054515416133529822316494684031340511864982545375823974609375000e-05
-9.1766984655648319718634908781496051233261823654174804687500000000e-05
-9.1478946260190098526722535243749234723509289324283599853515625000e-05
-9.1190402352272470465864573352376964976429007947444915771484375000e-05
-9.0901355043183522169555899061776926828315481543540954589843750000e-05
-9.0611806433020300314586104040159852957003749907016754150390625000e-05
-9.0321758613445802220398572757176225422881543636322021484375000000e-05
-9.0031213664454502612968789243552691914374008774757385253906250000e-05
-8.9740173655390609200148410717901015232200734317302703857421875000e-05
-8.9448640646735071797410188132460007182089611887931823730468750000e-05
-8.9156616688221035664160818434709199209464713931083679199218750000e-05
-8.8864103819680630505506435667939513223245739936828613281250000000e-05
-8.8571104070536818466535811111839393561240285634994506835937500000e-05
-8.8277619460384662022044144347177052623010240495204925537109375000e-05
-8.7983652000321667147227089333938465642859227955341339111328125000e-05
-8.7689203690044832000850816289272415815503336489200592041015625000e-05
-8.7394276519489404956436695570687334111426025629043579101562500000e-05
-8.7098872470630178091628714742711281360243447124958038330078125000e-05
-8.6802993514430338986911928067513599671656265854835510253906250000e-05
-8.6506641612417494108591697887788996013114228844642639160156250000e-05
-8.6209818716981675328428491589249915705295279622077941894531250000e-05
-8.5912526771247986825952303036046941997483372688293457031250000000e-05
-8.5614767709088409339615588500294052209937945008277893066406250000e-05
-8.5316543454270281333050307548404589397250674664974212646484375000e-05
-8.5017855922267485829259270335711562438518740236759185791015625000e-05
-8.4718707018934484706193521752481956355040892958641052246093750000e-05
-8.4419098640967809351470796386252004595007747411727905273437500000e-05
-8.4119032676325579140491628393760947801638394594192504882812500000e-05
-8.3818511003635296657300612910290738000185228884220123291015625000e-05
-8.3517535492858422968738552061296331885387189686298370361328125000e-05
-8.3216108004748832191813101566424393240595236420631408691406250000e-05
-8.2914230391121029558644528467681311667547561228275299072265625000e-05
-8.2611904495747911472865177007207648784969933331012725830078125000e-05
-8.2309132153312572401787639009285157953854650259017944335937500000e-05
-8.2005915188821060322205136472462072561029344797134399414062500000e-05
-8.1702255420084874434731581072099970697308890521526336669921875000e-05
-8.1398154655937262854682734403155563995824195444583892822265625000e-05
-8.1093614695894341670538707500526243165950290858745574951171875000e-05
-8.0788637331414531292557434927203985353116877377033233642578125000e-05
-8.0483224346021450769025906701870098913786932826042175292968750000e-05
-8.0177377514388851152682402556592933251522481441497802734375000000e-05
-7.9871098602471424492826868046790877997409552335739135742187500000e-05
-7.9564389368285470057091945950134004306164570152759552001953125000e-05
-7.9257251561701161195194753616988236899487674236297607421875000000e-05
-7.8949686923976772085637110265565752342808991670608520507812500000e-05
-7.8641697188162109364087393181819152232492342591285705566406250000e-05
-7.8333284079602950736656574726168855704599991440773010253906250000e-05
-7.8024449315023010342873277522812713868916034698486328125000000000e-05
-7.7715194603055401108109012664471038078772835433483123779296875000e-05
-7.7405521644154082531140426137739041223539970815181732177734375000e-05
-7.7095432131371111669077000883021355548407882452011108398437500000e-05
-7.6784927749244346576081021726878361732815392315387725830078125000e-05
-7.6474010174036621302617877660168232978321611881256103515625000000e-05
-7.6162681074564577798739761771429357395390979945659637451171875000e-05
-7.5850942111673654564586721793517654077732004225254058837890625000e-05
-7.5538794938012667466199767662970998571836389601230621337890625000e-05
-7.5226241198123432597603954530285363944130949676036834716796875000e-05
-7.4913282529490802532333437735445613725460134446620941162109375000e-05
-7.4599920561035489778405060956600891586276702582836151123046875000e-05
-7.4286156913861447993394082622842233831761404871940612792968750000e-05
-7.3971993201584913791256370441118406233727000653743743896484375000e-05
-7.3657431029997775520298808338282015029108151793479919433593750000e-05
-7.3342471996657514449018122615342463177512399852275848388671875000e-05
-7.3027117691596123909107685090447148468228988349437713623046875000e-05
-7.2711369696951873580099967586676257269573397934436798095703125000e-05
-7.2395229587419537994018303717069784397608600556850433349609375000e-05
-7.2078698929587352696793378648010275355773046612739562988281250000e-05
-7.1761779281852324506064955134121419177972711622714996337890625000e-05
-7.1444472195736344528362027350709695383557118475437164306640625000e-05
-7.1126779214257079527253258000030200491892173886299133300781250000e-05
-7.0808701872816462051171693126150330499513074755668640136718750000e-05
-7.0490241698586991346206498398885287315351888537406921386718750000e-05
-7.0171400211896002032350982968722519217408262193202972412109375000e-05
-6.9852178924462155059846302229686898499494418501853942871093750000e-05
-6.9532579339862606872778305611149107789970003068447113037109375000e-05
-6.9212602954324124629285897025710028174216859042644500732421875000e-05
-6.8892251256102122959797118273428395696100778877735137939453125000e-05
-6.8571525725345965399624981184700800440623424947261810302734375000e-05
-6.8250427833700899561339414667315850238082930445671081542968750000e-05
-6.7928959046003762885061749710047251937794499099254608154296875000e-05
-6.7607120817900678757389476558614660461898893117904663085937500000e-05
-6.7284914597051943938206541862001586196129210293292999267578125000e-05
-6.6962341823386992254070471108917672609095461666584014892578125000e-05
-6.6639403928478430473927862642824493377702310681343078613281250000e-05
-6.6316102335633504314890696029749506124062463641166687011718750000e-05
-6.5992438459449155423175437107374818879179656505584716796875000000e-05
-6.5668413706404185495660308369281210616463795304298400878906250000e-05
-6.5344029474678126754444429380441761168185621500015258789062500000e-05
-6.5019287153938480823024692600853313706465996801853179931640625000e-05
-6.4694188124783655650072711207343445494188927114009857177734375000e-05
-6.4368733759762386602114314637645975381019525229930877685546875000e-05
-6.4042925422185315357213875042674544602050445973873138427734375000e-05
-6.3716764466583566766354207455691494033089838922023773193359375000e-05
-6.3390252238734579970196036935448091753642074763774871826171875000e-05
-6.3063390075675105272620668550587197387358173727989196777343750000e-05
-6.2736179305011678664083518697225372307002544403076171875000000000e-05
-6.2408621244867834728341227101822141776210628449916839599609375000e-05
-6.2080717204874050988566702713455924822483211755752563476562500000e-05
-6.1752468484657250993169474995170276088174432516098022460937500000e-05
-6.1423876374658943275153255569875909714028239250183105468750000000e-05
-6.1094942155687933745857043366100924686179496347904205322265625000e-05
-6.0765667098926851236780771747802987192699220031499862670898437500e-05
-6.0436052465839597291636514642121369433880317956209182739257812500e-05
-6.0106099507928098632687785585204665039782412350177764892578125000e-05
-5.9775809466749213938376733556978592787345405668020248413085937500e-05
-5.9445183574069625676190853358349386326153762638568878173828125000e-05
-5.9114223051447141552439817901998253546480555087327957153320312500e-05
-5.8782929109593671525811620082180297686136327683925628662109375000e-05
-5.8451302949692126871127778597880819688725750893354415893554687500e-05
-5.8119345762671583593191731997862348180206026881933212280273437500e-05
-5.7787058728154745734003489010532916836382355540990829467773437500e-05
-5.7454443015640938691949296535099733773677144199609756469726562500e-05
-5.7121499784467755569949964922216167906299233436584472656250000000e-05
-5.6788230183032755869678570581626786406559403985738754272460937500e-05
-5.6454635348619207097387723282011506853450555354356765747070312500e-05
-5.6120716408465548563112845759093261222005821764469146728515625000e-05
-5.5786474479190357653440174301451293104037176817655563354492187500e-05
-5.5451910666012422222465733101515183989249635487794876098632812500e-05
-5.5117026063872097017479201319645198964281007647514343261718750000e-05
-5.4781821757554170890160832874116181301360484212636947631835937500e-05
-5.4446298820807142266817169051762448361841961741447448730468750000e-05
-5.4110458316618023741524645675582405601744540035724639892578125000e-05
-5.3774301298151254381238461910186288150725886225700378417968750000e-05
-5.3437828808285203297055027116257974739710334688425064086914062500e-05
-5.3101041879799519779617456016751475544879212975502014160156250000e-05
-5.2763941535368675519925701911105875296925660222768783569335937500e-05
-5.2426528788421038976969024147933851054403930902481079101562500000e-05
-5.2088804643079196824394239140332274473621509969234466552734375000e-05
-5.1750770093960616604830682341287229064619168639183044433593750000e-05
-5.1412426127333297825542507419882554131618235260248184204101562500e-05
-5.1073773721297477466273678770036781315866392105817794799804687500e-05
-5.0734813846077578519244005716970491448591928929090499877929687500e-05
-5.0395547464306087999223737750043028427171520888805389404296875000e-05
-5.0055975531508154657053116798337555337639059871435165405273437500e-05
-4.9716098997766212008904418429011684565921314060688018798828125000e-05
-4.9375918807275516431935097338978835068701300770044326782226562500e-05
-4.9035435898503247056836457096196113525365944951772689819335937500e-05
-4.8694651206764095791208746266676143932272680103778839111328125000e-05
-4.8353565663701869603314370538171829139173496514558792114257812500e-05
-4.8012180198024206900526272834284213786304462701082229614257812500e-05
-4.7670495737033531983249667884905420578434132039546966552734375000e-05
-4.7328513207636677660467700023971815426193643361330032348632812500e-05
-4.6986233536811078631383054027281787057290785014629364013671875000e-05
-4.6643657653098287083071049607951863436028361320495605468750000000e-05
-4.6300786487533655724595227365369964900310151278972625732421875000e-05
-4.5957620974991859788116171925409503273840527981519699096679687500e-05
-4.5614162055400288666492242262151535214798059314489364624023437500e-05
-4.5270410674695346110729676780692898319102823734283447265625000000e-05
-4.4926367786941631796322760283857178364996798336505889892578125000e-05
-4.4582034354573942024416166596267885324778035283088684082031250000e-05
-4.4237411350635584778110548365148702032456640154123306274414062500e-05
-4.3892499759945658886414743271586758055491372942924499511718750000e-05
-4.3547300580422641260152499809166215527511667460203170776367187500e-05
-4.3201814824937478140120389324962957289244513958692550659179687500e-05
-4.2856043522165381757637464543719829634937923401594161987304687500e-05
-4.2509987718126108927150369476422042680496815592050552368164062500e-05
-4.2163648478493060951875076591832680605875793844461441040039062500e-05
-4.1817026888884662957652366133132204595312941819429397583007812500e-05
-4.1470124056435061132754732460270474803110118955373764038085937500e-05
-4.1122941112100817059957919008539306560123804956674575805664062500e-05
-4.0775479210877389009068383352030195965198799967765808105468750000e-05
-4.0427739533062817002800198862288993950642179697751998901367187500e-05
-4.0079723285911937505181235064100064846570603549480438232421875000e-05
-3.9731431704812979947925161150479311800154391676187515258789062500e-05
-3.9382866053363054306690749228891945676878094673156738281250000000e-05
-3.9034027624723912036457107443965242055128328502178192138671875000e-05
-3.8684917742278959035522739595691632530360948294401168823242187500e-05
-3.8335537760310461874967147277715184827684424817562103271484375000e-05
-3.7985889064116980446458166076340035033354070037603378295898437500e-05
-3.7635973069950091212960280318000627630681265145540237426757812500e-05
-3.7285791226201283655745238876377811720885802060365676879882812500e-05
-3.6935345011971931490201564995956573511648457497358322143554687500e-05
-3.6584635937267005712739825762369605399726424366235733032226562500e-05
-3.6233665542940261404709911818855516685289330780506134033203125000e-05
-3.5882435399359151177202387206222056192927993834018707275390625000e-05
-3.5530947105804183943755097940808695966552477329969406127929687500e-05
-3.5179202288854866369910423529177023738157004117965698242187500000e-05
-3.4827202601698266490239802584127914997225161641836166381835937500e-05
-3.4474949722891850938111257818263766239397227764129638671875000000e-05
-3.4122445353415261411894610077411016391124576330184936523437500000e-05
-3.3769691215446243645961765800223020050907507538795471191406250000e-05
-3.3416689050909483460396337539677347194810863584280014038085937500e-05
-3.3063440617924645247450304852421254508954007178544998168945312500e-05
-3.2709947688931630561254282341110410925466567277908325195312500000e-05
-3.2356212048641293710284777551677848350664135068655014038085937500e-05
-3.2002235490499262161694093986596953982370905578136444091796875000e-05
-3.1648019813971602521174980582330249490041751414537429809570312500e-05
-3.1293566821875690967154348687273568430100567638874053955078125000e-05
-3.0938878317403664935242302291840132966171950101852416992187500000e-05
-3.0583956100495217973918304910085907977190800011157989501953125000e-05
-3.0228801964919462821022866361175829297280870378017425537109375000e-05
-2.9873417695404285923535883662260914661601418629288673400878906250e-05
-2.9517805064244600511940558318357830103195738047361373901367187500e-05
-2.9161965828157093038501893045300050744117470458149909973144531250e-05
-2.8805901724905477896947897376023206561512779444456100463867187500e-05
-2.8449614470997509706575237520276289160392479971051216125488281250e-05
-2.8093105758143860432298963281105841360840713605284690856933593750e-05
-2.7736377250530290435601502019302699864056194201111793518066406250e-05
-2.7379430582289925977072797547151594699244014918804168701171875000e-05
-2.7022267354914723141469379275036999388248659670352935791015625000e-05
-2.6664889134972507368824892748371269135532202199101448059082031250e-05
-2.6307297451652190658144200852142091662244638428092002868652343750e-05
-2.5949493794934217670783774267739829610945889726281166076660156250e-05
-2.5591479614020342829095247538795376840425888076424598693847656250e-05
-2.5233256315512109680277569312423224801023025065660476684570312500e-05
-2.4874825261824219272766348098890887285961071029305458068847656250e-05
-2.4516187770774566209762770907509832341020228341221809387207031250e-05
-2.4157345114101771749344493844802173043717630207538604736328125000e-05
-2.3798298516772924105465436550588265163241885602474212646484375000e-05
-2.3439049156925980207542489774930061230406863614916801452636718750e-05
-2.3079598165662317167277570173489209537365240976214408874511718750e-05
-2.2719946626580315280317934334419760489254258573055267333984375000e-05
-2.2360095576246325285588514852896935281023615971207618713378906250e-05
-2.2000046004764755420111954631323669673292897641658782958984375000e-05
-2.1639798856156474917864993012805996386305196210741996765136718750e-05
-2.1279355029052151134687578815096742346213432028889656066894531250e-05
-2.0918715377545557315610430526575669318845029920339584350585937500e-05
-2.0557880712810168856007758675374930135149043053388595581054687500e-05
-2.0196851803528402329816066052003975528350565582513809204101562500e-05
-1.9835629377322755580951435527836679284519050270318984985351562500e-05
-1.9474214122440905232972602201257927845290396362543106079101562500e-05
-1.9112606689002949151385754578136300096957711502909660339355468750e-05
-1.8750807690398112951690040572927387074742000550031661987304687500e-05
-1.8388817704900180743194867960532690176478354260325431823730468750e-05
-1.8026637277287770901295499426097990181006025522947311401367187500e-05
-1.7664266920357675624223686705605018687492702156305313110351562500e-05
-1.7301707116565031815188374642033863892720546573400497436523437500e-05
-1.6938958319625416139471429932683577135321684181690216064453125000e-05
-1.6576020956293675200033874150840063066425500437617301940917968750e-05
-1.6212895427750694655024202295301449794351356104016304016113281250e-05
-1.5849582111456561616703864192601258764625526964664459228515625000e-05
-1.5486081362888554286468684173527776692935731261968612670898437500e-05
-1.5122393517282026748483995948202363024392980150878429412841796875e-05
-1.4758518891487632044559261124128113351616775617003440856933593750e-05
-1.4394457785964494037057002928658988594179390929639339447021484375e-05
-1.4030210486999604831354418466027311751531669870018959045410156250e-05
-1.3665777269207591797912058895203557540298788808286190032958984375e-05
-1.3301158398185047778425685316427973248210037127137184143066406250e-05
-1.2936354133585035373595409358138397237780736759305000305175781250e-05
-1.2571364733050812982260123484845593111458583734929561614990234375e-05
-1.2206190456191932816685380425170137641543988138437271118164062500e-05
-1.1840831569665789758851598412192629439232405275106430053710937500e-05
-1.1475288353177375954422556603162774990778416395187377929687500000e-05
-1.1109561106334640327394404357708168618046329356729984283447265625e-05
-1.0743650156716550247526335837289224173218826763331890106201171875e-05
-1.0377555869105308504213996956266896631859708577394485473632812500e-05
-1.0011278656496382322366525685630733732978114858269691467285156250e-05
-9.6448189922917662548302805691768924134521512314677238464355468750e-06
-9.2781774237274601703885992809439642314828233793377876281738281250e-06
-8.9113545868189675025787185869141637795110000297427177429199218750e-06
-8.5443512224142518075940128108314297605829779058694839477539062500e-06
-8.1771681921952225181133774856157003796397475525736808776855468750e-06
-7.8098064946810485942307877849088981747627258300781250000000000000e-06
-7.4422672797500039263405603728873671798282884992659091949462890625e-06
-7.0745518600284173870015522189724777035735314711928367614746093750e-06
-6.7066617176548119793645652553237823667586781084537506103515625000e-06
-6.3385985038714503034132721759341677625343436375260353088378906250e-06
-5.9703640293353347364931939245114023151472792960703372955322265625e-06
-5.6019602422819436926505407003951120259443996474146842956542968750e-06
-5.2333891925060881239180170243496803550442564301192760467529296875e-06
-4.8646529798380205045237913152877951006303192116320133209228515625e-06
-4.4957536682175031032414509735151142422182601876556873321533203125e-06
-4.1266924737665079933103019771412078853245475329458713531494140625e-06
-3.7574751905499514099246415044230928970137028954923152923583984375e-06
-3.3881054148777948111935683084272596943264943547546863555908203125e-06
-3.0186370559717717250197872858041847621279885061085224151611328125e-06
