-2.7410445387070851985811259510228410363197326660156250000000000000e+00
-2.7400982280463299645134611637331545352935791015625000000000000000e+00
-2.7391955278713004950930098857497796416282653808593750000000000000e+00
-2.7383267530069583806096034095389768481254577636718750000000000000e+00
-2.7374930813495330639284475182648748159408569335937500000000000000e+00
-2.7366918847817474080841293471166864037513732910156250000000000000e+00
-2.7359204606379616819822331308387219905853271484375000000000000000e+00
-2.7351775148123969039204439468448981642723083496093750000000000000e+00
-2.7344610418788075634211054421029984951019287109375000000000000000e+00
-2.7337695223352431739272105915006250143051147460937500000000000000e+00
-2.7331015202065911395834518771152943372726440429687500000000000000e+00
-2.7324556795824772592595763853751122951507568359375000000000000000e+00
-2.7318307991997001771267150616040453314781188964843750000000000000e+00
-2.7312257655660627797544748318614438176155090332031250000000000000e+00
-2.7306395081744274655477511259960010647773742675781250000000000000e+00
-2.7300709217296459385693196963984519243240356445312500000000000000e+00
-2.7295190147481802611650891776662319898605346679687500000000000000e+00
-2.7289829008581971692137813079170882701873779296875000000000000000e+00
-2.7284617804498889626074742409400641918182373046875000000000000000e+00
-2.7279549316598354913310231495415791869163513183593750000000000000e+00
-2.7274617030157251029720555379753932356834411621093750000000000000e+00
-2.7269815074017960121466330747352913022041320800781250000000000000e+00
-2.7265138183037338492908929765690118074417114257812500000000000000e+00
-2.7260581674422135201041328400606289505958557128906250000000000000e+00
-2.7256141441158874272332468535751104354858398437500000000000000000e+00
-2.7251813962991522366507979313610121607780456542968750000000000000e+00
-2.7247596337275004074740536452736705541610717773437500000000000000e+00
-2.7243486333580593239389600057620555162429809570312500000000000000e+00
-2.7239482477520304826157371280714869499206542968750000000000000000e+00
-2.7235584173002775898453364789020270109176635742187500000000000000e+00
-2.7231791870417234591172928048763424158096313476562500000000000000e+00
-2.7228107305100062163205620890948921442031860351562500000000000000e+00
-2.7224533819208147633617045357823371887207031250000000000000000000e+00
-2.7221076776489741000375488511053845286369323730468750000000000000e+00
-2.7217744285754559285805953550152480602264404296875000000000000000e+00
-2.7214549486426737878730364172952249646186828613281250000000000000e+00
-2.7211490084277420997693752724444493651390075683593750000000000000e+00
-2.7208555271911452067001846444327384233474731445312500000000000000e+00
-2.7205736148771419991021502937655895948410034179687500000000000000e+00
-2.7203024601391629921920412016334012150764465332031250000000000000e+00
-2.7200413176427913342081410519313067197799682617187500000000000000e+00
-2.7197895033441659151662861404474824666976928710937500000000000000e+00
-2.7195463885702726436477405513869598507881164550781250000000000000e+00
-2.7193113948469780360994718648726120591163635253906250000000000000e+00
-2.7190839894054184000538043619599193334579467773437500000000000000e+00
-2.7188636810107849051121320371748879551887512207031250000000000000e+00
-2.7186500162613049802473597083007916808128356933593750000000000000e+00
-2.7184425762407888882421502785291522741317749023437500000000000000e+00
-2.7182409734991415106719614414032548666000366210937500000000000000e+00
-2.7180448493302735712973117188084870576858520507812500000000000000e+00
-2.7178538713110138580475449998630210757255554199218750000000000000e+00
-2.7176677310758354799702374293701723217964172363281250000000000000e+00
-2.7174861423021265949273583828471601009368896484375000000000000000e+00
-2.7173088388841382112559585948474705219268798828125000000000000000e+00
-2.7171355732764124191191967838676646351814270019531250000000000000e+00
-2.7169661149893693519175030814949423074722290039062500000000000000e+00
-2.7168002492217979693123197648674249649047851562500000000000000000e+00
-2.7166377756166073531574056687531992793083190917968750000000000000e+00
-2.7164785071276766892367504624417051672935485839843750000000000000e+00
-2.7163222689869384041116973094176501035690307617187500000000000000e+00
-2.7161688977619857787715318409027531743049621582031250000000000000e+00
-2.7160182404955106605370929173659533262252807617187500000000000000e+00
-2.7158701539187628526406115270219743251800537109375000000000000000e+00
-2.7157245037320509872813545371172949671745300292968750000000000000e+00
-2.7155811639459903616966585104819387197494506835937500000000000000e+00
-2.7154400162778449256961721403058618307113647460937500000000000000e+00
-2.7153009495978936982396589883137494325637817382812500000000000000e+00
-2.7151638594212221811119434278225526213645935058593750000000000000e+00
-2.7150286474408273917902079119812697172164916992187500000000000000e+00
-2.7148952210983030575164320907788351178169250488281250000000000000e+00
-2.7147634931887454357024580531287938356399536132812500000000000000e+00
-2.7146333814968470754536156164249405264854431152343750000000000000e+00
-2.7145048084614185057716895244084298610687255859375000000000000000e+00
-2.7143777008658864779988562077051028609275817871093750000000000000e+00
-2.7142519895524808148934425844345241785049438476562500000000000000e+00
-2.7141276091581052476442437182413414120674133300781250000000000000e+00
-2.7140044978700279543204487708862870931625366210937500000000000000e+00
-2.7138825971997340147368049656506627798080444335937500000000000000e+00
-2.7137618517734098944060860958416014909744262695312500000000000000e+00
-2.7136422091376757315117629332235082983970642089843750000000000000e+00
-2.7135236195793326352543317625531926751136779785156250000000000000e+00
-2.7134060359579676990904317790409550070762634277343750000000000000e+00
-2.7132894135503771160244923521531745791435241699218750000000000000e+00
-2.7131737099058694795417068235110491514205932617187500000000000000e+00
-2.7130588847116023920591487694764509797096252441406250000000000000e+00
-2.7129448996671325922136475128354504704475402832031250000000000000e+00
-2.7128317183674925949787848367122933268547058105468750000000000000e+00
-2.7127193061941179408336211054120212793350219726562500000000000000e+00
-2.7126076302130464057427161606028676033020019531250000000000000000e+00
-2.7124966590798238463833058631280437111854553222656250000000000000e+00
-2.7123863629506139716340840095654129981994628906250000000000000000e+00
-2.7122767133990715038294183614198118448257446289062500000000000000e+00
-2.7121676833385355287475704244570806622505187988281250000000000000e+00
-2.7120592469491668907721759751439094543457031250000000000000000000e+00
-2.7119513796096552660230827314080670475959777832031250000000000000e+00
-2.7118440578332103640946115774568170309066772460937500000000000000e+00
-2.7117372592074908688175582938129082322120666503906250000000000000e+00
-2.7116309623382086613219144055619835853576660156250000000000000000e+00
-2.7115251467961662967809388646855950355529785156250000000000000000e+00
-2.7114197930674812653251137817278504371643066406250000000000000000e+00
-2.7113148825067692193613311246735975146293640136718750000000000000e+00
-2.7112103972931009820968029089272022247314453125000000000000000000e+00
-2.7111063203885485961563972523435950279235839843750000000000000000e+00
-2.7110026354991330066468435688875615596771240234375000000000000000e+00
-2.7108993270380152829091002786299213767051696777343750000000000000e+00
-2.7107963800908150275859043176751583814620971679687500000000000000e+00
-2.7106937803828738964284639223478734493255615234375000000000000000e+00
-2.7105915142483727464650655747391283512115478515625000000000000000e+00
-2.7104895686011549749139248888241127133369445800781250000000000000e+00
-2.7103879309071872150127546774456277489662170410156250000000000000e+00
-2.7102865891585099511473799793748185038566589355468750000000000000e+00
-2.7101855318486149926116013375576585531234741210937500000000000000e+00
-2.7100847479491605440671264659613370895385742187500000000000000000e+00
-2.7099842268879092976874289888655766844749450683593750000000000000e+00
-2.7098839585278740038631895004073157906532287597656250000000000000e+00
-2.7097839331475270796545373741537332534790039062500000000000000000e+00
-2.7096841414220693700087849720148369669914245605468750000000000000e+00
-2.7095845744056665793664251395966857671737670898437500000000000000e+00
-2.7094852235145934216120622295420616865158081054687500000000000000e+00
-2.7093860805112472966982295474736019968986511230468750000000000000e+00
-2.7092871374889697655419240618357434868812561035156250000000000000e+00
-2.7091883868576327465405029215617105364799499511718750000000000000e+00
-2.7090898213299450247859567753039300441741943359375000000000000000e+00
-2.7089914339084368855026241362793371081352233886718750000000000000e+00
-2.7088932178730882327499784878455102443695068359375000000000000000e+00
-2.7087951667695580049155523738591000437736511230468750000000000000e+00
-2.7086972743979833566640991193708032369613647460937500000000000000e+00
-2.7085995348023246265256602782756090164184570312500000000000000000e+00
-2.7085019422602130134691833518445491790771484375000000000000000000e+00
-2.7084044912732809784472465253202244639396667480468750000000000000e+00
-2.7083071765579487255592994188191369175910949707031250000000000000e+00
-2.7082099930366445583729273494100198149681091308593750000000000000e+00
-2.7081129358294293574260791501728817820549011230468750000000000000e+00
-2.7080160002460016421821364929201081395149230957031250000000000000e+00
-2.7079191817780836615270345646422356367111206054687500000000000000e+00
-2.7078224760921378866385111905401572585105895996093750000000000000e+00
-2.7077258790224210116548420046456158161163330078125000000000000000e+00
-2.7076293865643425995415327633963897824287414550781250000000000000e+00
-2.7075329948681301495128082024166360497474670410156250000000000000e+00
-2.7074367002327606179790109308669343590736389160156250000000000000e+00
-2.7073404991001708275177861651172861456871032714843750000000000000e+00
-2.7072443880497054635725362459197640419006347656250000000000000000e+00
-2.7071483637928230869817980419611558318138122558593750000000000000e+00
-2.7070524231680130888832991331582888960838317871093750000000000000e+00
-2.7069565631359422397395064763259142637252807617187500000000000000e+00
-2.7068607807747975257939287985209375619888305664062500000000000000e+00
-2.7067650732758368192776288196910172700881958007812500000000000000e+00
-2.7066694379391105229615277494303882122039794921875000000000000000e+00
-2.7065738721693719526228960603475570678710937500000000000000000000e+00
-2.7064783734721578056792168354149907827377319335937500000000000000e+00
-2.7063829394500200642426079866709187626838684082031250000000000000e+00
-2.7062875677989199907358397467760369181632995605468750000000000000e+00
-2.7061922563047664525015534309204667806625366210937500000000000000e+00
-2.7060970028400879172636450675781816244125366210937500000000000000e+00
-2.7060018053608474453142207494238391518592834472656250000000000000e+00
-2.7059066619033775857872115011559799313545227050781250000000000000e+00
-2.7058115705814342888402279641013592481613159179687500000000000000e+00
-2.7057165295833716101014942978508770465850830078125000000000000000e+00
-2.7056215371694301019545036979252472519874572753906250000000000000e+00
-2.7055265916691166871999030263395980000495910644531250000000000000e+00
-2.7054316914786986636443089082604274153709411621093750000000000000e+00
-2.7053368350587914115124021918745711445808410644531250000000000000e+00
-2.7052420209320322541657333204057067632675170898437500000000000000e+00
-2.7051472476808449130203371169045567512512207031250000000000000000e+00
-2.7050525139452932243955274316249415278434753417968750000000000000e+00
-2.7049578184210067988146874995436519384384155273437500000000000000e+00
-2.7048631598571919454343515099026262760162353515625000000000000000e+00
-2.7047685370547092098547636851435527205467224121093750000000000000e+00
-2.7046739488642250748284823202993720769882202148437500000000000000e+00
-2.7045793941844364915993992326548323035240173339843750000000000000e+00
-2.7044848719603420406087934679817408323287963867187500000000000000e+00
-2.7043903811816094595599224703619256615638732910156250000000000000e+00
-2.7042959208809462801070822024485096335411071777343750000000000000e+00
-2.7042014901326147935378685360774397850036621093750000000000000000e+00
-2.7041070880508719653789739822968840599060058593750000000000000000e+00
-2.7040127137886558195134512061486020684242248535156250000000000000e+00
-2.7039183665360355668383363081375136971473693847656250000000000000e+00
-2.7038240455191235867005161708220839500427246093750000000000000000e+00
-2.7037297499984429549613196286372840404510498046875000000000000000e+00
-2.7036354792681827063915989128872752189636230468750000000000000000e+00
-2.7035412326543024619240895844995975494384765625000000000000000000e+00
-2.7034470095143507961665818584151566028594970703125000000000000000e+00
-2.7033528092349952132167345553170889616012573242187500000000000000e+00
-2.7032586312328219513290150644024834036827087402343750000000000000e+00
-2.7031644749507020009104962809942662715911865234375000000000000000e+00
-2.7030703398603375120501368655823171138763427734375000000000000000e+00
-2.7029762254564446699589552736142650246620178222656250000000000000e+00
-2.7028821312623954042919649509713053703308105468750000000000000000e+00
-2.7027880568204070144133766007144004106521606445312500000000000000e+00
-2.7026940017026497287133679492399096488952636718750000000000000000e+00
-2.7025999654943335670509441115427762269973754882812500000000000000e+00
-2.7025059478143260704996464482974261045455932617187500000000000000e+00
-2.7024119482858650620471507863840088248252868652343750000000000000e+00
-2.7023179665735006516058547276770696043968200683593750000000000000e+00
-2.7022240023326604685394158877898007631301879882812500000000000000e+00
-2.7021300552741425171632272395072504878044128417968750000000000000e+00
-2.7020361250781936846010466979350894689559936523437500000000000000e+00
-2.7019422115047682098065706668421626091003417968750000000000000000e+00
-2.7018483142490774540078746213112026453018188476562500000000000000e+00
-2.7017544331266183377238121465779840946197509765625000000000000000e+00
-2.7016605678338239115987562399823218584060668945312500000000000000e+00
-2.7015667182532507872849691921146586537361145019531250000000000000e+00
-2.7014728840629307349274768057512119412422180175781250000000000000e+00
-2.7013790652314617624085713032400235533714294433593750000000000000e+00
-2.7012852613901863207956921542063355445861816406250000000000000000e+00
-2.7011914726234631523027474031550809741020202636718750000000000000e+00
-2.7010976984751358109804186824476346373558044433593750000000000000e+00
-2.7010039391902105343490347877377644181251525878906250000000000000e+00
-2.7009101941665942803183497744612395763397216796875000000000000000e+00
-2.7008164638758511699734299327246844768524169921875000000000000000e+00
-2.7007227474871564609770757670048624277114868164062500000000000000e+00
-2.7006290457931765303101201425306499004364013671875000000000000000e+00
-2.7005353576186408304238284472376108169555664062500000000000000000e+00
-2.7004416842100451567887375858845189213752746582031250000000000000e+00
-2.7003480238884089992268400237662717700004577636718750000000000000e+00
-2.7002543785366874828923755558207631111145019531250000000000000000e+00
-2.7001607457565230951956891658483073115348815917968750000000000000e+00
-2.7000671283138126810285939427558332681655883789062500000000000000e+00
-2.6999735228037202716677711578086018562316894531250000000000000000e+00
-2.6998799332014535856671955116325989365577697753906250000000000000e+00
-2.6997863547201959022459050174802541732788085937500000000000000000e+00
-2.6996927929684542135646552196703851222991943359375000000000000000e+00
-2.6995992412951599348502895736601203680038452148437500000000000000e+00
-2.6995057074825057341627143614459782838821411132812500000000000000e+00
-2.6994121824072259130389284109696745872497558593750000000000000000e+00
-2.6993186767006638326904521818505600094795227050781250000000000000e+00
-2.6992251780155807061589712247950956225395202636718750000000000000e+00
-2.6991317006602262296155458898283541202545166015625000000000000000e+00
-2.6990382281520037821564983460120856761932373046875000000000000000e+00
-2.6989447794699263916129439166979864239692687988281250000000000000e+00
-2.6988513329137000518187505804235115647315979003906250000000000000e+00
-2.6987579133013737120450059592258185148239135742187500000000000000e+00
-2.6986644924569436199135452625341713428497314453125000000000000000e+00
-2.6985711023806602248953367961803451180458068847656250000000000000e+00
-2.6984777069915062419624973699683323502540588378906250000000000000e+00
-2.6983843469802026859838406380731612443923950195312500000000000000e+00
-2.6982909767758087582478765398263931274414062500000000000000000000e+00
-2.6981976474107804975233193545136600732803344726562500000000000000e+00
-2.6981043021126644987361942185088992118835449218750000000000000000e+00
-2.6980110040138600702164239919511601328849792480468750000000000000e+00
-2.6979176833455200679168228816706687211990356445312500000000000000e+00
-2.6978244171543073193220152461435645818710327148437500000000000000e+00
-2.6977311208550149856932875991333276033401489257812500000000000000e+00
-2.6976378872136304032380849093897268176078796386718750000000000000e+00
-2.6975446150556496860417610150761902332305908203125000000000000000e+00
-2.6974514145838850431857736111851409077644348144531250000000000000e+00
-2.6973581663924095508377831720281392335891723632812500000000000000e+00
-2.6972649996624156187863263767212629318237304687500000000000000000e+00
-2.6971717753371042824994674447225406765937805175781250000000000000e+00
-2.6970786428475563845097440207609906792640686035156250000000000000e+00
-2.6969854423843022672713232168462127447128295898437500000000000000e+00
-2.6968923445354104906357406434835866093635559082031250000000000000e+00
-2.6967991680467258142073205817723646759986877441406250000000000000e+00
-2.6967061051177640962350778863765299320220947265625000000000000000e+00
-2.6966129528500544232372249098261818289756774902343750000000000000e+00
-2.6965199249810707371466378390323370695114135742187500000000000000e+00
-2.6964267973271796030587665882194414734840393066406250000000000000e+00
-2.6963338045064793035976435930933803319931030273437500000000000000e+00
-2.6962407020120098266602326475549489259719848632812500000000000000e+00
-2.6961477440706720365426463104085996747016906738281250000000000000e+00
-2.6960546674329921579271740483818575739860534667968750000000000000e+00
-2.6959617440472927185624030244071036577224731445312500000000000000e+00
-2.6958686941066254405541258165612816810607910156250000000000000000e+00
-2.6957758048086573055002190812956541776657104492187500000000000000e+00
-2.6956827825312270618951515643857419490814208984375000000000000000e+00
-2.6955899267274614494738216308178380131721496582031250000000000000e+00
-2.6954969331812632660216877411585301160812377929687500000000000000e+00
-2.6954041101781194278430575650418177247047424316406250000000000000e+00
-2.6953111465025161308517454017419368028640747070312500000000000000e+00
-2.6952183555375048840119234228041023015975952148437500000000000000e+00
-2.6951254229083083657769748242571949958801269531250000000000000000e+00
-2.6950326631848309233419058728031814098358154296875000000000000000e+00
-2.6949397627769684504528413526713848114013671875000000000000000000e+00
-2.6948470335005727527288854616926982998847961425781250000000000000e+00
-2.6947541664505605396584542177151888608932495117187500000000000000e+00
-2.6946614668643853462981496704742312431335449218750000000000000000e+00
-2.6945686342348986741512817388866096735000610351562500000000000000e+00
-2.6944759636520654311198086361400783061981201171875000000000000000e+00
-2.6943831664006565596025666309287771582603454589843750000000000000e+00
-2.6942905242317345404501338634872809052467346191406250000000000000e+00
-2.6941977631854157060331544926157221198081970214843750000000000000e+00
-2.6941051489594478596245608059689402580261230468750000000000000000e+00
-2.6940124247963659342985920375213027000427246093750000000000000000e+00
-2.6939198381745161903211283060954883694648742675781250000000000000e+00
-2.6938271514133536044255379238165915012359619140625000000000000000e+00
-2.6937345921948061544526353827677667140960693359375000000000000000e+00
-2.6936419431919849110101949918316677212715148925781250000000000000e+00
-2.6935494113123268355991513089975342154502868652343750000000000000e+00
-2.6934568002665137953499652212485671043395996093750000000000000000e+00
-2.6933642957892995895008425577543675899505615234375000000000000000e+00
-2.6932717227522871006328841758659109473228454589843750000000000000e+00
-2.6931792458549517199628553498769178986549377441406250000000000000e+00
-2.6930867107475684463224752107635140419006347656250000000000000000e+00
-2.6929942617030722118443009094335138797760009765625000000000000000e+00
-2.6929017643346808696946936834137886762619018554687500000000000000e+00
-2.6928093434904520897532620438141748309135437011718750000000000000e+00
-2.6927168835804287105872845131671056151390075683593750000000000000e+00
-2.6926244913361294663900480372831225395202636718750000000000000000e+00
-2.6925320685358395955688592948717996478080749511718750000000000000e+00
-2.6924397053213664499082824477227404713630676269531250000000000000e+00
-2.6923473192353499783280312840361148118972778320312500000000000000e+00
-2.6922549854902650956489651434822008013725280761718750000000000000e+00
-2.6921626356955297154627260169945657253265380859375000000000000000e+00
-2.6920703318508358847793715540319681167602539062500000000000000000e+00
-2.6919780179135135433909908897476270794868469238281250000000000000e+00
-2.6918857443763646308809711626963689923286437988281250000000000000e+00
-2.6917934658652789003951966151362285017967224121093750000000000000e+00
-2.6917012230069610190241746749961748719215393066406250000000000000e+00
-2.6916089795039188636849303293274715542793273925781250000000000000e+00
-2.6915167676511146943596486380556598305702209472656250000000000000e+00
-2.6914245587579990193205503601348027586936950683593750000000000000e+00
-2.6913323781871767437223752494901418685913085937500000000000000000e+00
-2.6912402035301279390466788754565641283988952636718750000000000000e+00
-2.6911480544646786405849070433760061860084533691406250000000000000e+00
-2.6910559136957230563780285592656582593917846679687500000000000000e+00
-2.6909637963054482412417200976051390171051025390625000000000000000e+00
-2.6908716891020896255781735817436128854751586914062500000000000000e+00
-2.6907796035044850846418285073013976216316223144531250000000000000e+00
-2.6906875295677470383282070542918518185615539550781250000000000000e+00
-2.6905954758306425134151140809990465641021728515625000000000000000e+00
-2.6905034348820158207615804712986573576927185058593750000000000000e+00
-2.6904114130270655458332385023823007941246032714843750000000000000e+00
-2.6903194048048320041743863839656114578247070312500000000000000000e+00
-2.6902274148114897478478724224260076880455017089843750000000000000e+00
-2.6901354390667449045793091499945148825645446777343750000000000000e+00
-2.6900434808763713512291815277421846985816955566406250000000000000e+00
-2.6899515373690610076096163538750261068344116210937500000000000000e+00
-2.6898596108889463174307365989079698920249938964843750000000000000e+00
-2.6897676993841002079932422930141910910606384277343750000000000000e+00
-2.6896758044911956986311452055815607309341430664062500000000000000e+00
-2.6895839247555080042673125717556104063987731933593750000000000000e+00
-2.6894920612997874620475613482994958758354187011718750000000000000e+00
-2.6894002130986249810007393534760922193527221679687500000000000000e+00
-2.6893083809060112088218374992720782756805419921875000000000000000e+00
-2.6892165640008633964441742136841639876365661621093750000000000000e+00
-2.6891247628757013465872205415507778525352478027343750000000000000e+00
-2.6890329770220797733770723425550386309623718261718750000000000000e+00
-2.6889412067491975655286751134553924202919006347656250000000000000e+00
-2.6888494516949434931518680969020351767539978027343750000000000000e+00
-2.6887577120413128639597744040656834840774536132812500000000000000e+00
-2.6886659875252778562071398482657968997955322265625000000000000000e+00
-2.6885742782413526441587237059138715267181396484375000000000000000e+00
-2.6884825839923767176742330775596201419830322265625000000000000000e+00
-2.6883909048131293673122854670509696006774902343750000000000000000e+00
-2.6882992405493029153262796171475201845169067382812500000000000000e+00
-2.6882075911950384927706636517541483044624328613281250000000000000e+00
-2.6881159566231609403530455892905592918395996093750000000000000000e+00
-2.6880243368001428549973752524238079786300659179687500000000000000e+00
-2.6879327316153420746047686407109722495079040527343750000000000000e+00
-2.6878411410162619255004301521694287657737731933593750000000000000e+00
-2.6877495649017557610704898252151906490325927734375000000000000000e+00
-2.6876580032061094804873846442205831408500671386718750000000000000e+00
-2.6875664558330543130182377353776246309280395507812500000000000000e+00
-2.6874749227074161694872600492089986801147460937500000000000000000e+00
-2.6873834037348278691581526800291612744331359863281250000000000000e+00
-2.6872918988330756207005833857692778110504150390625000000000000000e+00
-2.6872004079078006810732404119335114955902099609375000000000000000e+00
-2.6871089308712914345278477412648499011993408203125000000000000000e+00
-2.6870174676280123016169909533346071839332580566406250000000000000e+00
-2.6869260180857290620792809932027012109756469726562500000000000000e+00
-2.6868345821469943324188989208778366446495056152343750000000000000e+00
-2.6867431597156623546140963298967108130455017089843750000000000000e+00
-2.6866517506919409541410459496546536684036254882812500000000000000e+00
-2.6865603549761454260647042247001081705093383789062500000000000000e+00
-2.6864689724658723513073255162453278899192810058593750000000000000e+00
-2.6863776030581423270859886542893946170806884765625000000000000000e+00
-2.6862862466477963607758283615112304687500000000000000000000000000e+00
-2.6861949031287015721147781732724979519844055175781250000000000000e+00
-2.6861035723928590179809816618217155337333679199218750000000000000e+00
-2.6860122543310840370622827322222292423248291015625000000000000000e+00
-2.6859209488325008763354162510950118303298950195312500000000000000e+00
-2.6858296557849281605001579009694978594779968261718750000000000000e+00
-2.6857383750746017803123777412110939621925354003906250000000000000e+00
-2.6856471065863840586018795875133946537971496582031250000000000000e+00
-2.6855558502036216417252489918610081076622009277343750000000000000e+00
-2.6854646058082551896006862079957500100135803222656250000000000000e+00
-2.6853733732807461009883809310849756002426147460937500000000000000e+00
-2.6852821525001360214446322061121463775634765625000000000000000000e+00
-2.6851909433440139807203195232432335615158081054687500000000000000e+00
-2.6850997456885443703811233717715367674827575683593750000000000000e+00
-2.6850085594084553974880691384896636009216308593750000000000000000e+00
-2.6849173843770528513630324596306309103965759277343750000000000000e+00
-2.6848262204662147745182210201164707541465759277343750000000000000e+00
-2.6847350675464065616893094556871801614761352539062500000000000000e+00
-2.6846439254866774071217605523997917771339416503906250000000000000e+00
-2.6845527941546638572845040471293032169342041015625000000000000000e+00
-2.6844616734165933635836154280696064233779907226562500000000000000e+00
-2.6843705631372904996112538356101140379905700683593750000000000000e+00
-2.6842794631801800697701310127740725874900817871093750000000000000e+00
-2.6841883734072871092735113052185624837875366210937500000000000000e+00
-2.6840972936792466541078283626120537519454956054687500000000000000e+00
-2.6840062238552979678729570878203958272933959960937500000000000000e+00
-2.6839151637932951999232500384096056222915649414062500000000000000e+00
-2.6838241133497073853675374266458675265312194824218750000000000000e+00
-2.6837330723796233300504354701843112707138061523437500000000000000e+00
-2.6836420407367547191768153425073251128196716308593750000000000000e+00
-2.6835510182734312323304948222357779741287231445312500000000000000e+00
-2.6834600048406174188642125955084338784217834472656250000000000000e+00
-2.6833690002879024838478017045417800545692443847656250000000000000e+00
-2.6832780044635127225660653493832796812057495117187500000000000000e+00
-2.6831870172143061914482586871599778532981872558593750000000000000e+00
-2.6830960383857798134954464330803602933883666992187500000000000000e+00
-2.6830050678220729309941816609352827072143554687500000000000000000e+00
-2.6829141053659650850704565527848899364471435546875000000000000000e+00
-2.6828231508588822329386402998352423310279846191406250000000000000e+00
-2.6827322041408998565259480528766289353370666503906250000000000000e+00
-2.6826412650507407420263916719704866409301757812500000000000000000e+00
-2.6825503334257763121684092766372486948966979980468750000000000000e+00
-2.6824594091020395048019508976722136139869689941406250000000000000e+00
-2.6823684919142132265790223755175247788429260253906250000000000000e+00
-2.6822775816956401229163020616397261619567871093750000000000000000e+00
-2.6821866782783190252814620180288329720497131347656250000000000000e+00
-2.6820957814929164975126241188263520598411560058593750000000000000e+00
-2.6820048911687535131420645484467968344688415527343750000000000000e+00
-2.6819140071338223307861881039571017026901245117187500000000000000e+00
-2.6818231292147758360044917935738340020179748535156250000000000000e+00
-2.6817322572369364230837618379155173897743225097656250000000000000e+00
-2.6816413910242951068596539698773995041847229003906250000000000000e+00
-2.6815505303995093022706441843183711171150207519531250000000000000e+00
-2.6814596751839090416069666389375925064086914062500000000000000000e+00
-2.6813688251974983067782432044623419642448425292968750000000000000e+00
-2.6812779802589488120645455637713894248008728027343750000000000000e+00
-2.6811871401856048890977035625837743282318115234375000000000000000e+00
-2.6810963047934897041102431103354319930076599121093750000000000000e+00
-2.6810054738972954879727694788016378879547119140625000000000000000e+00
-2.6809146473103910857105347531614825129508972167968750000000000000e+00
-2.6808238248448206242358082818100228905677795410156250000000000000e+00
-2.6807330063113035123478766763582825660705566406250000000000000000e+00
-2.6806421915192339966438339615706354379653930664062500000000000000e+00
-2.6805513802766824937862111255526542663574218750000000000000000000e+00
-2.6804605723903915937000874691875651478767395019531250000000000000e+00
-2.6803697676657822768220285070128738880157470703125000000000000000e+00
-2.6802789659069476968511480663437396287918090820312500000000000000e+00
-2.6801881669166571775519969378365203738212585449218750000000000000e+00
-2.6800973704963531041300939250504598021507263183593750000000000000e+00
-2.6800065764461487027858765941346064209938049316406250000000000000e+00
-2.6799157845648315934283800743287429213523864746093750000000000000e+00
-2.6798249946498571283370893070241436362266540527343750000000000000e+00
-2.6797342064973519448756178462645038962364196777343750000000000000e+00
-2.6796434199021126332240783085580915212631225585937500000000000000e+00
-2.6795526346576004073085641721263527870178222656250000000000000000e+00
-2.6794618505559424370687793270917609333992004394531250000000000000e+00
-2.6793710673879300721011986752273514866828918457031250000000000000e+00
-2.6792802849430148448561794793931767344474792480468750000000000000e+00
-2.6791895030093089147271712135989218950271606445312500000000000000e+00
-2.6790987213735828476046663126908242702484130859375000000000000000e+00
-2.6790079398212598427164721215376630425453186035156250000000000000e+00
-2.6789171581364166208061305951559916138648986816406250000000000000e+00
-2.6788263761017780950624000979587435722351074218750000000000000000e+00
-2.6787355934987195915653046540683135390281677246093750000000000000e+00
-2.6786448101072592997695664962520822882652282714843750000000000000e+00
-2.6785540257060516111664583149831742048263549804687500000000000000e+00
-2.6784632400723933365327411593170836567878723144531250000000000000e+00
-2.6783724529822099391651590849505737423896789550781250000000000000e+00
-2.6782816642100595316833278047852218151092529296875000000000000000e+00
-2.6781908735291257706023770879255607724189758300781250000000000000e+00
-2.6781000807112129713516424089903011918067932128906250000000000000e+00
-2.6780092855267425555609861476114019751548767089843750000000000000e+00
-2.6779184877447463897226498374948278069496154785156250000000000000e+00
-2.6778276871328667851912541664205491542816162109375000000000000000e+00
-2.6777368834573471723103921249276027083396911621093750000000000000e+00
-2.6776460764830241068068517051870003342628479003906250000000000000e+00
-2.6775552659733308225042947015026584267616271972656250000000000000e+00
-2.6774644516902834645577513583702966570854187011718750000000000000e+00
-2.6773736333944802012752006703522056341171264648437500000000000000e+00
-2.6772828108450914541549536806996911764144897460937500000000000000e+00
-2.6771919837998519042798761802259832620620727539062500000000000000e+00
-2.6771011520150604923173887073062360286712646484375000000000000000e+00
-2.6770103152455653194863316457485780119895935058593750000000000000e+00
-2.6769194732447636475569652247941121459007263183593750000000000000e+00
-2.6768286257645859116394149168627336621284484863281250000000000000e+00
-2.6767377725555037137894487386802211403846740722656250000000000000e+00
-2.6766469133664974044961581967072561383247375488281250000000000000e+00
-2.6765560479450707376258833392057567834854125976562500000000000000e+00
-2.6764651760372299982293498032959178090095520019531250000000000000e+00
-2.6763742973874773412035210640169680118560791015625000000000000000e+00
-2.6762834117388014654181915830122306942939758300781250000000000000e+00
-2.6761925188326673996641602570889517664909362792968750000000000000e+00
-2.6761016184090129499395516177173703908920288085937500000000000000e+00
-2.6760107102062251627216937777120620012283325195312500000000000000e+00
-2.6759197939611434335915873816702514886856079101562500000000000000e+00
-2.6758288694090404113978820532793179154396057128906250000000000000e+00
-2.6757379362836131164726793940644711256027221679687500000000000000e+00
-2.6756469943169740588473359821364283561706542968750000000000000000e+00
-2.6755560432396308101488102693110704421997070312500000000000000000e+00
-2.6754650827804864476888724311720579862594604492187500000000000000e+00
-2.6753741126668133532007232133764773607254028320312500000000000000e+00
-2.6752831326242501042145249812165275216102600097656250000000000000e+00
-2.6751921423767823782213781669270247220993041992187500000000000000e+00
-2.6751011416467327386214947182452306151390075683593750000000000000e+00
-2.6750101301547433152450139459688216447830200195312500000000000000e+00
-2.6749191076197624816757070220774039626121520996093750000000000000e+00
-2.6748280737590266475933731271652504801750183105468750000000000000e+00
-2.6747370282880549297033212496899068355560302734375000000000000000e+00
-2.6746459709206167332240511314012110233306884765625000000000000000e+00
-2.6745549013687317518872532673412933945655822753906250000000000000e+00
-2.6744638193426411021391686517745256423950195312500000000000000000e+00
-2.6743727245507948886427129764342680573463439941406250000000000000e+00
-2.6742816166998339966198727779556065797805786132812500000000000000e+00
-2.6741904954945714401048917352454736828804016113281250000000000000e+00
-2.6740993606379763747327160672284662723541259765625000000000000000e+00
-2.6740082118311452319403542787767946720123291015625000000000000000e+00
-2.6739170487732937253610998595831915736198425292968750000000000000e+00
-2.6738258711617257645798417797777801752090454101562500000000000000e+00
-2.6737346786918245733488674886757507920265197753906250000000000000e+00
-2.6736434710570167183618650597054511308670043945312500000000000000e+00
-2.6735522479487654479157754394691437482833862304687500000000000000e+00
-2.6734610090565298357034862419823184609413146972656250000000000000e+00
-2.6733697540677616721893627982353791594505310058593750000000000000e+00
-2.6732784826678628320451025501824915409088134765625000000000000000e+00
-2.6731871945401746160086986492387950420379638671875000000000000000e+00
-2.6730958893659462205505406018346548080444335937500000000000000000e+00
-2.6730045668243089806992429657839238643646240234375000000000000000e+00
-2.6729132265922483924214247963391244411468505859375000000000000000e+00
-2.6728218683445854608748959435615688562393188476562500000000000000e+00
-2.6727304917539398410042394971242174506187438964843750000000000000e+00
-2.6726390964907031921882207825547084212303161621093750000000000000e+00
-2.6725476822230103124411471071653068065643310546875000000000000000e+00
-2.6724562486167129371494866063585504889488220214843750000000000000e+00
-2.6723647953353428796674506884301081299781799316406250000000000000e+00
-2.6722733220400871623212424310622736811637878417968750000000000000e+00
-2.6721818283897480483801700756885111331939697265625000000000000000e+00
-2.6720903140407177289716855739243328571319580078125000000000000000e+00
-2.6719987786469383550524980819318443536758422851562500000000000000e+00
-2.6719072218598713952530943060992285609245300292968750000000000000e+00
-2.6718156433284625528301603480940684676170349121093750000000000000e+00
-2.6717240426990986890132262487895786762237548828125000000000000000e+00
-2.6716324196155807335628651344450190663337707519531250000000000000e+00
-2.6715407737190761672252392600057646632194519042968750000000000000e+00
-2.6714491046480866032197809545323252677917480468750000000000000000e+00
-2.6713574120384029342289977648761123418807983398437500000000000000e+00
-2.6712656955230693611724746006075292825698852539062500000000000000e+00
-2.6711739547323363197506296273786574602127075195312500000000000000e+00
-2.6710821892936200683266179112251847982406616210937500000000000000e+00
-2.6709903988314627198974449129309505224227905273437500000000000000e+00
-2.6708985829674785072995746304513886570930480957031250000000000000e+00
-2.6708067413203160356260923435911536216735839843750000000000000000e+00
-2.6707148735056063237891521566780284047126770019531250000000000000e+00
-2.6706229791359188396882018423639237880706787109375000000000000000e+00
-2.6705310578207059890587515837978571653366088867187500000000000000e+00
-2.6704391091662573742837594181764870882034301757812500000000000000e+00
-2.6703471327756500564021280297311022877693176269531250000000000000e+00
-2.6702551282486925998682636418379843235015869140625000000000000000e+00
-2.6701630951818695614008447591913864016532897949218750000000000000e+00
-2.6700710331682908638128992606652900576591491699218750000000000000e+00
-2.6699789417976318439684746408602222800254821777343750000000000000e+00
-2.6698868206560821825235052529023960232734680175781250000000000000e+00
-2.6697946693262744055630264483625069260597229003906250000000000000e+00
-2.6697024873872381434125600208062678575515747070312500000000000000e+00
-2.6696102744143273000076987955253571271896362304687500000000000000e+00
-2.6695180299791658740105049218982458114624023437500000000000000000e+00
-2.6694257536495764604467240133089944720268249511718750000000000000e+00
-2.6693334449895207427516652387566864490509033203125000000000000000e+00
-2.6692411035590288825858351628994569182395935058593750000000000000e+00
-2.6691487289141324623642503865994513034820556640625000000000000000e+00
-2.6690563206067952073397009371547028422355651855468750000000000000e+00
-2.6689638781848410431507545581553131341934204101562500000000000000e+00
-2.6688714011918790447452920489013195037841796875000000000000000000e+00
-2.6687788891672346025529805046971887350082397460937500000000000000e+00
-2.6686863416458668218922412052052095532417297363281250000000000000e+00
-2.6685937581582979127858834544895216822624206542968750000000000000e+00
-2.6685011382305323657249118696199730038642883300781250000000000000e+00
-2.6684084813839716865402351686498150229454040527343750000000000000e+00
-2.6683157871353393453262015100335702300071716308593750000000000000e+00
-2.6682230549965919585986284801037982106208801269531250000000000000e+00
-2.6681302844748411295938694820506498217582702636718750000000000000e+00
-2.6680374750722535281965974718332290649414062500000000000000000000e+00
-2.6679446262859780603093895479105412960052490234375000000000000000e+00
-2.6678517376080459477805106871528550982475280761718750000000000000e+00
-2.6677588085252823546511535823810845613479614257812500000000000000e+00
-2.6676658385192126843321602791547775268554687500000000000000000000e+00
-2.6675728270659657681562748621217906475067138671875000000000000000e+00
-2.6674797736361819389117044920567423105239868164062500000000000000e+00
-2.6673866776949117785022735915845260024070739746093750000000000000e+00
-2.6672935387015144215183681808412075042724609375000000000000000000e+00
-2.6672003561095647405920772143872454762458801269531250000000000000e+00
-2.6671071293667387713810512650525197386741638183593750000000000000e+00
-2.6670138579147191215668044605990871787071228027343750000000000000e+00
-2.6669205411890848367306716681923717260360717773437500000000000000e+00
-2.6668271786192052630326543294358998537063598632812500000000000000e+00
-2.6667337696281290249089579447172582149505615234375000000000000000e+00
-2.6666403136324796641076773084932938218116760253906250000000000000e+00
-2.6665468100423352915129271423211321234703063964843750000000000000e+00
-2.6664532582611291111618356808321550488471984863281250000000000000e+00
-2.6663596576855215225521078536985442042350769042968750000000000000e+00
-2.6662660077052939833208711206680163741111755371093750000000000000e+00
-2.6661723077032322137824849050957709550857543945312500000000000000e+00
-2.6660785570550067369310909271007403731346130371093750000000000000e+00
-2.6659847551290560829784226370975375175476074218750000000000000000e+00
-2.6658909012864682175347752490779384970664978027343750000000000000e+00
-2.6657969948808686311281235248316079378128051757812500000000000000e+00
-2.6657030352582911092440554057247936725616455078125000000000000000e+00
-2.6656090217570587164175321959191933274269104003906250000000000000e+00
-2.6655149537076727739304260467179119586944580078125000000000000000e+00
-2.6654208304326898471003914892207831144332885742187500000000000000e+00
-2.6653266512465969562128975667292252182960510253906250000000000000e+00
-2.6652324154556987778619259188417345285415649414062500000000000000e+00
-2.6651381223579977408633112645475193858146667480468750000000000000e+00
-2.6650437712430816716846493363846093416213989257812500000000000000e+00
-2.6649493613919994494665388629073277115821838378906250000000000000e+00
-2.6648548920771548687014274037210270762443542480468750000000000000e+00
-2.6647603625621916201282601832645013928413391113281250000000000000e+00
-2.6646657721018871534113259258447214961051940917968750000000000000e+00
-2.6645711199420394343917450896697118878364562988281250000000000000e+00
-2.6644764053193692454613028530729934573173522949218750000000000000e+00
-2.6643816274614211536686525505501776933670043945312500000000000000e+00
-2.6642867855864600379334206081693992018699645996093750000000000000e+00
-2.6641918789033938175236926326761022210121154785156250000000000000e+00
-2.6640969066116673147348592465277761220932006835937500000000000000e+00
-2.6640018679012014146678666293155401945114135742187500000000000000e+00
-2.6639067619523082441901351558044552803039550781250000000000000000e+00
-2.6638115879356272230893409869167953729629516601562500000000000000e+00
-2.6637163450120691088329749618424102663993835449218750000000000000e+00
-2.6636210323327600413279014901490882039070129394531250000000000000e+00
-2.6635256490390042394267311465227976441383361816406250000000000000e+00
-2.6634301942622569114860198169481009244918823242187500000000000000e+00
-2.6633346671240984981920973950764164328575134277343750000000000000e+00
-2.6632390667362297875797594315372407436370849609375000000000000000e+00
-2.6631433922004816849948838353157043457031250000000000000000000000e+00
-2.6630476426088320884844051761319860816001892089843750000000000000e+00
-2.6629518170434476331820405903272330760955810546875000000000000000e+00
-2.6628559145767307647645338875008746981620788574218750000000000000e+00
-2.6627599342713978991525891615310683846473693847656250000000000000e+00
-2.6626638751805704607988900534110143780708312988281250000000000000e+00
-2.6625677363478810200092539162142202258110046386718750000000000000e+00
-2.6624715168076149574005739850690588355064392089843750000000000000e+00
-2.6623752155848716682839949498884379863739013671875000000000000000e+00
-2.6622788316957484155977908812928944826126098632812500000000000000e+00
-2.6621823641475557131741425109794363379478454589843750000000000000e+00
-2.6620858119390606866261350660352036356925964355468750000000000000e+00
-2.6619891740607624086578653077594935894012451171875000000000000000e+00
-2.6618924494952054260465956758707761764526367187500000000000000000e+00
-2.6617956372173243728695979370968416333198547363281250000000000000e+00
-2.6616987361948325485627719899639487266540527343750000000000000000e+00
-2.6616017453886384735994852235307916998863220214843750000000000000e+00
-2.6615046637533281703724696853896602988243103027343750000000000000e+00
-2.6614074902376749776067299535498023033142089843750000000000000000e+00
-2.6613102237852008791207936155842617154121398925781250000000000000e+00
-2.6612128633347977846312915062298998236656188964843750000000000000e+00
-2.6611154078213905549432638508733361959457397460937500000000000000e+00
-2.6610178561766688609679931687423959374427795410156250000000000000e+00
-2.6609202073298763302489078341750428080558776855468750000000000000e+00
-2.6608224602086512078358282451517879962921142578125000000000000000e+00
-2.6607246137399540586443436041008681058883666992187500000000000000e+00
-2.6606266668510434314498525054659694433212280273437500000000000000e+00
-2.6605286184705430052588326361728832125663757324218750000000000000e+00
-2.6604304675295651350097614340484142303466796875000000000000000000e+00
-2.6603322129629316528109939099522307515144348144531250000000000000e+00
-2.6602338537104608384709081292385235428810119628906250000000000000e+00
-2.6601353887183565305463162076193839311599731445312500000000000000e+00
-2.6600368169406634066831429663579910993576049804687500000000000000e+00
-2.6599381373408395035085050039924681186676025390625000000000000000e+00
-2.6598393488934028994208347285166382789611816406250000000000000000e+00
-2.6597404505856800938090600538998842239379882812500000000000000000e+00
-2.6596414414196596354145185614470392465591430664062500000000000000e+00
-2.6595423204139452266758780751843005418777465820312500000000000000e+00
-2.6594430866058109685923227516468614339828491210937500000000000000e+00
-2.6593437390533596342834243841934949159622192382812500000000000000e+00
-2.6592442768378070638846111251041293144226074218750000000000000000e+00
-2.6591446990658424986975205683847889304161071777343750000000000000e+00
-2.6590450048721399056717018538620322942733764648437500000000000000e+00
-2.6589451934219430206951528816716745495796203613281250000000000000e+00
-2.6588452639137862831830716459080576896667480468750000000000000000e+00
-2.6587452155823099175790957815479487180709838867187500000000000000e+00
-2.6586450477011993598353001289069652557373046875000000000000000000e+00
-2.6585447595862161662694234109949320554733276367187500000000000000e+00
-2.6584443505983355038324589258991181850433349609375000000000000000e+00
-2.6583438201470035444629047560738399624824523925781250000000000000e+00
-2.6582431676934636932685407373355701565742492675781250000000000000e+00
-2.6581423927541925067430383933242410421371459960937500000000000000e+00
-2.6580414949044182115756029816111549735069274902343750000000000000e+00
-2.6579404737817107218234013998880982398986816406250000000000000000e+00
-2.6578393290896564771230714541161432862281799316406250000000000000e+00
-2.6577380606015741371095373324351385235786437988281250000000000000e+00
-2.6576366681642973333055124385282397270202636718750000000000000000e+00
-2.6575351517019871749880621791817247867584228515625000000000000000e+00
-2.6574335112199762853890661062905564904212951660156250000000000000e+00
-2.6573317468086141701633096090517938137054443359375000000000000000e+00
-2.6572298586471174708378839568467810750007629394531250000000000000e+00
-2.6571278470073971256226741388672962784767150878906250000000000000e+00
-2.6570257122578384567646025971043854951858520507812500000000000000e+00
-2.6569234548670221940369629010092467069625854492187500000000000000e+00
-2.6568210754073779966688562126364558935165405273437500000000000000e+00
-2.6567185745587127421174500341294333338737487792968750000000000000e+00
-2.6566159531116242398240956390509381890296936035156250000000000000e+00
-2.6565132119707683955311949830502271652221679687500000000000000000e+00
-2.6564103521579216504733267356641590595245361328125000000000000000e+00
-2.6563073748148720021333701879484578967094421386718750000000000000e+00
-2.6562042812060435714727191225392743945121765136718750000000000000e+00
-2.6561010727208778092744978494010865688323974609375000000000000000e+00
-2.6559977508759153863593382993713021278381347656250000000000000000e+00
-2.6558943173165618922837438731221482157707214355468750000000000000e+00
-2.6557907738184778345669201371492817997932434082031250000000000000e+00
-2.6556871222886182515310338203562423586845397949218750000000000000e+00
-2.6555833647658282359316217480227351188659667968750000000000000000e+00
-2.6554795034210099125004944653483107686042785644531250000000000000e+00
-2.6553755405568097991420017933705821633338928222656250000000000000e+00
-2.6552714786068070118574269145028665661811828613281250000000000000e+00
-2.6551673201341663421715111326193436980247497558593750000000000000e+00
-2.6550630678297419962063941056840121746063232421875000000000000000e+00
-2.6549587245096017973366997466655448079109191894531250000000000000e+00
-2.6548542931119336607537206873530521988868713378906250000000000000e+00
-2.6547497766933565443991938082035630941390991210937500000000000000e+00
-2.6546451784245683747087696247035637497901916503906250000000000000e+00
-2.6545405015853571484285566839389503002166748046875000000000000000e+00
-2.6544357495589303574945461150491610169410705566406250000000000000e+00
-2.6543309258255831650785694364458322525024414062500000000000000000e+00
-2.6542260339557017800871108192950487136840820312500000000000000000e+00
-2.6541210776020567330135691008763387799263000488281250000000000000e+00
-2.6540160604914437847412500559585168957710266113281250000000000000e+00
-2.6539109864156591456207934243138879537582397460937500000000000000e+00
-2.6538058592218107811788740946212783455848693847656250000000000000e+00
-2.6537006828019942261676078487653285264968872070312500000000000000e+00
-2.6535954610823377919359700172208249568939208984375000000000000000e+00
-2.6534901980114691255607795028481632471084594726562500000000000000e+00
-2.6533848975484044530048777232877910137176513671875000000000000000e+00
-2.6532795636498884839227230258984491229057312011718750000000000000e+00
-2.6531742002572471506027795840054750442504882812500000000000000000e+00
-2.6530688112827820468453410285292193293571472167968750000000000000e+00
-2.6529634005957083431326282152440398931503295898437500000000000000e+00
-2.6528579720077560821778206445742398500442504882812500000000000000e+00
-2.6527525292584104299464797804830595850944519042968750000000000000e+00
-2.6526470759998641568699895287863910198211669921875000000000000000e+00
-2.6525416157817511830785406345967203378677368164062500000000000000e+00
-2.6524361520356789512220530014019459486007690429687500000000000000e+00
-2.6523306880596360102231301425490528345108032226562500000000000000e+00
-2.6522252270022899089951806672615930438041687011718750000000000000e+00
-2.6521197718472691029489851644029840826988220214843750000000000000e+00
-2.6520143253974328700905971345491707324981689453125000000000000000e+00
-2.6519088902592033996086229308275505900382995605468750000000000000e+00
-2.6518034688269973564445081137819215655326843261718750000000000000e+00
-2.6516980632677760176818537729559466242790222167968750000000000000e+00
-2.6515926755057868113851782254641875624656677246093750000000000000e+00
-2.6514873072074860438362975401105359196662902832031250000000000000e+00
-2.6513819597666987704087659949436783790588378906250000000000000000e+00
-2.6512766342900442317898068722570315003395080566406250000000000000e+00
-2.6511713315826144210518577892798930406570434570312500000000000000e+00
-2.6510660521339430850673579698195680975914001464843750000000000000e+00
-2.6509607961042744861401843081694096326828002929687500000000000000e+00
-2.6508555633111301474968968250323086977005004882812500000000000000e+00
-2.6507503532161456050175729615148156881332397460937500000000000000e+00
-2.6506451649122309000006225687684491276741027832031250000000000000e+00
-2.6505399971109886436693159339483827352523803710937500000000000000e+00
-2.6504348481303918738660740928025916218757629394531250000000000000e+00
-2.6503297158827248125589903793297708034515380859375000000000000000e+00
-2.6502245978627567701835232583107426762580871582031250000000000000e+00
-2.6501194911360910211328700825106352567672729492187500000000000000e+00
-2.6500143923277308388719575305003672838211059570312500000000000000e+00
-2.6499092976108209462893228192115202546119689941406250000000000000e+00
-2.6498042026955048733327657828340306878089904785156250000000000000e+00
-2.6496991028179759375404955790145322680473327636718750000000000000e+00
-2.6495939927296343618934315600199624896049499511718750000000000000e+00
-2.6494888666864118142996176175074651837348937988281250000000000000e+00
-2.6493837184382740268517864024033769965171813964843750000000000000e+00
-2.6492785412189467919574781262781471014022827148437500000000000000e+00
-2.6491733277359053033706004498526453971862792968750000000000000000e+00
-2.6490680701607631775118534278590232133865356445312500000000000000e+00
-2.6489627601201526374552486231550574302673339843750000000000000000e+00
-2.6488573886872912588330564176430925726890563964843750000000000000e+00
-2.6487519463744204628596889961045235395431518554687500000000000000e+00
-2.6486464231264625901474119018530473113059997558593750000000000000e+00
-2.6485408083161621206613745016511529684066772460937500000000000000e+00
-2.6484350907412346209923725837143138051033020019531250000000000000e+00
-2.6483292586239990384910925058647990226745605468750000000000000000e+00
-2.6482232996141861214312029915163293480873107910156250000000000000e+00
-2.6481172007957183289761360356351360678672790527343750000000000000e+00
-2.6480109486984013678068095032358542084693908691406250000000000000e+00
-2.6479045293156246998478309251368045806884765625000000000000000000e+00
-2.6477979281295058733292080432875081896781921386718750000000000000e+00
-2.6476911301449477242897501128027215600013732910156250000000000000e+00
-2.6475841199344389842451619188068434596061706542968750000000000000e+00
-2.6474768816957592321159609127789735794067382812500000000000000000e+00
-2.6473693993248517131178232375532388687133789062500000000000000000e+00
-2.6472616565065956173441463761264458298683166503906250000000000000e+00
-2.6471536368263408611767317779595032334327697753906250000000000000e+00
-2.6470453239054143601549640152370557188987731933593750000000000000e+00
-2.6469367015637987883280857204226776957511901855468750000000000000e+00
-2.6468277540133318126436279271729290485382080078125000000000000000e+00
-2.6467184660845224364322803012328222393989562988281250000000000000e+00
-2.6466088234895672748336892254883423447608947753906250000000000000e+00
-2.6464988131232600743203420279314741492271423339843750000000000000e+00
-2.6463884234019450225616765237646177411079406738281250000000000000e+00
-2.6462776446384976836156965873669832944869995117187500000000000000e+00
-2.6461664694479209991584411909570917487144470214843750000000000000e+00
-2.6460548931736522781932308134855702519416809082031250000000000000e+00
-2.6459429143186605770665664749685674905776977539062500000000000000e+00
-2.6458305349574020581826516718138009309768676757812500000000000000e+00
-2.6457177610947146817466091306414455175399780273437500000000000000e+00
-2.6456046029257138663126625033328309655189514160156250000000000000e+00
-2.6454910749364355382340363576076924800872802734375000000000000000e+00
-2.6453771957695568772805927437730133533477783203125000000000000000e+00
-2.6452629877639650679554961243411526083946228027343750000000000000e+00
-2.6451484760639916160585016768891364336013793945312500000000000000e+00
-2.6450336871886608314241584594128653407096862792968750000000000000e+00
-2.6449186469575525215702782588778063654899597167968750000000000000e+00
-2.6448033777099300145607685408322140574455261230468750000000000000e+00
-2.6446878956217245715265562466811388731002807617187500000000000000e+00
-2.6445722438837222512120206374675035476684570312500000000000000000e+00
-2.6444561977383136408548125473316758871078491210937500000000000000e+00
-2.6443394903853003619076389441033825278282165527343750000000000000e+00
